-15.00000000 -0.00070126
-14.95000000 -0.00070662
-14.90000000 -0.00071204
-14.85000000 -0.00071752
-14.80000000 -0.00072306
-14.75000000 -0.00072867
-14.70000000 -0.00073433
-14.65000000 -0.00074006
-14.60000000 -0.00074584
-14.55000000 -0.00075169
-14.50000000 -0.00075760
-14.45000000 -0.00076358
-14.40000000 -0.00076961
-14.35000000 -0.00077571
-14.30000000 -0.00078187
-14.25000000 -0.00078809
-14.20000000 -0.00079437
-14.15000000 -0.00080071
-14.10000000 -0.00080711
-14.05000000 -0.00081357
-14.00000000 -0.00082009
-13.95000000 -0.00082667
-13.90000000 -0.00083330
-13.85000000 -0.00083998
-13.80000000 -0.00084671
-13.75000000 -0.00085349
-13.70000000 -0.00086032
-13.65000000 -0.00086719
-13.60000000 -0.00087410
-13.55000000 -0.00088105
-13.50000000 -0.00088803
-13.45000000 -0.00089504
-13.40000000 -0.00090207
-13.35000000 -0.00090912
-13.30000000 -0.00091618
-13.25000000 -0.00092325
-13.20000000 -0.00093031
-13.15000000 -0.00093736
-13.10000000 -0.00094439
-13.05000000 -0.00095139
-13.00000000 -0.00095835
-12.95000000 -0.00096525
-12.90000000 -0.00097209
-12.85000000 -0.00097885
-12.80000000 -0.00098552
-12.75000000 -0.00099207
-12.70000000 -0.00099849
-12.65000000 -0.00100476
-12.60000000 -0.00101085
-12.55000000 -0.00101675
-12.50000000 -0.00102243
-12.45000000 -0.00102785
-12.40000000 -0.00103299
-12.35000000 -0.00103782
-12.30000000 -0.00104229
-12.25000000 -0.00104638
-12.20000000 -0.00105003
-12.15000000 -0.00105320
-12.10000000 -0.00105584
-12.05000000 -0.00105791
-12.00000000 -0.00105933
-11.95000000 -0.00106004
-11.90000000 -0.00105999
-11.85000000 -0.00105909
-11.80000000 -0.00105727
-11.75000000 -0.00105444
-11.70000000 -0.00105050
-11.65000000 -0.00104537
-11.60000000 -0.00103893
-11.55000000 -0.00103106
-11.50000000 -0.00102164
-11.45000000 -0.00101054
-11.40000000 -0.00099762
-11.35000000 -0.00098271
-11.30000000 -0.00096565
-11.25000000 -0.00094626
-11.20000000 -0.00092436
-11.15000000 -0.00089973
-11.10000000 -0.00087215
-11.05000000 -0.00084138
-11.00000000 -0.00080717
-10.95000000 -0.00076925
-10.90000000 -0.00072731
-10.85000000 -0.00068106
-10.80000000 -0.00063015
-10.75000000 -0.00057422
-10.70000000 -0.00051289
-10.65000000 -0.00044575
-10.60000000 -0.00037236
-10.55000000 -0.00029225
-10.50000000 -0.00020493
-10.45000000 -0.00010986
-10.40000000 -0.00000647
-10.35000000 0.00010584
-10.30000000 0.00022771
-10.25000000 0.00035983
-10.20000000 0.00050293
-10.15000000 0.00065778
-10.10000000 0.00082520
-10.05000000 0.00100606
-10.00000000 0.00120129
-9.95000000 0.00141186
-9.90000000 0.00163883
-9.85000000 0.00188327
-9.80000000 0.00214637
-9.75000000 0.00242933
-9.70000000 0.00273347
-9.65000000 0.00306015
-9.60000000 0.00341081
-9.55000000 0.00378697
-9.50000000 0.00419024
-9.45000000 0.00462229
-9.40000000 0.00508489
-9.35000000 0.00557991
-9.30000000 0.00610929
-9.25000000 0.00667507
-9.20000000 0.00727939
-9.15000000 0.00792448
-9.10000000 0.00861268
-9.05000000 0.00934643
-9.00000000 0.01012827
-8.95000000 0.01096084
-8.90000000 0.01184691
-8.85000000 0.01278933
-8.80000000 0.01379107
-8.75000000 0.01485521
-8.70000000 0.01598493
-8.65000000 0.01718354
-8.60000000 0.01845443
-8.55000000 0.01980111
-8.50000000 0.02122719
-8.45000000 0.02273638
-8.40000000 0.02433248
-8.35000000 0.02601941
-8.30000000 0.02780114
-8.25000000 0.02968176
-8.20000000 0.03166542
-8.15000000 0.03375635
-8.10000000 0.03595882
-8.05000000 0.03827721
-8.00000000 0.04071588
-7.95000000 0.04327929
-7.90000000 0.04597188
-7.85000000 0.04879814
-7.80000000 0.05176253
-7.75000000 0.05486954
-7.70000000 0.05812361
-7.65000000 0.06152915
-7.60000000 0.06509051
-7.55000000 0.06881200
-7.50000000 0.07269780
-7.45000000 0.07675202
-7.40000000 0.08097865
-7.35000000 0.08538152
-7.30000000 0.08996431
-7.25000000 0.09473055
-7.20000000 0.09968353
-7.15000000 0.10482635
-7.10000000 0.11016188
-7.05000000 0.11569271
-7.00000000 0.12142118
-6.95000000 0.12734932
-6.90000000 0.13347884
-6.85000000 0.13981113
-6.80000000 0.14634724
-6.75000000 0.15308782
-6.70000000 0.16003316
-6.65000000 0.16718314
-6.60000000 0.17453723
-6.55000000 0.18209446
-6.50000000 0.18985343
-6.45000000 0.19781229
-6.40000000 0.20596872
-6.35000000 0.21431994
-6.30000000 0.22286268
-6.25000000 0.23159322
-6.20000000 0.24050733
-6.15000000 0.24960031
-6.10000000 0.25886700
-6.05000000 0.26830173
-6.00000000 0.27789838
-5.95000000 0.28765038
-5.90000000 0.29755067
-5.85000000 0.30759180
-5.80000000 0.31776584
-5.75000000 0.32806449
-5.70000000 0.33847904
-5.65000000 0.34900040
-5.60000000 0.35961915
-5.55000000 0.37032551
-5.50000000 0.38110941
-5.45000000 0.39196050
-5.40000000 0.40286817
-5.35000000 0.41382159
-5.30000000 0.42480973
-5.25000000 0.43582138
-5.20000000 0.44684522
-5.15000000 0.45786979
-5.10000000 0.46888358
-5.05000000 0.47987502
-5.00000000 0.49083253
-4.95000000 0.50174456
-4.90000000 0.51259958
-4.85000000 0.52338615
-4.80000000 0.53409295
-4.75000000 0.54470878
-4.70000000 0.55522261
-4.65000000 0.56562359
-4.60000000 0.57590110
-4.55000000 0.58604474
-4.50000000 0.59604439
-4.45000000 0.60589021
-4.40000000 0.61557265
-4.35000000 0.62508251
-4.30000000 0.63441091
-4.25000000 0.64354932
-4.20000000 0.65248959
-4.15000000 0.66122394
-4.10000000 0.66974501
-4.05000000 0.67804579
-4.00000000 0.68611973
-3.95000000 0.69396066
-3.90000000 0.70156282
-3.85000000 0.70892091
-3.80000000 0.71603000
-3.75000000 0.72288563
-3.70000000 0.72948372
-3.65000000 0.73582063
-3.60000000 0.74189313
-3.55000000 0.74769839
-3.50000000 0.75323397
-3.45000000 0.75849787
-3.40000000 0.76348844
-3.35000000 0.76820441
-3.30000000 0.77264490
-3.25000000 0.77680937
-3.20000000 0.78069766
-3.15000000 0.78430991
-3.10000000 0.78764662
-3.05000000 0.79070860
-3.00000000 0.79349696
-2.95000000 0.79601310
-2.90000000 0.79825871
-2.85000000 0.80023575
-2.80000000 0.80194643
-2.75000000 0.80339321
-2.70000000 0.80457878
-2.65000000 0.80550604
-2.60000000 0.80617813
-2.55000000 0.80659835
-2.50000000 0.80677020
-2.45000000 0.80669736
-2.40000000 0.80638366
-2.35000000 0.80583310
-2.30000000 0.80504978
-2.25000000 0.80403798
-2.20000000 0.80280206
-2.15000000 0.80134651
-2.10000000 0.79967591
-2.05000000 0.79779493
-2.00000000 0.79570831
-1.95000000 0.79342089
-1.90000000 0.79093756
-1.85000000 0.78826324
-1.80000000 0.78540293
-1.75000000 0.78236165
-1.70000000 0.77914446
-1.65000000 0.77575643
-1.60000000 0.77220268
-1.55000000 0.76848830
-1.50000000 0.76461840
-1.45000000 0.76059810
-1.40000000 0.75643250
-1.35000000 0.75212669
-1.30000000 0.74768574
-1.25000000 0.74311469
-1.20000000 0.73841856
-1.15000000 0.73360234
-1.10000000 0.72867098
-1.05000000 0.72362937
-1.00000000 0.71848239
-0.95000000 0.71323484
-0.90000000 0.70789147
-0.85000000 0.70245700
-0.80000000 0.69693606
-0.75000000 0.69133324
-0.70000000 0.68565305
-0.65000000 0.67989994
-0.60000000 0.67407829
-0.55000000 0.66819241
-0.50000000 0.66224654
-0.45000000 0.65624483
-0.40000000 0.65019137
-0.35000000 0.64409017
-0.30000000 0.63794514
-0.25000000 0.63176014
-0.20000000 0.62553892
-0.15000000 0.61928517
-0.10000000 0.61300249
-0.05000000 0.60669438
0.00000000 0.60036428
0.05000000 0.59401553
0.10000000 0.58765138
0.15000000 0.58127502
0.20000000 0.57488953
0.25000000 0.56849792
0.30000000 0.56210311
0.35000000 0.55570792
0.40000000 0.54931512
0.45000000 0.54292736
0.50000000 0.53654724
0.55000000 0.53017725
0.60000000 0.52381982
0.65000000 0.51747727
0.70000000 0.51115188
0.75000000 0.50484581
0.80000000 0.49856118
0.85000000 0.49229999
0.90000000 0.48606420
0.95000000 0.47985568
1.00000000 0.47367623
1.05000000 0.46752756
1.10000000 0.46141134
1.15000000 0.45532913
1.20000000 0.44928245
1.25000000 0.44327275
1.30000000 0.43730139
1.35000000 0.43136969
1.40000000 0.42547890
1.45000000 0.41963019
1.50000000 0.41382468
1.55000000 0.40806344
1.60000000 0.40234747
1.65000000 0.39667770
1.70000000 0.39105503
1.75000000 0.38548029
1.80000000 0.37995425
1.85000000 0.37447764
1.90000000 0.36905114
1.95000000 0.36367537
2.00000000 0.35835090
2.05000000 0.35307827
2.10000000 0.34785797
2.15000000 0.34269042
2.20000000 0.33757604
2.25000000 0.33251516
2.30000000 0.32750812
2.35000000 0.32255518
2.40000000 0.31765658
2.45000000 0.31281253
2.50000000 0.30802318
2.55000000 0.30328868
2.60000000 0.29860911
2.65000000 0.29398455
2.70000000 0.28941502
2.75000000 0.28490055
2.80000000 0.28044110
2.85000000 0.27603662
2.90000000 0.27168703
2.95000000 0.26739224
3.00000000 0.26315212
3.05000000 0.25896651
3.10000000 0.25483525
3.15000000 0.25075814
3.20000000 0.24673496
3.25000000 0.24276549
3.30000000 0.23884946
3.35000000 0.23498662
3.40000000 0.23117666
3.45000000 0.22741929
3.50000000 0.22371419
3.55000000 0.22006103
3.60000000 0.21645944
3.65000000 0.21290909
3.70000000 0.20940959
3.75000000 0.20596055
3.80000000 0.20256159
3.85000000 0.19921230
3.90000000 0.19591225
3.95000000 0.19266103
4.00000000 0.18945821
4.05000000 0.18630334
4.10000000 0.18319597
4.15000000 0.18013566
4.20000000 0.17712193
4.25000000 0.17415433
4.30000000 0.17123237
4.35000000 0.16835560
4.40000000 0.16552352
4.45000000 0.16273565
4.50000000 0.15999150
4.55000000 0.15729059
4.60000000 0.15463242
4.65000000 0.15201649
4.70000000 0.14944231
4.75000000 0.14690939
4.80000000 0.14441722
4.85000000 0.14196530
4.90000000 0.13955314
4.95000000 0.13718023
5.00000000 0.13484608
5.05000000 0.13255018
5.10000000 0.13029204
5.15000000 0.12807116
5.20000000 0.12588704
5.25000000 0.12373919
5.30000000 0.12162713
5.35000000 0.11955035
5.40000000 0.11750836
5.45000000 0.11550069
5.50000000 0.11352685
5.55000000 0.11158636
5.60000000 0.10967874
5.65000000 0.10780351
5.70000000 0.10596021
5.75000000 0.10414836
5.80000000 0.10236751
5.85000000 0.10061718
5.90000000 0.09889693
5.95000000 0.09720629
6.00000000 0.09554482
6.05000000 0.09391208
6.10000000 0.09230761
6.15000000 0.09073099
6.20000000 0.08918177
6.25000000 0.08765953
6.30000000 0.08616385
6.35000000 0.08469431
6.40000000 0.08325048
6.45000000 0.08183196
6.50000000 0.08043833
6.55000000 0.07906921
6.60000000 0.07772418
6.65000000 0.07640286
6.70000000 0.07510486
6.75000000 0.07382979
6.80000000 0.07257728
6.85000000 0.07134694
6.90000000 0.07013842
6.95000000 0.06895134
7.00000000 0.06778535
7.05000000 0.06664009
7.10000000 0.06551520
7.15000000 0.06441035
7.20000000 0.06332519
7.25000000 0.06225939
7.30000000 0.06121260
7.35000000 0.06018451
7.40000000 0.05917480
7.45000000 0.05818314
7.50000000 0.05720921
7.55000000 0.05625272
7.60000000 0.05531336
7.65000000 0.05439082
7.70000000 0.05348481
7.75000000 0.05259505
7.80000000 0.05172123
7.85000000 0.05086309
7.90000000 0.05002034
7.95000000 0.04919271
8.00000000 0.04837993
8.05000000 0.04758173
8.10000000 0.04679786
8.15000000 0.04602806
8.20000000 0.04527207
8.25000000 0.04452964
8.30000000 0.04380054
8.35000000 0.04308452
8.40000000 0.04238134
8.45000000 0.04169077
8.50000000 0.04101258
8.55000000 0.04034655
8.60000000 0.03969245
8.65000000 0.03905007
8.70000000 0.03841920
8.75000000 0.03779962
8.80000000 0.03719112
8.85000000 0.03659351
8.90000000 0.03600658
8.95000000 0.03543013
9.00000000 0.03486398
9.05000000 0.03430793
9.10000000 0.03376181
9.15000000 0.03322541
9.20000000 0.03269857
9.25000000 0.03218111
9.30000000 0.03167285
9.35000000 0.03117363
9.40000000 0.03068327
9.45000000 0.03020161
9.50000000 0.02972849
9.55000000 0.02926376
9.60000000 0.02880725
9.65000000 0.02835881
9.70000000 0.02791829
9.75000000 0.02748555
9.80000000 0.02706044
9.85000000 0.02664281
9.90000000 0.02623253
9.95000000 0.02582946
10.00000000 0.02543347
10.05000000 0.02504442
10.10000000 0.02466218
10.15000000 0.02428663
10.20000000 0.02391764
10.25000000 0.02355509
10.30000000 0.02319886
10.35000000 0.02284883
10.40000000 0.02250488
10.45000000 0.02216690
10.50000000 0.02183477
10.55000000 0.02150840
10.60000000 0.02118767
10.65000000 0.02087247
10.70000000 0.02056270
10.75000000 0.02025826
10.80000000 0.01995905
10.85000000 0.01966497
10.90000000 0.01937592
10.95000000 0.01909181
11.00000000 0.01881256
11.05000000 0.01853806
11.10000000 0.01826822
11.15000000 0.01800297
11.20000000 0.01774221
11.25000000 0.01748585
11.30000000 0.01723383
11.35000000 0.01698605
11.40000000 0.01674243
11.45000000 0.01650290
11.50000000 0.01626739
11.55000000 0.01603580
11.60000000 0.01580808
11.65000000 0.01558414
11.70000000 0.01536393
11.75000000 0.01514735
11.80000000 0.01493436
11.85000000 0.01472487
11.90000000 0.01451883
11.95000000 0.01431617
12.00000000 0.01411683
12.05000000 0.01392073
12.10000000 0.01372783
12.15000000 0.01353806
12.20000000 0.01335136
12.25000000 0.01316767
12.30000000 0.01298693
12.35000000 0.01280910
12.40000000 0.01263411
12.45000000 0.01246191
12.50000000 0.01229245
12.55000000 0.01212567
12.60000000 0.01196153
12.65000000 0.01179997
12.70000000 0.01164094
12.75000000 0.01148440
12.80000000 0.01133029
12.85000000 0.01117858
12.90000000 0.01102921
12.95000000 0.01088214
13.00000000 0.01073732
13.05000000 0.01059471
13.10000000 0.01045428
13.15000000 0.01031597
13.20000000 0.01017974
13.25000000 0.01004556
13.30000000 0.00991338
13.35000000 0.00978317
13.40000000 0.00965488
13.45000000 0.00952849
13.50000000 0.00940394
13.55000000 0.00928122
13.60000000 0.00916027
13.65000000 0.00904107
13.70000000 0.00892358
13.75000000 0.00880777
13.80000000 0.00869360
13.85000000 0.00858104
13.90000000 0.00847006
13.95000000 0.00836064
14.00000000 0.00825273
14.05000000 0.00814631
14.10000000 0.00804134
14.15000000 0.00793781
14.20000000 0.00783568
14.25000000 0.00773493
14.30000000 0.00763552
14.35000000 0.00753743
14.40000000 0.00744063
14.45000000 0.00734511
14.50000000 0.00725083
14.55000000 0.00715777
14.60000000 0.00706590
14.65000000 0.00697521
14.70000000 0.00688567
14.75000000 0.00679726
14.80000000 0.00670995
14.85000000 0.00662372
14.90000000 0.00653856
14.95000000 0.00645445
