-7.00000000 0.19997464
-6.95000000 0.20387459
-6.90000000 0.20787886
-6.85000000 0.21199070
-6.80000000 0.21621350
-6.75000000 0.22055073
-6.70000000 0.22500596
-6.65000000 0.22958289
-6.60000000 0.23428530
-6.55000000 0.23911709
-6.50000000 0.24408228
-6.45000000 0.24918497
-6.40000000 0.25442938
-6.35000000 0.25981984
-6.30000000 0.26536078
-6.25000000 0.27105673
-6.20000000 0.27691231
-6.15000000 0.28293225
-6.10000000 0.28912134
-6.05000000 0.29548447
-6.00000000 0.30202659
-5.95000000 0.30875274
-5.90000000 0.31566796
-5.85000000 0.32277738
-5.80000000 0.33008610
-5.75000000 0.33759927
-5.70000000 0.34532200
-5.65000000 0.35325935
-5.60000000 0.36141633
-5.55000000 0.36979785
-5.50000000 0.37840868
-5.45000000 0.38725344
-5.40000000 0.39633652
-5.35000000 0.40566207
-5.30000000 0.41523393
-5.25000000 0.42505555
-5.20000000 0.43512999
-5.15000000 0.44545978
-5.10000000 0.45604690
-5.05000000 0.46689267
-5.00000000 0.47799767
-4.95000000 0.48936162
-4.90000000 0.50098332
-4.85000000 0.51286053
-4.80000000 0.52498981
-4.75000000 0.53736645
-4.70000000 0.54998433
-4.65000000 0.56283576
-4.60000000 0.57591138
-4.55000000 0.58919996
-4.50000000 0.60268834
-4.45000000 0.61636122
-4.40000000 0.63020106
-4.35000000 0.64418791
-4.30000000 0.65829934
-4.25000000 0.67251028
-4.20000000 0.68679293
-4.15000000 0.70111671
-4.10000000 0.71544820
-4.05000000 0.72975109
-4.00000000 0.74398623
-3.95000000 0.75811167
-3.90000000 0.77208277
-3.85000000 0.78585230
-3.80000000 0.79937070
-3.75000000 0.81258631
-3.70000000 0.82544567
-3.65000000 0.83789389
-3.60000000 0.84987512
-3.55000000 0.86133299
-3.50000000 0.87221116
-3.45000000 0.88245391
-3.40000000 0.89200673
-3.35000000 0.90081702
-3.30000000 0.90883469
-3.25000000 0.91601283
-3.20000000 0.92230838
-3.15000000 0.92768272
-3.10000000 0.93210227
-3.05000000 0.93553896
-3.00000000 0.93797068
-2.95000000 0.93938166
-2.90000000 0.93976269
-2.85000000 0.93911126
-2.80000000 0.93743164
-2.75000000 0.93473480
-2.70000000 0.93103818
-2.65000000 0.92636549
-2.60000000 0.92074630
-2.55000000 0.91421555
-2.50000000 0.90681309
-2.45000000 0.89858306
-2.40000000 0.88957324
-2.35000000 0.87983445
-2.30000000 0.86941987
-2.25000000 0.85838438
-2.20000000 0.84678391
-2.15000000 0.83467487
-2.10000000 0.82211355
-2.05000000 0.80915558
-2.00000000 0.79585553
-1.95000000 0.78226640
-1.90000000 0.76843935
-1.85000000 0.75442335
-1.80000000 0.74026495
-1.75000000 0.72600812
-1.70000000 0.71169406
-1.65000000 0.69736120
-1.60000000 0.68304508
-1.55000000 0.66877838
-1.50000000 0.65459095
-1.45000000 0.64050984
-1.40000000 0.62655945
-1.35000000 0.61276153
-1.30000000 0.59913539
-1.25000000 0.58569798
-1.20000000 0.57246401
-1.15000000 0.55944613
-1.10000000 0.54665507
-1.05000000 0.53409972
-1.00000000 0.52178736
-0.95000000 0.50972373
-0.90000000 0.49791320
-0.85000000 0.48635886
-0.80000000 0.47506269
-0.75000000 0.46402563
-0.70000000 0.45324772
-0.65000000 0.44272819
-0.60000000 0.43246552
-0.55000000 0.42245760
-0.50000000 0.41270174
-0.45000000 0.40319478
-0.40000000 0.39393314
-0.35000000 0.38491292
-0.30000000 0.37612990
-0.25000000 0.36757961
-0.20000000 0.35925739
-0.15000000 0.35115844
-0.10000000 0.34327782
-0.05000000 0.33561050
-0.00000000 0.32815139
0.05000000 0.32089539
0.10000000 0.31383735
0.15000000 0.30697217
0.20000000 0.30029473
0.25000000 0.29379999
0.30000000 0.28748294
0.35000000 0.28133865
0.40000000 0.27536224
0.45000000 0.26954894
0.50000000 0.26389405
0.55000000 0.25839298
0.60000000 0.25304121
0.65000000 0.24783435
0.70000000 0.24276809
0.75000000 0.23783825
0.80000000 0.23304075
0.85000000 0.22837159
0.90000000 0.22382691
0.95000000 0.21940295
1.00000000 0.21509605
1.05000000 0.21090266
1.10000000 0.20681933
1.15000000 0.20284271
1.20000000 0.19896955
1.25000000 0.19519673
1.30000000 0.19152117
1.35000000 0.18793994
1.40000000 0.18445017
1.45000000 0.18104908
1.50000000 0.17773400
1.55000000 0.17450234
1.60000000 0.17135156
1.65000000 0.16827925
1.70000000 0.16528306
1.75000000 0.16236069
1.80000000 0.15950996
1.85000000 0.15672873
1.90000000 0.15401493
1.95000000 0.15136659
2.00000000 0.14878176
2.05000000 0.14625858
2.10000000 0.14379526
2.15000000 0.14139003
2.20000000 0.13904123
2.25000000 0.13674721
2.30000000 0.13450639
2.35000000 0.13231726
2.40000000 0.13017832
2.45000000 0.12808816
2.50000000 0.12604539
2.55000000 0.12404867
2.60000000 0.12209671
2.65000000 0.12018826
2.70000000 0.11832210
2.75000000 0.11649706
2.80000000 0.11471201
2.85000000 0.11296584
2.90000000 0.11125749
2.95000000 0.10958594
3.00000000 0.10795019
3.05000000 0.10634926
3.10000000 0.10478223
3.15000000 0.10324819
3.20000000 0.10174625
3.25000000 0.10027558
3.30000000 0.09883535
3.35000000 0.09742475
3.40000000 0.09604303
3.45000000 0.09468941
3.50000000 0.09336319
3.55000000 0.09206365
3.60000000 0.09079012
3.65000000 0.08954192
3.70000000 0.08831843
3.75000000 0.08711900
3.80000000 0.08594305
3.85000000 0.08478998
3.90000000 0.08365923
3.95000000 0.08255024
4.00000000 0.08146248
4.05000000 0.08039543
4.10000000 0.07934857
4.15000000 0.07832144
4.20000000 0.07731354
4.25000000 0.07632441
4.30000000 0.07535361
4.35000000 0.07440070
4.40000000 0.07346526
4.45000000 0.07254687
4.50000000 0.07164514
4.55000000 0.07075967
4.60000000 0.06989010
4.65000000 0.06903604
4.70000000 0.06819715
4.75000000 0.06737308
4.80000000 0.06656349
4.85000000 0.06576806
4.90000000 0.06498645
4.95000000 0.06421837
