-7.00000000 0.00140698
-6.95000000 0.00156958
-6.90000000 0.00175290
-6.85000000 0.00196077
-6.80000000 0.00219771
-6.75000000 0.00246896
-6.70000000 0.00278063
-6.65000000 0.00313973
-6.60000000 0.00355434
-6.55000000 0.00403368
-6.50000000 0.00458824
-6.45000000 0.00522990
-6.40000000 0.00597208
-6.35000000 0.00682982
-6.30000000 0.00782000
-6.25000000 0.00896138
-6.20000000 0.01027481
-6.15000000 0.01178336
-6.10000000 0.01351242
-6.05000000 0.01548988
-6.00000000 0.01774621
-5.95000000 0.02031459
-5.90000000 0.02323101
-5.85000000 0.02653437
-5.80000000 0.03026651
-5.75000000 0.03447226
-5.70000000 0.03919945
-5.65000000 0.04449888
-5.60000000 0.05042429
-5.55000000 0.05703219
-5.50000000 0.06438176
-5.45000000 0.07253464
-5.40000000 0.08155466
-5.35000000 0.09150754
-5.30000000 0.10246050
-5.25000000 0.11448183
-5.20000000 0.12764037
-5.15000000 0.14200495
-5.10000000 0.15764374
-5.05000000 0.17462354
-5.00000000 0.19300904
-4.95000000 0.21286194
-4.90000000 0.23424009
-4.85000000 0.25719657
-4.80000000 0.28177871
-4.75000000 0.30802708
-4.70000000 0.33597447
-4.65000000 0.36564490
-4.60000000 0.39705254
-4.55000000 0.43020078
-4.50000000 0.46508124
-4.45000000 0.50167292
-4.40000000 0.53994131
-4.35000000 0.57983773
-4.30000000 0.62129868
-4.25000000 0.66424539
-4.20000000 0.70858342
-4.15000000 0.75420254
-4.10000000 0.80097669
-4.05000000 0.84876416
-4.00000000 0.89740799
-3.95000000 0.94673650
-3.90000000 0.99656413
-3.85000000 1.04669240
-3.80000000 1.09691108
-3.75000000 1.14699965
-3.70000000 1.19672882
-3.65000000 1.24586230
-3.60000000 1.29415875
-3.55000000 1.34137379
-3.50000000 1.38726218
-3.45000000 1.43158010
-3.40000000 1.47408744
-3.35000000 1.51455014
-3.30000000 1.55274259
-3.25000000 1.58844987
-3.20000000 1.62147008
-3.15000000 1.65161641
-3.10000000 1.67871920
-3.05000000 1.70262779
-3.00000000 1.72321220
-2.95000000 1.74036456
-2.90000000 1.75400036
-2.85000000 1.76405937
-2.80000000 1.77050639
-2.75000000 1.77333165
-2.70000000 1.77255092
-2.65000000 1.76820534
-2.60000000 1.76036105
-2.55000000 1.74910840
-2.50000000 1.73456096
-2.45000000 1.71685435
-2.40000000 1.69614470
-2.35000000 1.67260698
-2.30000000 1.64643317
-2.25000000 1.61783019
-2.20000000 1.58701777
-2.15000000 1.55422619
-2.10000000 1.51969394
-2.05000000 1.48366540
-2.00000000 1.44638841
-1.95000000 1.40811198
-1.90000000 1.36908399
-1.85000000 1.32954892
-1.80000000 1.28974581
-1.75000000 1.24990623
-1.70000000 1.21025242
-1.65000000 1.17099565
-1.60000000 1.13233466
-1.55000000 1.09445436
-1.50000000 1.05752468
-1.45000000 1.02169964
-1.40000000 0.98711658
-1.35000000 0.95389567
-1.30000000 0.92213951
-1.25000000 0.89193298
-1.20000000 0.86334327
-1.15000000 0.83642009
-1.10000000 0.81119596
-1.05000000 0.78768679
-1.00000000 0.76589248
-0.95000000 0.74579768
-0.90000000 0.72737269
-0.85000000 0.71057439
-0.80000000 0.69534731
-0.75000000 0.68162477
-0.70000000 0.66932998
-0.65000000 0.65837730
-0.60000000 0.64867346
-0.55000000 0.64011877
-0.50000000 0.63260840
-0.45000000 0.62603360
-0.40000000 0.62028289
-0.35000000 0.61524327
-0.30000000 0.61080134
-0.25000000 0.60684441
-0.20000000 0.60326151
-0.15000000 0.59994437
-0.10000000 0.59678836
-0.05000000 0.59369328
-0.00000000 0.59056412
0.05000000 0.58731176
0.10000000 0.58385355
0.15000000 0.58011380
0.20000000 0.57602420
0.25000000 0.57152417
0.30000000 0.56656108
0.35000000 0.56109041
0.40000000 0.55507584
0.45000000 0.54848920
0.50000000 0.54131041
0.55000000 0.53352731
0.60000000 0.52513538
0.65000000 0.51613750
0.70000000 0.50654355
0.75000000 0.49636996
0.80000000 0.48563930
0.85000000 0.47437971
0.90000000 0.46262442
0.95000000 0.45041110
1.00000000 0.43778131
1.05000000 0.42477991
1.10000000 0.41145441
1.15000000 0.39785438
1.20000000 0.38403082
1.25000000 0.37003564
1.30000000 0.35592101
1.35000000 0.34173888
1.40000000 0.32754044
1.45000000 0.31337567
1.50000000 0.29929289
1.55000000 0.28533836
1.60000000 0.27155599
1.65000000 0.25798695
1.70000000 0.24466951
1.75000000 0.23163877
1.80000000 0.21892654
1.85000000 0.20656121
1.90000000 0.19456770
1.95000000 0.18296742
2.00000000 0.17177830
2.05000000 0.16101485
2.10000000 0.15068823
2.15000000 0.14080637
2.20000000 0.13137412
2.25000000 0.12239344
2.30000000 0.11386353
2.35000000 0.10578109
2.40000000 0.09814050
2.45000000 0.09093406
2.50000000 0.08415220
2.55000000 0.07778371
2.60000000 0.07181596
2.65000000 0.06623515
2.70000000 0.06102647
2.75000000 0.05617438
2.80000000 0.05166272
2.85000000 0.04747496
2.90000000 0.04359433
2.95000000 0.04000400
3.00000000 0.03668721
3.05000000 0.03362739
3.10000000 0.03080828
3.15000000 0.02821403
3.20000000 0.02582928
3.25000000 0.02363921
3.30000000 0.02162964
3.35000000 0.01978700
3.40000000 0.01809845
3.45000000 0.01655184
3.50000000 0.01513572
3.55000000 0.01383939
3.60000000 0.01265283
3.65000000 0.01156675
3.70000000 0.01057252
3.75000000 0.00966219
3.80000000 0.00882843
3.85000000 0.00806453
3.90000000 0.00736432
3.95000000 0.00672221
4.00000000 0.00613308
4.05000000 0.00559229
4.10000000 0.00509563
4.15000000 0.00463931
4.20000000 0.00421987
4.25000000 0.00383420
4.30000000 0.00347950
4.35000000 0.00315324
4.40000000 0.00285311
4.45000000 0.00257706
4.50000000 0.00232320
4.55000000 0.00208983
4.60000000 0.00187542
4.65000000 0.00167855
4.70000000 0.00149792
4.75000000 0.00133237
4.80000000 0.00118080
4.85000000 0.00104220
4.90000000 0.00091565
4.95000000 0.00080028
