-7.00000000 0.14107420
-6.95000000 0.14135611
-6.90000000 0.14163530
-6.85000000 0.14191174
-6.80000000 0.14218538
-6.75000000 0.14245619
-6.70000000 0.14272415
-6.65000000 0.14298922
-6.60000000 0.14325137
-6.55000000 0.14351056
-6.50000000 0.14376677
-6.45000000 0.14401997
-6.40000000 0.14427012
-6.35000000 0.14451719
-6.30000000 0.14476116
-6.25000000 0.14500200
-6.20000000 0.14523967
-6.15000000 0.14547414
-6.10000000 0.14570540
-6.05000000 0.14593341
-6.00000000 0.14615814
-5.95000000 0.14637957
-5.90000000 0.14659767
-5.85000000 0.14681241
-5.80000000 0.14702377
-5.75000000 0.14723173
-5.70000000 0.14743626
-5.65000000 0.14763734
-5.60000000 0.14783493
-5.55000000 0.14802903
-5.50000000 0.14821960
-5.45000000 0.14840663
-5.40000000 0.14859009
-5.35000000 0.14876997
-5.30000000 0.14894623
-5.25000000 0.14911887
-5.20000000 0.14928786
-5.15000000 0.14945319
-5.10000000 0.14961483
-5.05000000 0.14977277
-5.00000000 0.14992699
-4.95000000 0.15007748
-4.90000000 0.15022421
-4.85000000 0.15036718
-4.80000000 0.15050637
-4.75000000 0.15064176
-4.70000000 0.15077334
-4.65000000 0.15090111
-4.60000000 0.15102503
-4.55000000 0.15114512
-4.50000000 0.15126134
-4.45000000 0.15137370
-4.40000000 0.15148217
-4.35000000 0.15158676
-4.30000000 0.15168746
-4.25000000 0.15178425
-4.20000000 0.15187712
-4.15000000 0.15196608
-4.10000000 0.15205111
-4.05000000 0.15213221
-4.00000000 0.15220938
-3.95000000 0.15228260
-3.90000000 0.15235187
-3.85000000 0.15241720
-3.80000000 0.15247857
-3.75000000 0.15253599
-3.70000000 0.15258945
-3.65000000 0.15263896
-3.60000000 0.15268451
-3.55000000 0.15272609
-3.50000000 0.15276372
-3.45000000 0.15279739
-3.40000000 0.15282711
-3.35000000 0.15285288
-3.30000000 0.15287469
-3.25000000 0.15289256
-3.20000000 0.15290648
-3.15000000 0.15291646
-3.10000000 0.15292251
-3.05000000 0.15292463
-3.00000000 0.15292283
-2.95000000 0.15291711
-2.90000000 0.15290748
-2.85000000 0.15289395
-2.80000000 0.15287652
-2.75000000 0.15285521
-2.70000000 0.15283002
-2.65000000 0.15280096
-2.60000000 0.15276804
-2.55000000 0.15273128
-2.50000000 0.15269068
-2.45000000 0.15264625
-2.40000000 0.15259801
-2.35000000 0.15254597
-2.30000000 0.15249014
-2.25000000 0.15243053
-2.20000000 0.15236715
-2.15000000 0.15230003
-2.10000000 0.15222917
-2.05000000 0.15215459
-2.00000000 0.15207631
-1.95000000 0.15199433
-1.90000000 0.15190868
-1.85000000 0.15181937
-1.80000000 0.15172642
-1.75000000 0.15162984
-1.70000000 0.15152965
-1.65000000 0.15142587
-1.60000000 0.15131852
-1.55000000 0.15120761
-1.50000000 0.15109316
-1.45000000 0.15097520
-1.40000000 0.15085373
-1.35000000 0.15072879
-1.30000000 0.15060039
-1.25000000 0.15046854
-1.20000000 0.15033328
-1.15000000 0.15019461
-1.10000000 0.15005257
-1.05000000 0.14990716
-1.00000000 0.14975843
-0.95000000 0.14960637
-0.90000000 0.14945102
-0.85000000 0.14929240
-0.80000000 0.14913053
-0.75000000 0.14896543
-0.70000000 0.14879713
-0.65000000 0.14862564
-0.60000000 0.14845100
-0.55000000 0.14827322
-0.50000000 0.14809232
-0.45000000 0.14790834
-0.40000000 0.14772129
-0.35000000 0.14753120
-0.30000000 0.14733810
-0.25000000 0.14714200
-0.20000000 0.14694293
-0.15000000 0.14674092
-0.10000000 0.14653599
-0.05000000 0.14632816
-0.00000000 0.14611747
0.05000000 0.14590393
0.10000000 0.14568757
0.15000000 0.14546842
0.20000000 0.14524650
0.25000000 0.14502184
0.30000000 0.14479446
0.35000000 0.14456439
0.40000000 0.14433165
0.45000000 0.14409628
0.50000000 0.14385829
0.55000000 0.14361772
0.60000000 0.14337459
0.65000000 0.14312892
0.70000000 0.14288074
0.75000000 0.14263009
0.80000000 0.14237698
0.85000000 0.14212144
0.90000000 0.14186350
0.95000000 0.14160319
1.00000000 0.14134053
1.05000000 0.14107555
1.10000000 0.14080828
1.15000000 0.14053875
1.20000000 0.14026697
1.25000000 0.13999298
1.30000000 0.13971681
1.35000000 0.13943848
1.40000000 0.13915802
1.45000000 0.13887546
1.50000000 0.13859083
1.55000000 0.13830414
1.60000000 0.13801544
1.65000000 0.13772474
1.70000000 0.13743208
1.75000000 0.13713747
1.80000000 0.13684096
1.85000000 0.13654257
1.90000000 0.13624231
1.95000000 0.13594023
2.00000000 0.13563635
2.05000000 0.13533070
2.10000000 0.13502330
2.15000000 0.13471418
2.20000000 0.13440337
2.25000000 0.13409090
2.30000000 0.13377678
2.35000000 0.13346107
2.40000000 0.13314376
2.45000000 0.13282491
2.50000000 0.13250453
2.55000000 0.13218264
2.60000000 0.13185929
2.65000000 0.13153449
2.70000000 0.13120827
2.75000000 0.13088066
2.80000000 0.13055169
2.85000000 0.13022138
2.90000000 0.12988976
2.95000000 0.12955686
3.00000000 0.12922270
3.05000000 0.12888731
3.10000000 0.12855072
3.15000000 0.12821295
3.20000000 0.12787403
3.25000000 0.12753399
3.30000000 0.12719286
3.35000000 0.12685065
3.40000000 0.12650740
3.45000000 0.12616314
3.50000000 0.12581788
3.55000000 0.12547166
3.60000000 0.12512450
3.65000000 0.12477642
3.70000000 0.12442746
3.75000000 0.12407763
3.80000000 0.12372697
3.85000000 0.12337550
3.90000000 0.12302325
3.95000000 0.12267023
4.00000000 0.12231648
4.05000000 0.12196202
4.10000000 0.12160687
4.15000000 0.12125106
4.20000000 0.12089462
4.25000000 0.12053757
4.30000000 0.12017993
4.35000000 0.11982173
4.40000000 0.11946299
4.45000000 0.11910374
4.50000000 0.11874399
4.55000000 0.11838378
4.60000000 0.11802313
4.65000000 0.11766206
4.70000000 0.11730059
4.75000000 0.11693875
4.80000000 0.11657656
4.85000000 0.11621404
4.90000000 0.11585122
4.95000000 0.11548812
