-10.00000000 0.00115254
-9.95000000 0.00131175
-9.90000000 0.00148230
-9.85000000 0.00166488
-9.80000000 0.00186019
-9.75000000 0.00206896
-9.70000000 0.00229196
-9.65000000 0.00253001
-9.60000000 0.00278395
-9.55000000 0.00305465
-9.50000000 0.00334303
-9.45000000 0.00365006
-9.40000000 0.00397674
-9.35000000 0.00432411
-9.30000000 0.00469325
-9.25000000 0.00508529
-9.20000000 0.00550141
-9.15000000 0.00594283
-9.10000000 0.00641081
-9.05000000 0.00690666
-9.00000000 0.00743175
-8.95000000 0.00798749
-8.90000000 0.00857534
-8.85000000 0.00919680
-8.80000000 0.00985344
-8.75000000 0.01054687
-8.70000000 0.01127875
-8.65000000 0.01205080
-8.60000000 0.01286479
-8.55000000 0.01372252
-8.50000000 0.01462588
-8.45000000 0.01557679
-8.40000000 0.01657721
-8.35000000 0.01762918
-8.30000000 0.01873477
-8.25000000 0.01989611
-8.20000000 0.02111537
-8.15000000 0.02239477
-8.10000000 0.02373659
-8.05000000 0.02514314
-8.00000000 0.02661678
-7.95000000 0.02815992
-7.90000000 0.02977500
-7.85000000 0.03146451
-7.80000000 0.03323097
-7.75000000 0.03507693
-7.70000000 0.03700498
-7.65000000 0.03901775
-7.60000000 0.04111787
-7.55000000 0.04330802
-7.50000000 0.04559089
-7.45000000 0.04796917
-7.40000000 0.05044560
-7.35000000 0.05302289
-7.30000000 0.05570378
-7.25000000 0.05849101
-7.20000000 0.06138731
-7.15000000 0.06439540
-7.10000000 0.06751798
-7.05000000 0.07075775
-7.00000000 0.07411737
-6.95000000 0.07759949
-6.90000000 0.08120670
-6.85000000 0.08494157
-6.80000000 0.08880661
-6.75000000 0.09280428
-6.70000000 0.09693699
-6.65000000 0.10120707
-6.60000000 0.10561680
-6.55000000 0.11016836
-6.50000000 0.11486385
-6.45000000 0.11970527
-6.40000000 0.12469456
-6.35000000 0.12983349
-6.30000000 0.13512378
-6.25000000 0.14056699
-6.20000000 0.14616456
-6.15000000 0.15191781
-6.10000000 0.15782790
-6.05000000 0.16389587
-6.00000000 0.17012256
-5.95000000 0.17650869
-5.90000000 0.18305480
-5.85000000 0.18976125
-5.80000000 0.19662821
-5.75000000 0.20365568
-5.70000000 0.21084346
-5.65000000 0.21819114
-5.60000000 0.22569813
-5.55000000 0.23336360
-5.50000000 0.24118653
-5.45000000 0.24916566
-5.40000000 0.25729951
-5.35000000 0.26558637
-5.30000000 0.27402432
-5.25000000 0.28261116
-5.20000000 0.29134449
-5.15000000 0.30022164
-5.10000000 0.30923972
-5.05000000 0.31839558
-5.00000000 0.32768582
-4.95000000 0.33710680
-4.90000000 0.34665462
-4.85000000 0.35632515
-4.80000000 0.36611399
-4.75000000 0.37601651
-4.70000000 0.38602783
-4.65000000 0.39614282
-4.60000000 0.40635613
-4.55000000 0.41666215
-4.50000000 0.42705504
-4.45000000 0.43752875
-4.40000000 0.44807698
-4.35000000 0.45869325
-4.30000000 0.46937082
-4.25000000 0.48010278
-4.20000000 0.49088201
-4.15000000 0.50170120
-4.10000000 0.51255286
-4.05000000 0.52342931
-4.00000000 0.53432273
-3.95000000 0.54522513
-3.90000000 0.55612838
-3.85000000 0.56702421
-3.80000000 0.57790423
-3.75000000 0.58875994
-3.70000000 0.59958273
-3.65000000 0.61036391
-3.60000000 0.62109472
-3.55000000 0.63176631
-3.50000000 0.64236980
-3.45000000 0.65289629
-3.40000000 0.66333681
-3.35000000 0.67368241
-3.30000000 0.68392415
-3.25000000 0.69405309
-3.20000000 0.70406031
-3.15000000 0.71393697
-3.10000000 0.72367427
-3.05000000 0.73326346
-3.00000000 0.74269593
-2.95000000 0.75196312
-2.90000000 0.76105661
-2.85000000 0.76996810
-2.80000000 0.77868945
-2.75000000 0.78721266
-2.70000000 0.79552988
-2.65000000 0.80363348
-2.60000000 0.81151600
-2.55000000 0.81917018
-2.50000000 0.82658900
-2.45000000 0.83376564
-2.40000000 0.84069355
-2.35000000 0.84736641
-2.30000000 0.85377817
-2.25000000 0.85992304
-2.20000000 0.86579551
-2.15000000 0.87139037
-2.10000000 0.87670269
-2.05000000 0.88172785
-2.00000000 0.88646154
-1.95000000 0.89089977
-1.90000000 0.89503886
-1.85000000 0.89887546
-1.80000000 0.90240655
-1.75000000 0.90562946
-1.70000000 0.90854182
-1.65000000 0.91114165
-1.60000000 0.91342726
-1.55000000 0.91539735
-1.50000000 0.91705092
-1.45000000 0.91838734
-1.40000000 0.91940632
-1.35000000 0.92010790
-1.30000000 0.92049246
-1.25000000 0.92056073
-1.20000000 0.92031375
-1.15000000 0.91975291
-1.10000000 0.91887992
-1.05000000 0.91769678
-1.00000000 0.91620586
-0.95000000 0.91440978
-0.90000000 0.91231150
-0.85000000 0.90991426
-0.80000000 0.90722159
-0.75000000 0.90423729
-0.70000000 0.90096544
-0.65000000 0.89741038
-0.60000000 0.89357671
-0.55000000 0.88946926
-0.50000000 0.88509309
-0.45000000 0.88045351
-0.40000000 0.87555602
-0.35000000 0.87040633
-0.30000000 0.86501035
-0.25000000 0.85937415
-0.20000000 0.85350399
-0.15000000 0.84740629
-0.10000000 0.84108761
-0.05000000 0.83455466
0.00000000 0.82781425
0.05000000 0.82087332
0.10000000 0.81373893
0.15000000 0.80641820
0.20000000 0.79891836
0.25000000 0.79124668
0.30000000 0.78341051
0.35000000 0.77541725
0.40000000 0.76727431
0.45000000 0.75898915
0.50000000 0.75056924
0.55000000 0.74202206
0.60000000 0.73335506
0.65000000 0.72457571
0.70000000 0.71569144
0.75000000 0.70670963
0.80000000 0.69763764
0.85000000 0.68848277
0.90000000 0.67925226
0.95000000 0.66995329
1.00000000 0.66059294
1.05000000 0.65117823
1.10000000 0.64171608
1.15000000 0.63221332
1.20000000 0.62267665
1.25000000 0.61311269
1.30000000 0.60352792
1.35000000 0.59392872
1.40000000 0.58432132
1.45000000 0.57471184
1.50000000 0.56510623
1.55000000 0.55551035
1.60000000 0.54592986
1.65000000 0.53637030
1.70000000 0.52683707
1.75000000 0.51733539
1.80000000 0.50787034
1.85000000 0.49844683
1.90000000 0.48906963
1.95000000 0.47974331
2.00000000 0.47047232
2.05000000 0.46126091
2.10000000 0.45211320
2.15000000 0.44303311
2.20000000 0.43402441
2.25000000 0.42509071
2.30000000 0.41623545
2.35000000 0.40746190
2.40000000 0.39877317
2.45000000 0.39017222
2.50000000 0.38166184
2.55000000 0.37324465
2.60000000 0.36492313
2.65000000 0.35669959
2.70000000 0.34857620
2.75000000 0.34055497
2.80000000 0.33263775
2.85000000 0.32482628
2.90000000 0.31712212
2.95000000 0.30952670
3.00000000 0.30204131
3.05000000 0.29466712
3.10000000 0.28740515
3.15000000 0.28025631
3.20000000 0.27322135
3.25000000 0.26630094
3.30000000 0.25949561
3.35000000 0.25280576
3.40000000 0.24623172
3.45000000 0.23977366
3.50000000 0.23343170
3.55000000 0.22720580
3.60000000 0.22109588
3.65000000 0.21510172
3.70000000 0.20922304
3.75000000 0.20345946
3.80000000 0.19781052
3.85000000 0.19227566
3.90000000 0.18685429
3.95000000 0.18154570
4.00000000 0.17634914
4.05000000 0.17126377
4.10000000 0.16628872
4.15000000 0.16142304
4.20000000 0.15666571
4.25000000 0.15201569
4.30000000 0.14747187
4.35000000 0.14303310
4.40000000 0.13869818
4.45000000 0.13446587
4.50000000 0.13033490
4.55000000 0.12630397
4.60000000 0.12237172
4.65000000 0.11853680
4.70000000 0.11479781
4.75000000 0.11115333
4.80000000 0.10760191
4.85000000 0.10414209
4.90000000 0.10077240
4.95000000 0.09749134
5.00000000 0.09429741
5.05000000 0.09118910
5.10000000 0.08816487
5.15000000 0.08522321
5.20000000 0.08236257
5.25000000 0.07958142
5.30000000 0.07687822
5.35000000 0.07425144
5.40000000 0.07169953
5.45000000 0.06922097
5.50000000 0.06681422
5.55000000 0.06447778
5.60000000 0.06221012
5.65000000 0.06000975
5.70000000 0.05787517
5.75000000 0.05580489
5.80000000 0.05379746
5.85000000 0.05185140
5.90000000 0.04996529
5.95000000 0.04813768
6.00000000 0.04636718
6.05000000 0.04465238
6.10000000 0.04299190
6.15000000 0.04138439
6.20000000 0.03982850
6.25000000 0.03832291
6.30000000 0.03686631
6.35000000 0.03545743
6.40000000 0.03409498
6.45000000 0.03277774
6.50000000 0.03150447
6.55000000 0.03027398
6.60000000 0.02908507
6.65000000 0.02793661
6.70000000 0.02682743
6.75000000 0.02575643
6.80000000 0.02472252
6.85000000 0.02372461
6.90000000 0.02276166
6.95000000 0.02183263
7.00000000 0.02093653
7.05000000 0.02007235
7.10000000 0.01923914
7.15000000 0.01843596
7.20000000 0.01766188
7.25000000 0.01691600
7.30000000 0.01619744
7.35000000 0.01550535
7.40000000 0.01483888
7.45000000 0.01419721
7.50000000 0.01357956
7.55000000 0.01298514
7.60000000 0.01241320
7.65000000 0.01186300
7.70000000 0.01133381
7.75000000 0.01082495
7.80000000 0.01033573
7.85000000 0.00986548
7.90000000 0.00941357
7.95000000 0.00897936
8.00000000 0.00856226
8.05000000 0.00816166
8.10000000 0.00777699
8.15000000 0.00740770
8.20000000 0.00705325
8.25000000 0.00671310
8.30000000 0.00638675
8.35000000 0.00607370
8.40000000 0.00577348
8.45000000 0.00548561
8.50000000 0.00520965
8.55000000 0.00494517
8.60000000 0.00469173
8.65000000 0.00444893
8.70000000 0.00421637
8.75000000 0.00399367
8.80000000 0.00378045
8.85000000 0.00357636
8.90000000 0.00338105
8.95000000 0.00319419
9.00000000 0.00301544
9.05000000 0.00284450
9.10000000 0.00268106
9.15000000 0.00252482
9.20000000 0.00237552
9.25000000 0.00223286
9.30000000 0.00209660
9.35000000 0.00196646
9.40000000 0.00184222
9.45000000 0.00172363
9.50000000 0.00161046
9.55000000 0.00150250
9.60000000 0.00139952
9.65000000 0.00130134
9.70000000 0.00120774
9.75000000 0.00111854
9.80000000 0.00103356
9.85000000 0.00095262
9.90000000 0.00087555
9.95000000 0.00080219
