-15.00000000 0.09373118
-14.95000000 0.09449727
-14.90000000 0.09527174
-14.85000000 0.09605468
-14.80000000 0.09684621
-14.75000000 0.09764642
-14.70000000 0.09845542
-14.65000000 0.09927333
-14.60000000 0.10010024
-14.55000000 0.10093627
-14.50000000 0.10178153
-14.45000000 0.10263613
-14.40000000 0.10350018
-14.35000000 0.10437379
-14.30000000 0.10525709
-14.25000000 0.10615019
-14.20000000 0.10705320
-14.15000000 0.10796624
-14.10000000 0.10888943
-14.05000000 0.10982289
-14.00000000 0.11076674
-13.95000000 0.11172110
-13.90000000 0.11268610
-13.85000000 0.11366186
-13.80000000 0.11464849
-13.75000000 0.11564614
-13.70000000 0.11665492
-13.65000000 0.11767497
-13.60000000 0.11870640
-13.55000000 0.11974934
-13.50000000 0.12080393
-13.45000000 0.12187029
-13.40000000 0.12294856
-13.35000000 0.12403886
-13.30000000 0.12514133
-13.25000000 0.12625609
-13.20000000 0.12738328
-13.15000000 0.12852303
-13.10000000 0.12967547
-13.05000000 0.13084073
-13.00000000 0.13201894
-12.95000000 0.13321024
-12.90000000 0.13441476
-12.85000000 0.13563263
-12.80000000 0.13686398
-12.75000000 0.13810894
-12.70000000 0.13936764
-12.65000000 0.14064022
-12.60000000 0.14192679
-12.55000000 0.14322750
-12.50000000 0.14454246
-12.45000000 0.14587179
-12.40000000 0.14721564
-12.35000000 0.14857411
-12.30000000 0.14994734
-12.25000000 0.15133543
-12.20000000 0.15273851
-12.15000000 0.15415670
-12.10000000 0.15559010
-12.05000000 0.15703883
-12.00000000 0.15850299
-11.95000000 0.15998270
-11.90000000 0.16147805
-11.85000000 0.16298915
-11.80000000 0.16451608
-11.75000000 0.16605895
-11.70000000 0.16761783
-11.65000000 0.16919281
-11.60000000 0.17078398
-11.55000000 0.17239140
-11.50000000 0.17401514
-11.45000000 0.17565527
-11.40000000 0.17731184
-11.35000000 0.17898491
-11.30000000 0.18067452
-11.25000000 0.18238070
-11.20000000 0.18410350
-11.15000000 0.18584293
-11.10000000 0.18759901
-11.05000000 0.18937174
-11.00000000 0.19116113
-10.95000000 0.19296716
-10.90000000 0.19478982
-10.85000000 0.19662907
-10.80000000 0.19848487
-10.75000000 0.20035718
-10.70000000 0.20224593
-10.65000000 0.20415104
-10.60000000 0.20607242
-10.55000000 0.20800999
-10.50000000 0.20996362
-10.45000000 0.21193319
-10.40000000 0.21391855
-10.35000000 0.21591955
-10.30000000 0.21793602
-10.25000000 0.21996777
-10.20000000 0.22201459
-10.15000000 0.22407626
-10.10000000 0.22615254
-10.05000000 0.22824317
-10.00000000 0.23034787
-9.95000000 0.23246635
-9.90000000 0.23459830
-9.85000000 0.23674336
-9.80000000 0.23890118
-9.75000000 0.24107138
-9.70000000 0.24325356
-9.65000000 0.24544728
-9.60000000 0.24765210
-9.55000000 0.24986754
-9.50000000 0.25209310
-9.45000000 0.25432825
-9.40000000 0.25657245
-9.35000000 0.25882511
-9.30000000 0.26108563
-9.25000000 0.26335338
-9.20000000 0.26562770
-9.15000000 0.26790790
-9.10000000 0.27019326
-9.05000000 0.27248304
-9.00000000 0.27477646
-8.95000000 0.27707273
-8.90000000 0.27937101
-8.85000000 0.28167043
-8.80000000 0.28397010
-8.75000000 0.28626910
-8.70000000 0.28856648
-8.65000000 0.29086126
-8.60000000 0.29315243
-8.55000000 0.29543894
-8.50000000 0.29771972
-8.45000000 0.29999368
-8.40000000 0.30225969
-8.35000000 0.30451660
-8.30000000 0.30676322
-8.25000000 0.30899834
-8.20000000 0.31122074
-8.15000000 0.31342914
-8.10000000 0.31562228
-8.05000000 0.31779885
-8.00000000 0.31995751
-7.95000000 0.32209692
-7.90000000 0.32421572
-7.85000000 0.32631251
-7.80000000 0.32838591
-7.75000000 0.33043449
-7.70000000 0.33245683
-7.65000000 0.33445149
-7.60000000 0.33641702
-7.55000000 0.33835197
-7.50000000 0.34025488
-7.45000000 0.34212430
-7.40000000 0.34395875
-7.35000000 0.34575678
-7.30000000 0.34751694
-7.25000000 0.34923778
-7.20000000 0.35091785
-7.15000000 0.35255575
-7.10000000 0.35415004
-7.05000000 0.35569935
-7.00000000 0.35720230
-6.95000000 0.35865753
-6.90000000 0.36006374
-6.85000000 0.36141961
-6.80000000 0.36272389
-6.75000000 0.36397536
-6.70000000 0.36517281
-6.65000000 0.36631509
-6.60000000 0.36740110
-6.55000000 0.36842977
-6.50000000 0.36940008
-6.45000000 0.37031106
-6.40000000 0.37116180
-6.35000000 0.37195143
-6.30000000 0.37267916
-6.25000000 0.37334423
-6.20000000 0.37394595
-6.15000000 0.37448371
-6.10000000 0.37495694
-6.05000000 0.37536515
-6.00000000 0.37570792
-5.95000000 0.37598487
-5.90000000 0.37619571
-5.85000000 0.37634023
-5.80000000 0.37641827
-5.75000000 0.37642975
-5.70000000 0.37637466
-5.65000000 0.37625305
-5.60000000 0.37606505
-5.55000000 0.37581087
-5.50000000 0.37549076
-5.45000000 0.37510507
-5.40000000 0.37465421
-5.35000000 0.37413864
-5.30000000 0.37355890
-5.25000000 0.37291560
-5.20000000 0.37220940
-5.15000000 0.37144103
-5.10000000 0.37061127
-5.05000000 0.36972096
-5.00000000 0.36877100
-4.95000000 0.36776234
-4.90000000 0.36669599
-4.85000000 0.36557298
-4.80000000 0.36439443
-4.75000000 0.36316146
-4.70000000 0.36187525
-4.65000000 0.36053703
-4.60000000 0.35914803
-4.55000000 0.35770956
-4.50000000 0.35622291
-4.45000000 0.35468943
-4.40000000 0.35311049
-4.35000000 0.35148748
-4.30000000 0.34982179
-4.25000000 0.34811484
-4.20000000 0.34636808
-4.15000000 0.34458294
-4.10000000 0.34276089
-4.05000000 0.34090336
-4.00000000 0.33901184
-3.95000000 0.33708777
-3.90000000 0.33513261
-3.85000000 0.33314784
-3.80000000 0.33113488
-3.75000000 0.32909518
-3.70000000 0.32703018
-3.65000000 0.32494130
-3.60000000 0.32282993
-3.55000000 0.32069747
-3.50000000 0.31854530
-3.45000000 0.31637476
-3.40000000 0.31418718
-3.35000000 0.31198389
-3.30000000 0.30976618
-3.25000000 0.30753530
-3.20000000 0.30529251
-3.15000000 0.30303902
-3.10000000 0.30077601
-3.05000000 0.29850467
-3.00000000 0.29622611
-2.95000000 0.29394145
-2.90000000 0.29165177
-2.85000000 0.28935813
-2.80000000 0.28706153
-2.75000000 0.28476298
-2.70000000 0.28246343
-2.65000000 0.28016382
-2.60000000 0.27786505
-2.55000000 0.27556799
-2.50000000 0.27327350
-2.45000000 0.27098237
-2.40000000 0.26869540
-2.35000000 0.26641334
-2.30000000 0.26413691
-2.25000000 0.26186682
-2.20000000 0.25960374
-2.15000000 0.25734830
-2.10000000 0.25510111
-2.05000000 0.25286278
-2.00000000 0.25063385
-1.95000000 0.24841486
-1.90000000 0.24620633
-1.85000000 0.24400873
-1.80000000 0.24182252
-1.75000000 0.23964814
-1.70000000 0.23748601
-1.65000000 0.23533650
-1.60000000 0.23320000
-1.55000000 0.23107684
-1.50000000 0.22896735
-1.45000000 0.22687183
-1.40000000 0.22479057
-1.35000000 0.22272384
-1.30000000 0.22067187
-1.25000000 0.21863490
-1.20000000 0.21661314
-1.15000000 0.21460679
-1.10000000 0.21261601
-1.05000000 0.21064098
-1.00000000 0.20868184
-0.95000000 0.20673872
-0.90000000 0.20481175
-0.85000000 0.20290101
-0.80000000 0.20100661
-0.75000000 0.19912863
-0.70000000 0.19726713
-0.65000000 0.19542217
-0.60000000 0.19359378
-0.55000000 0.19178201
-0.50000000 0.18998688
-0.45000000 0.18820841
-0.40000000 0.18644659
-0.35000000 0.18470142
-0.30000000 0.18297289
-0.25000000 0.18126098
-0.20000000 0.17956566
-0.15000000 0.17788689
-0.10000000 0.17622463
-0.05000000 0.17457884
0.00000000 0.17294946
0.05000000 0.17133642
0.10000000 0.16973965
0.15000000 0.16815910
0.20000000 0.16659467
0.25000000 0.16504630
0.30000000 0.16351388
0.35000000 0.16199733
0.40000000 0.16049656
0.45000000 0.15901147
0.50000000 0.15754196
0.55000000 0.15608792
0.60000000 0.15464924
0.65000000 0.15322582
0.70000000 0.15181755
0.75000000 0.15042430
0.80000000 0.14904596
0.85000000 0.14768242
0.90000000 0.14633354
0.95000000 0.14499921
1.00000000 0.14367931
1.05000000 0.14237371
1.10000000 0.14108227
1.15000000 0.13980489
1.20000000 0.13854142
1.25000000 0.13729173
1.30000000 0.13605570
1.35000000 0.13483320
1.40000000 0.13362409
1.45000000 0.13242825
1.50000000 0.13124553
1.55000000 0.13007582
1.60000000 0.12891898
1.65000000 0.12777487
1.70000000 0.12664336
1.75000000 0.12552433
1.80000000 0.12441764
1.85000000 0.12332316
1.90000000 0.12224076
1.95000000 0.12117030
2.00000000 0.12011167
2.05000000 0.11906472
2.10000000 0.11802934
2.15000000 0.11700538
2.20000000 0.11599273
2.25000000 0.11499126
2.30000000 0.11400084
2.35000000 0.11302134
2.40000000 0.11205265
2.45000000 0.11109463
2.50000000 0.11014717
2.55000000 0.10921014
2.60000000 0.10828342
2.65000000 0.10736690
2.70000000 0.10646044
2.75000000 0.10556394
2.80000000 0.10467728
2.85000000 0.10380034
2.90000000 0.10293300
2.95000000 0.10207516
3.00000000 0.10122669
3.05000000 0.10038749
3.10000000 0.09955745
3.15000000 0.09873645
3.20000000 0.09792439
3.25000000 0.09712115
3.30000000 0.09632665
3.35000000 0.09554075
3.40000000 0.09476338
3.45000000 0.09399441
3.50000000 0.09323375
3.55000000 0.09248129
3.60000000 0.09173695
3.65000000 0.09100061
3.70000000 0.09027218
3.75000000 0.08955156
3.80000000 0.08883866
3.85000000 0.08813339
3.90000000 0.08743565
3.95000000 0.08674534
4.00000000 0.08606239
4.05000000 0.08538668
4.10000000 0.08471815
4.15000000 0.08405670
4.20000000 0.08340224
4.25000000 0.08275468
4.30000000 0.08211395
4.35000000 0.08147996
4.40000000 0.08085262
4.45000000 0.08023186
4.50000000 0.07961759
4.55000000 0.07900973
4.60000000 0.07840821
4.65000000 0.07781295
4.70000000 0.07722386
4.75000000 0.07664088
4.80000000 0.07606393
4.85000000 0.07549294
4.90000000 0.07492783
4.95000000 0.07436853
5.00000000 0.07381497
5.05000000 0.07326708
5.10000000 0.07272479
5.15000000 0.07218803
5.20000000 0.07165673
5.25000000 0.07113084
5.30000000 0.07061027
5.35000000 0.07009497
5.40000000 0.06958488
5.45000000 0.06907993
5.50000000 0.06858005
5.55000000 0.06808519
5.60000000 0.06759528
5.65000000 0.06711027
5.70000000 0.06663009
5.75000000 0.06615470
5.80000000 0.06568402
5.85000000 0.06521800
5.90000000 0.06475660
5.95000000 0.06429974
6.00000000 0.06384738
6.05000000 0.06339946
6.10000000 0.06295593
6.15000000 0.06251674
6.20000000 0.06208184
6.25000000 0.06165117
6.30000000 0.06122468
6.35000000 0.06080233
6.40000000 0.06038406
6.45000000 0.05996983
6.50000000 0.05955958
6.55000000 0.05915328
6.60000000 0.05875087
6.65000000 0.05835231
6.70000000 0.05795756
6.75000000 0.05756656
6.80000000 0.05717928
6.85000000 0.05679566
6.90000000 0.05641568
6.95000000 0.05603928
7.00000000 0.05566643
7.05000000 0.05529707
7.10000000 0.05493118
7.15000000 0.05456871
7.20000000 0.05420962
7.25000000 0.05385388
7.30000000 0.05350143
7.35000000 0.05315225
7.40000000 0.05280631
7.45000000 0.05246355
7.50000000 0.05212394
7.55000000 0.05178746
7.60000000 0.05145405
7.65000000 0.05112370
7.70000000 0.05079635
7.75000000 0.05047198
7.80000000 0.05015056
7.85000000 0.04983205
7.90000000 0.04951641
7.95000000 0.04920363
8.00000000 0.04889365
8.05000000 0.04858645
8.10000000 0.04828201
8.15000000 0.04798028
8.20000000 0.04768125
8.25000000 0.04738487
8.30000000 0.04709112
8.35000000 0.04679997
8.40000000 0.04651139
8.45000000 0.04622535
8.50000000 0.04594183
8.55000000 0.04566079
8.60000000 0.04538222
8.65000000 0.04510607
8.70000000 0.04483233
8.75000000 0.04456096
8.80000000 0.04429195
8.85000000 0.04402527
8.90000000 0.04376088
8.95000000 0.04349878
9.00000000 0.04323892
9.05000000 0.04298129
9.10000000 0.04272586
9.15000000 0.04247262
9.20000000 0.04222152
9.25000000 0.04197256
9.30000000 0.04172571
9.35000000 0.04148094
9.40000000 0.04123824
9.45000000 0.04099759
9.50000000 0.04075895
9.55000000 0.04052231
9.60000000 0.04028764
9.65000000 0.04005494
9.70000000 0.03982417
9.75000000 0.03959531
9.80000000 0.03936835
9.85000000 0.03914327
9.90000000 0.03892004
9.95000000 0.03869864
10.00000000 0.03847907
10.05000000 0.03826129
10.10000000 0.03804529
10.15000000 0.03783105
10.20000000 0.03761855
10.25000000 0.03740778
10.30000000 0.03719871
10.35000000 0.03699133
10.40000000 0.03678562
10.45000000 0.03658157
10.50000000 0.03637915
10.55000000 0.03617836
10.60000000 0.03597916
10.65000000 0.03578156
10.70000000 0.03558553
10.75000000 0.03539105
10.80000000 0.03519811
10.85000000 0.03500669
10.90000000 0.03481678
10.95000000 0.03462837
11.00000000 0.03444143
11.05000000 0.03425596
11.10000000 0.03407194
11.15000000 0.03388935
11.20000000 0.03370817
11.25000000 0.03352841
11.30000000 0.03335004
11.35000000 0.03317304
11.40000000 0.03299741
11.45000000 0.03282313
11.50000000 0.03265019
11.55000000 0.03247857
11.60000000 0.03230826
11.65000000 0.03213925
11.70000000 0.03197152
11.75000000 0.03180507
11.80000000 0.03163988
11.85000000 0.03147594
11.90000000 0.03131323
11.95000000 0.03115175
12.00000000 0.03099148
12.05000000 0.03083241
12.10000000 0.03067453
12.15000000 0.03051783
12.20000000 0.03036229
12.25000000 0.03020791
12.30000000 0.03005468
12.35000000 0.02990257
12.40000000 0.02975159
12.45000000 0.02960172
12.50000000 0.02945295
12.55000000 0.02930527
12.60000000 0.02915867
12.65000000 0.02901315
12.70000000 0.02886868
12.75000000 0.02872526
12.80000000 0.02858288
12.85000000 0.02844154
12.90000000 0.02830121
12.95000000 0.02816189
13.00000000 0.02802358
13.05000000 0.02788626
13.10000000 0.02774992
13.15000000 0.02761456
13.20000000 0.02748017
13.25000000 0.02734672
13.30000000 0.02721423
13.35000000 0.02708268
13.40000000 0.02695205
13.45000000 0.02682235
13.50000000 0.02669356
13.55000000 0.02656568
13.60000000 0.02643869
13.65000000 0.02631260
13.70000000 0.02618738
13.75000000 0.02606303
13.80000000 0.02593955
13.85000000 0.02581693
13.90000000 0.02569516
13.95000000 0.02557422
14.00000000 0.02545413
14.05000000 0.02533486
14.10000000 0.02521640
14.15000000 0.02509876
14.20000000 0.02498193
14.25000000 0.02486589
14.30000000 0.02475065
14.35000000 0.02463618
14.40000000 0.02452250
14.45000000 0.02440958
14.50000000 0.02429743
14.55000000 0.02418603
14.60000000 0.02407538
14.65000000 0.02396548
14.70000000 0.02385631
14.75000000 0.02374787
14.80000000 0.02364016
14.85000000 0.02353317
14.90000000 0.02342688
14.95000000 0.02332130
