-4.00000000 -0.00613302
-3.98000000 0.00453528
-3.96000000 0.01820770
-3.94000000 0.03092266
-3.92000000 0.03880264
-3.90000000 0.03940985
-3.88000000 0.03262368
-3.86000000 0.02072153
-3.84000000 0.00762081
-3.82000000 -0.00246465
-3.80000000 -0.00649073
-3.78000000 -0.00365815
-3.76000000 0.00428746
-3.74000000 0.01364864
-3.72000000 0.02006933
-3.70000000 0.02008676
-3.68000000 0.01240351
-3.66000000 -0.00156989
-3.64000000 -0.01810390
-3.62000000 -0.03235121
-3.60000000 -0.03995758
-3.58000000 -0.03853211
-3.56000000 -0.02846925
-3.54000000 -0.01283425
-3.52000000 0.00365446
-3.50000000 0.01619947
-3.48000000 0.02151335
-3.46000000 0.01887307
-3.44000000 0.01027429
-3.42000000 -0.00036588
-3.40000000 -0.00867519
-3.38000000 -0.01144062
-3.36000000 -0.00779329
-3.34000000 0.00046671
-3.32000000 0.00953436
-3.30000000 0.01502890
-3.28000000 0.01368493
-3.26000000 0.00469600
-3.24000000 -0.00979065
-3.22000000 -0.02524078
-3.20000000 -0.03620179
-3.18000000 -0.03818775
-3.16000000 -0.02933127
-3.14000000 -0.01121169
-3.12000000 0.01146320
-3.10000000 0.03225652
-3.08000000 0.04504113
-3.06000000 0.04600262
-3.04000000 0.03492478
-3.02000000 0.01530410
-3.00000000 -0.00677005
-2.98000000 -0.02461323
-2.96000000 -0.03315789
-2.94000000 -0.03063074
-2.92000000 -0.01911579
-2.90000000 -0.00379509
-2.88000000 0.00889178
-2.86000000 0.01355310
-2.84000000 0.00782870
-2.82000000 -0.00663932
-2.80000000 -0.02460593
-2.78000000 -0.03888822
-2.76000000 -0.04275743
-2.74000000 -0.03226141
-2.72000000 -0.00768960
-2.70000000 0.02633128
-2.68000000 0.06216918
-2.66000000 0.09152587
-2.64000000 0.10802023
-2.62000000 0.10916415
-2.60000000 0.09707660
-2.58000000 0.07769987
-2.56000000 0.05878119
-2.54000000 0.04729506
-2.52000000 0.04716661
-2.50000000 0.05805158
-2.48000000 0.07556987
-2.46000000 0.09289876
-2.44000000 0.10317537
-2.42000000 0.10189154
-2.40000000 0.08847637
-2.38000000 0.06654666
-2.36000000 0.04276346
-2.34000000 0.02470517
-2.32000000 0.01849163
-2.30000000 0.02695998
-2.28000000 0.04898170
-2.26000000 0.08010001
-2.24000000 0.11420366
-2.22000000 0.14560238
-2.20000000 0.17075341
-2.18000000 0.18904617
-2.16000000 0.20242209
-2.14000000 0.21405208
-2.12000000 0.22664770
-2.10000000 0.24111343
-2.08000000 0.25610324
-2.06000000 0.26867809
-2.04000000 0.27580790
-2.02000000 0.27609599
-2.00000000 0.27097255
-1.98000000 0.26476966
-1.96000000 0.26350640
-1.94000000 0.27273275
-1.92000000 0.29520897
-1.90000000 0.32935932
-1.88000000 0.36924768
-1.86000000 0.40631721
-1.84000000 0.43247800
-1.82000000 0.44354755
-1.80000000 0.44177440
-1.78000000 0.43633981
-1.76000000 0.44132568
-1.74000000 0.47149089
-1.72000000 0.53703762
-1.70000000 0.63907527
-1.68000000 0.76748255
-1.66000000 0.90227400
-1.64000000 1.01853431
-1.62000000 1.09379868
-1.60000000 1.11581139
-1.58000000 1.08822503
-1.56000000 1.03218587
-1.54000000 0.98283222
-1.52000000 0.98122823
-1.50000000 1.06372449
-1.48000000 1.25171386
-1.46000000 1.54489183
-1.44000000 1.92032945
-1.42000000 2.33810248
-1.40000000 2.75231938
-1.38000000 3.12470704
-1.36000000 3.43696461
-1.34000000 3.69820587
-1.32000000 3.94499945
-1.30000000 4.23348448
-1.28000000 4.62524607
-1.26000000 5.17045088
-1.24000000 5.89263574
-1.22000000 6.77923508
-1.20000000 7.78049013
-1.18000000 8.81719751
-1.16000000 9.79543374
-1.14000000 10.62458396
-1.12000000 11.23420683
-1.10000000 11.58569004
-1.08000000 11.67615156
-1.06000000 11.53417475
-1.04000000 11.20911681
-1.02000000 10.75729963
-1.00000000 10.22896361
-0.98000000 9.65932675
-0.96000000 9.06565226
-0.94000000 8.45035080
-0.92000000 7.80839380
-0.90000000 7.13619358
-0.88000000 6.43890526
-0.86000000 5.73382712
-0.84000000 5.04895191
-0.82000000 4.41729927
-0.80000000 3.86895499
-0.78000000 3.42338038
-0.76000000 3.08437994
-0.74000000 2.83922467
-0.72000000 2.66213044
-0.70000000 2.52099786
-0.68000000 2.38541996
-0.66000000 2.23370099
-0.64000000 2.05704284
-0.62000000 1.85997733
-0.60000000 1.65724467
-0.58000000 1.46829504
-0.56000000 1.31114566
-0.54000000 1.19733297
-0.52000000 1.12920640
-0.50000000 1.10001218
-0.48000000 1.09637928
-0.46000000 1.10219829
-0.44000000 1.10263685
-0.42000000 1.08719010
-0.40000000 1.05112039
-0.38000000 0.99521505
-0.36000000 0.92428934
-0.34000000 0.84513626
-0.32000000 0.76462610
-0.30000000 0.68843183
-0.28000000 0.62051990
-0.26000000 0.56323978
-0.24000000 0.51767695
-0.22000000 0.48394476
-0.20000000 0.46124712
-0.18000000 0.44775601
-0.16000000 0.44051347
-0.14000000 0.43560806
-0.12000000 0.42877353
-0.10000000 0.41635611
-0.08000000 0.39638523
-0.06000000 0.36935774
-0.04000000 0.33837215
-0.02000000 0.30843391
0.00000000 0.28503646
0.02000000 0.27240457
0.04000000 0.27195754
0.06000000 0.28153563
0.08000000 0.29572378
0.10000000 0.30726176
0.12000000 0.30916370
0.14000000 0.29690707
0.16000000 0.26999022
0.18000000 0.23232689
0.20000000 0.19129987
0.22000000 0.15572086
0.24000000 0.13330062
0.26000000 0.12840239
0.28000000 0.14077332
0.30000000 0.16564514
0.32000000 0.19516419
0.34000000 0.22069328
0.36000000 0.23525923
0.38000000 0.23538881
0.40000000 0.22178934
0.42000000 0.19871663
0.44000000 0.17230103
0.46000000 0.14843183
0.48000000 0.13092130
0.50000000 0.12054751
0.52000000 0.11525430
0.54000000 0.11137930
0.56000000 0.10542661
0.58000000 0.09571927
0.60000000 0.08331764
0.62000000 0.07185386
0.64000000 0.06631737
0.66000000 0.07119971
0.68000000 0.08864094
0.70000000 0.11723578
0.72000000 0.15194840
0.74000000 0.18522270
0.76000000 0.20897964
0.78000000 0.21689700
0.80000000 0.20626774
0.82000000 0.17886059
0.84000000 0.14051846
0.86000000 0.09962189
0.88000000 0.06488814
0.90000000 0.04316350
0.92000000 0.03784156
0.94000000 0.04831921
0.96000000 0.07056511
0.98000000 0.09853515
1.00000000 0.12593648
1.02000000 0.14778449
1.04000000 0.16132251
1.06000000 0.16612799
1.08000000 0.16351597
1.10000000 0.15557121
1.12000000 0.14422236
1.14000000 0.13069747
1.16000000 0.11550703
1.18000000 0.09886844
1.20000000 0.08130439
1.22000000 0.06408336
1.24000000 0.04924650
1.26000000 0.03914780
1.28000000 0.03565182
1.30000000 0.03929971
1.32000000 0.04880143
1.34000000 0.06111848
1.36000000 0.07219523
1.38000000 0.07815306
1.40000000 0.07656797
1.42000000 0.06738638
1.44000000 0.05312391
1.46000000 0.03821717
1.48000000 0.02768291
1.50000000 0.02548732
1.52000000 0.03315122
1.54000000 0.04906673
1.56000000 0.06878890
1.58000000 0.08625597
1.60000000 0.09558706
1.62000000 0.09290687
1.64000000 0.07762196
1.66000000 0.05273457
1.68000000 0.02407700
1.70000000 -0.00131232
1.72000000 -0.01718045
1.74000000 -0.01981493
1.76000000 -0.00903564
1.78000000 0.01185939
1.80000000 0.03714884
1.82000000 0.06039103
1.84000000 0.07623526
1.86000000 0.08179101
1.88000000 0.07716909
1.90000000 0.06508897
1.92000000 0.04974777
1.94000000 0.03536875
1.96000000 0.02492206
1.98000000 0.01941785
2.00000000 0.01795202
2.02000000 0.01841629
2.04000000 0.01856068
2.06000000 0.01699302
2.08000000 0.01374700
2.10000000 0.01022608
2.12000000 0.00856861
2.14000000 0.01069374
2.16000000 0.01740292
2.18000000 0.02788772
2.20000000 0.03984376
2.22000000 0.05016659
2.24000000 0.05599025
2.26000000 0.05569990
2.28000000 0.04955145
2.30000000 0.03966455
2.32000000 0.02937267
2.34000000 0.02213950
2.36000000 0.02040565
2.38000000 0.02475859
2.40000000 0.03371236
2.42000000 0.04417753
2.44000000 0.05246787
2.46000000 0.05550792
2.48000000 0.05183842
2.50000000 0.04208624
2.52000000 0.02874745
2.54000000 0.01536440
2.56000000 0.00537911
2.58000000 0.00104930
2.60000000 0.00278430
2.62000000 0.00910876
2.64000000 0.01724543
2.66000000 0.02409875
2.68000000 0.02729166
2.70000000 0.02590085
2.72000000 0.02065109
2.74000000 0.01352517
2.76000000 0.00695188
2.78000000 0.00287895
2.80000000 0.00207052
2.82000000 0.00388006
2.84000000 0.00657226
2.86000000 0.00806558
2.88000000 0.00681285
2.90000000 0.00248558
2.92000000 -0.00380267
2.94000000 -0.00983211
2.96000000 -0.01306593
2.98000000 -0.01161730
3.00000000 -0.00504514
3.02000000 0.00532127
3.04000000 0.01667071
3.06000000 0.02554214
3.08000000 0.02893731
3.10000000 0.02534468
3.12000000 0.01532293
3.14000000 0.00143186
3.16000000 -0.01248769
3.18000000 -0.02246598
3.20000000 -0.02562231
3.22000000 -0.02105625
3.24000000 -0.01012297
3.26000000 0.00399622
3.28000000 0.01728823
3.30000000 0.02614484
3.32000000 0.02844370
3.34000000 0.02413243
3.36000000 0.01514186
3.38000000 0.00467674
3.40000000 -0.00386578
3.42000000 -0.00798509
3.44000000 -0.00681752
3.46000000 -0.00129949
3.48000000 0.00627494
3.50000000 0.01312612
3.52000000 0.01697551
3.54000000 0.01680367
3.56000000 0.01312612
3.58000000 0.00770835
3.60000000 0.00283896
3.62000000 0.00043258
3.64000000 0.00128899
3.66000000 0.00477520
3.68000000 0.00904446
3.70000000 0.01171501
3.72000000 0.01076783
3.74000000 0.00534425
3.76000000 -0.00384292
3.78000000 -0.01463882
3.80000000 -0.02408399
3.82000000 -0.02935213
3.84000000 -0.02867530
3.86000000 -0.02194559
3.88000000 -0.01078943
3.90000000 0.00191320
3.92000000 0.01290772
3.94000000 0.01955420
3.96000000 0.02060507
3.98000000 0.01652383
