-4.00000000 0.54628879
-3.98000000 0.41057091
-3.96000000 0.31687936
-3.94000000 0.21302954
-3.92000000 0.00368471
-3.90000000 0.14536990
-3.88000000 0.50287680
-3.86000000 0.40707222
-3.84000000 0.14384329
-3.82000000 0.24280188
-3.80000000 0.39792732
-3.78000000 0.48661939
-3.76000000 0.67650120
-3.74000000 0.61880166
-3.72000000 0.36452637
-3.70000000 0.49968122
-3.68000000 0.69059479
-3.66000000 0.44028498
-3.64000000 0.37710664
-3.62000000 0.72465646
-3.60000000 0.69513940
-3.58000000 0.36140831
-3.56000000 0.47371234
-3.54000000 0.79754871
-3.52000000 0.81344393
-3.50000000 0.72703496
-3.48000000 0.66524486
-3.46000000 0.48624682
-3.44000000 0.41920086
-3.42000000 0.60744408
-3.40000000 0.70223435
-3.38000000 0.60898058
-3.36000000 0.65918233
-3.34000000 0.80265804
-3.32000000 0.66601866
-3.30000000 0.44640385
-3.28000000 0.63086729
-3.26000000 0.91838844
-3.24000000 0.76479727
-3.22000000 0.61343577
-3.20000000 0.97748665
-3.18000000 1.23311270
-3.16000000 0.92791573
-3.14000000 0.72234088
-3.12000000 0.92638110
-3.10000000 1.02767291
-3.08000000 0.84449783
-3.06000000 0.49353325
-3.04000000 0.09014154
-3.02000000 0.16807673
-3.00000000 0.81890575
-2.98000000 1.07074735
-2.96000000 0.66807096
-2.94000000 0.57940674
-2.92000000 0.93246948
-2.90000000 0.96097969
-2.88000000 0.76329344
-2.86000000 0.86363867
-2.84000000 1.10669344
-2.82000000 1.23167576
-2.80000000 1.21886690
-2.78000000 1.06219211
-2.76000000 1.05317452
-2.74000000 1.38146447
-2.72000000 1.55079043
-2.70000000 1.33171841
-2.68000000 1.22159822
-2.66000000 1.28216588
-2.64000000 1.14474998
-2.62000000 1.00322368
-2.60000000 1.08780709
-2.58000000 1.08798083
-2.56000000 0.92670538
-2.54000000 0.86805645
-2.52000000 0.93095142
-2.50000000 1.09960689
-2.48000000 1.35036057
-2.46000000 1.40426381
-2.44000000 1.33252211
-2.42000000 1.47832135
-2.40000000 1.48567980
-2.38000000 1.08226354
-2.36000000 1.04143088
-2.34000000 1.55405155
-2.32000000 1.59686739
-2.30000000 1.15178235
-2.28000000 1.29706313
-2.26000000 1.89364243
-2.24000000 1.96927071
-2.22000000 1.55585113
-2.20000000 1.18239404
-2.18000000 0.98811715
-2.16000000 1.00128166
-2.14000000 1.08638855
-2.12000000 1.13678386
-2.10000000 1.44351012
-2.08000000 1.79073014
-2.06000000 1.45859349
-2.04000000 0.80875468
-2.02000000 0.67565209
-2.00000000 0.79755279
-1.98000000 0.94318292
-1.96000000 1.42634640
-1.94000000 1.63448865
-1.92000000 1.11151405
-1.90000000 0.99306473
-1.88000000 1.64147849
-1.86000000 1.82891673
-1.84000000 1.46531328
-1.82000000 1.39006922
-1.80000000 1.37245911
-1.78000000 1.28999170
-1.76000000 1.65219027
-1.74000000 1.99480715
-1.72000000 1.83668430
-1.70000000 1.82832882
-1.68000000 1.93541407
-1.66000000 1.53007803
-1.64000000 1.28952514
-1.62000000 1.76384685
-1.60000000 2.02033854
-1.58000000 1.74428551
-1.56000000 1.70449017
-1.54000000 1.86556253
-1.52000000 1.69666085
-1.50000000 1.34934273
-1.48000000 1.21133646
-1.46000000 1.44269036
-1.44000000 1.79179242
-1.42000000 1.61881821
-1.40000000 1.04262838
-1.38000000 1.06998217
-1.36000000 1.80862139
-1.34000000 2.23855434
-1.32000000 1.87478551
-1.30000000 1.30583935
-1.28000000 1.29773759
-1.26000000 1.66237199
-1.24000000 1.46088294
-1.22000000 0.95685014
-1.20000000 1.35184132
-1.18000000 2.05092887
-1.16000000 1.77484221
-1.14000000 1.37727487
-1.12000000 1.52576216
-1.10000000 1.09011951
-1.08000000 0.55970172
-1.06000000 1.41799190
-1.04000000 2.27919620
-1.02000000 1.75603054
-1.00000000 1.56713735
-0.98000000 2.31173601
-0.96000000 2.19492418
-0.94000000 1.35722758
-0.92000000 1.27939247
-0.90000000 1.71012771
-0.88000000 2.11207542
-0.86000000 2.36636904
-0.84000000 1.71299712
-0.82000000 0.63376116
-0.80000000 0.80116114
-0.78000000 1.57422272
-0.76000000 1.25835616
-0.74000000 0.68547548
-0.72000000 1.14927294
-0.70000000 1.86986379
-0.68000000 2.00726812
-0.66000000 1.81024744
-0.64000000 1.51816140
-0.62000000 1.33778157
-0.60000000 1.42279087
-0.58000000 1.47848363
-0.56000000 1.43336306
-0.54000000 1.51344072
-0.52000000 1.58561309
-0.50000000 1.62727669
-0.48000000 1.82569634
-0.46000000 1.85167599
-0.44000000 1.45693393
-0.42000000 1.05903222
-0.40000000 0.90056910
-0.38000000 0.89362968
-0.36000000 1.01387039
-0.34000000 1.02842074
-0.32000000 0.90200425
-0.30000000 1.04848454
-0.28000000 1.26819846
-0.26000000 1.13991762
-0.24000000 1.17751927
-0.22000000 1.39843181
-0.20000000 0.84108776
-0.18000000 0.10727370
-0.16000000 0.70315259
-0.14000000 1.68465096
-0.12000000 1.29115538
-0.10000000 0.42852362
-0.08000000 0.62852412
-0.06000000 1.19456091
-0.04000000 1.08443768
-0.02000000 0.72315684
0.00000000 0.65931505
0.02000000 0.78760305
0.04000000 1.01004609
0.06000000 1.18801728
0.08000000 1.02008243
0.10000000 0.62239682
0.12000000 0.40740882
0.14000000 0.37341550
0.16000000 0.40416096
0.18000000 0.77797952
0.20000000 1.40829510
0.22000000 1.52373927
0.24000000 1.05472442
0.26000000 0.91284797
0.28000000 1.25063164
0.30000000 1.33454129
0.32000000 1.16695908
0.34000000 1.17176249
0.36000000 1.08217363
0.38000000 0.83828031
0.40000000 0.94523688
0.42000000 1.11753724
0.44000000 0.75296661
0.46000000 0.45436261
0.48000000 0.81975244
0.50000000 1.03299769
0.52000000 0.57471858
0.54000000 0.37615408
0.56000000 0.86769663
0.58000000 1.05071239
0.60000000 0.50484402
0.62000000 0.23952594
0.64000000 0.73942796
0.66000000 1.07787860
0.68000000 0.74450674
0.70000000 0.48453455
0.72000000 0.62346694
0.74000000 0.53159094
0.76000000 0.20538947
0.78000000 0.31410912
0.80000000 0.69362819
0.82000000 0.74393137
0.84000000 0.66173160
0.86000000 0.70784315
0.88000000 0.52959250
0.90000000 0.20034112
0.92000000 0.27461945
0.94000000 0.51703443
0.96000000 0.31825892
0.98000000 0.00993303
1.00000000 0.18629424
1.02000000 0.54349338
1.04000000 0.59960122
1.06000000 0.51516679
1.08000000 0.48923930
1.10000000 0.40082353
1.12000000 0.27606189
1.14000000 0.29921195
1.16000000 0.50253838
1.18000000 0.76230056
1.20000000 0.79277605
1.22000000 0.44021044
1.24000000 0.15254204
1.26000000 0.34161317
1.28000000 0.59732897
1.30000000 0.55839210
1.32000000 0.53513832
1.34000000 0.49993261
1.36000000 0.13168617
1.38000000 -0.08062322
1.40000000 0.30411030
1.42000000 0.63429203
1.44000000 0.53079144
1.46000000 0.50643432
1.48000000 0.56469357
1.50000000 0.35859208
1.52000000 0.26778399
1.54000000 0.46065629
1.56000000 0.38356407
1.58000000 0.12954260
1.60000000 0.26121372
1.62000000 0.46238642
1.64000000 0.32062478
1.66000000 0.29107268
1.68000000 0.56508984
1.70000000 0.63207708
1.72000000 0.41271761
1.74000000 0.27589977
1.76000000 0.26657845
1.78000000 0.30402129
1.80000000 0.35597228
1.82000000 0.23744773
1.84000000 0.08279130
1.86000000 0.35384060
1.88000000 0.77605822
1.90000000 0.61068352
1.92000000 0.15564507
1.94000000 0.22507664
1.96000000 0.51315536
1.98000000 0.33741869
2.00000000 0.06279972
2.02000000 0.13527738
2.04000000 0.14759253
2.06000000 -0.00177257
2.08000000 0.19671639
2.10000000 0.58414552
2.12000000 0.55474584
2.14000000 0.27800856
2.16000000 0.24354142
2.18000000 0.36218972
2.20000000 0.37088633
2.22000000 0.26787797
2.24000000 0.15866171
2.26000000 0.17977549
2.28000000 0.27330413
2.30000000 0.15761684
2.32000000 -0.03678723
2.34000000 0.13804453
2.36000000 0.49328852
2.38000000 0.48267995
2.40000000 0.23241271
2.42000000 0.14474199
2.44000000 0.10910839
2.46000000 -0.00550594
2.48000000 0.05017052
2.50000000 0.28522231
2.52000000 0.32454163
2.54000000 0.11100828
2.56000000 0.02252230
2.58000000 0.22585662
2.60000000 0.45237877
2.62000000 0.42298263
2.64000000 0.16482161
2.66000000 -0.04361662
2.68000000 0.05332709
2.70000000 0.33514959
2.72000000 0.41453355
2.74000000 0.24692910
2.76000000 0.12576994
2.78000000 0.08298186
2.80000000 0.01468417
2.82000000 0.04131596
2.84000000 0.10668156
2.86000000 0.00281931
2.88000000 -0.04644566
2.90000000 0.13517656
2.92000000 0.19015296
2.94000000 0.08332814
2.96000000 0.18233423
2.98000000 0.28315163
3.00000000 0.11183944
3.02000000 0.07957847
3.04000000 0.28436148
3.06000000 0.24361714
3.08000000 0.06226021
3.10000000 0.14177140
3.12000000 0.23865222
3.14000000 0.14726466
3.16000000 0.15963795
3.18000000 0.28981354
3.20000000 0.26098495
3.22000000 0.10377650
3.24000000 0.01370398
3.26000000 0.05072061
3.28000000 0.13441960
3.30000000 0.15381269
3.32000000 0.18992888
3.34000000 0.28933211
3.36000000 0.20541668
3.38000000 0.01750952
3.40000000 0.12230879
3.42000000 0.24858196
3.44000000 0.01951089
3.46000000 -0.03502665
3.48000000 0.30740104
3.50000000 0.33733616
3.52000000 0.03509430
3.54000000 0.05442862
3.56000000 0.21389306
3.58000000 0.11801206
3.60000000 0.05246079
3.62000000 0.09474003
3.64000000 0.03072572
3.66000000 0.03155221
3.68000000 0.12351763
3.70000000 0.07459761
3.72000000 0.05410755
3.74000000 0.16145214
3.76000000 0.13985288
3.78000000 0.11430305
3.80000000 0.25155117
3.82000000 0.22390694
3.84000000 0.05661751
3.86000000 0.11901076
3.88000000 0.18327016
3.90000000 0.02536993
3.92000000 0.01479455
3.94000000 0.17713196
3.96000000 0.15895840
3.98000000 0.07669274
