-10.00000000 0.00008145
-9.95000000 -0.00005640
-9.90000000 -0.00012866
-9.85000000 -0.00001039
-9.80000000 0.00014928
-9.75000000 0.00010808
-9.70000000 -0.00010886
-9.65000000 -0.00019490
-9.60000000 0.00001476
-9.55000000 0.00025309
-9.50000000 0.00014716
-9.45000000 -0.00021491
-9.40000000 -0.00031339
-9.35000000 0.00008083
-9.30000000 0.00046284
-9.25000000 0.00020692
-9.20000000 -0.00045469
-9.15000000 -0.00055182
-9.10000000 0.00026895
-9.05000000 0.00095610
-9.00000000 0.00030078
-8.95000000 -0.00110071
-8.90000000 -0.00112655
-8.85000000 0.00091661
-8.80000000 0.00243919
-8.75000000 0.00042984
-8.70000000 -0.00345131
-8.65000000 -0.00301193
-8.60000000 0.00421574
-8.55000000 0.00954080
-8.50000000 0.00013404
-8.45000000 -0.01948294
-8.40000000 -0.01473663
-8.35000000 0.05096911
-8.30000000 0.13263371
-8.25000000 -0.04435543
-8.20000000 -1.26096540
-8.15000000 37.39175373
-8.10000000 42.93915527
-8.05000000 -1.38115400
-8.00000000 0.10322163
-7.95000000 0.15972759
-7.90000000 0.03281240
-7.85000000 -0.02585086
-7.80000000 -0.01672755
-7.75000000 0.00549433
-7.70000000 0.01030479
-7.65000000 0.00189760
-7.60000000 -0.00434280
-7.55000000 -0.00269643
-7.50000000 0.00154686
-7.45000000 0.00246783
-7.40000000 0.00021635
-7.35000000 -0.00146408
-7.30000000 -0.00078135
-7.25000000 0.00068583
-7.20000000 0.00091312
-7.15000000 -0.00002931
-7.10000000 -0.00066429
-7.05000000 -0.00028703
-7.00000000 0.00037446
-6.95000000 0.00041766
-6.90000000 -0.00007108
-6.85000000 -0.00035398
-6.80000000 -0.00011543
-6.75000000 0.00022978
-6.70000000 0.00021530
-6.65000000 -0.00007117
-6.60000000 -0.00020806
-6.55000000 -0.00004524
-6.50000000 0.00015168
-6.45000000 0.00011915
-6.40000000 -0.00006222
-6.35000000 -0.00013036
-6.30000000 -0.00001375
-6.25000000 0.00010513
-6.20000000 0.00006868
-6.15000000 -0.00005223
-6.10000000 -0.00008531
-6.05000000 0.00000097
-6.00000000 0.00007540
-5.95000000 0.00004033
-5.90000000 -0.00004322
-5.85000000 -0.00005755
-5.80000000 0.00000775
-5.75000000 0.00005544
-5.70000000 0.00002370
-5.65000000 -0.00003558
-5.60000000 -0.00003971
-5.55000000 0.00001055
-5.50000000 0.00004155
-5.45000000 0.00001368
-5.40000000 -0.00002926
-5.35000000 -0.00002791
-5.30000000 0.00001129
-5.25000000 0.00003166
-5.20000000 0.00000762
-5.15000000 -0.00002409
-5.10000000 -0.00002000
-5.05000000 0.00001096
-5.00000000 0.00002453
-4.95000000 0.00000401
-4.90000000 -0.00001990
-4.85000000 -0.00001469
-4.80000000 0.00001008
-4.75000000 0.00001940
-4.70000000 0.00000199
-4.65000000 -0.00001656
-4.60000000 -0.00001122
-4.55000000 0.00000898
-4.50000000 0.00001578
-4.45000000 0.00000102
-4.40000000 -0.00001397
-4.35000000 -0.00000908
-4.30000000 0.00000784
-4.25000000 0.00001336
-4.20000000 0.00000076
-4.15000000 -0.00001209
-4.10000000 -0.00000797
-4.05000000 0.00000679
-4.00000000 0.00001196
-3.95000000 0.00000098
-3.90000000 -0.00001089
-3.85000000 -0.00000769
-3.80000000 0.00000595
-3.75000000 0.00001149
-3.70000000 0.00000153
-3.65000000 -0.00001041
-3.60000000 -0.00000812
-3.55000000 0.00000543
-3.50000000 0.00001191
-3.45000000 0.00000226
-3.40000000 -0.00001073
-3.35000000 -0.00000919
-3.30000000 0.00000539
-3.25000000 0.00001330
-3.20000000 0.00000305
-3.15000000 -0.00001202
-3.10000000 -0.00001088
-3.05000000 0.00000604
-3.00000000 0.00001578
-2.95000000 0.00000376
-2.90000000 -0.00001456
-2.85000000 -0.00001322
-2.80000000 0.00000771
-2.75000000 0.00001962
-2.70000000 0.00000418
-2.65000000 -0.00001880
-2.60000000 -0.00001625
-2.55000000 0.00001092
-2.50000000 0.00002526
-2.45000000 0.00000396
-2.40000000 -0.00002549
-2.35000000 -0.00002004
-2.30000000 0.00001659
-2.25000000 0.00003343
-2.20000000 0.00000249
-2.15000000 -0.00003596
-2.10000000 -0.00002470
-2.05000000 0.00002634
-2.00000000 0.00004537
-1.95000000 -0.00000140
-1.90000000 -0.00005253
-1.85000000 -0.00003023
-1.80000000 0.00004327
-1.75000000 0.00006334
-1.70000000 -0.00001013
-1.65000000 -0.00007971
-1.60000000 -0.00003639
-1.55000000 0.00007373
-1.50000000 0.00009161
-1.45000000 -0.00002909
-1.40000000 -0.00012685
-1.35000000 -0.00004194
-1.30000000 0.00013207
-1.25000000 0.00013916
-1.20000000 -0.00007166
-1.15000000 -0.00021562
-1.10000000 -0.00004199
-1.05000000 0.00025520
-1.00000000 0.00022733
-0.95000000 -0.00017606
-0.90000000 -0.00040464
-0.85000000 -0.00001665
-0.80000000 0.00055703
-0.75000000 0.00041714
-0.70000000 -0.00047721
-0.65000000 -0.00089210
-0.60000000 0.00013299
-0.55000000 0.00150462
-0.50000000 0.00094205
-0.45000000 -0.00164449
-0.40000000 -0.00264692
-0.35000000 0.00115778
-0.30000000 0.00628198
-0.25000000 0.00334851
-0.20000000 -0.01019787
-0.15000000 -0.01575843
-0.10000000 0.02000368
-0.05000000 0.09737176
-0.00000000 0.06292427
0.05000000 -0.84196818
0.10000000 26.17621619
0.15000000 22.79445491
0.20000000 -0.76869955
0.25000000 -0.02704039
0.30000000 0.08085480
0.35000000 0.03107198
0.40000000 -0.00898301
0.45000000 -0.01187728
0.50000000 0.00008099
0.55000000 0.00581602
0.60000000 0.00257058
0.65000000 -0.00183560
0.70000000 -0.00210427
0.75000000 0.00026138
0.80000000 0.00148689
0.85000000 0.00055938
0.90000000 -0.00068636
0.95000000 -0.00067136
1.00000000 0.00018278
1.05000000 0.00058287
1.10000000 0.00016453
1.15000000 -0.00033609
1.20000000 -0.00027757
1.25000000 0.00012563
1.30000000 0.00028225
1.35000000 0.00004982
1.40000000 -0.00019083
1.45000000 -0.00013142
1.50000000 0.00008927
1.55000000 0.00015444
1.60000000 0.00000951
1.65000000 -0.00011868
1.70000000 -0.00006678
1.75000000 0.00006552
1.80000000 0.00009120
1.85000000 -0.00000586
1.90000000 -0.00007837
1.95000000 -0.00003480
2.00000000 0.00004935
2.05000000 0.00005654
2.10000000 -0.00001161
2.15000000 -0.00005391
2.20000000 -0.00001774
2.25000000 0.00003793
2.30000000 0.00003611
2.35000000 -0.00001333
2.40000000 -0.00003815
2.45000000 -0.00000819
2.50000000 0.00002959
2.55000000 0.00002341
2.60000000 -0.00001327
2.65000000 -0.00002753
2.70000000 -0.00000268
2.75000000 0.00002335
2.80000000 0.00001520
2.85000000 -0.00001245
2.90000000 -0.00002011
2.95000000 0.00000054
3.00000000 0.00001857
3.05000000 0.00000973
3.10000000 -0.00001133
3.15000000 -0.00001478
3.20000000 0.00000240
3.25000000 0.00001485
3.30000000 0.00000601
3.35000000 -0.00001012
3.40000000 -0.00001087
3.45000000 0.00000343
3.50000000 0.00001191
3.55000000 0.00000345
3.60000000 -0.00000894
3.65000000 -0.00000795
3.70000000 0.00000395
3.75000000 0.00000955
3.80000000 0.00000166
3.85000000 -0.00000783
3.90000000 -0.00000575
3.95000000 0.00000414
4.00000000 0.00000765
4.05000000 0.00000042
4.10000000 -0.00000681
4.15000000 -0.00000407
4.20000000 0.00000413
4.25000000 0.00000610
4.30000000 -0.00000044
4.35000000 -0.00000588
4.40000000 -0.00000279
4.45000000 0.00000399
4.50000000 0.00000483
4.55000000 -0.00000103
4.60000000 -0.00000505
4.65000000 -0.00000179
4.70000000 0.00000377
4.75000000 0.00000379
4.80000000 -0.00000141
4.85000000 -0.00000431
4.90000000 -0.00000103
4.95000000 0.00000351
5.00000000 0.00000293
5.05000000 -0.00000165
5.10000000 -0.00000365
5.15000000 -0.00000044
5.20000000 0.00000322
5.25000000 0.00000222
5.30000000 -0.00000179
5.35000000 -0.00000307
5.40000000 0.00000001
5.45000000 0.00000292
5.50000000 0.00000163
5.55000000 -0.00000184
5.60000000 -0.00000255
5.65000000 0.00000034
5.70000000 0.00000262
5.75000000 0.00000115
5.80000000 -0.00000184
5.85000000 -0.00000210
5.90000000 0.00000059
5.95000000 0.00000233
6.00000000 0.00000075
6.05000000 -0.00000179
6.10000000 -0.00000170
6.15000000 0.00000077
6.20000000 0.00000205
6.25000000 0.00000042
6.30000000 -0.00000171
6.35000000 -0.00000135
6.40000000 0.00000089
6.45000000 0.00000179
6.50000000 0.00000015
6.55000000 -0.00000161
6.60000000 -0.00000104
6.65000000 0.00000097
6.70000000 0.00000154
6.75000000 -0.00000006
6.80000000 -0.00000150
6.85000000 -0.00000077
6.90000000 0.00000101
6.95000000 0.00000131
7.00000000 -0.00000023
7.05000000 -0.00000138
7.10000000 -0.00000055
7.15000000 0.00000102
7.20000000 0.00000110
7.25000000 -0.00000036
7.30000000 -0.00000125
7.35000000 -0.00000035
7.40000000 0.00000101
7.45000000 0.00000091
7.50000000 -0.00000046
7.55000000 -0.00000112
7.60000000 -0.00000018
7.65000000 0.00000098
7.70000000 0.00000073
7.75000000 -0.00000053
7.80000000 -0.00000100
7.85000000 -0.00000004
7.90000000 0.00000094
7.95000000 0.00000057
8.00000000 -0.00000058
8.05000000 -0.00000087
8.10000000 0.00000008
8.15000000 0.00000089
8.20000000 0.00000043
8.25000000 -0.00000061
8.30000000 -0.00000075
8.35000000 0.00000017
8.40000000 0.00000083
8.45000000 0.00000030
8.50000000 -0.00000063
8.55000000 -0.00000064
8.60000000 0.00000025
8.65000000 0.00000076
8.70000000 0.00000019
8.75000000 -0.00000063
8.80000000 -0.00000053
8.85000000 0.00000031
8.90000000 0.00000069
8.95000000 0.00000009
9.00000000 -0.00000061
9.05000000 -0.00000043
9.10000000 0.00000036
9.15000000 0.00000062
9.20000000 0.00000000
9.25000000 -0.00000059
9.30000000 -0.00000033
9.35000000 0.00000039
9.40000000 0.00000054
9.45000000 -0.00000007
9.50000000 -0.00000056
9.55000000 -0.00000025
9.60000000 0.00000041
9.65000000 0.00000047
9.70000000 -0.00000013
9.75000000 -0.00000053
9.80000000 -0.00000017
9.85000000 0.00000042
9.90000000 0.00000040
9.95000000 -0.00000018
