-10.00000000 0.00048868
-9.95000000 -0.00075887
-9.90000000 -0.00113493
-9.85000000 0.00034840
-9.80000000 0.00191571
-9.75000000 0.00088706
-9.70000000 -0.00213686
-9.65000000 -0.00272227
-9.60000000 0.00164415
-9.55000000 0.00597398
-9.50000000 0.00202567
-9.45000000 -0.00874219
-9.40000000 -0.00992646
-9.35000000 0.01202322
-9.30000000 0.03713484
-9.25000000 0.00817477
-9.20000000 -0.10245061
-9.15000000 -0.11823291
-9.10000000 0.87536223
-9.05000000 9.56512827
-9.00000000 79.99999980
-8.95000000 9.56512801
-8.90000000 0.87536210
-8.85000000 -0.11823272
-8.80000000 -0.10245037
-8.75000000 0.00817470
-8.70000000 0.03713457
-8.65000000 0.01202314
-8.60000000 -0.00992623
-8.55000000 -0.00874198
-8.50000000 0.00202554
-8.45000000 0.00597370
-8.40000000 0.00164414
-8.35000000 -0.00272200
-8.30000000 -0.00213670
-8.25000000 0.00088687
-8.20000000 0.00191545
-8.15000000 0.00034845
-8.10000000 -0.00113462
-8.05000000 -0.00075876
-8.00000000 0.00048843
-7.95000000 0.00082434
-7.90000000 0.00005840
-7.85000000 -0.00058194
-7.80000000 -0.00032096
-7.75000000 0.00030411
-7.70000000 0.00041553
-7.65000000 -0.00002262
-7.60000000 -0.00033668
-7.55000000 -0.00014697
-7.50000000 0.00020410
-7.45000000 0.00023005
-7.40000000 -0.00004526
-7.35000000 -0.00021022
-7.30000000 -0.00006784
-7.25000000 0.00014392
-7.20000000 0.00013482
-7.15000000 -0.00004895
-7.10000000 -0.00013805
-7.05000000 -0.00002869
-7.00000000 0.00010499
-6.95000000 0.00008160
-6.90000000 -0.00004614
-6.85000000 -0.00009377
-6.80000000 -0.00000836
-6.75000000 0.00007844
-6.70000000 0.00005000
-6.65000000 -0.00004127
-6.60000000 -0.00006512
-6.55000000 0.00000241
-6.50000000 0.00005958
-6.45000000 0.00003042
-6.40000000 -0.00003600
-6.35000000 -0.00004582
-6.30000000 0.00000803
-6.25000000 0.00004577
-6.20000000 0.00001791
-6.15000000 -0.00003099
-6.10000000 -0.00003243
-6.05000000 0.00001075
-6.00000000 0.00003541
-5.95000000 0.00000978
-5.90000000 -0.00002643
-5.85000000 -0.00002292
-5.80000000 0.00001181
-5.75000000 0.00002750
-5.70000000 0.00000446
-5.65000000 -0.00002240
-5.60000000 -0.00001607
-5.55000000 0.00001189
-5.50000000 0.00002137
-5.45000000 0.00000099
-5.40000000 -0.00001887
-5.35000000 -0.00001109
-5.30000000 0.00001140
-5.25000000 0.00001659
-5.20000000 -0.00000123
-5.15000000 -0.00001581
-5.10000000 -0.00000746
-5.05000000 0.00001058
-5.00000000 0.00001284
-4.95000000 -0.00000257
-4.90000000 -0.00001318
-4.85000000 -0.00000483
-4.80000000 0.00000960
-4.75000000 0.00000989
-4.70000000 -0.00000330
-4.65000000 -0.00001092
-4.60000000 -0.00000296
-4.55000000 0.00000855
-4.50000000 0.00000761
-4.45000000 -0.00000359
-4.40000000 -0.00000901
-4.35000000 -0.00000168
-4.30000000 0.00000749
-4.25000000 0.00000586
-4.20000000 -0.00000357
-4.15000000 -0.00000742
-4.10000000 -0.00000086
-4.05000000 0.00000646
-4.00000000 0.00000456
-3.95000000 -0.00000333
-3.90000000 -0.00000613
-3.85000000 -0.00000041
-3.80000000 0.00000552
-3.75000000 0.00000367
-3.70000000 -0.00000293
-3.65000000 -0.00000512
-3.60000000 -0.00000027
-3.55000000 0.00000467
-3.50000000 0.00000313
-3.45000000 -0.00000243
-3.40000000 -0.00000440
-3.35000000 -0.00000039
-3.30000000 0.00000396
-3.25000000 0.00000293
-3.20000000 -0.00000187
-3.15000000 -0.00000397
-3.10000000 -0.00000075
-3.05000000 0.00000342
-3.00000000 0.00000305
-2.95000000 -0.00000128
-2.90000000 -0.00000387
-2.85000000 -0.00000131
-2.80000000 0.00000309
-2.75000000 0.00000352
-2.70000000 -0.00000072
-2.65000000 -0.00000413
-2.60000000 -0.00000206
-2.55000000 0.00000304
-2.50000000 0.00000436
-2.45000000 -0.00000022
-2.40000000 -0.00000484
-2.35000000 -0.00000299
-2.30000000 0.00000336
-2.25000000 0.00000564
-2.20000000 0.00000013
-2.15000000 -0.00000610
-2.10000000 -0.00000410
-2.05000000 0.00000420
-2.00000000 0.00000744
-1.95000000 0.00000023
-1.90000000 -0.00000811
-1.85000000 -0.00000538
-1.80000000 0.00000580
-1.75000000 0.00000992
-1.70000000 -0.00000010
-1.65000000 -0.00001116
-1.60000000 -0.00000680
-1.55000000 0.00000855
-1.50000000 0.00001332
-1.45000000 -0.00000117
-1.40000000 -0.00001574
-1.35000000 -0.00000830
-1.30000000 0.00001311
-1.25000000 0.00001802
-1.20000000 -0.00000356
-1.15000000 -0.00002272
-1.10000000 -0.00000972
-1.05000000 0.00002072
-1.00000000 0.00002468
-0.95000000 -0.00000835
-0.90000000 -0.00003365
-0.85000000 -0.00001062
-0.80000000 0.00003379
-0.75000000 0.00003447
-0.70000000 -0.00001787
-0.65000000 -0.00005160
-0.60000000 -0.00000990
-0.55000000 0.00005739
-0.50000000 0.00004959
-0.45000000 -0.00003742
-0.40000000 -0.00008316
-0.35000000 -0.00000443
-0.30000000 0.00010359
-0.25000000 0.00007469
-0.20000000 -0.00008070
-0.15000000 -0.00014444
-0.10000000 0.00001563
-0.05000000 0.00020565
-0.00000000 0.00012088
0.05000000 -0.00018996
0.10000000 -0.00028261
0.15000000 0.00008796
0.20000000 0.00047833
0.25000000 0.00022060
0.30000000 -0.00053427
0.35000000 -0.00067947
0.40000000 0.00041171
0.45000000 0.00149281
0.50000000 0.00050539
0.55000000 -0.00218545
0.60000000 -0.00248057
0.65000000 0.00300630
0.70000000 0.00928297
0.75000000 0.00204281
0.80000000 -0.02561242
0.85000000 -0.02955724
0.90000000 0.21884089
0.95000000 2.39128130
1.00000000 19.99999921
1.05000000 2.39128234
1.10000000 0.21884143
1.15000000 -0.02955800
1.20000000 -0.02561337
1.25000000 0.00204307
1.30000000 0.00928406
1.35000000 0.00300661
1.40000000 -0.00248151
1.45000000 -0.00218626
1.50000000 0.00050591
1.55000000 0.00149391
1.60000000 0.00041177
1.65000000 -0.00068056
1.70000000 -0.00053492
1.75000000 0.00022137
1.80000000 0.00047939
1.85000000 0.00008775
1.90000000 -0.00028382
1.95000000 -0.00019039
2.00000000 0.00012188
2.05000000 0.00020664
2.10000000 0.00001513
2.15000000 -0.00014573
2.20000000 -0.00008089
2.25000000 0.00007591
2.30000000 0.00010445
2.35000000 -0.00000523
2.40000000 -0.00008449
2.45000000 -0.00003733
2.50000000 0.00005101
2.55000000 0.00005808
2.60000000 -0.00001099
2.65000000 -0.00005292
2.70000000 -0.00001748
2.75000000 0.00003605
2.80000000 0.00003425
2.85000000 -0.00001201
2.90000000 -0.00003492
2.95000000 -0.00000762
3.00000000 0.00002640
3.05000000 0.00002092
3.10000000 -0.00001140
3.15000000 -0.00002387
3.20000000 -0.00000245
3.25000000 0.00001983
3.30000000 0.00001297
3.35000000 -0.00001027
3.40000000 -0.00001672
3.45000000 0.00000032
3.50000000 0.00001517
3.55000000 0.00000803
3.60000000 -0.00000904
3.65000000 -0.00001189
3.70000000 0.00000181
3.75000000 0.00001176
3.80000000 0.00000484
3.85000000 -0.00000786
3.90000000 -0.00000852
3.95000000 0.00000258
4.00000000 0.00000920
4.05000000 0.00000274
4.10000000 -0.00000679
4.15000000 -0.00000611
4.20000000 0.00000293
4.25000000 0.00000724
4.30000000 0.00000133
4.35000000 -0.00000584
4.40000000 -0.00000436
4.45000000 0.00000303
4.50000000 0.00000571
4.55000000 0.00000038
4.60000000 -0.00000501
4.65000000 -0.00000306
4.70000000 0.00000299
4.75000000 0.00000450
4.80000000 -0.00000026
4.85000000 -0.00000428
4.90000000 -0.00000208
4.95000000 0.00000286
5.00000000 0.00000354
5.05000000 -0.00000069
5.10000000 -0.00000365
5.15000000 -0.00000135
5.20000000 0.00000268
5.25000000 0.00000276
5.30000000 -0.00000096
5.35000000 -0.00000310
5.40000000 -0.00000079
5.45000000 0.00000248
5.50000000 0.00000213
5.55000000 -0.00000113
5.60000000 -0.00000261
5.65000000 -0.00000037
5.70000000 0.00000227
5.75000000 0.00000162
5.80000000 -0.00000123
5.85000000 -0.00000219
5.90000000 -0.00000004
5.95000000 0.00000206
6.00000000 0.00000120
6.05000000 -0.00000127
6.10000000 -0.00000183
6.15000000 0.00000020
6.20000000 0.00000185
6.25000000 0.00000085
6.30000000 -0.00000127
6.35000000 -0.00000150
6.40000000 0.00000038
6.45000000 0.00000165
6.50000000 0.00000057
6.55000000 -0.00000124
6.60000000 -0.00000122
6.65000000 0.00000051
6.70000000 0.00000145
6.75000000 0.00000034
6.80000000 -0.00000119
6.85000000 -0.00000098
6.90000000 0.00000060
6.95000000 0.00000127
7.00000000 0.00000015
7.05000000 -0.00000113
7.10000000 -0.00000076
7.15000000 0.00000066
7.20000000 0.00000110
7.25000000 -0.00000001
7.30000000 -0.00000105
7.35000000 -0.00000058
7.40000000 0.00000069
7.45000000 0.00000094
7.50000000 -0.00000013
7.55000000 -0.00000097
7.60000000 -0.00000042
7.65000000 0.00000070
7.70000000 0.00000080
7.75000000 -0.00000023
7.80000000 -0.00000089
7.85000000 -0.00000028
7.90000000 0.00000070
7.95000000 0.00000066
8.00000000 -0.00000030
8.05000000 -0.00000080
8.10000000 -0.00000016
8.15000000 0.00000069
8.20000000 0.00000054
8.25000000 -0.00000036
8.30000000 -0.00000072
8.35000000 -0.00000006
8.40000000 0.00000066
8.45000000 0.00000043
8.50000000 -0.00000040
8.55000000 -0.00000064
8.60000000 0.00000003
8.65000000 0.00000063
8.70000000 0.00000033
8.75000000 -0.00000042
8.80000000 -0.00000055
8.85000000 0.00000010
8.90000000 0.00000059
8.95000000 0.00000024
9.00000000 -0.00000044
9.05000000 -0.00000048
9.10000000 0.00000016
9.15000000 0.00000055
9.20000000 0.00000016
9.25000000 -0.00000044
9.30000000 -0.00000040
9.35000000 0.00000021
9.40000000 0.00000051
9.45000000 0.00000009
9.50000000 -0.00000044
9.55000000 -0.00000033
9.60000000 0.00000024
9.65000000 0.00000046
9.70000000 0.00000002
9.75000000 -0.00000043
9.80000000 -0.00000026
9.85000000 0.00000027
9.90000000 0.00000041
9.95000000 -0.00000003
