-6.000000000 -0.000422415
-5.950000000 -0.000332357
-5.900000000 -0.000226674
-5.850000000 -0.000103640
-5.800000000 0.000038558
-5.750000000 0.000201862
-5.700000000 0.000388403
-5.650000000 0.000600511
-5.600000000 0.000840770
-5.550000000 0.001112178
-5.500000000 0.001418616
-5.450000000 0.001765472
-5.400000000 0.002160227
-5.350000000 0.002612685
-5.300000000 0.003134799
-5.250000000 0.003740270
-5.200000000 0.004444197
-5.150000000 0.005262914
-5.100000000 0.006213950
-5.050000000 0.007316005
-5.000000000 0.008588839
-4.950000000 0.010053149
-4.900000000 0.011730506
-4.850000000 0.013643388
-4.800000000 0.015815242
-4.750000000 0.018270543
-4.700000000 0.021034923
-4.650000000 0.024135559
-4.600000000 0.027601894
-4.550000000 0.031466613
-4.500000000 0.035766521
-4.450000000 0.040542963
-4.400000000 0.045841518
-4.350000000 0.051711215
-4.300000000 0.058203683
-4.250000000 0.065372734
-4.200000000 0.073274473
-4.150000000 0.081967552
-4.100000000 0.091512969
-4.050000000 0.101973290
-4.000000000 0.113411442
-3.950000000 0.125889798
-3.900000000 0.139469926
-3.850000000 0.154212872
-3.800000000 0.170179348
-3.750000000 0.187429087
-3.700000000 0.206019465
-3.650000000 0.226004425
-3.600000000 0.247434990
-3.550000000 0.270361380
-3.500000000 0.294835006
-3.450000000 0.320908345
-3.400000000 0.348632600
-3.350000000 0.378055307
-3.300000000 0.409219816
-3.250000000 0.442165853
-3.200000000 0.476928411
-3.150000000 0.513533588
-3.100000000 0.551993750
-3.050000000 0.592305379
-3.000000000 0.634450247
-2.950000000 0.678396789
-2.900000000 0.724098603
-2.850000000 0.771490722
-2.800000000 0.820486857
-2.750000000 0.870979230
-2.700000000 0.922839210
-2.650000000 0.975916313
-2.600000000 1.030036121
-2.550000000 1.085000461
-2.500000000 1.140592001
-2.450000000 1.196581769
-2.400000000 1.252735598
-2.350000000 1.308817103
-2.300000000 1.364587955
-2.250000000 1.419807781
-2.200000000 1.474233981
-2.150000000 1.527619032
-2.100000000 1.579703557
-2.050000000 1.630208564
-2.000000000 1.678834815
-1.950000000 1.725274630
-1.900000000 1.769231566
-1.850000000 1.810435361
-1.800000000 1.848642548
-1.750000000 1.883625197
-1.700000000 1.915159652
-1.650000000 1.943025048
-1.600000000 1.967011505
-1.550000000 1.986931313
-1.500000000 2.002627384
-1.450000000 2.013977399
-1.400000000 2.020893780
-1.350000000 2.023320327
-1.300000000 2.021228620
-1.250000000 2.014618986
-1.200000000 2.003527577
-1.150000000 1.988034881
-1.100000000 1.968269353
-1.050000000 1.944405660
-1.000000000 1.916663347
-0.950000000 1.885310040
-0.900000000 1.850664793
-0.850000000 1.813092029
-0.800000000 1.772981402
-0.750000000 1.730720028
-0.700000000 1.686670522
-0.650000000 1.641165675
-0.600000000 1.594520072
-0.550000000 1.547048312
-0.500000000 1.499076032
-0.450000000 1.450935866
-0.400000000 1.402951834
-0.350000000 1.355423198
-0.300000000 1.308616881
-0.250000000 1.262768909
-0.200000000 1.218088735
-0.150000000 1.174761135
-0.100000000 1.132945067
-0.050000000 1.092771482
0.000000000 1.054341053
0.050000000 1.017721628
0.100000000 0.982946539
0.150000000 0.950016293
0.200000000 0.918904287
0.250000000 0.889563918
0.300000000 0.861932961
0.350000000 0.835933846
0.400000000 0.811471735
0.450000000 0.788433061
0.500000000 0.766685595
0.550000000 0.746079977
0.600000000 0.726453275
0.650000000 0.707635224
0.700000000 0.689456591
0.750000000 0.671757228
0.800000000 0.654391937
0.850000000 0.637234573
0.900000000 0.620182209
0.950000000 0.603159469
1.000000000 0.586120398
1.050000000 0.569044852
1.100000000 0.551929433
1.150000000 0.534776767
1.200000000 0.517588121
1.250000000 0.500362161
1.300000000 0.483098631
1.350000000 0.465802941
1.400000000 0.448487392
1.450000000 0.431167825
1.500000000 0.413858628
1.550000000 0.396570938
1.600000000 0.379316207
1.650000000 0.362112519
1.700000000 0.344988776
1.750000000 0.327984443
1.800000000 0.311146744
1.850000000 0.294528737
1.900000000 0.278188923
1.950000000 0.262190200
2.000000000 0.246596136
2.050000000 0.231465116
2.100000000 0.216844885
2.150000000 0.202769812
2.200000000 0.189261197
2.250000000 0.176329764
2.300000000 0.163978865
2.350000000 0.152207182
2.400000000 0.141010586
2.450000000 0.130383437
2.500000000 0.120319771
2.550000000 0.110814058
2.600000000 0.101860782
2.650000000 0.093452799
2.700000000 0.085579637
2.750000000 0.078227260
2.800000000 0.071379339
2.850000000 0.065018693
2.900000000 0.059127464
2.950000000 0.053686044
3.000000000 0.048672010
3.050000000 0.044060314
3.100000000 0.039824789
3.150000000 0.035940037
3.200000000 0.032382637
3.250000000 0.029131155
3.300000000 0.026165356
3.350000000 0.023465351
3.400000000 0.021011292
3.450000000 0.018783791
3.500000000 0.016764504
3.550000000 0.014936466
3.600000000 0.013284000
3.650000000 0.011792432
3.700000000 0.010447913
3.750000000 0.009237409
3.800000000 0.008148783
3.850000000 0.007170841
3.900000000 0.006293301
3.950000000 0.005506728
