-20.000000 -2.493766 0.000000
-19.980000 -2.496249 0.000000
-19.960000 -2.498738 0.000000
-19.940000 -2.501232 0.000000
-19.920000 -2.503730 0.000000
-19.900000 -2.506234 0.000000
-19.880000 -2.508743 0.000000
-19.860000 -2.511256 0.000000
-19.840000 -2.513775 0.000000
-19.820000 -2.516299 0.000000
-19.800000 -2.518828 0.000000
-19.780000 -2.521361 0.000000
-19.760000 -2.523900 0.000000
-19.740000 -2.526444 0.000000
-19.720000 -2.528994 0.000000
-19.700000 -2.531548 0.000000
-19.680000 -2.534107 0.000000
-19.660000 -2.536672 0.000000
-19.640000 -2.539242 0.000000
-19.620000 -2.541817 0.000000
-19.600000 -2.544397 0.000000
-19.580000 -2.546983 0.000000
-19.560000 -2.549573 0.000000
-19.540000 -2.552169 0.000000
-19.520000 -2.554771 0.000000
-19.500000 -2.557377 0.000000
-19.480000 -2.559989 0.000000
-19.460000 -2.562606 0.000000
-19.440000 -2.565229 0.000000
-19.420000 -2.567856 0.000000
-19.400000 -2.570490 0.000000
-19.380000 -2.573128 0.000000
-19.360000 -2.575772 0.000000
-19.340000 -2.578422 0.000000
-19.320000 -2.581077 0.000000
-19.300000 -2.583737 0.000000
-19.280000 -2.586403 0.000000
-19.260000 -2.589074 0.000000
-19.240000 -2.591751 0.000000
-19.220000 -2.594434 0.000000
-19.200000 -2.597122 0.000000
-19.180000 -2.599815 0.000000
-19.160000 -2.602514 0.000000
-19.140000 -2.605219 0.000000
-19.120000 -2.607929 0.000000
-19.100000 -2.610645 0.000000
-19.080000 -2.613366 0.000000
-19.060000 -2.616094 0.000000
-19.040000 -2.618827 0.000000
-19.020000 -2.621565 0.000000
-19.000000 -2.624309 0.000000
-18.980000 -2.627059 0.000000
-18.960000 -2.629815 0.000000
-18.940000 -2.632577 0.000000
-18.920000 -2.635344 0.000000
-18.900000 -2.638117 0.000000
-18.880000 -2.640896 0.000000
-18.860000 -2.643681 0.000000
-18.840000 -2.646472 0.000000
-18.820000 -2.649268 0.000000
-18.800000 -2.652071 0.000000
-18.780000 -2.654879 0.000000
-18.760000 -2.657694 0.000000
-18.740000 -2.660514 0.000000
-18.720000 -2.663340 0.000000
-18.700000 -2.666172 0.000000
-18.680000 -2.669011 0.000000
-18.660000 -2.671855 0.000000
-18.640000 -2.674705 0.000000
-18.620000 -2.677562 0.000000
-18.600000 -2.680424 0.000000
-18.580000 -2.683293 0.000000
-18.560000 -2.686168 0.000000
-18.540000 -2.689049 0.000000
-18.520000 -2.691936 0.000000
-18.500000 -2.694829 0.000000
-18.480000 -2.697728 0.000000
-18.460000 -2.700634 0.000000
-18.440000 -2.703546 0.000000
-18.420000 -2.706464 0.000000
-18.400000 -2.709389 0.000000
-18.380000 -2.712319 0.000000
-18.360000 -2.715257 0.000000
-18.340000 -2.718200 0.000000
-18.320000 -2.721150 0.000000
-18.300000 -2.724106 0.000000
-18.280000 -2.727069 0.000000
-18.260000 -2.730038 0.000000
-18.240000 -2.733013 0.000000
-18.220000 -2.735995 0.000000
-18.200000 -2.738984 0.000000
-18.180000 -2.741979 0.000000
-18.160000 -2.744980 0.000000
-18.140000 -2.747989 0.000000
-18.120000 -2.751003 0.000000
-18.100000 -2.754025 0.000000
-18.080000 -2.757052 0.000000
-18.060000 -2.760087 0.000000
-18.040000 -2.763128 0.000000
-18.020000 -2.766176 0.000000
-18.000000 -2.769231 0.000000
-17.980000 -2.772292 0.000000
-17.960000 -2.775360 0.000000
-17.940000 -2.778435 0.000000
-17.920000 -2.781517 0.000000
-17.900000 -2.784605 0.000000
-17.880000 -2.787701 0.000000
-17.860000 -2.790803 0.000000
-17.840000 -2.793912 0.000000
-17.820000 -2.797028 0.000000
-17.800000 -2.800151 0.000000
-17.780000 -2.803281 0.000000
-17.760000 -2.806418 0.000000
-17.740000 -2.809562 0.000000
-17.720000 -2.812713 0.000000
-17.700000 -2.815871 0.000000
-17.680000 -2.819036 0.000000
-17.660000 -2.822208 0.000000
-17.640000 -2.825387 0.000000
-17.620000 -2.828574 0.000000
-17.600000 -2.831767 0.000000
-17.580000 -2.834968 0.000000
-17.560000 -2.838176 0.000000
-17.540000 -2.841391 0.000000
-17.520000 -2.844614 0.000000
-17.500000 -2.847844 0.000000
-17.480000 -2.851081 0.000000
-17.460000 -2.854325 0.000000
-17.440000 -2.857577 0.000000
-17.420000 -2.860837 0.000000
-17.400000 -2.864103 0.000000
-17.380000 -2.867377 0.000000
-17.360000 -2.870659 0.000000
-17.340000 -2.873948 0.000000
-17.320000 -2.877245 0.000000
-17.300000 -2.880549 0.000000
-17.280000 -2.883861 0.000000
-17.260000 -2.887180 0.000000
-17.240000 -2.890507 0.000000
-17.220000 -2.893841 0.000000
-17.200000 -2.897184 0.000000
-17.180000 -2.900534 0.000000
-17.160000 -2.903891 0.000000
-17.140000 -2.907257 0.000000
-17.120000 -2.910630 0.000000
-17.100000 -2.914011 0.000000
-17.080000 -2.917400 0.000000
-17.060000 -2.920797 0.000000
-17.040000 -2.924201 0.000000
-17.020000 -2.927614 0.000000
-17.000000 -2.931034 0.000000
-16.980000 -2.934463 0.000000
-16.960000 -2.937899 0.000000
-16.940000 -2.941344 0.000000
-16.920000 -2.944797 0.000000
-16.900000 -2.948257 0.000000
-16.880000 -2.951726 0.000000
-16.860000 -2.955203 0.000000
-16.840000 -2.958688 0.000000
-16.820000 -2.962181 0.000000
-16.800000 -2.965683 0.000000
-16.780000 -2.969193 0.000000
-16.760000 -2.972711 0.000000
-16.740000 -2.976237 0.000000
-16.720000 -2.979772 0.000000
-16.700000 -2.983315 0.000000
-16.680000 -2.986866 0.000000
-16.660000 -2.990426 0.000000
-16.640000 -2.993995 0.000000
-16.620000 -2.997572 0.000000
-16.600000 -3.001157 0.000000
-16.580000 -3.004751 0.000000
-16.560000 -3.008354 0.000000
-16.540000 -3.011965 0.000000
-16.520000 -3.015585 0.000000
-16.500000 -3.019213 0.000000
-16.480000 -3.022850 0.000000
-16.460000 -3.026496 0.000000
-16.440000 -3.030151 0.000000
-16.420000 -3.033815 0.000000
-16.400000 -3.037487 0.000000
-16.380000 -3.041168 0.000000
-16.360000 -3.044858 0.000000
-16.340000 -3.048558 0.000000
-16.320000 -3.052266 0.000000
-16.300000 -3.055983 0.000000
-16.280000 -3.059709 0.000000
-16.260000 -3.063444 0.000000
-16.240000 -3.067188 0.000000
-16.220000 -3.070941 0.000000
-16.200000 -3.074704 0.000000
-16.180000 -3.078476 0.000000
-16.160000 -3.082257 0.000000
-16.140000 -3.086047 0.000000
-16.120000 -3.089846 0.000000
-16.100000 -3.093655 0.000000
-16.080000 -3.097473 0.000000
-16.060000 -3.101301 0.000000
-16.040000 -3.105138 0.000000
-16.020000 -3.108984 0.000000
-16.000000 -3.112840 0.000000
-15.980000 -3.116706 0.000000
-15.960000 -3.120581 0.000000
-15.940000 -3.124466 0.000000
-15.920000 -3.128360 0.000000
-15.900000 -3.132264 0.000000
-15.880000 -3.136178 0.000000
-15.860000 -3.140102 0.000000
-15.840000 -3.144035 0.000000
-15.820000 -3.147978 0.000000
-15.800000 -3.151931 0.000000
-15.780000 -3.155894 0.000000
-15.760000 -3.159867 0.000000
-15.740000 -3.163850 0.000000
-15.720000 -3.167842 0.000000
-15.700000 -3.171845 0.000000
-15.680000 -3.175858 0.000000
-15.660000 -3.179881 0.000000
-15.640000 -3.183915 0.000000
-15.620000 -3.187958 0.000000
-15.600000 -3.192012 0.000000
-15.580000 -3.196076 0.000000
-15.560000 -3.200150 0.000000
-15.540000 -3.204235 0.000000
-15.520000 -3.208330 0.000000
-15.500000 -3.212435 0.000000
-15.480000 -3.216551 0.000000
-15.460000 -3.220678 0.000000
-15.440000 -3.224815 0.000000
-15.420000 -3.228962 0.000000
-15.400000 -3.233121 0.000000
-15.380000 -3.237290 0.000000
-15.360000 -3.241469 0.000000
-15.340000 -3.245660 0.000000
-15.320000 -3.249861 0.000000
-15.300000 -3.254073 0.000000
-15.280000 -3.258296 0.000000
-15.260000 -3.262530 0.000000
-15.240000 -3.266775 0.000000
-15.220000 -3.271030 0.000000
-15.200000 -3.275297 0.000000
-15.180000 -3.279575 0.000000
-15.160000 -3.283865 0.000000
-15.140000 -3.288165 0.000000
-15.120000 -3.292476 0.000000
-15.100000 -3.296799 0.000000
-15.080000 -3.301133 0.000000
-15.060000 -3.305479 0.000000
-15.040000 -3.309836 0.000000
-15.020000 -3.314204 0.000000
-15.000000 -3.318584 0.000000
-14.980000 -3.322975 0.000000
-14.960000 -3.327378 0.000000
-14.940000 -3.331793 0.000000
-14.920000 -3.336219 0.000000
-14.900000 -3.340657 0.000000
-14.880000 -3.345107 0.000000
-14.860000 -3.349569 0.000000
-14.840000 -3.354042 0.000000
-14.820000 -3.358528 0.000000
-14.800000 -3.363025 0.000000
-14.780000 -3.367534 0.000000
-14.760000 -3.372056 0.000000
-14.740000 -3.376589 0.000000
-14.720000 -3.381135 0.000000
-14.700000 -3.385693 0.000000
-14.680000 -3.390263 0.000000
-14.660000 -3.394845 0.000000
-14.640000 -3.399440 0.000000
-14.620000 -3.404047 0.000000
-14.600000 -3.408666 0.000000
-14.580000 -3.413298 0.000000
-14.560000 -3.417943 0.000000
-14.540000 -3.422600 0.000000
-14.520000 -3.427270 0.000000
-14.500000 -3.431953 0.000000
-14.480000 -3.436648 0.000000
-14.460000 -3.441356 0.000000
-14.440000 -3.446077 0.000000
-14.420000 -3.450811 0.000000
-14.400000 -3.455558 0.000000
-14.380000 -3.460318 0.000000
-14.360000 -3.465090 0.000000
-14.340000 -3.469876 0.000000
-14.320000 -3.474676 0.000000
-14.300000 -3.479488 0.000000
-14.280000 -3.484314 0.000000
-14.260000 -3.489153 0.000000
-14.240000 -3.494005 0.000000
-14.220000 -3.498871 0.000000
-14.200000 -3.503750 0.000000
-14.180000 -3.508643 0.000000
-14.160000 -3.513550 0.000000
-14.140000 -3.518470 0.000000
-14.120000 -3.523404 0.000000
-14.100000 -3.528352 0.000000
-14.080000 -3.533314 0.000000
-14.060000 -3.538289 0.000000
-14.040000 -3.543278 0.000000
-14.020000 -3.548282 0.000000
-14.000000 -3.553299 0.000000
-13.980000 -3.558331 0.000000
-13.960000 -3.563377 0.000000
-13.940000 -3.568437 0.000000
-13.920000 -3.573512 0.000000
-13.900000 -3.578600 0.000000
-13.880000 -3.583704 0.000000
-13.860000 -3.588822 0.000000
-13.840000 -3.593954 0.000000
-13.820000 -3.599101 0.000000
-13.800000 -3.604262 0.000000
-13.780000 -3.609439 0.000000
-13.760000 -3.614630 0.000000
-13.740000 -3.619836 0.000000
-13.720000 -3.625057 0.000000
-13.700000 -3.630293 0.000000
-13.680000 -3.635544 0.000000
-13.660000 -3.640810 0.000000
-13.640000 -3.646092 0.000000
-13.620000 -3.651388 0.000000
-13.600000 -3.656700 0.000000
-13.580000 -3.662028 0.000000
-13.560000 -3.667371 0.000000
-13.540000 -3.672729 0.000000
-13.520000 -3.678103 0.000000
-13.500000 -3.683492 0.000000
-13.480000 -3.688898 0.000000
-13.460000 -3.694319 0.000000
-13.440000 -3.699756 0.000000
-13.420000 -3.705209 0.000000
-13.400000 -3.710678 0.000000
-13.380000 -3.716163 0.000000
-13.360000 -3.721664 0.000000
-13.340000 -3.727181 0.000000
-13.320000 -3.732715 0.000000
-13.300000 -3.738265 0.000000
-13.280000 -3.743832 0.000000
-13.260000 -3.749415 0.000000
-13.240000 -3.755014 0.000000
-13.220000 -3.760630 0.000000
-13.200000 -3.766263 0.000000
-13.180000 -3.771913 0.000000
-13.160000 -3.777580 0.000000
-13.140000 -3.783263 0.000000
-13.120000 -3.788964 0.000000
-13.100000 -3.794682 0.000000
-13.080000 -3.800417 0.000000
-13.060000 -3.806169 0.000000
-13.040000 -3.811938 0.000000
-13.020000 -3.817725 0.000000
-13.000000 -3.823529 0.000000
-12.980000 -3.829351 0.000000
-12.960000 -3.835191 0.000000
-12.940000 -3.841048 0.000000
-12.920000 -3.846923 0.000000
-12.900000 -3.852816 0.000000
-12.880000 -3.858727 0.000000
-12.860000 -3.864656 0.000000
-12.840000 -3.870604 0.000000
-12.820000 -3.876569 0.000000
-12.800000 -3.882553 0.000000
-12.780000 -3.888555 0.000000
-12.760000 -3.894575 0.000000
-12.740000 -3.900615 0.000000
-12.720000 -3.906672 0.000000
-12.700000 -3.912749 0.000000
-12.680000 -3.918844 0.000000
-12.660000 -3.924958 0.000000
-12.640000 -3.931091 0.000000
-12.620000 -3.937244 0.000000
-12.600000 -3.943415 0.000000
-12.580000 -3.949606 0.000000
-12.560000 -3.955816 0.000000
-12.540000 -3.962045 0.000000
-12.520000 -3.968294 0.000000
-12.500000 -3.974563 0.000000
-12.480000 -3.980851 0.000000
-12.460000 -3.987159 0.000000
-12.440000 -3.993487 0.000000
-12.420000 -3.999835 0.000000
-12.400000 -4.006203 0.000000
-12.380000 -4.012591 0.000000
-12.360000 -4.019000 0.000000
-12.340000 -4.025429 0.000000
-12.320000 -4.031878 0.000000
-12.300000 -4.038348 0.000000
-12.280000 -4.044838 0.000000
-12.260000 -4.051350 0.000000
-12.240000 -4.057882 0.000000
-12.220000 -4.064435 0.000000
-12.200000 -4.071009 0.000000
-12.180000 -4.077604 0.000000
-12.160000 -4.084221 0.000000
-12.140000 -4.090859 0.000000
-12.120000 -4.097518 0.000000
-12.100000 -4.104199 0.000000
-12.080000 -4.110902 0.000000
-12.060000 -4.117626 0.000000
-12.040000 -4.124372 0.000000
-12.020000 -4.131141 0.000000
-12.000000 -4.137931 0.000000
-11.980000 -4.144744 0.000000
-11.960000 -4.151578 0.000000
-11.940000 -4.158436 0.000000
-11.920000 -4.165316 0.000000
-11.900000 -4.172218 0.000000
-11.880000 -4.179143 0.000000
-11.860000 -4.186091 0.000000
-11.840000 -4.193062 0.000000
-11.820000 -4.200056 0.000000
-11.800000 -4.207074 0.000000
-11.780000 -4.214114 0.000000
-11.760000 -4.221178 0.000000
-11.740000 -4.228266 0.000000
-11.720000 -4.235377 0.000000
-11.700000 -4.242512 0.000000
-11.680000 -4.249671 0.000000
-11.660000 -4.256854 0.000000
-11.640000 -4.264061 0.000000
-11.620000 -4.271293 0.000000
-11.600000 -4.278548 0.000000
-11.580000 -4.285828 0.000000
-11.560000 -4.293133 0.000000
-11.540000 -4.300463 0.000000
-11.520000 -4.307817 0.000000
-11.500000 -4.315197 0.000000
-11.480000 -4.322602 0.000000
-11.460000 -4.330032 0.000000
-11.440000 -4.337487 0.000000
-11.420000 -4.344968 0.000000
-11.400000 -4.352474 0.000000
-11.380000 -4.360006 0.000000
-11.360000 -4.367564 0.000000
-11.340000 -4.375149 0.000000
-11.320000 -4.382759 0.000000
-11.300000 -4.390396 0.000000
-11.280000 -4.398059 0.000000
-11.260000 -4.405748 0.000000
-11.240000 -4.413465 0.000000
-11.220000 -4.421208 0.000000
-11.200000 -4.428978 0.000000
-11.180000 -4.436776 0.000000
-11.160000 -4.444600 0.000000
-11.140000 -4.452452 0.000000
-11.120000 -4.460332 0.000000
-11.100000 -4.468239 0.000000
-11.080000 -4.476174 0.000000
-11.060000 -4.484138 0.000000
-11.040000 -4.492129 0.000000
-11.020000 -4.500149 0.000000
-11.000000 -4.508197 0.000000
-10.980000 -4.516273 0.000000
-10.960000 -4.524379 0.000000
-10.940000 -4.532513 0.000000
-10.920000 -4.540676 0.000000
-10.900000 -4.548869 0.000000
-10.880000 -4.557091 0.000000
-10.860000 -4.565342 0.000000
-10.840000 -4.573624 0.000000
-10.820000 -4.581934 0.000000
-10.800000 -4.590275 0.000000
-10.780000 -4.598647 0.000000
-10.760000 -4.607048 0.000000
-10.740000 -4.615480 0.000000
-10.720000 -4.623942 0.000000
-10.700000 -4.632436 0.000000
-10.680000 -4.640960 0.000000
-10.660000 -4.649516 0.000000
-10.640000 -4.658102 0.000000
-10.620000 -4.666721 0.000000
-10.600000 -4.675371 0.000000
-10.580000 -4.684052 0.000000
-10.560000 -4.692766 0.000000
-10.540000 -4.701512 0.000000
-10.520000 -4.710290 0.000000
-10.500000 -4.719101 0.000000
-10.480000 -4.727945 0.000000
-10.460000 -4.736821 0.000000
-10.440000 -4.745731 0.000000
-10.420000 -4.754673 0.000000
-10.400000 -4.763650 0.000000
-10.380000 -4.772660 0.000000
-10.360000 -4.781703 0.000000
-10.340000 -4.790781 0.000000
-10.320000 -4.799893 0.000000
-10.300000 -4.809039 0.000000
-10.280000 -4.818220 0.000000
-10.260000 -4.827436 0.000000
-10.240000 -4.836686 0.000000
-10.220000 -4.845972 0.000000
-10.200000 -4.855293 0.000000
-10.180000 -4.864650 0.000000
-10.160000 -4.874042 0.000000
-10.140000 -4.883471 0.000000
-10.120000 -4.892936 0.000000
-10.100000 -4.902437 0.000000
-10.080000 -4.911974 0.000000
-10.060000 -4.921549 0.000000
-10.040000 -4.931160 0.000000
-10.020000 -4.940809 0.000000
-10.000000 -4.950495 0.000000
-9.980000 -4.960219 0.000000
-9.960000 -4.969981 0.000000
-9.940000 -4.979780 0.000000
-9.920000 -4.989618 0.000000
-9.900000 -4.999495 0.000000
-9.880000 -5.009410 0.000000
-9.860000 -5.019365 0.000000
-9.840000 -5.029358 0.000000
-9.820000 -5.039391 0.000000
-9.800000 -5.049464 0.000000
-9.780000 -5.059577 0.000000
-9.760000 -5.069730 0.000000
-9.740000 -5.079923 0.000000
-9.720000 -5.090157 0.000000
-9.700000 -5.100431 0.000000
-9.680000 -5.110747 0.000000
-9.660000 -5.121104 0.000000
-9.640000 -5.131503 0.000000
-9.620000 -5.141943 0.000000
-9.600000 -5.152426 0.000000
-9.580000 -5.162951 0.000000
-9.560000 -5.173519 0.000000
-9.540000 -5.184129 0.000000
-9.520000 -5.194783 0.000000
-9.500000 -5.205479 0.000000
-9.480000 -5.216220 0.000000
-9.460000 -5.227004 0.000000
-9.440000 -5.237833 0.000000
-9.420000 -5.248706 0.000000
-9.400000 -5.259624 0.000000
-9.380000 -5.270587 0.000000
-9.360000 -5.281595 0.000000
-9.340000 -5.292648 0.000000
-9.320000 -5.303748 0.000000
-9.300000 -5.314893 0.000000
-9.280000 -5.326085 0.000000
-9.260000 -5.337323 0.000000
-9.240000 -5.348609 0.000000
-9.220000 -5.359942 0.000000
-9.200000 -5.371322 0.000000
-9.180000 -5.382750 0.000000
-9.160000 -5.394226 0.000000
-9.140000 -5.405751 0.000000
-9.120000 -5.417324 0.000000
-9.100000 -5.428946 0.000000
-9.080000 -5.440618 0.000000
-9.060000 -5.452340 0.000000
-9.040000 -5.464111 0.000000
-9.020000 -5.475933 0.000000
-9.000000 -5.487805 0.000000
-8.980000 -5.499728 0.000000
-8.960000 -5.511703 0.000000
-8.940000 -5.523729 0.000000
-8.920000 -5.535806 0.000000
-8.900000 -5.547937 0.000000
-8.880000 -5.560119 0.000000
-8.860000 -5.572355 0.000000
-8.840000 -5.584644 0.000000
-8.820000 -5.596987 0.000000
-8.800000 -5.609383 0.000000
-8.780000 -5.621834 0.000000
-8.760000 -5.634339 0.000000
-8.740000 -5.646900 0.000000
-8.720000 -5.659515 0.000000
-8.700000 -5.672187 0.000000
-8.680000 -5.684914 0.000000
-8.660000 -5.697698 0.000000
-8.640000 -5.710539 0.000000
-8.620000 -5.723437 0.000000
-8.600000 -5.736393 0.000000
-8.580000 -5.749406 0.000000
-8.560000 -5.762478 0.000000
-8.540000 -5.775609 0.000000
-8.520000 -5.788799 0.000000
-8.500000 -5.802048 0.000000
-8.480000 -5.815357 0.000000
-8.460000 -5.828726 0.000000
-8.440000 -5.842157 0.000000
-8.420000 -5.855648 0.000000
-8.400000 -5.869201 0.000000
-8.380000 -5.882815 0.000000
-8.360000 -5.896493 0.000000
-8.340000 -5.910232 0.000000
-8.320000 -5.924036 0.000000
-8.300000 -5.937902 0.000000
-8.280000 -5.951833 0.000000
-8.260000 -5.965829 0.000000
-8.240000 -5.979889 0.000000
-8.220000 -5.994015 0.000000
-8.200000 -6.008206 0.000000
-8.180000 -6.022464 0.000000
-8.160000 -6.036789 0.000000
-8.140000 -6.051181 0.000000
-8.120000 -6.065640 0.000000
-8.100000 -6.080168 0.000000
-8.080000 -6.094765 0.000000
-8.060000 -6.109430 0.000000
-8.040000 -6.124165 0.000000
-8.020000 -6.138970 0.000000
-8.000000 -6.153846 0.000000
-7.980000 -6.168793 0.000000
-7.960000 -6.183811 0.000000
-7.940000 -6.198902 0.000000
-7.920000 -6.214065 0.000000
-7.900000 -6.229301 0.000000
-7.880000 -6.244611 0.000000
-7.860000 -6.259995 0.000000
-7.840000 -6.275454 0.000000
-7.820000 -6.290988 0.000000
-7.800000 -6.306598 0.000000
-7.780000 -6.322284 0.000000
-7.760000 -6.338047 0.000000
-7.740000 -6.353887 0.000000
-7.720000 -6.369805 0.000000
-7.700000 -6.385802 0.000000
-7.680000 -6.401878 0.000000
-7.660000 -6.418034 0.000000
-7.640000 -6.434269 0.000000
-7.620000 -6.450586 0.000000
-7.600000 -6.466984 0.000000
-7.580000 -6.483465 0.000000
-7.560000 -6.500028 0.000000
-7.540000 -6.516674 0.000000
-7.520000 -6.533404 0.000000
-7.500000 -6.550218 0.000000
-7.480000 -6.567118 0.000000
-7.460000 -6.584104 0.000000
-7.440000 -6.601175 0.000000
-7.420000 -6.618334 0.000000
-7.400000 -6.635581 0.000000
-7.380000 -6.652916 0.000000
-7.360000 -6.670340 0.000000
-7.340000 -6.687854 0.000000
-7.320000 -6.705458 0.000000
-7.300000 -6.723153 0.000000
-7.280000 -6.740940 0.000000
-7.260000 -6.758820 0.000000
-7.240000 -6.776793 0.000000
-7.220000 -6.794859 0.000000
-7.200000 -6.813020 0.000000
-7.180000 -6.831277 0.000000
-7.160000 -6.849630 0.000000
-7.140000 -6.868079 0.000000
-7.120000 -6.886626 0.000000
-7.100000 -6.905271 0.000000
-7.080000 -6.924016 0.000000
-7.060000 -6.942860 0.000000
-7.040000 -6.961805 0.000000
-7.020000 -6.980851 0.000000
-7.000000 -7.000000 0.000000
-6.980000 -7.019252 0.000000
-6.960000 -7.038607 0.000000
-6.940000 -7.058067 0.000000
-6.920000 -7.077633 0.000000
-6.900000 -7.097305 0.000000
-6.880000 -7.117084 0.000000
-6.860000 -7.136972 0.000000
-6.840000 -7.156968 0.000000
-6.820000 -7.177074 0.000000
-6.800000 -7.197290 0.000000
-6.780000 -7.217619 0.000000
-6.760000 -7.238059 0.000000
-6.740000 -7.258613 0.000000
-6.720000 -7.279282 0.000000
-6.700000 -7.300065 0.000000
-6.680000 -7.320965 0.000000
-6.660000 -7.341982 0.000000
-6.640000 -7.363117 0.000000
-6.620000 -7.384371 0.000000
-6.600000 -7.405745 0.000000
-6.580000 -7.427240 0.000000
-6.560000 -7.448857 0.000000
-6.540000 -7.470597 0.000000
-6.520000 -7.492462 0.000000
-6.500000 -7.514451 0.000000
-6.480000 -7.536566 0.000000
-6.460000 -7.558809 0.000000
-6.440000 -7.581180 0.000000
-6.420000 -7.603680 0.000000
-6.400000 -7.626311 0.000000
-6.380000 -7.649073 0.000000
-6.360000 -7.671968 0.000000
-6.340000 -7.694997 0.000000
-6.320000 -7.718160 0.000000
-6.300000 -7.741460 0.000000
-6.280000 -7.764897 0.000000
-6.260000 -7.788472 0.000000
-6.240000 -7.812187 0.000000
-6.220000 -7.836043 0.000000
-6.200000 -7.860041 0.000000
-6.180000 -7.884182 0.000000
-6.160000 -7.908467 0.000000
-6.140000 -7.932899 0.000000
-6.120000 -7.957477 0.000000
-6.100000 -7.982204 0.000000
-6.080000 -8.007080 0.000000
-6.060000 -8.032107 0.000000
-6.040000 -8.057287 0.000000
-6.020000 -8.082620 0.000000
-6.000000 -8.108108 0.000000
-5.980000 -8.133753 0.000000
-5.960000 -8.159555 0.000000
-5.940000 -8.185516 0.000000
-5.920000 -8.211638 0.000000
-5.900000 -8.237922 0.000000
-5.880000 -8.264370 0.000000
-5.860000 -8.290982 0.000000
-5.840000 -8.317761 0.000000
-5.820000 -8.344708 0.000000
-5.800000 -8.371824 0.000000
-5.780000 -8.399112 0.000000
-5.760000 -8.426572 0.000000
-5.740000 -8.454206 0.000000
-5.720000 -8.482016 0.000000
-5.700000 -8.510003 0.000000
-5.680000 -8.538169 0.000000
-5.660000 -8.566516 0.000000
-5.640000 -8.595045 0.000000
-5.620000 -8.623759 0.000000
-5.600000 -8.652658 0.000000
-5.580000 -8.681744 0.000000
-5.560000 -8.711020 0.000000
-5.540000 -8.740486 0.000000
-5.520000 -8.770146 0.000000
-5.500000 -8.800000 0.000000
-5.480000 -8.830051 0.000000
-5.460000 -8.860299 0.000000
-5.440000 -8.890748 0.000000
-5.420000 -8.921400 0.000000
-5.400000 -8.952255 0.000000
-5.380000 -8.983316 0.000000
-5.360000 -9.014585 0.000000
-5.340000 -9.046064 0.000000
-5.320000 -9.077755 0.000000
-5.300000 -9.109660 0.000000
-5.280000 -9.141781 0.000000
-5.260000 -9.174120 0.000000
-5.240000 -9.206679 0.000000
-5.220000 -9.239461 0.000000
-5.200000 -9.272468 0.000000
-5.180000 -9.305701 0.000000
-5.160000 -9.339164 0.000000
-5.140000 -9.372857 0.000000
-5.120000 -9.406785 0.000000
-5.100000 -9.440948 0.000000
-5.080000 -9.475349 0.000000
-5.060000 -9.509991 0.000000
-5.040000 -9.544876 0.000000
-5.020000 -9.580006 0.000000
-5.000000 -9.615385 0.000000
-4.980000 -9.651013 0.000000
-4.960000 -9.686895 0.000000
-4.940000 -9.723031 0.000000
-4.920000 -9.759426 0.000000
-4.900000 -9.796082 0.000000
-4.880000 -9.833000 0.000000
-4.860000 -9.870185 0.000000
-4.840000 -9.907638 0.000000
-4.820000 -9.945362 0.000000
-4.800000 -9.983361 0.000000
-4.780000 -10.021637 0.000000
-4.760000 -10.060192 0.000000
-4.740000 -10.099030 0.000000
-4.720000 -10.138154 0.000000
-4.700000 -10.177566 0.000000
-4.680000 -10.217270 0.000000
-4.660000 -10.257268 0.000000
-4.640000 -10.297564 0.000000
-4.620000 -10.338161 0.000000
-4.600000 -10.379061 0.000000
-4.580000 -10.420269 0.000000
-4.560000 -10.461787 0.000000
-4.540000 -10.503618 0.000000
-4.520000 -10.545767 0.000000
-4.500000 -10.588235 0.000000
-4.480000 -10.631027 0.000000
-4.460000 -10.674147 0.000000
-4.440000 -10.717596 0.000000
-4.420000 -10.761380 0.000000
-4.400000 -10.805501 0.000000
-4.380000 -10.849963 0.000000
-4.360000 -10.894771 0.000000
-4.340000 -10.939926 0.000000
-4.320000 -10.985434 0.000000
-4.300000 -11.031298 0.000000
-4.280000 -11.077522 0.000000
-4.260000 -11.124110 0.000000
-4.240000 -11.171065 0.000000
-4.220000 -11.218392 0.000000
-4.200000 -11.266094 0.000000
-4.180000 -11.314177 0.000000
-4.160000 -11.362643 0.000000
-4.140000 -11.411497 0.000000
-4.120000 -11.460744 0.000000
-4.100000 -11.510387 0.000000
-4.080000 -11.560432 0.000000
-4.060000 -11.610881 0.000000
-4.040000 -11.661740 0.000000
-4.020000 -11.713014 0.000000
-4.000000 -11.764706 0.000000
-3.980000 -11.816821 0.000000
-3.960000 -11.869365 0.000000
-3.940000 -11.922341 0.000000
-3.920000 -11.975755 0.000000
-3.900000 -12.029611 0.000000
-3.880000 -12.083915 0.000000
-3.860000 -12.138670 0.000000
-3.840000 -12.193883 0.000000
-3.820000 -12.249557 0.000000
-3.800000 -12.305699 0.000000
-3.780000 -12.362314 0.000000
-3.760000 -12.419406 0.000000
-3.740000 -12.476981 0.000000
-3.720000 -12.535044 0.000000
-3.700000 -12.593601 0.000000
-3.680000 -12.652657 0.000000
-3.660000 -12.712218 0.000000
-3.640000 -12.772288 0.000000
-3.620000 -12.832875 0.000000
-3.600000 -12.893983 0.000000
-3.580000 -12.955618 0.000000
-3.560000 -13.017786 0.000000
-3.540000 -13.080493 0.000000
-3.520000 -13.143745 0.000000
-3.500000 -13.207547 0.000000
-3.480000 -13.271906 0.000000
-3.460000 -13.336828 0.000000
-3.440000 -13.402319 0.000000
-3.420000 -13.468385 0.000000
-3.400000 -13.535032 0.000000
-3.380000 -13.602267 0.000000
-3.360000 -13.670095 0.000000
-3.340000 -13.738524 0.000000
-3.320000 -13.807559 0.000000
-3.300000 -13.877208 0.000000
-3.280000 -13.947476 0.000000
-3.260000 -14.018370 0.000000
-3.240000 -14.089897 0.000000
-3.220000 -14.162063 0.000000
-3.200000 -14.234875 0.000000
-3.180000 -14.308340 0.000000
-3.160000 -14.382464 0.000000
-3.140000 -14.457254 0.000000
-3.120000 -14.532717 0.000000
-3.100000 -14.608860 0.000000
-3.080000 -14.685688 0.000000
-3.060000 -14.763210 0.000000
-3.040000 -14.841431 0.000000
-3.020000 -14.920359 0.000000
-3.000000 -15.000000 0.000000
-2.980000 -15.080361 0.000000
-2.960000 -15.161449 0.000000
-2.940000 -15.243270 0.000000
-2.920000 -15.325831 0.000000
-2.900000 -15.409139 0.000000
-2.880000 -15.493200 0.000000
-2.860000 -15.578021 0.000000
-2.840000 -15.663607 0.000000
-2.820000 -15.749966 0.000000
-2.800000 -15.837104 0.000000
-2.780000 -15.925026 0.000000
-2.760000 -16.013739 0.000000
-2.740000 -16.103249 0.000000
-2.720000 -16.193561 0.000000
-2.700000 -16.284680 0.000000
-2.680000 -16.376613 0.000000
-2.660000 -16.469365 0.000000
-2.640000 -16.562939 0.000000
-2.620000 -16.657342 0.000000
-2.600000 -16.752577 0.000000
-2.580000 -16.848649 0.000000
-2.560000 -16.945562 0.000000
-2.540000 -17.043320 0.000000
-2.520000 -17.141924 0.000000
-2.500000 -17.241379 0.000000
-2.480000 -17.341687 0.000000
-2.460000 -17.442850 0.000000
-2.440000 -17.544869 0.000000
-2.420000 -17.647745 0.000000
-2.400000 -17.751479 0.000000
-2.380000 -17.856071 0.000000
-2.360000 -17.961520 0.000000
-2.340000 -18.067824 0.000000
-2.320000 -18.174981 0.000000
-2.300000 -18.282989 0.000000
-2.280000 -18.391843 0.000000
-2.260000 -18.501539 0.000000
-2.240000 -18.612071 0.000000
-2.220000 -18.723433 0.000000
-2.200000 -18.835616 0.000000
-2.180000 -18.948613 0.000000
-2.160000 -19.062412 0.000000
-2.140000 -19.177002 0.000000
-2.120000 -19.292370 0.000000
-2.100000 -19.408503 0.000000
-2.080000 -19.525383 0.000000
-2.060000 -19.642993 0.000000
-2.040000 -19.761314 0.000000
-2.020000 -19.880324 0.000000
-2.000000 -20.000000 0.000000
-1.980000 -20.120315 0.000000
-1.960000 -20.241243 0.000000
-1.940000 -20.362751 0.000000
-1.920000 -20.484807 0.000000
-1.900000 -20.607375 0.000000
-1.880000 -20.730416 0.000000
-1.860000 -20.853888 0.000000
-1.840000 -20.977745 0.000000
-1.820000 -21.101939 0.000000
-1.800000 -21.226415 0.000000
-1.780000 -21.351118 0.000000
-1.760000 -21.475986 0.000000
-1.740000 -21.600953 0.000000
-1.720000 -21.725950 0.000000
-1.700000 -21.850900 0.000000
-1.680000 -21.975722 0.000000
-1.660000 -22.100330 0.000000
-1.640000 -22.224631 0.000000
-1.620000 -22.348527 0.000000
-1.600000 -22.471910 0.000000
-1.580000 -22.594669 0.000000
-1.560000 -22.716682 0.000000
-1.540000 -22.837822 0.000000
-1.520000 -22.957951 0.000000
-1.500000 -23.076923 0.000000
-1.480000 -23.194584 0.000000
-1.460000 -23.310768 0.000000
-1.440000 -23.425299 0.000000
-1.420000 -23.537992 0.000000
-1.400000 -23.648649 0.000000
-1.380000 -23.757058 0.000000
-1.360000 -23.862998 0.000000
-1.340000 -23.966233 0.000000
-1.320000 -24.066511 0.000000
-1.300000 -24.163569 0.000000
-1.280000 -24.257126 0.000000
-1.260000 -24.346885 0.000000
-1.240000 -24.432535 0.000000
-1.220000 -24.513744 0.000000
-1.200000 -24.590164 0.000000
-1.180000 -24.661428 0.000000
-1.160000 -24.727149 0.000000
-1.140000 -24.786919 0.000000
-1.120000 -24.840312 0.000000
-1.100000 -24.886878 0.000000
-1.080000 -24.926145 0.000000
-1.060000 -24.957619 0.000000
-1.040000 -24.980784 0.000000
-1.020000 -24.995099 0.000000
-1.000000 -25.000000 0.000000
-0.980000 -24.994899 0.000000
-0.960000 -24.979184 0.000000
-0.940000 -24.952219 0.000000
-0.920000 -24.913345 0.000000
-0.900000 -24.861878 0.000000
-0.880000 -24.797115 0.000000
-0.860000 -24.718326 0.000000
-0.840000 -24.624765 0.000000
-0.820000 -24.515666 0.000000
-0.800000 -24.390244 0.000000
-0.780000 -24.247700 0.000000
-0.760000 -24.087221 0.000000
-0.740000 -23.907987 0.000000
-0.720000 -23.709168 0.000000
-0.700000 -23.489933 0.000000
-0.680000 -23.249453 0.000000
-0.660000 -22.986904 0.000000
-0.640000 -22.701476 0.000000
-0.620000 -22.392372 0.000000
-0.600000 -22.058824 0.000000
-0.580000 -21.700090 0.000000
-0.560000 -21.315469 0.000000
-0.540000 -20.904305 0.000000
-0.520000 -20.465995 0.000000
-0.500000 -20.000000 0.000000
-0.480000 -19.505852 0.000000
-0.460000 -18.983163 0.000000
-0.440000 -18.431635 0.000000
-0.420000 -17.851071 0.000000
-0.400000 -17.241379 0.000000
-0.380000 -16.602587 0.000000
-0.360000 -15.934844 0.000000
-0.340000 -15.238437 0.000000
-0.320000 -14.513788 0.000000
-0.300000 -13.761468 0.000000
-0.280000 -12.982196 0.000000
-0.260000 -12.176845 0.000000
-0.240000 -11.346445 0.000000
-0.220000 -10.492179 0.000000
-0.200000 -9.615385 0.000000
-0.180000 -8.717551 0.000000
-0.160000 -7.800312 0.000000
-0.140000 -6.865437 0.000000
-0.120000 -5.914826 0.000000
-0.100000 -4.950495 0.000000
-0.080000 -3.974563 0.000000
-0.060000 -2.989239 0.000000
-0.040000 -1.996805 0.000000
-0.020000 -0.999600 0.000000
-0.000000 -0.000000 0.000000
0.020000 0.999600 0.318183
0.040000 1.996805 0.635984
0.060000 2.989239 0.953152
0.080000 3.974563 1.269438
0.100000 4.950495 1.584596
0.120000 5.914826 1.898387
0.140000 6.865437 2.210578
0.160000 7.800312 2.520943
0.180000 8.717551 2.829263
0.200000 9.615385 3.135330
0.220000 10.492179 3.438945
0.240000 11.346445 3.739919
0.260000 12.176845 4.038074
0.280000 12.982196 4.333242
0.300000 13.761468 4.625270
0.320000 14.513788 4.914012
0.340000 15.238437 5.199339
0.360000 15.934844 5.481129
0.380000 16.602587 5.759274
0.400000 17.241379 6.033679
0.420000 17.851071 6.304259
0.440000 18.431635 6.570939
0.460000 18.983163 6.833658
0.480000 19.505852 7.092362
0.500000 20.000000 7.347010
0.520000 20.465995 7.597569
0.540000 20.904305 7.844015
0.560000 21.315469 8.086334
0.580000 21.700090 8.324519
0.600000 22.058824 8.558570
0.620000 22.392372 8.788496
0.640000 22.701476 9.014312
0.660000 22.986904 9.236038
0.680000 23.249453 9.453701
0.700000 23.489933 9.667332
0.720000 23.709168 9.876967
0.740000 23.907987 10.082646
0.760000 24.087221 10.284415
0.780000 24.247700 10.482319
0.800000 24.390244 10.676411
0.820000 24.515666 10.866742
0.840000 24.624765 11.053368
0.860000 24.718326 11.236347
0.880000 24.797115 11.415737
0.900000 24.861878 11.591599
0.920000 24.913345 11.763994
0.940000 24.952219 11.932984
0.960000 24.979184 12.098632
0.980000 24.994899 12.261002
1.000000 25.000000 12.420157
1.020000 24.995099 12.576161
1.040000 24.980784 12.729077
1.060000 24.957619 12.878969
1.080000 24.926145 13.025899
1.100000 24.886878 13.169931
1.120000 24.840312 13.311125
1.140000 24.786919 13.449545
1.160000 24.727149 13.585250
1.180000 24.661428 13.718301
1.200000 24.590164 13.848756
1.220000 24.513744 13.976673
1.240000 24.432535 14.102110
1.260000 24.346885 14.225124
1.280000 24.257126 14.345769
1.300000 24.163569 14.464100
1.320000 24.066511 14.580170
1.340000 23.966233 14.694031
1.360000 23.862998 14.805734
1.380000 23.757058 14.915330
1.400000 23.648649 15.022867
1.420000 23.537992 15.128393
1.440000 23.425299 15.231956
1.460000 23.310768 15.333600
1.480000 23.194584 15.433372
1.500000 23.076923 15.531313
1.520000 22.957951 15.627468
1.540000 22.837822 15.721877
1.560000 22.716682 15.814581
1.580000 22.594669 15.905620
1.600000 22.471910 15.995033
1.620000 22.348527 16.082857
1.640000 22.224631 16.169130
1.660000 22.100330 16.253886
1.680000 21.975722 16.337161
1.700000 21.850900 16.418988
1.720000 21.725950 16.499402
1.740000 21.600953 16.578434
1.760000 21.475986 16.656116
1.780000 21.351118 16.732479
1.800000 21.226415 16.807552
1.820000 21.101939 16.881365
1.840000 20.977745 16.953945
1.860000 20.853888 17.025322
1.880000 20.730416 17.095521
1.900000 20.607375 17.164568
1.920000 20.484807 17.232490
1.940000 20.362751 17.299312
1.960000 20.241243 17.365056
1.980000 20.120315 17.429748
2.000000 20.000000 17.493410
2.020000 19.880324 17.556065
2.040000 19.761314 17.617734
2.060000 19.642993 17.678438
2.080000 19.525383 17.738199
2.100000 19.408503 17.797036
2.120000 19.292370 17.854970
2.140000 19.177002 17.912019
2.160000 19.062412 17.968201
2.180000 18.948613 18.023537
2.200000 18.835616 18.078042
2.220000 18.723433 18.131734
2.240000 18.612071 18.184631
2.260000 18.501539 18.236748
2.280000 18.391843 18.288101
2.300000 18.282989 18.338707
2.320000 18.174981 18.388580
2.340000 18.067824 18.437735
2.360000 17.961520 18.486187
2.380000 17.856071 18.533950
2.400000 17.751479 18.581037
2.420000 17.647745 18.627462
2.440000 17.544869 18.673239
2.460000 17.442850 18.718379
2.480000 17.341687 18.762895
2.500000 17.241379 18.806800
2.520000 17.141924 18.850105
2.540000 17.043320 18.892822
2.560000 16.945562 18.934962
2.580000 16.848649 18.976537
2.600000 16.752577 19.017556
2.620000 16.657342 19.058031
2.640000 16.562939 19.097971
2.660000 16.469365 19.137387
2.680000 16.376613 19.176289
2.700000 16.284680 19.214686
2.720000 16.193561 19.252587
2.740000 16.103249 19.290002
2.760000 16.013739 19.326939
2.780000 15.925026 19.363408
2.800000 15.837104 19.399415
2.820000 15.749966 19.434971
2.840000 15.663607 19.470083
2.860000 15.578021 19.504759
2.880000 15.493200 19.539006
2.900000 15.409139 19.572833
2.920000 15.325831 19.606247
2.940000 15.243270 19.639254
2.960000 15.161449 19.671862
2.980000 15.080361 19.704079
3.000000 15.000000 19.735910
3.020000 14.920359 19.767362
3.040000 14.841431 19.798442
3.060000 14.763210 19.829156
3.080000 14.685688 19.859511
3.100000 14.608860 19.889512
3.120000 14.532717 19.919165
3.140000 14.457254 19.948476
3.160000 14.382464 19.977452
3.180000 14.308340 20.006096
3.200000 14.234875 20.034415
3.220000 14.162063 20.062415
3.240000 14.089897 20.090100
3.260000 14.018370 20.117475
3.280000 13.947476 20.144546
3.300000 13.877208 20.171317
3.320000 13.807559 20.197794
3.340000 13.738524 20.223980
3.360000 13.670095 20.249881
3.380000 13.602267 20.275501
3.400000 13.535032 20.300844
3.420000 13.468385 20.325915
3.440000 13.402319 20.350717
3.460000 13.336828 20.375256
3.480000 13.271906 20.399536
3.500000 13.207547 20.423559
3.520000 13.143745 20.447330
3.540000 13.080493 20.470854
3.560000 13.017786 20.494133
3.580000 12.955618 20.517172
3.600000 12.893983 20.539973
3.620000 12.832875 20.562541
3.640000 12.772288 20.584879
3.660000 12.712218 20.606991
3.680000 12.652657 20.628879
3.700000 12.593601 20.650548
3.720000 12.535044 20.672000
3.740000 12.476981 20.693238
3.760000 12.419406 20.714266
3.780000 12.362314 20.735086
3.800000 12.305699 20.755702
3.820000 12.249557 20.776116
3.840000 12.193883 20.796332
3.860000 12.138670 20.816352
3.880000 12.083915 20.836179
3.900000 12.029611 20.855816
3.920000 11.975755 20.875265
3.940000 11.922341 20.894529
3.960000 11.869365 20.913610
3.980000 11.816821 20.932512
4.000000 11.764706 20.951236
4.020000 11.713014 20.969785
4.040000 11.661740 20.988161
4.060000 11.610881 21.006368
4.080000 11.560432 21.024406
4.100000 11.510387 21.042278
4.120000 11.460744 21.059988
4.140000 11.411497 21.077535
4.160000 11.362643 21.094924
4.180000 11.314177 21.112156
4.200000 11.266094 21.129232
4.220000 11.218392 21.146156
4.240000 11.171065 21.162929
4.260000 11.124110 21.179553
4.280000 11.077522 21.196030
4.300000 11.031298 21.212362
4.320000 10.985434 21.228551
4.340000 10.939926 21.244598
4.360000 10.894771 21.260506
4.380000 10.849963 21.276276
4.400000 10.805501 21.291910
4.420000 10.761380 21.307410
4.440000 10.717596 21.322777
4.460000 10.674147 21.338014
4.480000 10.631027 21.353120
4.500000 10.588235 21.368100
4.520000 10.545767 21.382953
4.540000 10.503618 21.397682
4.560000 10.461787 21.412287
4.580000 10.420269 21.426771
4.600000 10.379061 21.441136
4.620000 10.338161 21.455381
4.640000 10.297564 21.469510
4.660000 10.257268 21.483523
4.680000 10.217270 21.497421
4.700000 10.177566 21.511207
4.720000 10.138154 21.524881
4.740000 10.099030 21.538445
4.760000 10.060192 21.551899
4.780000 10.021637 21.565247
4.800000 9.983361 21.578488
4.820000 9.945362 21.591623
4.840000 9.907638 21.604655
4.860000 9.870185 21.617584
4.880000 9.833000 21.630412
4.900000 9.796082 21.643139
4.920000 9.759426 21.655767
4.940000 9.723031 21.668297
4.960000 9.686895 21.680731
4.980000 9.651013 21.693068
5.000000 9.615385 21.705311
5.020000 9.580006 21.717460
5.040000 9.544876 21.729516
5.060000 9.509991 21.741481
5.080000 9.475349 21.753355
5.100000 9.440948 21.765140
5.120000 9.406785 21.776837
5.140000 9.372857 21.788446
5.160000 9.339164 21.799968
5.180000 9.305701 21.811405
5.200000 9.272468 21.822757
5.220000 9.239461 21.834025
5.240000 9.206679 21.845210
5.260000 9.174120 21.856314
5.280000 9.141781 21.867336
5.300000 9.109660 21.878278
5.320000 9.077755 21.889141
5.340000 9.046064 21.899926
5.360000 9.014585 21.910633
5.380000 8.983316 21.921263
5.400000 8.952255 21.931817
5.420000 8.921400 21.942295
5.440000 8.890748 21.952700
5.460000 8.860299 21.963031
5.480000 8.830051 21.973289
5.500000 8.800000 21.983475
5.520000 8.770146 21.993589
5.540000 8.740486 22.003633
5.560000 8.711020 22.013607
5.580000 8.681744 22.023512
5.600000 8.652658 22.033349
5.620000 8.623759 22.043118
5.640000 8.595045 22.052819
5.660000 8.566516 22.062455
5.680000 8.538169 22.072024
5.700000 8.510003 22.081529
5.720000 8.482016 22.090969
5.740000 8.454206 22.100346
5.760000 8.426572 22.109659
5.780000 8.399112 22.118910
5.800000 8.371824 22.128099
5.820000 8.344708 22.137227
5.840000 8.317761 22.146294
5.860000 8.290982 22.155301
5.880000 8.264370 22.164249
5.900000 8.237922 22.173138
5.920000 8.211638 22.181969
5.940000 8.185516 22.190741
5.960000 8.159555 22.199457
5.980000 8.133753 22.208116
6.000000 8.108108 22.216719
6.020000 8.082620 22.225266
6.040000 8.057287 22.233759
6.060000 8.032107 22.242197
6.080000 8.007080 22.250581
6.100000 7.982204 22.258911
6.120000 7.957477 22.267189
6.140000 7.932899 22.275414
6.160000 7.908467 22.283587
6.180000 7.884182 22.291709
6.200000 7.860041 22.299780
6.220000 7.836043 22.307800
6.240000 7.812187 22.315770
6.260000 7.788472 22.323691
6.280000 7.764897 22.331562
6.300000 7.741460 22.339385
6.320000 7.718160 22.347160
6.340000 7.694997 22.354886
6.360000 7.671968 22.362566
6.380000 7.649073 22.370198
6.400000 7.626311 22.377784
6.420000 7.603680 22.385324
6.440000 7.581180 22.392819
6.460000 7.558809 22.400268
6.480000 7.536566 22.407672
6.500000 7.514451 22.415032
6.520000 7.492462 22.422347
6.540000 7.470597 22.429620
6.560000 7.448857 22.436848
6.580000 7.427240 22.444034
6.600000 7.405745 22.451178
6.620000 7.384371 22.458279
6.640000 7.363117 22.465338
6.660000 7.341982 22.472356
6.680000 7.320965 22.479334
6.700000 7.300065 22.486270
6.720000 7.279282 22.493166
6.740000 7.258613 22.500022
6.760000 7.238059 22.506838
6.780000 7.217619 22.513615
6.800000 7.197290 22.520354
6.820000 7.177074 22.527053
6.840000 7.156968 22.533714
6.860000 7.136972 22.540338
6.880000 7.117084 22.546923
6.900000 7.097305 22.553471
6.920000 7.077633 22.559983
6.940000 7.058067 22.566457
6.960000 7.038607 22.572895
6.980000 7.019252 22.579297
7.000000 7.000000 22.585663
7.020000 6.980851 22.591994
7.040000 6.961805 22.598290
7.060000 6.942860 22.604550
7.080000 6.924016 22.610776
7.100000 6.905271 22.616968
7.120000 6.886626 22.623125
7.140000 6.868079 22.629249
7.160000 6.849630 22.635339
7.180000 6.831277 22.641396
7.200000 6.813020 22.647420
7.220000 6.794859 22.653412
7.240000 6.776793 22.659370
7.260000 6.758820 22.665297
7.280000 6.740940 22.671192
7.300000 6.723153 22.677055
7.320000 6.705458 22.682887
7.340000 6.687854 22.688687
7.360000 6.670340 22.694457
7.380000 6.652916 22.700196
7.400000 6.635581 22.705905
7.420000 6.618334 22.711583
7.440000 6.601175 22.717231
7.460000 6.584104 22.722850
7.480000 6.567118 22.728439
7.500000 6.550218 22.733999
7.520000 6.533404 22.739530
7.540000 6.516674 22.745033
7.560000 6.500028 22.750506
7.580000 6.483465 22.755951
7.600000 6.466984 22.761369
7.620000 6.450586 22.766758
7.640000 6.434269 22.772119
7.660000 6.418034 22.777453
7.680000 6.401878 22.782760
7.700000 6.385802 22.788040
7.720000 6.369805 22.793292
7.740000 6.353887 22.798519
7.760000 6.338047 22.803718
7.780000 6.322284 22.808892
7.800000 6.306598 22.814039
7.820000 6.290988 22.819160
7.840000 6.275454 22.824256
7.860000 6.259995 22.829326
7.880000 6.244611 22.834371
7.900000 6.229301 22.839391
7.920000 6.214065 22.844386
7.940000 6.198902 22.849356
7.960000 6.183811 22.854302
7.980000 6.168793 22.859223
8.000000 6.153846 22.864120
8.020000 6.138970 22.868993
8.040000 6.124165 22.873843
8.060000 6.109430 22.878668
8.080000 6.094765 22.883470
8.100000 6.080168 22.888249
8.120000 6.065640 22.893004
8.140000 6.051181 22.897737
8.160000 6.036789 22.902447
8.180000 6.022464 22.907134
8.200000 6.008206 22.911798
8.220000 5.994015 22.916441
8.240000 5.979889 22.921061
8.260000 5.965829 22.925659
8.280000 5.951833 22.930235
8.300000 5.937902 22.934789
8.320000 5.924036 22.939322
8.340000 5.910232 22.943834
8.360000 5.896493 22.948324
8.380000 5.882815 22.952793
8.400000 5.869201 22.957241
8.420000 5.855648 22.961668
8.440000 5.842157 22.966075
8.460000 5.828726 22.970461
8.480000 5.815357 22.974827
8.500000 5.802048 22.979173
8.520000 5.788799 22.983498
8.540000 5.775609 22.987803
8.560000 5.762478 22.992089
8.580000 5.749406 22.996355
8.600000 5.736393 23.000601
8.620000 5.723437 23.004828
8.640000 5.710539 23.009036
8.660000 5.697698 23.013225
8.680000 5.684914 23.017394
8.700000 5.672187 23.021545
8.720000 5.659515 23.025677
8.740000 5.646900 23.029790
8.760000 5.634339 23.033884
8.780000 5.621834 23.037961
8.800000 5.609383 23.042019
8.820000 5.596987 23.046059
8.840000 5.584644 23.050080
8.860000 5.572355 23.054084
8.880000 5.560119 23.058070
8.900000 5.547937 23.062039
8.920000 5.535806 23.065990
8.940000 5.523729 23.069923
8.960000 5.511703 23.073839
8.980000 5.499728 23.077738
9.000000 5.487805 23.081620
9.020000 5.475933 23.085485
9.040000 5.464111 23.089333
9.060000 5.452340 23.093164
9.080000 5.440618 23.096979
9.100000 5.428946 23.100777
9.120000 5.417324 23.104558
9.140000 5.405751 23.108323
9.160000 5.394226 23.112072
9.180000 5.382750 23.115805
9.200000 5.371322 23.119522
9.220000 5.359942 23.123223
9.240000 5.348609 23.126908
9.260000 5.337323 23.130578
9.280000 5.326085 23.134231
9.300000 5.314893 23.137870
9.320000 5.303748 23.141492
9.340000 5.292648 23.145100
9.360000 5.281595 23.148692
9.380000 5.270587 23.152269
9.400000 5.259624 23.155831
9.420000 5.248706 23.159379
9.440000 5.237833 23.162911
9.460000 5.227004 23.166428
9.480000 5.216220 23.169931
9.500000 5.205479 23.173420
9.520000 5.194783 23.176894
9.540000 5.184129 23.180353
9.560000 5.173519 23.183798
9.580000 5.162951 23.187229
9.600000 5.152426 23.190646
9.620000 5.141943 23.194049
9.640000 5.131503 23.197437
9.660000 5.121104 23.200812
9.680000 5.110747 23.204174
9.700000 5.100431 23.207521
9.720000 5.090157 23.210855
9.740000 5.079923 23.214175
9.760000 5.069730 23.217482
9.780000 5.059577 23.220776
9.800000 5.049464 23.224056
9.820000 5.039391 23.227323
9.840000 5.029358 23.230577
9.860000 5.019365 23.233817
9.880000 5.009410 23.237045
9.900000 4.999495 23.240260
9.920000 4.989618 23.243462
9.940000 4.979780 23.246652
9.960000 4.969981 23.249828
9.980000 4.960219 23.252992
10.000000 4.950495 23.256144
10.020000 4.940809 23.259283
10.040000 4.931160 23.262410
10.060000 4.921549 23.265524
10.080000 4.911974 23.268627
10.100000 4.902437 23.271717
10.120000 4.892936 23.274795
10.140000 4.883471 23.277861
10.160000 4.874042 23.280915
10.180000 4.864650 23.283957
10.200000 4.855293 23.286987
10.220000 4.845972 23.290006
10.240000 4.836686 23.293013
10.260000 4.827436 23.296008
10.280000 4.818220 23.298992
10.300000 4.809039 23.301964
10.320000 4.799893 23.304925
10.340000 4.790781 23.307875
10.360000 4.781703 23.310813
10.380000 4.772660 23.313740
10.400000 4.763650 23.316656
10.420000 4.754673 23.319561
10.440000 4.745731 23.322455
10.460000 4.736821 23.325338
10.480000 4.727945 23.328210
10.500000 4.719101 23.331071
10.520000 4.710290 23.333922
10.540000 4.701512 23.336762
10.560000 4.692766 23.339591
10.580000 4.684052 23.342409
10.600000 4.675371 23.345217
10.620000 4.666721 23.348015
10.640000 4.658102 23.350802
10.660000 4.649516 23.353578
10.680000 4.640960 23.356345
10.700000 4.632436 23.359101
10.720000 4.623942 23.361847
10.740000 4.615480 23.364583
10.760000 4.607048 23.367309
10.780000 4.598647 23.370024
10.800000 4.590275 23.372730
10.820000 4.581934 23.375426
10.840000 4.573624 23.378112
10.860000 4.565342 23.380788
10.880000 4.557091 23.383455
10.900000 4.548869 23.386112
10.920000 4.540676 23.388759
10.940000 4.532513 23.391396
10.960000 4.524379 23.394024
10.980000 4.516273 23.396643
11.000000 4.508197 23.399252
11.020000 4.500149 23.401852
11.040000 4.492129 23.404442
11.060000 4.484138 23.407023
11.080000 4.476174 23.409595
11.100000 4.468239 23.412158
11.120000 4.460332 23.414711
11.140000 4.452452 23.417256
11.160000 4.444600 23.419791
11.180000 4.436776 23.422317
11.200000 4.428978 23.424835
11.220000 4.421208 23.427344
11.240000 4.413465 23.429843
11.260000 4.405748 23.432334
11.280000 4.398059 23.434816
11.300000 4.390396 23.437290
11.320000 4.382759 23.439755
11.340000 4.375149 23.442211
11.360000 4.367564 23.444658
11.380000 4.360006 23.447097
11.400000 4.352474 23.449528
11.420000 4.344968 23.451950
11.440000 4.337487 23.454364
11.460000 4.330032 23.456769
11.480000 4.322602 23.459166
11.500000 4.315197 23.461555
11.520000 4.307817 23.463936
11.540000 4.300463 23.466308
11.560000 4.293133 23.468673
11.580000 4.285828 23.471029
11.600000 4.278548 23.473377
11.620000 4.271293 23.475717
11.640000 4.264061 23.478049
11.660000 4.256854 23.480373
11.680000 4.249671 23.482689
11.700000 4.242512 23.484998
11.720000 4.235377 23.487299
11.740000 4.228266 23.489591
11.760000 4.221178 23.491876
11.780000 4.214114 23.494154
11.800000 4.207074 23.496424
11.820000 4.200056 23.498686
11.840000 4.193062 23.500940
11.860000 4.186091 23.503187
11.880000 4.179143 23.505427
11.900000 4.172218 23.507659
11.920000 4.165316 23.509883
11.940000 4.158436 23.512101
11.960000 4.151578 23.514311
11.980000 4.144744 23.516513
12.000000 4.137931 23.518708
12.020000 4.131141 23.520896
12.040000 4.124372 23.523077
12.060000 4.117626 23.525251
12.080000 4.110902 23.527417
12.100000 4.104199 23.529576
12.120000 4.097518 23.531729
12.140000 4.090859 23.533874
12.160000 4.084221 23.536012
12.180000 4.077604 23.538143
12.200000 4.071009 23.540268
12.220000 4.064435 23.542385
12.240000 4.057882 23.544496
12.260000 4.051350 23.546600
12.280000 4.044838 23.548696
12.300000 4.038348 23.550787
12.320000 4.031878 23.552870
12.340000 4.025429 23.554947
12.360000 4.019000 23.557017
12.380000 4.012591 23.559080
12.400000 4.006203 23.561137
12.420000 3.999835 23.563187
12.440000 3.993487 23.565231
12.460000 3.987159 23.567268
12.480000 3.980851 23.569299
12.500000 3.974563 23.571323
12.520000 3.968294 23.573341
12.540000 3.962045 23.575352
12.560000 3.955816 23.577357
12.580000 3.949606 23.579356
12.600000 3.943415 23.581348
12.620000 3.937244 23.583335
12.640000 3.931091 23.585314
12.660000 3.924958 23.587288
12.680000 3.918844 23.589256
12.700000 3.912749 23.591217
12.720000 3.906672 23.593172
12.740000 3.900615 23.595121
12.760000 3.894575 23.597064
12.780000 3.888555 23.599002
12.800000 3.882553 23.600933
12.820000 3.876569 23.602858
12.840000 3.870604 23.604777
12.860000 3.864656 23.606690
12.880000 3.858727 23.608597
12.900000 3.852816 23.610498
12.920000 3.846923 23.612394
12.940000 3.841048 23.614284
12.960000 3.835191 23.616168
12.980000 3.829351 23.618046
13.000000 3.823529 23.619918
13.020000 3.817725 23.621785
13.040000 3.811938 23.623646
13.060000 3.806169 23.625501
13.080000 3.800417 23.627351
13.100000 3.794682 23.629195
13.120000 3.788964 23.631034
13.140000 3.783263 23.632867
13.160000 3.777580 23.634694
13.180000 3.771913 23.636516
13.200000 3.766263 23.638332
13.220000 3.760630 23.640143
13.240000 3.755014 23.641949
13.260000 3.749415 23.643749
13.280000 3.743832 23.645544
13.300000 3.738265 23.647333
13.320000 3.732715 23.649117
13.340000 3.727181 23.650896
13.360000 3.721664 23.652669
13.380000 3.716163 23.654437
13.400000 3.710678 23.656200
13.420000 3.705209 23.657958
13.440000 3.699756 23.659710
13.460000 3.694319 23.661458
13.480000 3.688898 23.663200
13.500000 3.683492 23.664937
13.520000 3.678103 23.666669
13.540000 3.672729 23.668396
13.560000 3.667371 23.670117
13.580000 3.662028 23.671834
13.600000 3.656700 23.673546
13.620000 3.651388 23.675252
13.640000 3.646092 23.676954
13.660000 3.640810 23.678651
13.680000 3.635544 23.680343
13.700000 3.630293 23.682030
13.720000 3.625057 23.683712
13.740000 3.619836 23.685389
13.760000 3.614630 23.687061
13.780000 3.609439 23.688729
13.800000 3.604262 23.690392
13.820000 3.599101 23.692050
13.840000 3.593954 23.693703
13.860000 3.588822 23.695351
13.880000 3.583704 23.696995
13.900000 3.578600 23.698634
13.920000 3.573512 23.700268
13.940000 3.568437 23.701898
13.960000 3.563377 23.703523
13.980000 3.558331 23.705143
14.000000 3.553299 23.706759
14.020000 3.548282 23.708370
14.040000 3.543278 23.709977
14.060000 3.538289 23.711579
14.080000 3.533314 23.713177
14.100000 3.528352 23.714770
14.120000 3.523404 23.716358
14.140000 3.518470 23.717942
14.160000 3.513550 23.719522
14.180000 3.508643 23.721097
14.200000 3.503750 23.722668
14.220000 3.498871 23.724234
14.240000 3.494005 23.725796
14.260000 3.489153 23.727354
14.280000 3.484314 23.728907
14.300000 3.479488 23.730457
14.320000 3.474676 23.732001
14.340000 3.469876 23.733542
14.360000 3.465090 23.735078
14.380000 3.460318 23.736610
14.400000 3.455558 23.738137
14.420000 3.450811 23.739661
14.440000 3.446077 23.741180
14.460000 3.441356 23.742695
14.480000 3.436648 23.744206
14.500000 3.431953 23.745713
14.520000 3.427270 23.747216
14.540000 3.422600 23.748714
14.560000 3.417943 23.750209
14.580000 3.413298 23.751699
14.600000 3.408666 23.753185
14.620000 3.404047 23.754668
14.640000 3.399440 23.756146
14.660000 3.394845 23.757620
14.680000 3.390263 23.759090
14.700000 3.385693 23.760557
14.720000 3.381135 23.762019
14.740000 3.376589 23.763477
14.760000 3.372056 23.764932
14.780000 3.367534 23.766382
14.800000 3.363025 23.767829
14.820000 3.358528 23.769272
14.840000 3.354042 23.770710
14.860000 3.349569 23.772145
14.880000 3.345107 23.773577
14.900000 3.340657 23.775004
14.920000 3.336219 23.776427
14.940000 3.331793 23.777847
14.960000 3.327378 23.779263
14.980000 3.322975 23.780675
15.000000 3.318584 23.782084
15.020000 3.314204 23.783488
15.040000 3.309836 23.784889
15.060000 3.305479 23.786287
15.080000 3.301133 23.787680
15.100000 3.296799 23.789070
15.120000 3.292476 23.790457
15.140000 3.288165 23.791839
15.160000 3.283865 23.793218
15.180000 3.279575 23.794594
15.200000 3.275297 23.795965
15.220000 3.271030 23.797334
15.240000 3.266775 23.798698
15.260000 3.262530 23.800059
15.280000 3.258296 23.801417
15.300000 3.254073 23.802771
15.320000 3.249861 23.804121
15.340000 3.245660 23.805468
15.360000 3.241469 23.806812
15.380000 3.237290 23.808152
15.400000 3.233121 23.809488
15.420000 3.228962 23.810821
15.440000 3.224815 23.812151
15.460000 3.220678 23.813477
15.480000 3.216551 23.814800
15.500000 3.212435 23.816119
15.520000 3.208330 23.817436
15.540000 3.204235 23.818748
15.560000 3.200150 23.820057
15.580000 3.196076 23.821363
15.600000 3.192012 23.822666
15.620000 3.187958 23.823965
15.640000 3.183915 23.825261
15.660000 3.179881 23.826554
15.680000 3.175858 23.827844
15.700000 3.171845 23.829130
15.720000 3.167842 23.830413
15.740000 3.163850 23.831692
15.760000 3.159867 23.832969
15.780000 3.155894 23.834242
15.800000 3.151931 23.835512
15.820000 3.147978 23.836779
15.840000 3.144035 23.838042
15.860000 3.140102 23.839303
15.880000 3.136178 23.840560
15.900000 3.132264 23.841814
15.920000 3.128360 23.843065
15.940000 3.124466 23.844313
15.960000 3.120581 23.845558
15.980000 3.116706 23.846799
16.000000 3.112840 23.848038
16.020000 3.108984 23.849273
16.040000 3.105138 23.850506
16.060000 3.101301 23.851735
16.080000 3.097473 23.852961
16.100000 3.093655 23.854185
16.120000 3.089846 23.855405
16.140000 3.086047 23.856622
16.160000 3.082257 23.857836
16.180000 3.078476 23.859048
16.200000 3.074704 23.860256
16.220000 3.070941 23.861461
16.240000 3.067188 23.862664
16.260000 3.063444 23.863863
16.280000 3.059709 23.865060
16.300000 3.055983 23.866253
16.320000 3.052266 23.867444
16.340000 3.048558 23.868632
16.360000 3.044858 23.869816
16.380000 3.041168 23.870998
16.400000 3.037487 23.872177
16.420000 3.033815 23.873354
16.440000 3.030151 23.874527
16.460000 3.026496 23.875698
16.480000 3.022850 23.876865
16.500000 3.019213 23.878030
16.520000 3.015585 23.879192
16.540000 3.011965 23.880352
16.560000 3.008354 23.881508
16.580000 3.004751 23.882662
16.600000 3.001157 23.883813
16.620000 2.997572 23.884961
16.640000 2.993995 23.886107
16.660000 2.990426 23.887249
16.680000 2.986866 23.888389
16.700000 2.983315 23.889526
16.720000 2.979772 23.890661
16.740000 2.976237 23.891793
16.760000 2.972711 23.892922
16.780000 2.969193 23.894049
16.800000 2.965683 23.895172
16.820000 2.962181 23.896294
16.840000 2.958688 23.897412
16.860000 2.955203 23.898528
16.880000 2.951726 23.899641
16.900000 2.948257 23.900752
16.920000 2.944797 23.901860
16.940000 2.941344 23.902965
16.960000 2.937899 23.904068
16.980000 2.934463 23.905168
17.000000 2.931034 23.906266
17.020000 2.927614 23.907361
17.040000 2.924201 23.908453
17.060000 2.920797 23.909543
17.080000 2.917400 23.910631
17.100000 2.914011 23.911715
17.120000 2.910630 23.912798
17.140000 2.907257 23.913878
17.160000 2.903891 23.914955
17.180000 2.900534 23.916030
17.200000 2.897184 23.917102
17.220000 2.893841 23.918172
17.240000 2.890507 23.919239
17.260000 2.887180 23.920304
17.280000 2.883861 23.921367
17.300000 2.880549 23.922427
17.320000 2.877245 23.923484
17.340000 2.873948 23.924539
17.360000 2.870659 23.925592
17.380000 2.867377 23.926642
17.400000 2.864103 23.927690
17.420000 2.860837 23.928736
17.440000 2.857577 23.929779
17.460000 2.854325 23.930820
17.480000 2.851081 23.931858
17.500000 2.847844 23.932894
17.520000 2.844614 23.933928
17.540000 2.841391 23.934959
17.560000 2.838176 23.935988
17.580000 2.834968 23.937014
17.600000 2.831767 23.938039
17.620000 2.828574 23.939061
17.640000 2.825387 23.940080
17.660000 2.822208 23.941098
17.680000 2.819036 23.942113
17.700000 2.815871 23.943126
17.720000 2.812713 23.944136
17.740000 2.809562 23.945144
17.760000 2.806418 23.946150
17.780000 2.803281 23.947154
17.800000 2.800151 23.948156
17.820000 2.797028 23.949155
17.840000 2.793912 23.950152
17.860000 2.790803 23.951147
17.880000 2.787701 23.952139
17.900000 2.784605 23.953130
17.920000 2.781517 23.954118
17.940000 2.778435 23.955104
17.960000 2.775360 23.956087
17.980000 2.772292 23.957069
18.000000 2.769231 23.958048
18.020000 2.766176 23.959026
18.040000 2.763128 23.960001
18.060000 2.760087 23.960974
18.080000 2.757052 23.961945
18.100000 2.754025 23.962913
18.120000 2.751003 23.963880
18.140000 2.747989 23.964844
18.160000 2.744980 23.965806
18.180000 2.741979 23.966767
18.200000 2.738984 23.967725
18.220000 2.735995 23.968681
18.240000 2.733013 23.969634
18.260000 2.730038 23.970586
18.280000 2.727069 23.971536
18.300000 2.724106 23.972484
18.320000 2.721150 23.973429
18.340000 2.718200 23.974373
18.360000 2.715257 23.975314
18.380000 2.712319 23.976254
18.400000 2.709389 23.977191
18.420000 2.706464 23.978127
18.440000 2.703546 23.979060
18.460000 2.700634 23.979991
18.480000 2.697728 23.980921
18.500000 2.694829 23.981848
18.520000 2.691936 23.982773
18.540000 2.689049 23.983697
18.560000 2.686168 23.984618
18.580000 2.683293 23.985537
18.600000 2.680424 23.986455
18.620000 2.677562 23.987370
18.640000 2.674705 23.988284
18.660000 2.671855 23.989195
18.680000 2.669011 23.990105
18.700000 2.666172 23.991013
18.720000 2.663340 23.991918
18.740000 2.660514 23.992822
18.760000 2.657694 23.993724
18.780000 2.654879 23.994624
18.800000 2.652071 23.995522
18.820000 2.649268 23.996418
18.840000 2.646472 23.997313
18.860000 2.643681 23.998205
18.880000 2.640896 23.999095
18.900000 2.638117 23.999984
18.920000 2.635344 24.000871
18.940000 2.632577 24.001756
18.960000 2.629815 24.002639
18.980000 2.627059 24.003520
19.000000 2.624309 24.004399
19.020000 2.621565 24.005277
19.040000 2.618827 24.006152
19.060000 2.616094 24.007026
19.080000 2.613366 24.007898
19.100000 2.610645 24.008768
19.120000 2.607929 24.009636
19.140000 2.605219 24.010503
19.160000 2.602514 24.011368
19.180000 2.599815 24.012231
19.200000 2.597122 24.013092
19.220000 2.594434 24.013951
19.240000 2.591751 24.014809
19.260000 2.589074 24.015665
19.280000 2.586403 24.016519
19.300000 2.583737 24.017371
19.320000 2.581077 24.018221
19.340000 2.578422 24.019070
19.360000 2.575772 24.019917
19.380000 2.573128 24.020762
19.400000 2.570490 24.021606
19.420000 2.567856 24.022448
19.440000 2.565229 24.023288
19.460000 2.562606 24.024126
19.480000 2.559989 24.024963
19.500000 2.557377 24.025798
19.520000 2.554771 24.026631
19.540000 2.552169 24.027462
19.560000 2.549573 24.028292
19.580000 2.546983 24.029120
19.600000 2.544397 24.029947
19.620000 2.541817 24.030771
19.640000 2.539242 24.031594
19.660000 2.536672 24.032416
19.680000 2.534107 24.033236
19.700000 2.531548 24.034054
19.720000 2.528994 24.034870
19.740000 2.526444 24.035685
19.760000 2.523900 24.036498
19.780000 2.521361 24.037310
19.800000 2.518828 24.038119
19.820000 2.516299 24.038928
19.840000 2.513775 24.039734
19.860000 2.511256 24.040539
19.880000 2.508743 24.041343
19.900000 2.506234 24.042144
19.920000 2.503730 24.042945
19.940000 2.501232 24.043743
19.960000 2.498738 24.044540
19.980000 2.496249 24.045335
