-2.000000 -0.199501 0.000000
-1.998000 -0.199700 0.000000
-1.996000 -0.199899 0.000000
-1.994000 -0.200099 0.000000
-1.992000 -0.200298 0.000000
-1.990000 -0.200499 0.000000
-1.988000 -0.200699 0.000000
-1.986000 -0.200901 0.000000
-1.984000 -0.201102 0.000000
-1.982000 -0.201304 0.000000
-1.980000 -0.201506 0.000000
-1.978000 -0.201709 0.000000
-1.976000 -0.201912 0.000000
-1.974000 -0.202116 0.000000
-1.972000 -0.202319 0.000000
-1.970000 -0.202524 0.000000
-1.968000 -0.202729 0.000000
-1.966000 -0.202934 0.000000
-1.964000 -0.203139 0.000000
-1.962000 -0.203345 0.000000
-1.960000 -0.203552 0.000000
-1.958000 -0.203759 0.000000
-1.956000 -0.203966 0.000000
-1.954000 -0.204174 0.000000
-1.952000 -0.204382 0.000000
-1.950000 -0.204590 0.000000
-1.948000 -0.204799 0.000000
-1.946000 -0.205008 0.000000
-1.944000 -0.205218 0.000000
-1.942000 -0.205429 0.000000
-1.940000 -0.205639 0.000000
-1.938000 -0.205850 0.000000
-1.936000 -0.206062 0.000000
-1.934000 -0.206274 0.000000
-1.932000 -0.206486 0.000000
-1.930000 -0.206699 0.000000
-1.928000 -0.206912 0.000000
-1.926000 -0.207126 0.000000
-1.924000 -0.207340 0.000000
-1.922000 -0.207555 0.000000
-1.920000 -0.207770 0.000000
-1.918000 -0.207985 0.000000
-1.916000 -0.208201 0.000000
-1.914000 -0.208417 0.000000
-1.912000 -0.208634 0.000000
-1.910000 -0.208852 0.000000
-1.908000 -0.209069 0.000000
-1.906000 -0.209287 0.000000
-1.904000 -0.209506 0.000000
-1.902000 -0.209725 0.000000
-1.900000 -0.209945 0.000000
-1.898000 -0.210165 0.000000
-1.896000 -0.210385 0.000000
-1.894000 -0.210606 0.000000
-1.892000 -0.210828 0.000000
-1.890000 -0.211049 0.000000
-1.888000 -0.211272 0.000000
-1.886000 -0.211494 0.000000
-1.884000 -0.211718 0.000000
-1.882000 -0.211941 0.000000
-1.880000 -0.212166 0.000000
-1.878000 -0.212390 0.000000
-1.876000 -0.212615 0.000000
-1.874000 -0.212841 0.000000
-1.872000 -0.213067 0.000000
-1.870000 -0.213294 0.000000
-1.868000 -0.213521 0.000000
-1.866000 -0.213748 0.000000
-1.864000 -0.213976 0.000000
-1.862000 -0.214205 0.000000
-1.860000 -0.214434 0.000000
-1.858000 -0.214663 0.000000
-1.856000 -0.214893 0.000000
-1.854000 -0.215124 0.000000
-1.852000 -0.215355 0.000000
-1.850000 -0.215586 0.000000
-1.848000 -0.215818 0.000000
-1.846000 -0.216051 0.000000
-1.844000 -0.216284 0.000000
-1.842000 -0.216517 0.000000
-1.840000 -0.216751 0.000000
-1.838000 -0.216986 0.000000
-1.836000 -0.217221 0.000000
-1.834000 -0.217456 0.000000
-1.832000 -0.217692 0.000000
-1.830000 -0.217928 0.000000
-1.828000 -0.218166 0.000000
-1.826000 -0.218403 0.000000
-1.824000 -0.218641 0.000000
-1.822000 -0.218880 0.000000
-1.820000 -0.219119 0.000000
-1.818000 -0.219358 0.000000
-1.816000 -0.219598 0.000000
-1.814000 -0.219839 0.000000
-1.812000 -0.220080 0.000000
-1.810000 -0.220322 0.000000
-1.808000 -0.220564 0.000000
-1.806000 -0.220807 0.000000
-1.804000 -0.221050 0.000000
-1.802000 -0.221294 0.000000
-1.800000 -0.221538 0.000000
-1.798000 -0.221783 0.000000
-1.796000 -0.222029 0.000000
-1.794000 -0.222275 0.000000
-1.792000 -0.222521 0.000000
-1.790000 -0.222768 0.000000
-1.788000 -0.223016 0.000000
-1.786000 -0.223264 0.000000
-1.784000 -0.223513 0.000000
-1.782000 -0.223762 0.000000
-1.780000 -0.224012 0.000000
-1.778000 -0.224262 0.000000
-1.776000 -0.224513 0.000000
-1.774000 -0.224765 0.000000
-1.772000 -0.225017 0.000000
-1.770000 -0.225270 0.000000
-1.768000 -0.225523 0.000000
-1.766000 -0.225777 0.000000
-1.764000 -0.226031 0.000000
-1.762000 -0.226286 0.000000
-1.760000 -0.226541 0.000000
-1.758000 -0.226797 0.000000
-1.756000 -0.227054 0.000000
-1.754000 -0.227311 0.000000
-1.752000 -0.227569 0.000000
-1.750000 -0.227828 0.000000
-1.748000 -0.228086 0.000000
-1.746000 -0.228346 0.000000
-1.744000 -0.228606 0.000000
-1.742000 -0.228867 0.000000
-1.740000 -0.229128 0.000000
-1.738000 -0.229390 0.000000
-1.736000 -0.229653 0.000000
-1.734000 -0.229916 0.000000
-1.732000 -0.230180 0.000000
-1.730000 -0.230444 0.000000
-1.728000 -0.230709 0.000000
-1.726000 -0.230974 0.000000
-1.724000 -0.231241 0.000000
-1.722000 -0.231507 0.000000
-1.720000 -0.231775 0.000000
-1.718000 -0.232043 0.000000
-1.716000 -0.232311 0.000000
-1.714000 -0.232581 0.000000
-1.712000 -0.232850 0.000000
-1.710000 -0.233121 0.000000
-1.708000 -0.233392 0.000000
-1.706000 -0.233664 0.000000
-1.704000 -0.233936 0.000000
-1.702000 -0.234209 0.000000
-1.700000 -0.234483 0.000000
-1.698000 -0.234757 0.000000
-1.696000 -0.235032 0.000000
-1.694000 -0.235308 0.000000
-1.692000 -0.235584 0.000000
-1.690000 -0.235861 0.000000
-1.688000 -0.236138 0.000000
-1.686000 -0.236416 0.000000
-1.684000 -0.236695 0.000000
-1.682000 -0.236975 0.000000
-1.680000 -0.237255 0.000000
-1.678000 -0.237535 0.000000
-1.676000 -0.237817 0.000000
-1.674000 -0.238099 0.000000
-1.672000 -0.238382 0.000000
-1.670000 -0.238665 0.000000
-1.668000 -0.238949 0.000000
-1.666000 -0.239234 0.000000
-1.664000 -0.239520 0.000000
-1.662000 -0.239806 0.000000
-1.660000 -0.240093 0.000000
-1.658000 -0.240380 0.000000
-1.656000 -0.240668 0.000000
-1.654000 -0.240957 0.000000
-1.652000 -0.241247 0.000000
-1.650000 -0.241537 0.000000
-1.648000 -0.241828 0.000000
-1.646000 -0.242120 0.000000
-1.644000 -0.242412 0.000000
-1.642000 -0.242705 0.000000
-1.640000 -0.242999 0.000000
-1.638000 -0.243293 0.000000
-1.636000 -0.243589 0.000000
-1.634000 -0.243885 0.000000
-1.632000 -0.244181 0.000000
-1.630000 -0.244479 0.000000
-1.628000 -0.244777 0.000000
-1.626000 -0.245076 0.000000
-1.624000 -0.245375 0.000000
-1.622000 -0.245675 0.000000
-1.620000 -0.245976 0.000000
-1.618000 -0.246278 0.000000
-1.616000 -0.246581 0.000000
-1.614000 -0.246884 0.000000
-1.612000 -0.247188 0.000000
-1.610000 -0.247492 0.000000
-1.608000 -0.247798 0.000000
-1.606000 -0.248104 0.000000
-1.604000 -0.248411 0.000000
-1.602000 -0.248719 0.000000
-1.600000 -0.249027 0.000000
-1.598000 -0.249336 0.000000
-1.596000 -0.249646 0.000000
-1.594000 -0.249957 0.000000
-1.592000 -0.250269 0.000000
-1.590000 -0.250581 0.000000
-1.588000 -0.250894 0.000000
-1.586000 -0.251208 0.000000
-1.584000 -0.251523 0.000000
-1.582000 -0.251838 0.000000
-1.580000 -0.252154 0.000000
-1.578000 -0.252472 0.000000
-1.576000 -0.252789 0.000000
-1.574000 -0.253108 0.000000
-1.572000 -0.253427 0.000000
-1.570000 -0.253748 0.000000
-1.568000 -0.254069 0.000000
-1.566000 -0.254391 0.000000
-1.564000 -0.254713 0.000000
-1.562000 -0.255037 0.000000
-1.560000 -0.255361 0.000000
-1.558000 -0.255686 0.000000
-1.556000 -0.256012 0.000000
-1.554000 -0.256339 0.000000
-1.552000 -0.256666 0.000000
-1.550000 -0.256995 0.000000
-1.548000 -0.257324 0.000000
-1.546000 -0.257654 0.000000
-1.544000 -0.257985 0.000000
-1.542000 -0.258317 0.000000
-1.540000 -0.258650 0.000000
-1.538000 -0.258983 0.000000
-1.536000 -0.259318 0.000000
-1.534000 -0.259653 0.000000
-1.532000 -0.259989 0.000000
-1.530000 -0.260326 0.000000
-1.528000 -0.260664 0.000000
-1.526000 -0.261002 0.000000
-1.524000 -0.261342 0.000000
-1.522000 -0.261682 0.000000
-1.520000 -0.262024 0.000000
-1.518000 -0.262366 0.000000
-1.516000 -0.262709 0.000000
-1.514000 -0.263053 0.000000
-1.512000 -0.263398 0.000000
-1.510000 -0.263744 0.000000
-1.508000 -0.264091 0.000000
-1.506000 -0.264438 0.000000
-1.504000 -0.264787 0.000000
-1.502000 -0.265136 0.000000
-1.500000 -0.265487 0.000000
-1.498000 -0.265838 0.000000
-1.496000 -0.266190 0.000000
-1.494000 -0.266543 0.000000
-1.492000 -0.266898 0.000000
-1.490000 -0.267253 0.000000
-1.488000 -0.267609 0.000000
-1.486000 -0.267965 0.000000
-1.484000 -0.268323 0.000000
-1.482000 -0.268682 0.000000
-1.480000 -0.269042 0.000000
-1.478000 -0.269403 0.000000
-1.476000 -0.269764 0.000000
-1.474000 -0.270127 0.000000
-1.472000 -0.270491 0.000000
-1.470000 -0.270855 0.000000
-1.468000 -0.271221 0.000000
-1.466000 -0.271588 0.000000
-1.464000 -0.271955 0.000000
-1.462000 -0.272324 0.000000
-1.460000 -0.272693 0.000000
-1.458000 -0.273064 0.000000
-1.456000 -0.273435 0.000000
-1.454000 -0.273808 0.000000
-1.452000 -0.274182 0.000000
-1.450000 -0.274556 0.000000
-1.448000 -0.274932 0.000000
-1.446000 -0.275308 0.000000
-1.444000 -0.275686 0.000000
-1.442000 -0.276065 0.000000
-1.440000 -0.276445 0.000000
-1.438000 -0.276825 0.000000
-1.436000 -0.277207 0.000000
-1.434000 -0.277590 0.000000
-1.432000 -0.277974 0.000000
-1.430000 -0.278359 0.000000
-1.428000 -0.278745 0.000000
-1.426000 -0.279132 0.000000
-1.424000 -0.279520 0.000000
-1.422000 -0.279910 0.000000
-1.420000 -0.280300 0.000000
-1.418000 -0.280691 0.000000
-1.416000 -0.281084 0.000000
-1.414000 -0.281478 0.000000
-1.412000 -0.281872 0.000000
-1.410000 -0.282268 0.000000
-1.408000 -0.282665 0.000000
-1.406000 -0.283063 0.000000
-1.404000 -0.283462 0.000000
-1.402000 -0.283863 0.000000
-1.400000 -0.284264 0.000000
-1.398000 -0.284666 0.000000
-1.396000 -0.285070 0.000000
-1.394000 -0.285475 0.000000
-1.392000 -0.285881 0.000000
-1.390000 -0.286288 0.000000
-1.388000 -0.286696 0.000000
-1.386000 -0.287106 0.000000
-1.384000 -0.287516 0.000000
-1.382000 -0.287928 0.000000
-1.380000 -0.288341 0.000000
-1.378000 -0.288755 0.000000
-1.376000 -0.289170 0.000000
-1.374000 -0.289587 0.000000
-1.372000 -0.290005 0.000000
-1.370000 -0.290423 0.000000
-1.368000 -0.290844 0.000000
-1.366000 -0.291265 0.000000
-1.364000 -0.291687 0.000000
-1.362000 -0.292111 0.000000
-1.360000 -0.292536 0.000000
-1.358000 -0.292962 0.000000
-1.356000 -0.293390 0.000000
-1.354000 -0.293818 0.000000
-1.352000 -0.294248 0.000000
-1.350000 -0.294679 0.000000
-1.348000 -0.295112 0.000000
-1.346000 -0.295546 0.000000
-1.344000 -0.295980 0.000000
-1.342000 -0.296417 0.000000
-1.340000 -0.296854 0.000000
-1.338000 -0.297293 0.000000
-1.336000 -0.297733 0.000000
-1.334000 -0.298175 0.000000
-1.332000 -0.298617 0.000000
-1.330000 -0.299061 0.000000
-1.328000 -0.299507 0.000000
-1.326000 -0.299953 0.000000
-1.324000 -0.300401 0.000000
-1.322000 -0.300850 0.000000
-1.320000 -0.301301 0.000000
-1.318000 -0.301753 0.000000
-1.316000 -0.302206 0.000000
-1.314000 -0.302661 0.000000
-1.312000 -0.303117 0.000000
-1.310000 -0.303575 0.000000
-1.308000 -0.304033 0.000000
-1.306000 -0.304493 0.000000
-1.304000 -0.304955 0.000000
-1.302000 -0.305418 0.000000
-1.300000 -0.305882 0.000000
-1.298000 -0.306348 0.000000
-1.296000 -0.306815 0.000000
-1.294000 -0.307284 0.000000
-1.292000 -0.307754 0.000000
-1.290000 -0.308225 0.000000
-1.288000 -0.308698 0.000000
-1.286000 -0.309173 0.000000
-1.284000 -0.309648 0.000000
-1.282000 -0.310126 0.000000
-1.280000 -0.310604 0.000000
-1.278000 -0.311084 0.000000
-1.276000 -0.311566 0.000000
-1.274000 -0.312049 0.000000
-1.272000 -0.312534 0.000000
-1.270000 -0.313020 0.000000
-1.268000 -0.313508 0.000000
-1.266000 -0.313997 0.000000
-1.264000 -0.314487 0.000000
-1.262000 -0.314979 0.000000
-1.260000 -0.315473 0.000000
-1.258000 -0.315968 0.000000
-1.256000 -0.316465 0.000000
-1.254000 -0.316964 0.000000
-1.252000 -0.317464 0.000000
-1.250000 -0.317965 0.000000
-1.248000 -0.318468 0.000000
-1.246000 -0.318973 0.000000
-1.244000 -0.319479 0.000000
-1.242000 -0.319987 0.000000
-1.240000 -0.320496 0.000000
-1.238000 -0.321007 0.000000
-1.236000 -0.321520 0.000000
-1.234000 -0.322034 0.000000
-1.232000 -0.322550 0.000000
-1.230000 -0.323068 0.000000
-1.228000 -0.323587 0.000000
-1.226000 -0.324108 0.000000
-1.224000 -0.324631 0.000000
-1.222000 -0.325155 0.000000
-1.220000 -0.325681 0.000000
-1.218000 -0.326208 0.000000
-1.216000 -0.326738 0.000000
-1.214000 -0.327269 0.000000
-1.212000 -0.327801 0.000000
-1.210000 -0.328336 0.000000
-1.208000 -0.328872 0.000000
-1.206000 -0.329410 0.000000
-1.204000 -0.329950 0.000000
-1.202000 -0.330491 0.000000
-1.200000 -0.331034 0.000000
-1.198000 -0.331579 0.000000
-1.196000 -0.332126 0.000000
-1.194000 -0.332675 0.000000
-1.192000 -0.333225 0.000000
-1.190000 -0.333777 0.000000
-1.188000 -0.334331 0.000000
-1.186000 -0.334887 0.000000
-1.184000 -0.335445 0.000000
-1.182000 -0.336005 0.000000
-1.180000 -0.336566 0.000000
-1.178000 -0.337129 0.000000
-1.176000 -0.337694 0.000000
-1.174000 -0.338261 0.000000
-1.172000 -0.338830 0.000000
-1.170000 -0.339401 0.000000
-1.168000 -0.339974 0.000000
-1.166000 -0.340548 0.000000
-1.164000 -0.341125 0.000000
-1.162000 -0.341703 0.000000
-1.160000 -0.342284 0.000000
-1.158000 -0.342866 0.000000
-1.156000 -0.343451 0.000000
-1.154000 -0.344037 0.000000
-1.152000 -0.344625 0.000000
-1.150000 -0.345216 0.000000
-1.148000 -0.345808 0.000000
-1.146000 -0.346403 0.000000
-1.144000 -0.346999 0.000000
-1.142000 -0.347597 0.000000
-1.140000 -0.348198 0.000000
-1.138000 -0.348801 0.000000
-1.136000 -0.349405 0.000000
-1.134000 -0.350012 0.000000
-1.132000 -0.350621 0.000000
-1.130000 -0.351232 0.000000
-1.128000 -0.351845 0.000000
-1.126000 -0.352460 0.000000
-1.124000 -0.353077 0.000000
-1.122000 -0.353697 0.000000
-1.120000 -0.354318 0.000000
-1.118000 -0.354942 0.000000
-1.116000 -0.355568 0.000000
-1.114000 -0.356196 0.000000
-1.112000 -0.356827 0.000000
-1.110000 -0.357459 0.000000
-1.108000 -0.358094 0.000000
-1.106000 -0.358731 0.000000
-1.104000 -0.359370 0.000000
-1.102000 -0.360012 0.000000
-1.100000 -0.360656 0.000000
-1.098000 -0.361302 0.000000
-1.096000 -0.361950 0.000000
-1.094000 -0.362601 0.000000
-1.092000 -0.363254 0.000000
-1.090000 -0.363910 0.000000
-1.088000 -0.364567 0.000000
-1.086000 -0.365227 0.000000
-1.084000 -0.365890 0.000000
-1.082000 -0.366555 0.000000
-1.080000 -0.367222 0.000000
-1.078000 -0.367892 0.000000
-1.076000 -0.368564 0.000000
-1.074000 -0.369238 0.000000
-1.072000 -0.369915 0.000000
-1.070000 -0.370595 0.000000
-1.068000 -0.371277 0.000000
-1.066000 -0.371961 0.000000
-1.064000 -0.372648 0.000000
-1.062000 -0.373338 0.000000
-1.060000 -0.374030 0.000000
-1.058000 -0.374724 0.000000
-1.056000 -0.375421 0.000000
-1.054000 -0.376121 0.000000
-1.052000 -0.376823 0.000000
-1.050000 -0.377528 0.000000
-1.048000 -0.378236 0.000000
-1.046000 -0.378946 0.000000
-1.044000 -0.379658 0.000000
-1.042000 -0.380374 0.000000
-1.040000 -0.381092 0.000000
-1.038000 -0.381813 0.000000
-1.036000 -0.382536 0.000000
-1.034000 -0.383262 0.000000
-1.032000 -0.383991 0.000000
-1.030000 -0.384723 0.000000
-1.028000 -0.385458 0.000000
-1.026000 -0.386195 0.000000
-1.024000 -0.386935 0.000000
-1.022000 -0.387678 0.000000
-1.020000 -0.388423 0.000000
-1.018000 -0.389172 0.000000
-1.016000 -0.389923 0.000000
-1.014000 -0.390678 0.000000
-1.012000 -0.391435 0.000000
-1.010000 -0.392195 0.000000
-1.008000 -0.392958 0.000000
-1.006000 -0.393724 0.000000
-1.004000 -0.394493 0.000000
-1.002000 -0.395265 0.000000
-1.000000 -0.396040 0.000000
-0.998000 -0.396818 0.000000
-0.996000 -0.397598 0.000000
-0.994000 -0.398382 0.000000
-0.992000 -0.399169 0.000000
-0.990000 -0.399960 0.000000
-0.988000 -0.400753 0.000000
-0.986000 -0.401549 0.000000
-0.984000 -0.402349 0.000000
-0.982000 -0.403151 0.000000
-0.980000 -0.403957 0.000000
-0.978000 -0.404766 0.000000
-0.976000 -0.405578 0.000000
-0.974000 -0.406394 0.000000
-0.972000 -0.407213 0.000000
-0.970000 -0.408034 0.000000
-0.968000 -0.408860 0.000000
-0.966000 -0.409688 0.000000
-0.964000 -0.410520 0.000000
-0.962000 -0.411355 0.000000
-0.960000 -0.412194 0.000000
-0.958000 -0.413036 0.000000
-0.956000 -0.413881 0.000000
-0.954000 -0.414730 0.000000
-0.952000 -0.415583 0.000000
-0.950000 -0.416438 0.000000
-0.948000 -0.417298 0.000000
-0.946000 -0.418160 0.000000
-0.944000 -0.419027 0.000000
-0.942000 -0.419896 0.000000
-0.940000 -0.420770 0.000000
-0.938000 -0.421647 0.000000
-0.936000 -0.422528 0.000000
-0.934000 -0.423412 0.000000
-0.932000 -0.424300 0.000000
-0.930000 -0.425191 0.000000
-0.928000 -0.426087 0.000000
-0.926000 -0.426986 0.000000
-0.924000 -0.427889 0.000000
-0.922000 -0.428795 0.000000
-0.920000 -0.429706 0.000000
-0.918000 -0.430620 0.000000
-0.916000 -0.431538 0.000000
-0.914000 -0.432460 0.000000
-0.912000 -0.433386 0.000000
-0.910000 -0.434316 0.000000
-0.908000 -0.435249 0.000000
-0.906000 -0.436187 0.000000
-0.904000 -0.437129 0.000000
-0.902000 -0.438075 0.000000
-0.900000 -0.439024 0.000000
-0.898000 -0.439978 0.000000
-0.896000 -0.440936 0.000000
-0.894000 -0.441898 0.000000
-0.892000 -0.442865 0.000000
-0.890000 -0.443835 0.000000
-0.888000 -0.444810 0.000000
-0.886000 -0.445788 0.000000
-0.884000 -0.446772 0.000000
-0.882000 -0.447759 0.000000
-0.880000 -0.448751 0.000000
-0.878000 -0.449747 0.000000
-0.876000 -0.450747 0.000000
-0.874000 -0.451752 0.000000
-0.872000 -0.452761 0.000000
-0.870000 -0.453775 0.000000
-0.868000 -0.454793 0.000000
-0.866000 -0.455816 0.000000
-0.864000 -0.456843 0.000000
-0.862000 -0.457875 0.000000
-0.860000 -0.458911 0.000000
-0.858000 -0.459953 0.000000
-0.856000 -0.460998 0.000000
-0.854000 -0.462049 0.000000
-0.852000 -0.463104 0.000000
-0.850000 -0.464164 0.000000
-0.848000 -0.465229 0.000000
-0.846000 -0.466298 0.000000
-0.844000 -0.467373 0.000000
-0.842000 -0.468452 0.000000
-0.840000 -0.469536 0.000000
-0.838000 -0.470625 0.000000
-0.836000 -0.471719 0.000000
-0.834000 -0.472819 0.000000
-0.832000 -0.473923 0.000000
-0.830000 -0.475032 0.000000
-0.828000 -0.476147 0.000000
-0.826000 -0.477266 0.000000
-0.824000 -0.478391 0.000000
-0.822000 -0.479521 0.000000
-0.820000 -0.480657 0.000000
-0.818000 -0.481797 0.000000
-0.816000 -0.482943 0.000000
-0.814000 -0.484094 0.000000
-0.812000 -0.485251 0.000000
-0.810000 -0.486413 0.000000
-0.808000 -0.487581 0.000000
-0.806000 -0.488754 0.000000
-0.804000 -0.489933 0.000000
-0.802000 -0.491118 0.000000
-0.800000 -0.492308 0.000000
-0.798000 -0.493503 0.000000
-0.796000 -0.494705 0.000000
-0.794000 -0.495912 0.000000
-0.792000 -0.497125 0.000000
-0.790000 -0.498344 0.000000
-0.788000 -0.499569 0.000000
-0.786000 -0.500800 0.000000
-0.784000 -0.502036 0.000000
-0.782000 -0.503279 0.000000
-0.780000 -0.504528 0.000000
-0.778000 -0.505783 0.000000
-0.776000 -0.507044 0.000000
-0.774000 -0.508311 0.000000
-0.772000 -0.509584 0.000000
-0.770000 -0.510864 0.000000
-0.768000 -0.512150 0.000000
-0.766000 -0.513443 0.000000
-0.764000 -0.514742 0.000000
-0.762000 -0.516047 0.000000
-0.760000 -0.517359 0.000000
-0.758000 -0.518677 0.000000
-0.756000 -0.520002 0.000000
-0.754000 -0.521334 0.000000
-0.752000 -0.522672 0.000000
-0.750000 -0.524017 0.000000
-0.748000 -0.525369 0.000000
-0.746000 -0.526728 0.000000
-0.744000 -0.528094 0.000000
-0.742000 -0.529467 0.000000
-0.740000 -0.530846 0.000000
-0.738000 -0.532233 0.000000
-0.736000 -0.533627 0.000000
-0.734000 -0.535028 0.000000
-0.732000 -0.536437 0.000000
-0.730000 -0.537852 0.000000
-0.728000 -0.539275 0.000000
-0.726000 -0.540706 0.000000
-0.724000 -0.542143 0.000000
-0.722000 -0.543589 0.000000
-0.720000 -0.545042 0.000000
-0.718000 -0.546502 0.000000
-0.716000 -0.547970 0.000000
-0.714000 -0.549446 0.000000
-0.712000 -0.550930 0.000000
-0.710000 -0.552422 0.000000
-0.708000 -0.553921 0.000000
-0.706000 -0.555429 0.000000
-0.704000 -0.556944 0.000000
-0.702000 -0.558468 0.000000
-0.700000 -0.560000 0.000000
-0.698000 -0.561540 0.000000
-0.696000 -0.563089 0.000000
-0.694000 -0.564645 0.000000
-0.692000 -0.566211 0.000000
-0.690000 -0.567784 0.000000
-0.688000 -0.569367 0.000000
-0.686000 -0.570958 0.000000
-0.684000 -0.572557 0.000000
-0.682000 -0.574166 0.000000
-0.680000 -0.575783 0.000000
-0.678000 -0.577409 0.000000
-0.676000 -0.579045 0.000000
-0.674000 -0.580689 0.000000
-0.672000 -0.582343 0.000000
-0.670000 -0.584005 0.000000
-0.668000 -0.585677 0.000000
-0.666000 -0.587359 0.000000
-0.664000 -0.589049 0.000000
-0.662000 -0.590750 0.000000
-0.660000 -0.592460 0.000000
-0.658000 -0.594179 0.000000
-0.656000 -0.595909 0.000000
-0.654000 -0.597648 0.000000
-0.652000 -0.599397 0.000000
-0.650000 -0.601156 0.000000
-0.648000 -0.602925 0.000000
-0.646000 -0.604705 0.000000
-0.644000 -0.606494 0.000000
-0.642000 -0.608294 0.000000
-0.640000 -0.610105 0.000000
-0.638000 -0.611926 0.000000
-0.636000 -0.613757 0.000000
-0.634000 -0.615600 0.000000
-0.632000 -0.617453 0.000000
-0.630000 -0.619317 0.000000
-0.628000 -0.621192 0.000000
-0.626000 -0.623078 0.000000
-0.624000 -0.624975 0.000000
-0.622000 -0.626883 0.000000
-0.620000 -0.628803 0.000000
-0.618000 -0.630735 0.000000
-0.616000 -0.632677 0.000000
-0.614000 -0.634632 0.000000
-0.612000 -0.636598 0.000000
-0.610000 -0.638576 0.000000
-0.608000 -0.640566 0.000000
-0.606000 -0.642569 0.000000
-0.604000 -0.644583 0.000000
-0.602000 -0.646610 0.000000
-0.600000 -0.648649 0.000000
-0.598000 -0.650700 0.000000
-0.596000 -0.652764 0.000000
-0.594000 -0.654841 0.000000
-0.592000 -0.656931 0.000000
-0.590000 -0.659034 0.000000
-0.588000 -0.661150 0.000000
-0.586000 -0.663279 0.000000
-0.584000 -0.665421 0.000000
-0.582000 -0.667577 0.000000
-0.580000 -0.669746 0.000000
-0.578000 -0.671929 0.000000
-0.576000 -0.674126 0.000000
-0.574000 -0.676336 0.000000
-0.572000 -0.678561 0.000000
-0.570000 -0.680800 0.000000
-0.568000 -0.683054 0.000000
-0.566000 -0.685321 0.000000
-0.564000 -0.687604 0.000000
-0.562000 -0.689901 0.000000
-0.560000 -0.692213 0.000000
-0.558000 -0.694540 0.000000
-0.556000 -0.696882 0.000000
-0.554000 -0.699239 0.000000
-0.552000 -0.701612 0.000000
-0.550000 -0.704000 0.000000
-0.548000 -0.706404 0.000000
-0.546000 -0.708824 0.000000
-0.544000 -0.711260 0.000000
-0.542000 -0.713712 0.000000
-0.540000 -0.716180 0.000000
-0.538000 -0.718665 0.000000
-0.536000 -0.721167 0.000000
-0.534000 -0.723685 0.000000
-0.532000 -0.726220 0.000000
-0.530000 -0.728773 0.000000
-0.528000 -0.731342 0.000000
-0.526000 -0.733930 0.000000
-0.524000 -0.736534 0.000000
-0.522000 -0.739157 0.000000
-0.520000 -0.741797 0.000000
-0.518000 -0.744456 0.000000
-0.516000 -0.747133 0.000000
-0.514000 -0.749829 0.000000
-0.512000 -0.752543 0.000000
-0.510000 -0.755276 0.000000
-0.508000 -0.758028 0.000000
-0.506000 -0.760799 0.000000
-0.504000 -0.763590 0.000000
-0.502000 -0.766401 0.000000
-0.500000 -0.769231 0.000000
-0.498000 -0.772081 0.000000
-0.496000 -0.774952 0.000000
-0.494000 -0.777843 0.000000
-0.492000 -0.780754 0.000000
-0.490000 -0.783687 0.000000
-0.488000 -0.786640 0.000000
-0.486000 -0.789615 0.000000
-0.484000 -0.792611 0.000000
-0.482000 -0.795629 0.000000
-0.480000 -0.798669 0.000000
-0.478000 -0.801731 0.000000
-0.476000 -0.804815 0.000000
-0.474000 -0.807922 0.000000
-0.472000 -0.811052 0.000000
-0.470000 -0.814205 0.000000
-0.468000 -0.817382 0.000000
-0.466000 -0.820581 0.000000
-0.464000 -0.823805 0.000000
-0.462000 -0.827053 0.000000
-0.460000 -0.830325 0.000000
-0.458000 -0.833622 0.000000
-0.456000 -0.836943 0.000000
-0.454000 -0.840289 0.000000
-0.452000 -0.843661 0.000000
-0.450000 -0.847059 0.000000
-0.448000 -0.850482 0.000000
-0.446000 -0.853932 0.000000
-0.444000 -0.857408 0.000000
-0.442000 -0.860910 0.000000
-0.440000 -0.864440 0.000000
-0.438000 -0.867997 0.000000
-0.436000 -0.871582 0.000000
-0.434000 -0.875194 0.000000
-0.432000 -0.878835 0.000000
-0.430000 -0.882504 0.000000
-0.428000 -0.886202 0.000000
-0.426000 -0.889929 0.000000
-0.424000 -0.893685 0.000000
-0.422000 -0.897471 0.000000
-0.420000 -0.901288 0.000000
-0.418000 -0.905134 0.000000
-0.416000 -0.909011 0.000000
-0.414000 -0.912920 0.000000
-0.412000 -0.916860 0.000000
-0.410000 -0.920831 0.000000
-0.408000 -0.924835 0.000000
-0.406000 -0.928870 0.000000
-0.404000 -0.932939 0.000000
-0.402000 -0.937041 0.000000
-0.400000 -0.941176 0.000000
-0.398000 -0.945346 0.000000
-0.396000 -0.949549 0.000000
-0.394000 -0.953787 0.000000
-0.392000 -0.958060 0.000000
-0.390000 -0.962369 0.000000
-0.388000 -0.966713 0.000000
-0.386000 -0.971094 0.000000
-0.384000 -0.975511 0.000000
-0.382000 -0.979965 0.000000
-0.380000 -0.984456 0.000000
-0.378000 -0.988985 0.000000
-0.376000 -0.993552 0.000000
-0.374000 -0.998158 0.000000
-0.372000 -1.002804 0.000000
-0.370000 -1.007488 0.000000
-0.368000 -1.012213 0.000000
-0.366000 -1.016977 0.000000
-0.364000 -1.021783 0.000000
-0.362000 -1.026630 0.000000
-0.360000 -1.031519 0.000000
-0.358000 -1.036449 0.000000
-0.356000 -1.041423 0.000000
-0.354000 -1.046439 0.000000
-0.352000 -1.051500 0.000000
-0.350000 -1.056604 0.000000
-0.348000 -1.061753 0.000000
-0.346000 -1.066946 0.000000
-0.344000 -1.072186 0.000000
-0.342000 -1.077471 0.000000
-0.340000 -1.082803 0.000000
-0.338000 -1.088181 0.000000
-0.336000 -1.093608 0.000000
-0.334000 -1.099082 0.000000
-0.332000 -1.104605 0.000000
-0.330000 -1.110177 0.000000
-0.328000 -1.115798 0.000000
-0.326000 -1.121470 0.000000
-0.324000 -1.127192 0.000000
-0.322000 -1.132965 0.000000
-0.320000 -1.138790 0.000000
-0.318000 -1.144667 0.000000
-0.316000 -1.150597 0.000000
-0.314000 -1.156580 0.000000
-0.312000 -1.162617 0.000000
-0.310000 -1.168709 0.000000
-0.308000 -1.174855 0.000000
-0.306000 -1.181057 0.000000
-0.304000 -1.187314 0.000000
-0.302000 -1.193629 0.000000
-0.300000 -1.200000 0.000000
-0.298000 -1.206429 0.000000
-0.296000 -1.212916 0.000000
-0.294000 -1.219462 0.000000
-0.292000 -1.226067 0.000000
-0.290000 -1.232731 0.000000
-0.288000 -1.239456 0.000000
-0.286000 -1.246242 0.000000
-0.284000 -1.253089 0.000000
-0.282000 -1.259997 0.000000
-0.280000 -1.266968 0.000000
-0.278000 -1.274002 0.000000
-0.276000 -1.281099 0.000000
-0.274000 -1.288260 0.000000
-0.272000 -1.295485 0.000000
-0.270000 -1.302774 0.000000
-0.268000 -1.310129 0.000000
-0.266000 -1.317549 0.000000
-0.264000 -1.325035 0.000000
-0.262000 -1.332587 0.000000
-0.260000 -1.340206 0.000000
-0.258000 -1.347892 0.000000
-0.256000 -1.355645 0.000000
-0.254000 -1.363466 0.000000
-0.252000 -1.371354 0.000000
-0.250000 -1.379310 0.000000
-0.248000 -1.387335 0.000000
-0.246000 -1.395428 0.000000
-0.244000 -1.403590 0.000000
-0.242000 -1.411820 0.000000
-0.240000 -1.420118 0.000000
-0.238000 -1.428486 0.000000
-0.236000 -1.436922 0.000000
-0.234000 -1.445426 0.000000
-0.232000 -1.453998 0.000000
-0.230000 -1.462639 0.000000
-0.228000 -1.471347 0.000000
-0.226000 -1.480123 0.000000
-0.224000 -1.488966 0.000000
-0.222000 -1.497875 0.000000
-0.220000 -1.506849 0.000000
-0.218000 -1.515889 0.000000
-0.216000 -1.524993 0.000000
-0.214000 -1.534160 0.000000
-0.212000 -1.543390 0.000000
-0.210000 -1.552680 0.000000
-0.208000 -1.562031 0.000000
-0.206000 -1.571439 0.000000
-0.204000 -1.580905 0.000000
-0.202000 -1.590426 0.000000
-0.200000 -1.600000 0.000000
-0.198000 -1.609625 0.000000
-0.196000 -1.619299 0.000000
-0.194000 -1.629020 0.000000
-0.192000 -1.638785 0.000000
-0.190000 -1.648590 0.000000
-0.188000 -1.658433 0.000000
-0.186000 -1.668311 0.000000
-0.184000 -1.678220 0.000000
-0.182000 -1.688155 0.000000
-0.180000 -1.698113 0.000000
-0.178000 -1.708089 0.000000
-0.176000 -1.718079 0.000000
-0.174000 -1.728076 0.000000
-0.172000 -1.738076 0.000000
-0.170000 -1.748072 0.000000
-0.168000 -1.758058 0.000000
-0.166000 -1.768026 0.000000
-0.164000 -1.777971 0.000000
-0.162000 -1.787882 0.000000
-0.160000 -1.797753 0.000000
-0.158000 -1.807574 0.000000
-0.156000 -1.817335 0.000000
-0.154000 -1.827026 0.000000
-0.152000 -1.836636 0.000000
-0.150000 -1.846154 0.000000
-0.148000 -1.855567 0.000000
-0.146000 -1.864861 0.000000
-0.144000 -1.874024 0.000000
-0.142000 -1.883039 0.000000
-0.140000 -1.891892 0.000000
-0.138000 -1.900565 0.000000
-0.136000 -1.909040 0.000000
-0.134000 -1.917299 0.000000
-0.132000 -1.925321 0.000000
-0.130000 -1.933086 0.000000
-0.128000 -1.940570 0.000000
-0.126000 -1.947751 0.000000
-0.124000 -1.954603 0.000000
-0.122000 -1.961100 0.000000
-0.120000 -1.967213 0.000000
-0.118000 -1.972914 0.000000
-0.116000 -1.978172 0.000000
-0.114000 -1.982954 0.000000
-0.112000 -1.987225 0.000000
-0.110000 -1.990950 0.000000
-0.108000 -1.994092 0.000000
-0.106000 -1.996610 0.000000
-0.104000 -1.998463 0.000000
-0.102000 -1.999608 0.000000
-0.100000 -2.000000 0.000000
-0.098000 -1.999592 0.000000
-0.096000 -1.998335 0.000000
-0.094000 -1.996178 0.000000
-0.092000 -1.993068 0.000000
-0.090000 -1.988950 0.000000
-0.088000 -1.983769 0.000000
-0.086000 -1.977466 0.000000
-0.084000 -1.969981 0.000000
-0.082000 -1.961253 0.000000
-0.080000 -1.951220 0.000000
-0.078000 -1.939816 0.000000
-0.076000 -1.926978 0.000000
-0.074000 -1.912639 0.000000
-0.072000 -1.896733 0.000000
-0.070000 -1.879195 0.000000
-0.068000 -1.859956 0.000000
-0.066000 -1.838952 0.000000
-0.064000 -1.816118 0.000000
-0.062000 -1.791390 0.000000
-0.060000 -1.764706 0.000000
-0.058000 -1.736007 0.000000
-0.056000 -1.705238 0.000000
-0.054000 -1.672344 0.000000
-0.052000 -1.637280 0.000000
-0.050000 -1.600000 0.000000
-0.048000 -1.560468 0.000000
-0.046000 -1.518653 0.000000
-0.044000 -1.474531 0.000000
-0.042000 -1.428086 0.000000
-0.040000 -1.379310 0.000000
-0.038000 -1.328207 0.000000
-0.036000 -1.274788 0.000000
-0.034000 -1.219075 0.000000
-0.032000 -1.161103 0.000000
-0.030000 -1.100917 0.000000
-0.028000 -1.038576 0.000000
-0.026000 -0.974148 0.000000
-0.024000 -0.907716 0.000000
-0.022000 -0.839374 0.000000
-0.020000 -0.769231 0.000000
-0.018000 -0.697404 0.000000
-0.016000 -0.624025 0.000000
-0.014000 -0.549235 0.000000
-0.012000 -0.473186 0.000000
-0.010000 -0.396040 0.000000
-0.008000 -0.317965 0.000000
-0.006000 -0.239139 0.000000
-0.004000 -0.159744 0.000000
-0.002000 -0.079968 0.000000
0.000000 0.000000 0.025465
0.002000 0.079968 0.050919
0.004000 0.159744 0.076344
0.006000 0.239139 0.101717
0.008000 0.317965 0.127020
0.010000 0.396040 0.152232
0.012000 0.473186 0.177336
0.014000 0.549235 0.202311
0.016000 0.624025 0.227140
0.018000 0.697404 0.251806
0.020000 0.769231 0.276291
0.022000 0.839374 0.300580
0.024000 0.907716 0.324658
0.026000 0.974148 0.348511
0.028000 1.038576 0.372124
0.030000 1.100917 0.395486
0.032000 1.161103 0.418586
0.034000 1.219075 0.441412
0.036000 1.274788 0.463955
0.038000 1.328207 0.486207
0.040000 1.379310 0.508159
0.042000 1.428086 0.529806
0.044000 1.474531 0.551140
0.046000 1.518653 0.572157
0.048000 1.560468 0.592854
0.050000 1.600000 0.613226
0.052000 1.637280 0.633270
0.054000 1.672344 0.652986
0.056000 1.705238 0.672372
0.058000 1.736007 0.691426
0.060000 1.764706 0.710150
0.062000 1.791390 0.728544
0.064000 1.816118 0.746610
0.066000 1.838952 0.764348
0.068000 1.859956 0.781761
0.070000 1.879195 0.798851
0.072000 1.896733 0.815622
0.074000 1.912639 0.832076
0.076000 1.926978 0.848218
0.078000 1.939816 0.864050
0.080000 1.951220 0.879578
0.082000 1.961253 0.894804
0.084000 1.969981 0.909734
0.086000 1.977466 0.924373
0.088000 1.983769 0.938724
0.090000 1.988950 0.952793
0.092000 1.993068 0.966584
0.094000 1.996178 0.980104
0.096000 1.998335 0.993355
0.098000 1.999592 1.006345
0.100000 2.000000 1.019077
0.102000 1.999608 1.031558
0.104000 1.998463 1.043791
0.106000 1.996610 1.055782
0.108000 1.994092 1.067537
0.110000 1.990950 1.079059
0.112000 1.987225 1.090355
0.114000 1.982954 1.101428
0.116000 1.978172 1.112285
0.118000 1.972914 1.122929
0.120000 1.967213 1.133365
0.122000 1.961100 1.143599
0.124000 1.954603 1.153634
0.126000 1.947751 1.163475
0.128000 1.940570 1.173126
0.130000 1.933086 1.182593
0.132000 1.925321 1.191878
0.134000 1.917299 1.200987
0.136000 1.909040 1.209924
0.138000 1.900565 1.218691
0.140000 1.891892 1.227294
0.142000 1.883039 1.235736
0.144000 1.874024 1.244021
0.146000 1.864861 1.252153
0.148000 1.855567 1.260135
0.150000 1.846154 1.267970
0.152000 1.836636 1.275662
0.154000 1.827026 1.283215
0.156000 1.817335 1.290631
0.158000 1.807574 1.297914
0.160000 1.797753 1.305067
0.162000 1.787882 1.312093
0.164000 1.777971 1.318995
0.166000 1.768026 1.325776
0.168000 1.758058 1.332438
0.170000 1.748072 1.338984
0.172000 1.738076 1.345417
0.174000 1.728076 1.351740
0.176000 1.718079 1.357954
0.178000 1.708089 1.364063
0.180000 1.698113 1.370069
0.182000 1.688155 1.375974
0.184000 1.678220 1.381780
0.186000 1.668311 1.387491
0.188000 1.658433 1.393106
0.190000 1.648590 1.398630
0.192000 1.638785 1.404064
0.194000 1.629020 1.409410
0.196000 1.619299 1.414669
0.198000 1.609625 1.419845
0.200000 1.600000 1.424938
0.202000 1.590426 1.429950
0.204000 1.580905 1.434883
0.206000 1.571439 1.439740
0.208000 1.562031 1.444521
0.210000 1.552680 1.449228
0.212000 1.543390 1.453862
0.214000 1.534160 1.458426
0.216000 1.524993 1.462921
0.218000 1.515889 1.467348
0.220000 1.506849 1.471708
0.222000 1.497875 1.476004
0.224000 1.488966 1.480235
0.226000 1.480123 1.484405
0.228000 1.471347 1.488513
0.230000 1.462639 1.492561
0.232000 1.453998 1.496551
0.234000 1.445426 1.500484
0.236000 1.436922 1.504360
0.238000 1.428486 1.508181
0.240000 1.420118 1.511948
0.242000 1.411820 1.515662
0.244000 1.403590 1.519324
0.246000 1.395428 1.522935
0.248000 1.387335 1.526496
0.250000 1.379310 1.530009
0.252000 1.371354 1.533473
0.254000 1.363466 1.536891
0.256000 1.355645 1.540262
0.258000 1.347892 1.543588
0.260000 1.340206 1.546869
0.262000 1.332587 1.550107
0.264000 1.325035 1.553302
0.266000 1.317549 1.556456
0.268000 1.310129 1.559568
0.270000 1.302774 1.562640
0.272000 1.295485 1.565672
0.274000 1.288260 1.568665
0.276000 1.281099 1.571620
0.278000 1.274002 1.574537
0.280000 1.266968 1.577418
0.282000 1.259997 1.580262
0.284000 1.253089 1.583071
0.286000 1.246242 1.585846
0.288000 1.239456 1.588585
0.290000 1.232731 1.591291
0.292000 1.226067 1.593965
0.294000 1.219462 1.596605
0.296000 1.212916 1.599214
0.298000 1.206429 1.601791
0.300000 1.200000 1.604338
0.302000 1.193629 1.606854
0.304000 1.187314 1.609340
0.306000 1.181057 1.611797
0.308000 1.174855 1.614226
0.310000 1.168709 1.616626
0.312000 1.162617 1.618998
0.314000 1.156580 1.621343
0.316000 1.150597 1.623661
0.318000 1.144667 1.625952
0.320000 1.138790 1.628218
0.322000 1.132965 1.630458
0.324000 1.127192 1.632673
0.326000 1.121470 1.634863
0.328000 1.115798 1.637028
0.330000 1.110177 1.639170
0.332000 1.104605 1.641288
0.334000 1.099082 1.643383
0.336000 1.093608 1.645455
0.338000 1.088181 1.647505
0.340000 1.082803 1.649532
0.342000 1.077471 1.651538
0.344000 1.072186 1.653522
0.346000 1.066946 1.655485
0.348000 1.061753 1.657428
0.350000 1.056604 1.659350
0.352000 1.051500 1.661251
0.354000 1.046439 1.663133
0.356000 1.041423 1.664995
0.358000 1.036449 1.666839
0.360000 1.031519 1.668663
0.362000 1.026630 1.670468
0.364000 1.021783 1.672255
0.366000 1.016977 1.674024
0.368000 1.012213 1.675775
0.370000 1.007488 1.677509
0.372000 1.002804 1.679225
0.374000 0.998158 1.680924
0.376000 0.993552 1.682606
0.378000 0.988985 1.684272
0.380000 0.984456 1.685921
0.382000 0.979965 1.687554
0.384000 0.975511 1.689171
0.386000 0.971094 1.690773
0.388000 0.966713 1.692359
0.390000 0.962369 1.693930
0.392000 0.958060 1.695486
0.394000 0.953787 1.697027
0.396000 0.949549 1.698554
0.398000 0.945346 1.700066
0.400000 0.941176 1.701564
0.402000 0.937041 1.703048
0.404000 0.932939 1.704518
0.406000 0.928870 1.705974
0.408000 0.924835 1.707417
0.410000 0.920831 1.708847
0.412000 0.916860 1.710264
0.414000 0.912920 1.711668
0.416000 0.909011 1.713059
0.418000 0.905134 1.714437
0.420000 0.901288 1.715803
0.422000 0.897471 1.717157
0.424000 0.893685 1.718499
0.426000 0.889929 1.719829
0.428000 0.886202 1.721147
0.430000 0.882504 1.722454
0.432000 0.878835 1.723749
0.434000 0.875194 1.725033
0.436000 0.871582 1.726305
0.438000 0.867997 1.727567
0.440000 0.864440 1.728818
0.442000 0.860910 1.730058
0.444000 0.857408 1.731287
0.446000 0.853932 1.732506
0.448000 0.850482 1.733714
0.450000 0.847059 1.734913
0.452000 0.843661 1.736101
0.454000 0.840289 1.737279
0.456000 0.836943 1.738448
0.458000 0.833622 1.739607
0.460000 0.830325 1.740756
0.462000 0.827053 1.741895
0.464000 0.823805 1.743026
0.466000 0.820581 1.744147
0.468000 0.817382 1.745258
0.470000 0.814205 1.746361
0.472000 0.811052 1.747455
0.474000 0.807922 1.748540
0.476000 0.804815 1.749617
0.478000 0.801731 1.750685
0.480000 0.798669 1.751744
0.482000 0.795629 1.752795
0.484000 0.792611 1.753837
0.486000 0.789615 1.754872
0.488000 0.786640 1.755898
0.490000 0.783687 1.756916
0.492000 0.780754 1.757926
0.494000 0.777843 1.758929
0.496000 0.774952 1.759923
0.498000 0.772081 1.760910
0.500000 0.769231 1.761890
0.502000 0.766401 1.762862
0.504000 0.763590 1.763826
0.506000 0.760799 1.764783
0.508000 0.758028 1.765733
0.510000 0.755276 1.766676
0.512000 0.752543 1.767612
0.514000 0.749829 1.768540
0.516000 0.747133 1.769462
0.518000 0.744456 1.770377
0.520000 0.741797 1.771285
0.522000 0.739157 1.772187
0.524000 0.736534 1.773082
0.526000 0.733930 1.773970
0.528000 0.731342 1.774852
0.530000 0.728773 1.775727
0.532000 0.726220 1.776596
0.534000 0.723685 1.777459
0.536000 0.721167 1.778315
0.538000 0.718665 1.779166
0.540000 0.716180 1.780010
0.542000 0.713712 1.780848
0.544000 0.711260 1.781681
0.546000 0.708824 1.782507
0.548000 0.706404 1.783328
0.550000 0.704000 1.784143
0.552000 0.701612 1.784952
0.554000 0.699239 1.785755
0.556000 0.696882 1.786553
0.558000 0.694540 1.787346
0.560000 0.692213 1.788133
0.562000 0.689901 1.788914
0.564000 0.687604 1.789690
0.566000 0.685321 1.790461
0.568000 0.683054 1.791227
0.570000 0.680800 1.791987
0.572000 0.678561 1.792742
0.574000 0.676336 1.793492
0.576000 0.674126 1.794238
0.578000 0.671929 1.794978
0.580000 0.669746 1.795713
0.582000 0.667577 1.796443
0.584000 0.665421 1.797168
0.586000 0.663279 1.797889
0.588000 0.661150 1.798605
0.590000 0.659034 1.799316
0.592000 0.656931 1.800022
0.594000 0.654841 1.800724
0.596000 0.652764 1.801421
0.598000 0.650700 1.802114
0.600000 0.648649 1.802802
0.602000 0.646610 1.803486
0.604000 0.644583 1.804166
0.606000 0.642569 1.804841
0.608000 0.640566 1.805511
0.610000 0.638576 1.806178
0.612000 0.636598 1.806840
0.614000 0.634632 1.807498
0.616000 0.632677 1.808152
0.618000 0.630735 1.808802
0.620000 0.628803 1.809447
0.622000 0.626883 1.810089
0.624000 0.624975 1.810726
0.626000 0.623078 1.811360
0.628000 0.621192 1.811990
0.630000 0.619317 1.812616
0.632000 0.617453 1.813238
0.634000 0.615600 1.813856
0.636000 0.613757 1.814470
0.638000 0.611926 1.815081
0.640000 0.610105 1.815688
0.642000 0.608294 1.816291
0.644000 0.606494 1.816890
0.646000 0.604705 1.817486
0.648000 0.602925 1.818079
0.650000 0.601156 1.818667
0.652000 0.599397 1.819253
0.654000 0.597648 1.819834
0.656000 0.595909 1.820413
0.658000 0.594179 1.820988
0.660000 0.592460 1.821559
0.662000 0.590750 1.822127
0.664000 0.589049 1.822692
0.666000 0.587359 1.823253
0.668000 0.585677 1.823811
0.670000 0.584005 1.824366
0.672000 0.582343 1.824918
0.674000 0.580689 1.825467
0.676000 0.579045 1.826012
0.678000 0.577409 1.826554
0.680000 0.575783 1.827093
0.682000 0.574166 1.827629
0.684000 0.572557 1.828162
0.686000 0.570958 1.828692
0.688000 0.569367 1.829219
0.690000 0.567784 1.829743
0.692000 0.566211 1.830263
0.694000 0.564645 1.830781
0.696000 0.563089 1.831296
0.698000 0.561540 1.831809
0.700000 0.560000 1.832318
0.702000 0.558468 1.832824
0.704000 0.556944 1.833328
0.706000 0.555429 1.833829
0.708000 0.553921 1.834327
0.710000 0.552422 1.834822
0.712000 0.550930 1.835315
0.714000 0.549446 1.835805
0.716000 0.547970 1.836292
0.718000 0.546502 1.836776
0.720000 0.545042 1.837258
0.722000 0.543589 1.837738
0.724000 0.542143 1.838214
0.726000 0.540706 1.838689
0.728000 0.539275 1.839160
0.730000 0.537852 1.839629
0.732000 0.536437 1.840096
0.734000 0.535028 1.840560
0.736000 0.533627 1.841021
0.738000 0.532233 1.841480
0.740000 0.530846 1.841937
0.742000 0.529467 1.842391
0.744000 0.528094 1.842843
0.746000 0.526728 1.843293
0.748000 0.525369 1.843740
0.750000 0.524017 1.844185
0.752000 0.522672 1.844627
0.754000 0.521334 1.845067
0.756000 0.520002 1.845505
0.758000 0.518677 1.845941
0.760000 0.517359 1.846374
0.762000 0.516047 1.846805
0.764000 0.514742 1.847234
0.766000 0.513443 1.847661
0.768000 0.512150 1.848086
0.770000 0.510864 1.848508
0.772000 0.509584 1.848928
0.774000 0.508311 1.849346
0.776000 0.507044 1.849762
0.778000 0.505783 1.850176
0.780000 0.504528 1.850588
0.782000 0.503279 1.850998
0.784000 0.502036 1.851405
0.786000 0.500800 1.851811
0.788000 0.499569 1.852214
0.790000 0.498344 1.852616
0.792000 0.497125 1.853016
0.794000 0.495912 1.853413
0.796000 0.494705 1.853809
0.798000 0.493503 1.854203
0.800000 0.492308 1.854594
0.802000 0.491118 1.854984
0.804000 0.489933 1.855372
0.806000 0.488754 1.855758
0.808000 0.487581 1.856142
0.810000 0.486413 1.856525
0.812000 0.485251 1.856905
0.814000 0.484094 1.857284
0.816000 0.482943 1.857661
0.818000 0.481797 1.858035
0.820000 0.480657 1.858409
0.822000 0.479521 1.858780
0.824000 0.478391 1.859150
0.826000 0.477266 1.859517
0.828000 0.476147 1.859884
0.830000 0.475032 1.860248
0.832000 0.473923 1.860611
0.834000 0.472819 1.860971
0.836000 0.471719 1.861331
0.838000 0.470625 1.861688
0.840000 0.469536 1.862044
0.842000 0.468452 1.862398
0.844000 0.467373 1.862751
0.846000 0.466298 1.863102
0.848000 0.465229 1.863451
0.850000 0.464164 1.863799
0.852000 0.463104 1.864145
0.854000 0.462049 1.864489
0.856000 0.460998 1.864832
0.858000 0.459953 1.865173
0.860000 0.458911 1.865513
0.862000 0.457875 1.865851
0.864000 0.456843 1.866188
0.866000 0.455816 1.866523
0.868000 0.454793 1.866856
0.870000 0.453775 1.867188
0.872000 0.452761 1.867519
0.874000 0.451752 1.867848
0.876000 0.450747 1.868176
0.878000 0.449747 1.868502
0.880000 0.448751 1.868826
0.882000 0.447759 1.869149
0.884000 0.446772 1.869471
0.886000 0.445788 1.869792
0.888000 0.444810 1.870110
0.890000 0.443835 1.870428
0.892000 0.442865 1.870744
0.894000 0.441898 1.871059
0.896000 0.440936 1.871372
0.898000 0.439978 1.871684
0.900000 0.439024 1.871994
0.902000 0.438075 1.872304
0.904000 0.437129 1.872611
0.906000 0.436187 1.872918
0.908000 0.435249 1.873223
0.910000 0.434316 1.873527
0.912000 0.433386 1.873829
0.914000 0.432460 1.874131
0.916000 0.431538 1.874431
0.918000 0.430620 1.874729
0.920000 0.429706 1.875027
0.922000 0.428795 1.875323
0.924000 0.427889 1.875617
0.926000 0.426986 1.875911
0.928000 0.426087 1.876203
0.930000 0.425191 1.876494
0.932000 0.424300 1.876784
0.934000 0.423412 1.877073
0.936000 0.422528 1.877360
0.938000 0.421647 1.877646
0.940000 0.420770 1.877931
0.942000 0.419896 1.878215
0.944000 0.419027 1.878498
0.946000 0.418160 1.878779
0.948000 0.417298 1.879059
0.950000 0.416438 1.879338
0.952000 0.415583 1.879616
0.954000 0.414730 1.879893
0.956000 0.413881 1.880169
0.958000 0.413036 1.880443
0.960000 0.412194 1.880716
0.962000 0.411355 1.880989
0.964000 0.410520 1.881260
0.966000 0.409688 1.881530
0.968000 0.408860 1.881799
0.970000 0.408034 1.882066
0.972000 0.407213 1.882333
0.974000 0.406394 1.882599
0.976000 0.405578 1.882863
0.978000 0.404766 1.883127
0.980000 0.403957 1.883389
0.982000 0.403151 1.883651
0.984000 0.402349 1.883911
0.986000 0.401549 1.884170
0.988000 0.400753 1.884428
0.990000 0.399960 1.884686
0.992000 0.399169 1.884942
0.994000 0.398382 1.885197
0.996000 0.397598 1.885451
0.998000 0.396818 1.885704
1.000000 0.396040 1.885956
1.002000 0.395265 1.886207
1.004000 0.394493 1.886458
1.006000 0.393724 1.886707
1.008000 0.392958 1.886955
1.010000 0.392195 1.887202
1.012000 0.391435 1.887448
1.014000 0.390678 1.887694
1.016000 0.389923 1.887938
1.018000 0.389172 1.888181
1.020000 0.388423 1.888424
1.022000 0.387678 1.888665
1.024000 0.386935 1.888906
1.026000 0.386195 1.889145
1.028000 0.385458 1.889384
1.030000 0.384723 1.889622
1.032000 0.383991 1.889859
1.034000 0.383262 1.890095
1.036000 0.382536 1.890330
1.038000 0.381813 1.890564
1.040000 0.381092 1.890797
1.042000 0.380374 1.891030
1.044000 0.379658 1.891261
1.046000 0.378946 1.891492
1.048000 0.378236 1.891722
1.050000 0.377528 1.891951
1.052000 0.376823 1.892179
1.054000 0.376121 1.892406
1.056000 0.375421 1.892632
1.058000 0.374724 1.892858
1.060000 0.374030 1.893082
1.062000 0.373338 1.893306
1.064000 0.372648 1.893529
1.066000 0.371961 1.893751
1.068000 0.371277 1.893972
1.070000 0.370595 1.894193
1.072000 0.369915 1.894413
1.074000 0.369238 1.894631
1.076000 0.368564 1.894849
1.078000 0.367892 1.895067
1.080000 0.367222 1.895283
1.082000 0.366555 1.895499
1.084000 0.365890 1.895714
1.086000 0.365227 1.895928
1.088000 0.364567 1.896141
1.090000 0.363910 1.896354
1.092000 0.363254 1.896565
1.094000 0.362601 1.896776
1.096000 0.361950 1.896987
1.098000 0.361302 1.897196
1.100000 0.360656 1.897405
1.102000 0.360012 1.897613
1.104000 0.359370 1.897820
1.106000 0.358731 1.898027
1.108000 0.358094 1.898232
1.110000 0.357459 1.898437
1.112000 0.356827 1.898642
1.114000 0.356196 1.898845
1.116000 0.355568 1.899048
1.118000 0.354942 1.899250
1.120000 0.354318 1.899452
1.122000 0.353697 1.899652
1.124000 0.353077 1.899852
1.126000 0.352460 1.900052
1.128000 0.351845 1.900250
1.130000 0.351232 1.900448
1.132000 0.350621 1.900645
1.134000 0.350012 1.900842
1.136000 0.349405 1.901037
1.138000 0.348801 1.901233
1.140000 0.348198 1.901427
1.142000 0.347597 1.901621
1.144000 0.346999 1.901814
1.146000 0.346403 1.902006
1.148000 0.345808 1.902198
1.150000 0.345216 1.902389
1.152000 0.344625 1.902580
1.154000 0.344037 1.902769
1.156000 0.343451 1.902959
1.158000 0.342866 1.903147
1.160000 0.342284 1.903335
1.162000 0.341703 1.903522
1.164000 0.341125 1.903709
1.166000 0.340548 1.903895
1.168000 0.339974 1.904080
1.170000 0.339401 1.904265
1.172000 0.338830 1.904449
1.174000 0.338261 1.904632
1.176000 0.337694 1.904815
1.178000 0.337129 1.904997
1.180000 0.336566 1.905179
1.182000 0.336005 1.905360
1.184000 0.335445 1.905540
1.186000 0.334887 1.905720
1.188000 0.334331 1.905899
1.190000 0.333777 1.906077
1.192000 0.333225 1.906255
1.194000 0.332675 1.906433
1.196000 0.332126 1.906610
1.198000 0.331579 1.906786
1.200000 0.331034 1.906961
1.202000 0.330491 1.907136
1.204000 0.329950 1.907311
1.206000 0.329410 1.907485
1.208000 0.328872 1.907658
1.210000 0.328336 1.907831
1.212000 0.327801 1.908003
1.214000 0.327269 1.908175
1.216000 0.326738 1.908346
1.218000 0.326208 1.908516
1.220000 0.325681 1.908686
1.222000 0.325155 1.908856
1.224000 0.324631 1.909024
1.226000 0.324108 1.909193
1.228000 0.323587 1.909361
1.230000 0.323068 1.909528
1.232000 0.322550 1.909694
1.234000 0.322034 1.909861
1.236000 0.321520 1.910026
1.238000 0.321007 1.910191
1.240000 0.320496 1.910356
1.242000 0.319987 1.910520
1.244000 0.319479 1.910683
1.246000 0.318973 1.910846
1.248000 0.318468 1.911009
1.250000 0.317965 1.911171
1.252000 0.317464 1.911332
1.254000 0.316964 1.911493
1.256000 0.316465 1.911653
1.258000 0.315968 1.911813
1.260000 0.315473 1.911973
1.262000 0.314979 1.912132
1.264000 0.314487 1.912290
1.266000 0.313997 1.912448
1.268000 0.313508 1.912605
1.270000 0.313020 1.912762
1.272000 0.312534 1.912919
1.274000 0.312049 1.913075
1.276000 0.311566 1.913230
1.278000 0.311084 1.913385
1.280000 0.310604 1.913539
1.282000 0.310126 1.913693
1.284000 0.309648 1.913847
1.286000 0.309173 1.914000
1.288000 0.308698 1.914153
1.290000 0.308225 1.914305
1.292000 0.307754 1.914456
1.294000 0.307284 1.914607
1.296000 0.306815 1.914758
1.298000 0.306348 1.914908
1.300000 0.305882 1.915058
1.302000 0.305418 1.915208
1.304000 0.304955 1.915356
1.306000 0.304493 1.915505
1.308000 0.304033 1.915653
1.310000 0.303575 1.915800
1.312000 0.303117 1.915947
1.314000 0.302661 1.916094
1.316000 0.302206 1.916240
1.318000 0.301753 1.916386
1.320000 0.301301 1.916531
1.322000 0.300850 1.916676
1.324000 0.300401 1.916821
1.326000 0.299953 1.916965
1.328000 0.299507 1.917108
1.330000 0.299061 1.917251
1.332000 0.298617 1.917394
1.334000 0.298175 1.917536
1.336000 0.297733 1.917678
1.338000 0.297293 1.917820
1.340000 0.296854 1.917961
1.342000 0.296417 1.918101
1.344000 0.295980 1.918242
1.346000 0.295546 1.918381
1.348000 0.295112 1.918521
1.350000 0.294679 1.918660
1.352000 0.294248 1.918798
1.354000 0.293818 1.918936
1.356000 0.293390 1.919074
1.358000 0.292962 1.919212
1.360000 0.292536 1.919348
1.362000 0.292111 1.919485
1.364000 0.291687 1.919621
1.366000 0.291265 1.919757
1.368000 0.290844 1.919892
1.370000 0.290423 1.920027
1.372000 0.290005 1.920162
1.374000 0.289587 1.920296
1.376000 0.289170 1.920430
1.378000 0.288755 1.920563
1.380000 0.288341 1.920696
1.382000 0.287928 1.920829
1.384000 0.287516 1.920961
1.386000 0.287106 1.921093
1.388000 0.286696 1.921224
1.390000 0.286288 1.921355
1.392000 0.285881 1.921486
1.394000 0.285475 1.921617
1.396000 0.285070 1.921747
1.398000 0.284666 1.921876
1.400000 0.284264 1.922006
1.402000 0.283863 1.922134
1.404000 0.283462 1.922263
1.406000 0.283063 1.922391
1.408000 0.282665 1.922519
1.410000 0.282268 1.922646
1.412000 0.281872 1.922773
1.414000 0.281478 1.922900
1.416000 0.281084 1.923027
1.418000 0.280691 1.923153
1.420000 0.280300 1.923278
1.422000 0.279910 1.923404
1.424000 0.279520 1.923529
1.426000 0.279132 1.923653
1.428000 0.278745 1.923777
1.430000 0.278359 1.923901
1.432000 0.277974 1.924025
1.434000 0.277590 1.924148
1.436000 0.277207 1.924271
1.438000 0.276825 1.924394
1.440000 0.276445 1.924516
1.442000 0.276065 1.924638
1.444000 0.275686 1.924759
1.446000 0.275308 1.924880
1.448000 0.274932 1.925001
1.450000 0.274556 1.925122
1.452000 0.274182 1.925242
1.454000 0.273808 1.925362
1.456000 0.273435 1.925481
1.458000 0.273064 1.925601
1.460000 0.272693 1.925720
1.462000 0.272324 1.925838
1.464000 0.271955 1.925956
1.466000 0.271588 1.926074
1.468000 0.271221 1.926192
1.470000 0.270855 1.926309
1.472000 0.270491 1.926426
1.474000 0.270127 1.926543
1.476000 0.269764 1.926659
1.478000 0.269403 1.926775
1.480000 0.269042 1.926891
1.482000 0.268682 1.927007
1.484000 0.268323 1.927122
1.486000 0.267965 1.927236
1.488000 0.267609 1.927351
1.490000 0.267253 1.927465
1.492000 0.266898 1.927579
1.494000 0.266543 1.927693
1.496000 0.266190 1.927806
1.498000 0.265838 1.927919
1.500000 0.265487 1.928031
1.502000 0.265136 1.928144
1.504000 0.264787 1.928256
1.506000 0.264438 1.928368
1.508000 0.264091 1.928479
1.510000 0.263744 1.928590
1.512000 0.263398 1.928701
1.514000 0.263053 1.928812
1.516000 0.262709 1.928922
1.518000 0.262366 1.929032
1.520000 0.262024 1.929142
1.522000 0.261682 1.929251
1.524000 0.261342 1.929361
1.526000 0.261002 1.929470
1.528000 0.260664 1.929578
1.530000 0.260326 1.929686
1.532000 0.259989 1.929794
1.534000 0.259653 1.929902
1.536000 0.259318 1.930010
1.538000 0.258983 1.930117
1.540000 0.258650 1.930224
1.542000 0.258317 1.930331
1.544000 0.257985 1.930437
1.546000 0.257654 1.930543
1.548000 0.257324 1.930649
1.550000 0.256995 1.930754
1.552000 0.256666 1.930860
1.554000 0.256339 1.930965
1.556000 0.256012 1.931069
1.558000 0.255686 1.931174
1.560000 0.255361 1.931278
1.562000 0.255037 1.931382
1.564000 0.254713 1.931486
1.566000 0.254391 1.931589
1.568000 0.254069 1.931692
1.570000 0.253748 1.931795
1.572000 0.253427 1.931898
1.574000 0.253108 1.932000
1.576000 0.252789 1.932102
1.578000 0.252472 1.932204
1.580000 0.252154 1.932306
1.582000 0.251838 1.932407
1.584000 0.251523 1.932508
1.586000 0.251208 1.932609
1.588000 0.250894 1.932710
1.590000 0.250581 1.932810
1.592000 0.250269 1.932910
1.594000 0.249957 1.933010
1.596000 0.249646 1.933109
1.598000 0.249336 1.933209
1.600000 0.249027 1.933308
1.602000 0.248719 1.933407
1.604000 0.248411 1.933505
1.606000 0.248104 1.933604
1.608000 0.247798 1.933702
1.610000 0.247492 1.933800
1.612000 0.247188 1.933897
1.614000 0.246884 1.933995
1.616000 0.246581 1.934092
1.618000 0.246278 1.934189
1.620000 0.245976 1.934285
1.622000 0.245675 1.934382
1.624000 0.245375 1.934478
1.626000 0.245076 1.934574
1.628000 0.244777 1.934670
1.630000 0.244479 1.934765
1.632000 0.244181 1.934860
1.634000 0.243885 1.934955
1.636000 0.243589 1.935050
1.638000 0.243293 1.935145
1.640000 0.242999 1.935239
1.642000 0.242705 1.935333
1.644000 0.242412 1.935427
1.646000 0.242120 1.935521
1.648000 0.241828 1.935614
1.650000 0.241537 1.935707
1.652000 0.241247 1.935800
1.654000 0.240957 1.935893
1.656000 0.240668 1.935985
1.658000 0.240380 1.936078
1.660000 0.240093 1.936170
1.662000 0.239806 1.936262
1.664000 0.239520 1.936353
1.666000 0.239234 1.936445
1.668000 0.238949 1.936536
1.670000 0.238665 1.936627
1.672000 0.238382 1.936718
1.674000 0.238099 1.936808
1.676000 0.237817 1.936899
1.678000 0.237535 1.936989
1.680000 0.237255 1.937079
1.682000 0.236975 1.937168
1.684000 0.236695 1.937258
1.686000 0.236416 1.937347
1.688000 0.236138 1.937436
1.690000 0.235861 1.937525
1.692000 0.235584 1.937614
1.694000 0.235308 1.937702
1.696000 0.235032 1.937790
1.698000 0.234757 1.937878
1.700000 0.234483 1.937966
1.702000 0.234209 1.938054
1.704000 0.233936 1.938141
1.706000 0.233664 1.938228
1.708000 0.233392 1.938315
1.710000 0.233121 1.938402
1.712000 0.232850 1.938489
1.714000 0.232581 1.938575
1.716000 0.232311 1.938661
1.718000 0.232043 1.938747
1.720000 0.231775 1.938833
1.722000 0.231507 1.938919
1.724000 0.231241 1.939004
1.726000 0.230974 1.939089
1.728000 0.230709 1.939174
1.730000 0.230444 1.939259
1.732000 0.230180 1.939344
1.734000 0.229916 1.939428
1.736000 0.229653 1.939512
1.738000 0.229390 1.939596
1.740000 0.229128 1.939680
1.742000 0.228867 1.939764
1.744000 0.228606 1.939847
1.746000 0.228346 1.939930
1.748000 0.228086 1.940013
1.750000 0.227828 1.940096
1.752000 0.227569 1.940179
1.754000 0.227311 1.940262
1.756000 0.227054 1.940344
1.758000 0.226797 1.940426
1.760000 0.226541 1.940508
1.762000 0.226286 1.940590
1.764000 0.226031 1.940671
1.766000 0.225777 1.940753
1.768000 0.225523 1.940834
1.770000 0.225270 1.940915
1.772000 0.225017 1.940996
1.774000 0.224765 1.941076
1.776000 0.224513 1.941157
1.778000 0.224262 1.941237
1.780000 0.224012 1.941317
1.782000 0.223762 1.941397
1.784000 0.223513 1.941477
1.786000 0.223264 1.941557
1.788000 0.223016 1.941636
1.790000 0.222768 1.941715
1.792000 0.222521 1.941794
1.794000 0.222275 1.941873
1.796000 0.222029 1.941952
1.798000 0.221783 1.942030
1.800000 0.221538 1.942109
1.802000 0.221294 1.942187
1.804000 0.221050 1.942265
1.806000 0.220807 1.942343
1.808000 0.220564 1.942420
1.810000 0.220322 1.942498
1.812000 0.220080 1.942575
1.814000 0.219839 1.942652
1.816000 0.219598 1.942729
1.818000 0.219358 1.942806
1.820000 0.219119 1.942883
1.822000 0.218880 1.942959
1.824000 0.218641 1.943036
1.826000 0.218403 1.943112
1.828000 0.218166 1.943188
1.830000 0.217928 1.943263
1.832000 0.217692 1.943339
1.834000 0.217456 1.943415
1.836000 0.217221 1.943490
1.838000 0.216986 1.943565
1.840000 0.216751 1.943640
1.842000 0.216517 1.943715
1.844000 0.216284 1.943790
1.846000 0.216051 1.943864
1.848000 0.215818 1.943938
1.850000 0.215586 1.944013
1.852000 0.215355 1.944087
1.854000 0.215124 1.944161
1.856000 0.214893 1.944234
1.858000 0.214663 1.944308
1.860000 0.214434 1.944381
1.862000 0.214205 1.944454
1.864000 0.213976 1.944527
1.866000 0.213748 1.944600
1.868000 0.213521 1.944673
1.870000 0.213294 1.944746
1.872000 0.213067 1.944818
1.874000 0.212841 1.944891
1.876000 0.212615 1.944963
1.878000 0.212390 1.945035
1.880000 0.212166 1.945107
1.882000 0.211941 1.945178
1.884000 0.211718 1.945250
1.886000 0.211494 1.945321
1.888000 0.211272 1.945392
1.890000 0.211049 1.945464
1.892000 0.210828 1.945534
1.894000 0.210606 1.945605
1.896000 0.210385 1.945676
1.898000 0.210165 1.945746
1.900000 0.209945 1.945817
1.902000 0.209725 1.945887
1.904000 0.209506 1.945957
1.906000 0.209287 1.946027
1.908000 0.209069 1.946097
1.910000 0.208852 1.946166
1.912000 0.208634 1.946236
1.914000 0.208417 1.946305
1.916000 0.208201 1.946374
1.918000 0.207985 1.946443
1.920000 0.207770 1.946512
1.922000 0.207555 1.946581
1.924000 0.207340 1.946649
1.926000 0.207126 1.946718
1.928000 0.206912 1.946786
1.930000 0.206699 1.946854
1.932000 0.206486 1.946922
1.934000 0.206274 1.946990
1.936000 0.206062 1.947058
1.938000 0.205850 1.947126
1.940000 0.205639 1.947193
1.942000 0.205429 1.947261
1.944000 0.205218 1.947328
1.946000 0.205008 1.947395
1.948000 0.204799 1.947462
1.950000 0.204590 1.947529
1.952000 0.204382 1.947595
1.954000 0.204174 1.947662
1.956000 0.203966 1.947728
1.958000 0.203759 1.947794
1.960000 0.203552 1.947861
1.962000 0.203345 1.947926
1.964000 0.203139 1.947992
1.966000 0.202934 1.948058
1.968000 0.202729 1.948124
1.970000 0.202524 1.948189
1.972000 0.202319 1.948254
1.974000 0.202116 1.948320
1.976000 0.201912 1.948385
1.978000 0.201709 1.948450
1.980000 0.201506 1.948514
1.982000 0.201304 1.948579
1.984000 0.201102 1.948644
1.986000 0.200901 1.948708
1.988000 0.200699 1.948772
1.990000 0.200499 1.948836
1.992000 0.200298 1.948900
1.994000 0.200099 1.948964
1.996000 0.199899 1.949028
1.998000 0.199700 1.949092
