-4.00000000 0.00077133
-3.98000000 0.00103736
-3.96000000 0.00132829
-3.94000000 0.00164597
-3.92000000 0.00199239
-3.90000000 0.00236979
-3.88000000 0.00278061
-3.86000000 0.00322760
-3.84000000 0.00371375
-3.82000000 0.00424229
-3.80000000 0.00481669
-3.78000000 0.00544056
-3.76000000 0.00611772
-3.74000000 0.00685215
-3.72000000 0.00764803
-3.70000000 0.00850985
-3.68000000 0.00944250
-3.66000000 0.01045134
-3.64000000 0.01154231
-3.62000000 0.01272196
-3.60000000 0.01399743
-3.58000000 0.01537632
-3.56000000 0.01686652
-3.54000000 0.01847597
-3.52000000 0.02021241
-3.50000000 0.02208309
-3.48000000 0.02409462
-3.46000000 0.02625290
-3.44000000 0.02856315
-3.42000000 0.03103017
-3.40000000 0.03365867
-3.38000000 0.03645377
-3.36000000 0.03942152
-3.34000000 0.04256943
-3.32000000 0.04590691
-3.30000000 0.04944557
-3.28000000 0.05319939
-3.26000000 0.05718458
-3.24000000 0.06141940
-3.22000000 0.06592361
-3.20000000 0.07071802
-3.18000000 0.07582383
-3.16000000 0.08126210
-3.14000000 0.08705320
-3.12000000 0.09321652
-3.10000000 0.09977025
-3.08000000 0.10673138
-3.06000000 0.11411586
-3.04000000 0.12193901
-3.02000000 0.13021589
-3.00000000 0.13896194
-2.98000000 0.14819356
-2.96000000 0.15792880
-2.94000000 0.16818791
-2.92000000 0.17899397
-2.90000000 0.19037324
-2.88000000 0.20235555
-2.86000000 0.21497426
-2.84000000 0.22826617
-2.82000000 0.24227099
-2.80000000 0.25703068
-2.78000000 0.27258840
-2.76000000 0.28898737
-2.74000000 0.30626952
-2.72000000 0.32447425
-2.70000000 0.34363721
-2.68000000 0.36378944
-2.66000000 0.38495683
-2.64000000 0.40715997
-2.62000000 0.43041459
-2.60000000 0.45473223
-2.58000000 0.48012141
-2.56000000 0.50658881
-2.54000000 0.53414057
-2.52000000 0.56278328
-2.50000000 0.59252474
-2.48000000 0.62337407
-2.46000000 0.65534148
-2.44000000 0.68843729
-2.42000000 0.72267067
-2.40000000 0.75804793
-2.38000000 0.79457079
-2.36000000 0.83223468
-2.34000000 0.87102741
-2.32000000 0.91092826
-2.30000000 0.95190779
-2.28000000 0.99392831
-2.26000000 1.03694511
-2.24000000 1.08090829
-2.22000000 1.12576513
-2.20000000 1.17146274
-2.18000000 1.21795080
-2.16000000 1.26518407
-2.14000000 1.31312440
-2.12000000 1.36174207
-2.10000000 1.41101615
-2.08000000 1.46093382
-2.06000000 1.51148865
-2.04000000 1.56267779
-2.02000000 1.61449841
-2.00000000 1.66694357
-1.98000000 1.71999797
-1.96000000 1.77363404
-1.94000000 1.82780878
-1.92000000 1.88246179
-1.90000000 1.93751481
-1.88000000 1.99287291
-1.86000000 2.04842731
-1.84000000 2.10405949
-1.82000000 2.15964628
-1.80000000 2.21506525
-1.78000000 2.27019970
-1.76000000 2.32494255
-1.74000000 2.37919866
-1.72000000 2.43288502
-1.70000000 2.48592881
-1.68000000 2.53826344
-1.66000000 2.58982303
-1.64000000 2.64053613
-1.62000000 2.69031935
-1.60000000 2.73907218
-1.58000000 2.78667340
-1.56000000 2.83298009
-1.54000000 2.87782938
-1.52000000 2.92104288
-1.50000000 2.96243358
-1.48000000 3.00181423
-1.46000000 3.03900650
-1.44000000 3.07384977
-1.42000000 3.10620849
-1.40000000 3.13597737
-1.38000000 3.16308386
-1.36000000 3.18748765
-1.34000000 3.20917743
-1.32000000 3.22816538
-1.30000000 3.24448021
-1.28000000 3.25815949
-1.26000000 3.26924233
-1.24000000 3.27776305
-1.22000000 3.28374655
-1.20000000 3.28720562
-1.18000000 3.28814021
-1.16000000 3.28653865
-1.14000000 3.28238020
-1.12000000 3.27563868
-1.10000000 3.26628662
-1.08000000 3.25429933
-1.06000000 3.23965891
-1.04000000 3.22235754
-1.02000000 3.20240042
-1.00000000 3.17980788
-0.98000000 3.15461712
-0.96000000 3.12688334
-0.94000000 3.09668033
-0.92000000 3.06410054
-0.90000000 3.02925448
-0.88000000 2.99226932
-0.86000000 2.95328670
-0.84000000 2.91245958
-0.82000000 2.86994833
-0.80000000 2.82591615
-0.78000000 2.78052421
-0.76000000 2.73392683
-0.74000000 2.68626722
-0.72000000 2.63767410
-0.70000000 2.58825970
-0.68000000 2.53811916
-0.66000000 2.48733150
-0.64000000 2.43596202
-0.62000000 2.38406562
-0.60000000 2.33169085
-0.58000000 2.27888400
-0.56000000 2.22569285
-0.54000000 2.17216957
-0.52000000 2.11837266
-0.50000000 2.06436761
-0.48000000 2.01022662
-0.46000000 1.95602739
-0.44000000 1.90185145
-0.42000000 1.84778231
-0.40000000 1.79390380
-0.38000000 1.74029898
-0.36000000 1.68704951
-0.34000000 1.63423579
-0.32000000 1.58193745
-0.30000000 1.53023419
-0.28000000 1.47920659
-0.26000000 1.42893651
-0.24000000 1.37950707
-0.22000000 1.33100181
-0.20000000 1.28350321
-0.18000000 1.23709055
-0.16000000 1.19183734
-0.14000000 1.14780858
-0.12000000 1.10505827
-0.10000000 1.06362733
-0.08000000 1.02354222
-0.06000000 0.98481458
-0.04000000 0.94744167
-0.02000000 0.91140785
0.00000000 0.87668680
0.02000000 0.84324422
0.04000000 0.81104098
0.06000000 0.78003612
0.08000000 0.75018975
0.10000000 0.72146534
0.12000000 0.69383151
0.14000000 0.66726300
0.16000000 0.64174097
0.18000000 0.61725249
0.20000000 0.59378948
0.22000000 0.57134723
0.24000000 0.54992245
0.26000000 0.52951141
0.28000000 0.51010796
0.30000000 0.49170187
0.32000000 0.47427758
0.34000000 0.45781331
0.36000000 0.44228084
0.38000000 0.42764581
0.40000000 0.41386850
0.42000000 0.40090513
0.44000000 0.38870945
0.46000000 0.37723448
0.48000000 0.36643435
0.50000000 0.35626585
0.52000000 0.34668984
0.54000000 0.33767214
0.56000000 0.32918402
0.58000000 0.32120218
0.60000000 0.31370827
0.62000000 0.30668804
0.64000000 0.30013021
0.66000000 0.29402528
0.68000000 0.28836419
0.70000000 0.28313725
0.72000000 0.27833317
0.74000000 0.27393847
0.76000000 0.26993709
0.78000000 0.26631046
0.80000000 0.26303764
0.82000000 0.26009588
0.84000000 0.25746112
0.86000000 0.25510869
0.88000000 0.25301388
0.90000000 0.25115254
0.92000000 0.24950146
0.94000000 0.24803869
0.96000000 0.24674368
0.98000000 0.24559728
1.00000000 0.24458166
1.02000000 0.24368012
1.04000000 0.24287690
1.06000000 0.24215689
1.08000000 0.24150547
1.10000000 0.24090826
1.12000000 0.24035105
1.14000000 0.23981963
1.16000000 0.23929986
1.18000000 0.23877768
1.20000000 0.23823923
1.22000000 0.23767096
1.24000000 0.23705991
1.26000000 0.23639381
1.28000000 0.23566140
1.30000000 0.23485255
1.32000000 0.23395848
1.34000000 0.23297191
1.36000000 0.23188709
1.38000000 0.23069986
1.40000000 0.22940764
1.42000000 0.22800926
1.44000000 0.22650488
1.46000000 0.22489577
1.48000000 0.22318412
1.50000000 0.22137281
1.52000000 0.21946520
1.54000000 0.21746495
1.56000000 0.21537586
1.58000000 0.21320178
1.60000000 0.21094647
1.62000000 0.20861365
1.64000000 0.20620691
1.66000000 0.20372978
1.68000000 0.20118571
1.70000000 0.19857808
1.72000000 0.19591024
1.74000000 0.19318544
1.76000000 0.19040687
1.78000000 0.18757758
1.80000000 0.18470049
1.82000000 0.18177830
1.84000000 0.17881356
1.86000000 0.17580863
1.88000000 0.17276575
1.90000000 0.16968715
1.92000000 0.16657509
1.94000000 0.16343203
1.96000000 0.16026072
1.98000000 0.15706434
2.00000000 0.15384648
2.02000000 0.15061129
2.04000000 0.14736336
2.06000000 0.14410771
2.08000000 0.14084962
2.10000000 0.13759454
2.12000000 0.13434786
2.14000000 0.13111477
2.16000000 0.12790008
2.18000000 0.12470809
2.20000000 0.12154253
2.22000000 0.11840650
2.24000000 0.11530247
2.26000000 0.11223239
2.28000000 0.10919773
2.30000000 0.10619963
2.32000000 0.10323903
2.34000000 0.10031676
2.36000000 0.09743368
2.38000000 0.09459070
2.40000000 0.09178888
2.42000000 0.08902937
2.44000000 0.08631343
2.46000000 0.08364238
2.48000000 0.08101750
2.50000000 0.07843997
2.52000000 0.07591082
2.54000000 0.07343082
2.56000000 0.07100048
2.58000000 0.06861999
2.60000000 0.06628924
2.62000000 0.06400781
2.64000000 0.06177505
2.66000000 0.05959011
2.68000000 0.05745200
2.70000000 0.05535971
2.72000000 0.05331225
2.74000000 0.05130874
2.76000000 0.04934847
2.78000000 0.04743094
2.80000000 0.04555592
2.82000000 0.04372342
2.84000000 0.04193372
2.86000000 0.04018733
2.88000000 0.03848492
2.90000000 0.03682730
2.92000000 0.03521532
2.94000000 0.03364983
2.96000000 0.03213161
2.98000000 0.03066127
3.00000000 0.02923928
3.02000000 0.02786584
3.04000000 0.02654097
3.06000000 0.02526440
3.08000000 0.02403566
3.10000000 0.02285407
3.12000000 0.02171877
3.14000000 0.02062878
3.16000000 0.01958298
3.18000000 0.01858022
3.20000000 0.01761928
3.22000000 0.01669894
3.24000000 0.01581797
3.26000000 0.01497514
3.28000000 0.01416922
3.30000000 0.01339898
3.32000000 0.01266322
3.34000000 0.01196070
3.36000000 0.01129019
3.38000000 0.01065046
3.40000000 0.01004029
3.42000000 0.00945846
3.44000000 0.00890378
3.46000000 0.00837510
3.48000000 0.00787131
3.50000000 0.00739136
3.52000000 0.00693426
3.54000000 0.00649906
3.56000000 0.00608489
3.58000000 0.00569091
3.60000000 0.00531635
3.62000000 0.00496044
3.64000000 0.00462245
3.66000000 0.00430165
3.68000000 0.00399732
3.70000000 0.00370878
3.72000000 0.00343531
3.74000000 0.00317625
3.76000000 0.00293092
3.78000000 0.00269868
3.80000000 0.00247890
3.82000000 0.00227100
3.84000000 0.00207440
3.86000000 0.00188857
3.88000000 0.00171297
3.90000000 0.00154713
3.92000000 0.00139054
3.94000000 0.00124277
3.96000000 0.00110336
3.98000000 0.00097189
