-4.00000000 -0.00026574
-3.98000000 -0.00001926
-3.96000000 0.00023538
-3.94000000 0.00050063
-3.92000000 0.00078058
-3.90000000 0.00108026
-3.88000000 0.00140465
-3.86000000 0.00175771
-3.84000000 0.00214150
-3.82000000 0.00255583
-3.80000000 0.00299846
-3.78000000 0.00346584
-3.76000000 0.00395427
-3.74000000 0.00446125
-3.72000000 0.00498662
-3.70000000 0.00553325
-3.68000000 0.00610697
-3.66000000 0.00671587
-3.64000000 0.00736887
-3.62000000 0.00807405
-3.60000000 0.00883707
-3.58000000 0.00966006
-3.56000000 0.01054145
-3.54000000 0.01147671
-3.52000000 0.01245996
-3.50000000 0.01348623
-3.48000000 0.01455361
-3.46000000 0.01566502
-3.44000000 0.01682881
-3.42000000 0.01805816
-3.40000000 0.01936916
-3.38000000 0.02077795
-3.36000000 0.02229761
-3.34000000 0.02393549
-3.32000000 0.02569182
-3.30000000 0.02756003
-3.28000000 0.02952890
-3.26000000 0.03158628
-3.24000000 0.03372356
-3.22000000 0.03593986
-3.20000000 0.03824473
-3.18000000 0.04065871
-3.16000000 0.04321102
-3.14000000 0.04593483
-3.12000000 0.04886088
-3.10000000 0.05201090
-3.08000000 0.05539250
-3.06000000 0.05899706
-3.04000000 0.06280158
-3.02000000 0.06677484
-3.00000000 0.07088667
-2.98000000 0.07511883
-2.96000000 0.07947477
-2.94000000 0.08398571
-2.92000000 0.08871081
-2.90000000 0.09373032
-2.88000000 0.09913213
-2.86000000 0.10499370
-2.84000000 0.11136302
-2.82000000 0.11824309
-2.80000000 0.12558452
-2.78000000 0.13328985
-2.76000000 0.14123160
-2.74000000 0.14928308
-2.72000000 0.15735870
-2.70000000 0.16545747
-2.68000000 0.17370220
-2.66000000 0.18236609
-2.64000000 0.19187989
-2.62000000 0.20281505
-2.60000000 0.21584232
-2.58000000 0.23166912
-2.56000000 0.25096329
-2.54000000 0.27427355
-2.52000000 0.30195843
-2.50000000 0.33413452
-2.48000000 0.37065250
-2.46000000 0.41110460
-2.44000000 0.45486245
-2.42000000 0.50113882
-2.40000000 0.54906305
-2.38000000 0.59775780
-2.36000000 0.64640544
-2.34000000 0.69429477
-2.32000000 0.74084430
-2.30000000 0.78560326
-2.28000000 0.82823800
-2.26000000 0.86851481
-2.24000000 0.90629229
-2.22000000 0.94153462
-2.20000000 0.97435250
-2.18000000 1.00507155
-2.16000000 1.03431945
-2.14000000 1.06311576
-2.12000000 1.09294240
-2.10000000 1.12577108
-2.08000000 1.16402679
-2.06000000 1.21047367
-2.04000000 1.26802105
-2.02000000 1.33946078
-2.00000000 1.42716079
-1.98000000 1.53275085
-1.96000000 1.65684292
-1.94000000 1.79882917
-1.92000000 1.95679352
-1.90000000 2.12756027
-1.88000000 2.30688539
-1.86000000 2.48977626
-1.84000000 2.67090712
-1.82000000 2.84508236
-1.80000000 3.00769183
-1.78000000 3.15510197
-1.76000000 3.28493488
-1.74000000 3.39620279
-1.72000000 3.48928571
-1.70000000 3.56576202
-1.68000000 3.62812182
-1.66000000 3.67940804
-1.64000000 3.72283804
-1.62000000 3.76145771
-1.60000000 3.79787078
-1.58000000 3.83407111
-1.56000000 3.87138618
-1.54000000 3.91052106
-1.52000000 3.95167559
-1.50000000 3.99469780
-1.48000000 4.03923328
-1.46000000 4.08483596
-1.44000000 4.13101697
-1.42000000 4.17722486
-1.40000000 4.22276692
-1.38000000 4.26669665
-1.36000000 4.30770191
-1.34000000 4.34403065
-1.32000000 4.37348638
-1.30000000 4.39351322
-1.28000000 4.40137397
-1.26000000 4.39440612
-1.24000000 4.37032423
-1.22000000 4.32752556
-1.20000000 4.26535099
-1.18000000 4.18425728
-1.16000000 4.08586780
-1.14000000 3.97288657
-1.12000000 3.84888077
-1.10000000 3.71795716
-1.08000000 3.58437419
-1.06000000 3.45214172
-1.04000000 3.32466211
-1.02000000 3.20445967
-1.00000000 3.09303187
-0.98000000 2.99083688
-0.96000000 2.89741132
-0.94000000 2.81159316
-0.92000000 2.73181029
-0.90000000 2.65638739
-0.88000000 2.58382406
-0.86000000 2.51300428
-0.84000000 2.44331122
-0.82000000 2.37463771
-0.80000000 2.30730064
-0.78000000 2.24188241
-0.76000000 2.17903304
-0.74000000 2.11927096
-0.72000000 2.06281821
-0.70000000 2.00949788
-0.68000000 1.95870944
-0.66000000 1.90948371
-0.64000000 1.86060575
-0.62000000 1.81078322
-0.60000000 1.75883142
-0.58000000 1.70384472
-0.56000000 1.64532817
-0.54000000 1.58327025
-0.52000000 1.51814828
-0.50000000 1.45086881
-0.48000000 1.38265489
-0.46000000 1.31489924
-0.44000000 1.24900599
-0.42000000 1.18624338
-0.40000000 1.12762604
-0.38000000 1.07383948
-0.36000000 1.02521192
-0.34000000 0.98173124
-0.32000000 0.94309870
-0.30000000 0.90880674
-0.28000000 0.87822705
-0.26000000 0.85069507
-0.24000000 0.82558061
-0.22000000 0.80233755
-0.20000000 0.78053038
-0.18000000 0.75983917
-0.16000000 0.74004758
-0.14000000 0.72102031
-0.12000000 0.70267655
-0.10000000 0.68496518
-0.08000000 0.66784574
-0.06000000 0.65127705
-0.04000000 0.63521330
-0.02000000 0.61960613
0.00000000 0.60441004
0.02000000 0.58958841
0.04000000 0.57511818
0.06000000 0.56099148
0.08000000 0.54721410
0.10000000 0.53380129
0.12000000 0.52077207
0.14000000 0.50814344
0.16000000 0.49592585
0.18000000 0.48412083
0.20000000 0.47272090
0.22000000 0.46171178
0.24000000 0.45107587
0.26000000 0.44079622
0.28000000 0.43085995
0.30000000 0.42126047
0.32000000 0.41199799
0.34000000 0.40307848
0.36000000 0.39451141
0.38000000 0.38630685
0.40000000 0.37847268
0.42000000 0.37101242
0.44000000 0.36392411
0.46000000 0.35720031
0.48000000 0.35082912
0.50000000 0.34479579
0.52000000 0.33908453
0.54000000 0.33368011
0.56000000 0.32856875
0.58000000 0.32373838
0.60000000 0.31917811
0.62000000 0.31487714
0.64000000 0.31082344
0.66000000 0.30700248
0.68000000 0.30339631
0.70000000 0.29998312
0.72000000 0.29673742
0.74000000 0.29363083
0.76000000 0.29063317
0.78000000 0.28771382
0.80000000 0.28484311
0.82000000 0.28199349
0.84000000 0.27914049
0.86000000 0.27626326
0.88000000 0.27334482
0.90000000 0.27037205
0.92000000 0.26733535
0.94000000 0.26422824
0.96000000 0.26104686
0.98000000 0.25778947
1.00000000 0.25445600
1.02000000 0.25104769
1.04000000 0.24756698
1.06000000 0.24401755
1.08000000 0.24040456
1.10000000 0.23673514
1.12000000 0.23301902
1.14000000 0.22926916
1.16000000 0.22550232
1.18000000 0.22173928
1.20000000 0.21800465
1.22000000 0.21432609
1.24000000 0.21073285
1.26000000 0.20725384
1.28000000 0.20391518
1.30000000 0.20073770
1.32000000 0.19773461
1.34000000 0.19490970
1.36000000 0.19225649
1.38000000 0.18975843
1.40000000 0.18739029
1.42000000 0.18512066
1.44000000 0.18291519
1.46000000 0.18074028
1.48000000 0.17856672
1.50000000 0.17637262
1.52000000 0.17414553
1.54000000 0.17188305
1.56000000 0.16959226
1.58000000 0.16728769
1.60000000 0.16498838
1.62000000 0.16271436
1.64000000 0.16048309
1.66000000 0.15830628
1.68000000 0.15618774
1.70000000 0.15412231
1.72000000 0.15209612
1.74000000 0.15008811
1.76000000 0.14807253
1.78000000 0.14602204
1.80000000 0.14391102
1.82000000 0.14171863
1.84000000 0.13943118
1.86000000 0.13704370
1.88000000 0.13456039
1.90000000 0.13199402
1.92000000 0.12936457
1.94000000 0.12669706
1.96000000 0.12401915
1.98000000 0.12135862
2.00000000 0.11874113
2.02000000 0.11618836
2.04000000 0.11371686
2.06000000 0.11133743
2.08000000 0.10905517
2.10000000 0.10687004
2.12000000 0.10477779
2.14000000 0.10277111
2.16000000 0.10084087
2.18000000 0.09897721
2.20000000 0.09717054
2.22000000 0.09541222
2.24000000 0.09369501
2.26000000 0.09201326
2.28000000 0.09036287
2.30000000 0.08874112
2.32000000 0.08714636
2.34000000 0.08557770
2.36000000 0.08403470
2.38000000 0.08251714
2.40000000 0.08102483
2.42000000 0.07955751
2.44000000 0.07811486
2.46000000 0.07669646
2.48000000 0.07530191
2.50000000 0.07393083
2.52000000 0.07258292
2.54000000 0.07125801
2.56000000 0.06995601
2.58000000 0.06867688
2.60000000 0.06742063
2.62000000 0.06618722
2.64000000 0.06497654
2.66000000 0.06378843
2.68000000 0.06262261
2.70000000 0.06147875
2.72000000 0.06035649
2.74000000 0.05925546
2.76000000 0.05817532
2.78000000 0.05711580
2.80000000 0.05607667
2.82000000 0.05505773
2.84000000 0.05405882
2.86000000 0.05307976
2.88000000 0.05212033
2.90000000 0.05118026
2.92000000 0.05025921
2.94000000 0.04935679
2.96000000 0.04847257
2.98000000 0.04760612
3.00000000 0.04675701
3.02000000 0.04592486
3.04000000 0.04510931
3.06000000 0.04431006
3.08000000 0.04352682
3.10000000 0.04275933
3.12000000 0.04200731
3.14000000 0.04127044
3.16000000 0.04054841
3.18000000 0.03984085
3.20000000 0.03914739
3.22000000 0.03846766
3.24000000 0.03780130
3.26000000 0.03714800
3.28000000 0.03650747
3.30000000 0.03587948
3.32000000 0.03526381
3.34000000 0.03466027
3.36000000 0.03406867
3.38000000 0.03348879
3.40000000 0.03292039
3.42000000 0.03236322
3.44000000 0.03181699
3.46000000 0.03128143
3.48000000 0.03075627
3.50000000 0.03024125
3.52000000 0.02973617
3.54000000 0.02924083
3.56000000 0.02875509
3.58000000 0.02827881
3.60000000 0.02781184
3.62000000 0.02735402
3.64000000 0.02690519
3.66000000 0.02646515
3.68000000 0.02603368
3.70000000 0.02561054
3.72000000 0.02519554
3.74000000 0.02478845
3.76000000 0.02438910
3.78000000 0.02399734
3.80000000 0.02361305
3.82000000 0.02323611
3.84000000 0.02286641
3.86000000 0.02250386
3.88000000 0.02214830
3.90000000 0.02179960
3.92000000 0.02145757
3.94000000 0.02112203
3.96000000 0.02079280
3.98000000 0.02046970
