-15.00000000 0.00214181
-14.95000000 0.00219920
-14.90000000 0.00225777
-14.85000000 0.00231762
-14.80000000 0.00237888
-14.75000000 0.00244167
-14.70000000 0.00250616
-14.65000000 0.00257249
-14.60000000 0.00264085
-14.55000000 0.00271143
-14.50000000 0.00278443
-14.45000000 0.00286006
-14.40000000 0.00293855
-14.35000000 0.00302013
-14.30000000 0.00310506
-14.25000000 0.00319359
-14.20000000 0.00328599
-14.15000000 0.00338254
-14.10000000 0.00348352
-14.05000000 0.00358923
-14.00000000 0.00369997
-13.95000000 0.00381605
-13.90000000 0.00393778
-13.85000000 0.00406546
-13.80000000 0.00419943
-13.75000000 0.00433999
-13.70000000 0.00448745
-13.65000000 0.00464212
-13.60000000 0.00480430
-13.55000000 0.00497427
-13.50000000 0.00515228
-13.45000000 0.00533860
-13.40000000 0.00553342
-13.35000000 0.00573694
-13.30000000 0.00594930
-13.25000000 0.00617060
-13.20000000 0.00640090
-13.15000000 0.00664019
-13.10000000 0.00688842
-13.05000000 0.00714546
-13.00000000 0.00741113
-12.95000000 0.00768516
-12.90000000 0.00796722
-12.85000000 0.00825692
-12.80000000 0.00855379
-12.75000000 0.00885729
-12.70000000 0.00916686
-12.65000000 0.00948185
-12.60000000 0.00980161
-12.55000000 0.01012544
-12.50000000 0.01045266
-12.45000000 0.01078259
-12.40000000 0.01111455
-12.35000000 0.01144795
-12.30000000 0.01178222
-12.25000000 0.01211688
-12.20000000 0.01245154
-12.15000000 0.01278592
-12.10000000 0.01311983
-12.05000000 0.01345323
-12.00000000 0.01378619
-11.95000000 0.01411890
-11.90000000 0.01445170
-11.85000000 0.01478503
-11.80000000 0.01511948
-11.75000000 0.01545572
-11.70000000 0.01579454
-11.65000000 0.01613684
-11.60000000 0.01648358
-11.55000000 0.01683580
-11.50000000 0.01719461
-11.45000000 0.01756118
-11.40000000 0.01793672
-11.35000000 0.01832247
-11.30000000 0.01871972
-11.25000000 0.01912976
-11.20000000 0.01955394
-11.15000000 0.01999360
-11.10000000 0.02045010
-11.05000000 0.02092483
-11.00000000 0.02141918
-10.95000000 0.02193453
-10.90000000 0.02247229
-10.85000000 0.02303384
-10.80000000 0.02362055
-10.75000000 0.02423379
-10.70000000 0.02487487
-10.65000000 0.02554505
-10.60000000 0.02624555
-10.55000000 0.02697751
-10.50000000 0.02774195
-10.45000000 0.02853980
-10.40000000 0.02937183
-10.35000000 0.03023868
-10.30000000 0.03114077
-10.25000000 0.03207834
-10.20000000 0.03305139
-10.15000000 0.03405965
-10.10000000 0.03510258
-10.05000000 0.03617933
-10.00000000 0.03728873
-9.95000000 0.03842929
-9.90000000 0.03959915
-9.85000000 0.04079613
-9.80000000 0.04201769
-9.75000000 0.04326098
-9.70000000 0.04452283
-9.65000000 0.04579984
-9.60000000 0.04708835
-9.55000000 0.04838455
-9.50000000 0.04968452
-9.45000000 0.05098433
-9.40000000 0.05228005
-9.35000000 0.05356791
-9.30000000 0.05484433
-9.25000000 0.05610602
-9.20000000 0.05735005
-9.15000000 0.05857391
-9.10000000 0.05977558
-9.05000000 0.06095357
-9.00000000 0.06210697
-8.95000000 0.06323544
-8.90000000 0.06433924
-8.85000000 0.06541922
-8.80000000 0.06647679
-8.75000000 0.06751392
-8.70000000 0.06853306
-8.65000000 0.06953711
-8.60000000 0.07052940
-8.55000000 0.07151358
-8.50000000 0.07249362
-8.45000000 0.07347371
-8.40000000 0.07445825
-8.35000000 0.07545177
-8.30000000 0.07645890
-8.25000000 0.07748431
-8.20000000 0.07853271
-8.15000000 0.07960878
-8.10000000 0.08071716
-8.05000000 0.08186241
-8.00000000 0.08304899
-7.95000000 0.08428126
-7.90000000 0.08556344
-7.85000000 0.08689956
-7.80000000 0.08829350
-7.75000000 0.08974891
-7.70000000 0.09126922
-7.65000000 0.09285758
-7.60000000 0.09451684
-7.55000000 0.09624952
-7.50000000 0.09805775
-7.45000000 0.09994319
-7.40000000 0.10190705
-7.35000000 0.10394997
-7.30000000 0.10607196
-7.25000000 0.10827236
-7.20000000 0.11054977
-7.15000000 0.11290200
-7.10000000 0.11532600
-7.05000000 0.11781788
-7.00000000 0.12037286
-6.95000000 0.12298529
-6.90000000 0.12564873
-6.85000000 0.12835597
-6.80000000 0.13109920
-6.75000000 0.13387007
-6.70000000 0.13665992
-6.65000000 0.13945989
-6.60000000 0.14226111
-6.55000000 0.14505491
-6.50000000 0.14783293
-6.45000000 0.15058730
-6.40000000 0.15331074
-6.35000000 0.15599667
-6.30000000 0.15863923
-6.25000000 0.16123339
-6.20000000 0.16377491
-6.15000000 0.16626037
-6.10000000 0.16868719
-6.05000000 0.17105357
-6.00000000 0.17335851
-5.95000000 0.17560182
-5.90000000 0.17778404
-5.85000000 0.17990651
-5.80000000 0.18197127
-5.75000000 0.18398114
-5.70000000 0.18593960
-5.65000000 0.18785085
-5.60000000 0.18971973
-5.55000000 0.19155170
-5.50000000 0.19335279
-5.45000000 0.19512956
-5.40000000 0.19688902
-5.35000000 0.19863858
-5.30000000 0.20038601
-5.25000000 0.20213932
-5.20000000 0.20390674
-5.15000000 0.20569660
-5.10000000 0.20751732
-5.05000000 0.20937730
-5.00000000 0.21128487
-4.95000000 0.21324821
-4.90000000 0.21527534
-4.85000000 0.21737398
-4.80000000 0.21955159
-4.75000000 0.22181524
-4.70000000 0.22417159
-4.65000000 0.22662684
-4.60000000 0.22918668
-4.55000000 0.23185620
-4.50000000 0.23463989
-4.45000000 0.23754155
-4.40000000 0.24056424
-4.35000000 0.24371021
-4.30000000 0.24698084
-4.25000000 0.25037660
-4.20000000 0.25389693
-4.15000000 0.25754024
-4.10000000 0.26130379
-4.05000000 0.26518364
-4.00000000 0.26917465
-3.95000000 0.27327034
-3.90000000 0.27746295
-3.85000000 0.28174335
-3.80000000 0.28610107
-3.75000000 0.29052434
-3.70000000 0.29500011
-3.65000000 0.29951413
-3.60000000 0.30405109
-3.55000000 0.30859474
-3.50000000 0.31312808
-3.45000000 0.31763360
-3.40000000 0.32209348
-3.35000000 0.32648994
-3.30000000 0.33080552
-3.25000000 0.33502342
-3.20000000 0.33912783
-3.15000000 0.34310433
-3.10000000 0.34694019
-3.05000000 0.35062474
-3.00000000 0.35414964
-2.95000000 0.35750915
-2.90000000 0.36070038
-2.85000000 0.36372338
-2.80000000 0.36658129
-2.75000000 0.36928027
-2.70000000 0.37182949
-2.65000000 0.37424093
-2.60000000 0.37652913
-2.55000000 0.37871086
-2.50000000 0.38080474
-2.45000000 0.38283074
-2.40000000 0.38480972
-2.35000000 0.38676284
-2.30000000 0.38871110
-2.25000000 0.39067481
-2.20000000 0.39267314
-2.15000000 0.39472383
-2.10000000 0.39684286
-2.05000000 0.39904429
-2.00000000 0.40134025
-1.95000000 0.40374093
-1.90000000 0.40625470
-1.85000000 0.40888827
-1.80000000 0.41164685
-1.75000000 0.41453439
-1.70000000 0.41755371
-1.65000000 0.42070669
-1.60000000 0.42399433
-1.55000000 0.42741687
-1.50000000 0.43097378
-1.45000000 0.43466377
-1.40000000 0.43848473
-1.35000000 0.44243369
-1.30000000 0.44650676
-1.25000000 0.45069898
-1.20000000 0.45500434
-1.15000000 0.45941562
-1.10000000 0.46392439
-1.05000000 0.46852093
-1.00000000 0.47319422
-0.95000000 0.47793192
-0.90000000 0.48272042
-0.85000000 0.48754487
-0.80000000 0.49238925
-0.75000000 0.49723649
-0.70000000 0.50206859
-0.65000000 0.50686681
-0.60000000 0.51161182
-0.55000000 0.51628397
-0.50000000 0.52086347
-0.45000000 0.52533071
-0.40000000 0.52966648
-0.35000000 0.53385226
-0.30000000 0.53787049
-0.25000000 0.54170488
-0.20000000 0.54534058
-0.15000000 0.54876447
-0.10000000 0.55196534
-0.05000000 0.55493401
0.00000000 0.55766352
0.05000000 0.56014915
0.10000000 0.56238845
0.15000000 0.56438126
0.20000000 0.56612961
0.25000000 0.56763764
0.30000000 0.56891146
0.35000000 0.56995900
0.40000000 0.57078980
0.45000000 0.57141479
0.50000000 0.57184615
0.55000000 0.57209699
0.60000000 0.57218124
0.65000000 0.57211336
0.70000000 0.57190820
0.75000000 0.57158078
0.80000000 0.57114615
0.85000000 0.57061925
0.90000000 0.57001473
0.95000000 0.56934690
1.00000000 0.56862956
1.05000000 0.56787597
1.10000000 0.56709874
1.15000000 0.56630976
1.20000000 0.56552015
1.25000000 0.56474019
1.30000000 0.56397926
1.35000000 0.56324582
1.40000000 0.56254734
1.45000000 0.56189026
1.50000000 0.56127996
1.55000000 0.56072071
1.60000000 0.56021570
1.65000000 0.55976699
1.70000000 0.55937553
1.75000000 0.55904115
1.80000000 0.55876266
1.85000000 0.55853781
1.90000000 0.55836344
1.95000000 0.55823544
2.00000000 0.55814889
2.05000000 0.55809809
2.10000000 0.55807661
2.15000000 0.55807734
2.20000000 0.55809249
2.25000000 0.55811362
2.30000000 0.55813160
2.35000000 0.55813660
2.40000000 0.55811807
2.45000000 0.55806469
2.50000000 0.55796436
2.55000000 0.55780418
2.60000000 0.55757050
2.65000000 0.55724895
2.70000000 0.55682456
2.75000000 0.55628183
2.80000000 0.55560497
2.85000000 0.55477805
2.90000000 0.55378526
2.95000000 0.55261115
3.00000000 0.55124094
3.05000000 0.54966078
3.10000000 0.54785809
3.15000000 0.54582179
3.20000000 0.54354261
3.25000000 0.54101331
3.30000000 0.53822891
3.35000000 0.53518687
3.40000000 0.53188717
3.45000000 0.52833240
3.50000000 0.52452781
3.55000000 0.52048119
3.60000000 0.51620285
3.65000000 0.51170541
3.70000000 0.50700363
3.75000000 0.50211419
3.80000000 0.49705537
3.85000000 0.49184677
3.90000000 0.48650901
3.95000000 0.48106338
4.00000000 0.47553154
4.05000000 0.46993518
4.10000000 0.46429574
4.15000000 0.45863413
4.20000000 0.45297047
4.25000000 0.44732386
4.30000000 0.44171224
4.35000000 0.43615214
4.40000000 0.43065865
4.45000000 0.42524526
4.50000000 0.41992382
4.55000000 0.41470449
4.60000000 0.40959573
4.65000000 0.40460430
4.70000000 0.39973529
4.75000000 0.39499214
4.80000000 0.39037672
4.85000000 0.38588935
4.90000000 0.38152892
4.95000000 0.37729291
5.00000000 0.37317752
5.05000000 0.36917774
5.10000000 0.36528743
5.15000000 0.36149943
5.20000000 0.35780565
5.25000000 0.35419718
5.30000000 0.35066441
5.35000000 0.34719711
5.40000000 0.34378458
5.45000000 0.34041576
5.50000000 0.33707937
5.55000000 0.33376402
5.60000000 0.33045837
5.65000000 0.32715127
5.70000000 0.32383186
5.75000000 0.32048979
5.80000000 0.31711528
5.85000000 0.31369931
5.90000000 0.31023370
5.95000000 0.30671127
6.00000000 0.30312591
6.05000000 0.29947269
6.10000000 0.29574792
6.15000000 0.29194919
6.20000000 0.28807540
6.25000000 0.28412677
6.30000000 0.28010481
6.35000000 0.27601228
6.40000000 0.27185313
6.45000000 0.26763240
6.50000000 0.26335613
6.55000000 0.25903125
6.60000000 0.25466540
6.65000000 0.25026687
6.70000000 0.24584438
6.75000000 0.24140698
6.80000000 0.23696391
6.85000000 0.23252443
6.90000000 0.22809771
6.95000000 0.22369271
7.00000000 0.21931808
7.05000000 0.21498202
7.10000000 0.21069225
7.15000000 0.20645592
7.20000000 0.20227956
7.25000000 0.19816901
7.30000000 0.19412945
7.35000000 0.19016533
7.40000000 0.18628041
7.45000000 0.18247773
7.50000000 0.17875967
7.55000000 0.17512791
7.60000000 0.17158352
7.65000000 0.16812697
7.70000000 0.16475815
7.75000000 0.16147645
7.80000000 0.15828077
7.85000000 0.15516957
7.90000000 0.15214092
7.95000000 0.14919254
8.00000000 0.14632187
8.05000000 0.14352604
8.10000000 0.14080201
8.15000000 0.13814654
8.20000000 0.13555623
8.25000000 0.13302761
8.30000000 0.13055714
8.35000000 0.12814123
8.40000000 0.12577631
8.45000000 0.12345886
8.50000000 0.12118540
8.55000000 0.11895257
8.60000000 0.11675713
8.65000000 0.11459601
8.70000000 0.11246628
8.75000000 0.11036525
8.80000000 0.10829044
8.85000000 0.10623958
8.90000000 0.10421068
8.95000000 0.10220201
9.00000000 0.10021209
9.05000000 0.09823973
9.10000000 0.09628399
9.15000000 0.09434423
9.20000000 0.09242004
9.25000000 0.09051128
9.30000000 0.08861803
9.35000000 0.08674061
9.40000000 0.08487952
9.45000000 0.08303545
9.50000000 0.08120922
9.55000000 0.07940181
9.60000000 0.07761428
9.65000000 0.07584776
9.70000000 0.07410346
9.75000000 0.07238258
9.80000000 0.07068634
9.85000000 0.06901594
9.90000000 0.06737253
9.95000000 0.06575719
10.00000000 0.06417096
10.05000000 0.06261475
10.10000000 0.06108940
10.15000000 0.05959562
10.20000000 0.05813402
10.25000000 0.05670508
10.30000000 0.05530918
10.35000000 0.05394654
10.40000000 0.05261730
10.45000000 0.05132148
10.50000000 0.05005896
10.55000000 0.04882955
10.60000000 0.04763293
10.65000000 0.04646872
10.70000000 0.04533643
10.75000000 0.04423550
10.80000000 0.04316531
10.85000000 0.04212517
10.90000000 0.04111435
10.95000000 0.04013206
11.00000000 0.03917748
11.05000000 0.03824977
11.10000000 0.03734804
11.15000000 0.03647143
11.20000000 0.03561902
11.25000000 0.03478993
11.30000000 0.03398326
11.35000000 0.03319812
11.40000000 0.03243363
11.45000000 0.03168895
11.50000000 0.03096323
11.55000000 0.03025566
11.60000000 0.02956547
11.65000000 0.02889190
11.70000000 0.02823424
11.75000000 0.02759180
11.80000000 0.02696395
11.85000000 0.02635007
11.90000000 0.02574962
11.95000000 0.02516206
12.00000000 0.02458692
12.05000000 0.02402375
12.10000000 0.02347216
12.15000000 0.02293178
12.20000000 0.02240229
12.25000000 0.02188340
12.30000000 0.02137487
12.35000000 0.02087647
12.40000000 0.02038800
12.45000000 0.01990931
12.50000000 0.01944026
12.55000000 0.01898072
12.60000000 0.01853060
12.65000000 0.01808981
12.70000000 0.01765828
12.75000000 0.01723594
12.80000000 0.01682274
12.85000000 0.01641864
12.90000000 0.01602357
12.95000000 0.01563750
13.00000000 0.01526037
13.05000000 0.01489212
13.10000000 0.01453270
13.15000000 0.01418204
13.20000000 0.01384006
13.25000000 0.01350669
13.30000000 0.01318184
13.35000000 0.01286540
13.40000000 0.01255727
13.45000000 0.01225734
13.50000000 0.01196547
13.55000000 0.01168154
13.60000000 0.01140541
13.65000000 0.01113693
13.70000000 0.01087593
13.75000000 0.01062227
13.80000000 0.01037578
13.85000000 0.01013629
13.90000000 0.00990362
13.95000000 0.00967759
14.00000000 0.00945804
14.05000000 0.00924478
14.10000000 0.00903763
14.15000000 0.00883640
14.20000000 0.00864093
14.25000000 0.00845102
14.30000000 0.00826651
14.35000000 0.00808722
14.40000000 0.00791297
14.45000000 0.00774360
14.50000000 0.00757894
14.55000000 0.00741884
14.60000000 0.00726313
14.65000000 0.00711166
14.70000000 0.00696428
14.75000000 0.00682086
14.80000000 0.00668124
14.85000000 0.00654531
14.90000000 0.00641293
14.95000000 0.00628398
