-15.00000000 0.03031385
-14.95000000 0.03077124
-14.90000000 0.03124123
-14.85000000 0.03172362
-14.80000000 0.03221815
-14.75000000 0.03272454
-14.70000000 0.03324242
-14.65000000 0.03377140
-14.60000000 0.03431099
-14.55000000 0.03486067
-14.50000000 0.03541983
-14.45000000 0.03598782
-14.40000000 0.03656390
-14.35000000 0.03714727
-14.30000000 0.03773707
-14.25000000 0.03833236
-14.20000000 0.03893213
-14.15000000 0.03953533
-14.10000000 0.04014083
-14.05000000 0.04074743
-14.00000000 0.04135391
-13.95000000 0.04195897
-13.90000000 0.04256129
-13.85000000 0.04315951
-13.80000000 0.04375224
-13.75000000 0.04433809
-13.70000000 0.04491565
-13.65000000 0.04548352
-13.60000000 0.04604035
-13.55000000 0.04658478
-13.50000000 0.04711555
-13.45000000 0.04763145
-13.40000000 0.04813135
-13.35000000 0.04861424
-13.30000000 0.04907923
-13.25000000 0.04952556
-13.20000000 0.04995263
-13.15000000 0.05036000
-13.10000000 0.05074739
-13.05000000 0.05111471
-13.00000000 0.05146205
-12.95000000 0.05178965
-12.90000000 0.05209795
-12.85000000 0.05238752
-12.80000000 0.05265910
-12.75000000 0.05291355
-12.70000000 0.05315185
-12.65000000 0.05337509
-12.60000000 0.05358444
-12.55000000 0.05378115
-12.50000000 0.05396651
-12.45000000 0.05414188
-12.40000000 0.05430862
-12.35000000 0.05446813
-12.30000000 0.05462179
-12.25000000 0.05477101
-12.20000000 0.05491716
-12.15000000 0.05506160
-12.10000000 0.05520569
-12.05000000 0.05535073
-12.00000000 0.05549800
-11.95000000 0.05564876
-11.90000000 0.05580420
-11.85000000 0.05596552
-11.80000000 0.05613384
-11.75000000 0.05631028
-11.70000000 0.05649590
-11.65000000 0.05669174
-11.60000000 0.05689880
-11.55000000 0.05711806
-11.50000000 0.05735045
-11.45000000 0.05759689
-11.40000000 0.05785828
-11.35000000 0.05813548
-11.30000000 0.05842933
-11.25000000 0.05874067
-11.20000000 0.05907028
-11.15000000 0.05941897
-11.10000000 0.05978748
-11.05000000 0.06017657
-11.00000000 0.06058695
-10.95000000 0.06101935
-10.90000000 0.06147444
-10.85000000 0.06195289
-10.80000000 0.06245533
-10.75000000 0.06298239
-10.70000000 0.06353466
-10.65000000 0.06411269
-10.60000000 0.06471700
-10.55000000 0.06534811
-10.50000000 0.06600645
-10.45000000 0.06669244
-10.40000000 0.06740645
-10.35000000 0.06814879
-10.30000000 0.06891974
-10.25000000 0.06971951
-10.20000000 0.07054824
-10.15000000 0.07140602
-10.10000000 0.07229287
-10.05000000 0.07320874
-10.00000000 0.07415351
-9.95000000 0.07512696
-9.90000000 0.07612883
-9.85000000 0.07715874
-9.80000000 0.07821626
-9.75000000 0.07930085
-9.70000000 0.08041192
-9.65000000 0.08154875
-9.60000000 0.08271059
-9.55000000 0.08389658
-9.50000000 0.08510579
-9.45000000 0.08633721
-9.40000000 0.08758978
-9.35000000 0.08886235
-9.30000000 0.09015373
-9.25000000 0.09146267
-9.20000000 0.09278786
-9.15000000 0.09412798
-9.10000000 0.09548164
-9.05000000 0.09684745
-9.00000000 0.09822400
-8.95000000 0.09960984
-8.90000000 0.10100357
-8.85000000 0.10240376
-8.80000000 0.10380900
-8.75000000 0.10521792
-8.70000000 0.10662917
-8.65000000 0.10804145
-8.60000000 0.10945352
-8.55000000 0.11086418
-8.50000000 0.11227232
-8.45000000 0.11367689
-8.40000000 0.11507693
-8.35000000 0.11647156
-8.30000000 0.11786002
-8.25000000 0.11924163
-8.20000000 0.12061581
-8.15000000 0.12198209
-8.10000000 0.12334011
-8.05000000 0.12468960
-8.00000000 0.12603040
-7.95000000 0.12736245
-7.90000000 0.12868576
-7.85000000 0.13000045
-7.80000000 0.13130670
-7.75000000 0.13260474
-7.70000000 0.13389489
-7.65000000 0.13517748
-7.60000000 0.13645289
-7.55000000 0.13772152
-7.50000000 0.13898376
-7.45000000 0.14024003
-7.40000000 0.14149072
-7.35000000 0.14273621
-7.30000000 0.14397685
-7.25000000 0.14521298
-7.20000000 0.14644490
-7.15000000 0.14767288
-7.10000000 0.14889718
-7.05000000 0.15011803
-7.00000000 0.15133564
-6.95000000 0.15255025
-6.90000000 0.15376207
-6.85000000 0.15497137
-6.80000000 0.15617843
-6.75000000 0.15738358
-6.70000000 0.15858725
-6.65000000 0.15978991
-6.60000000 0.16099216
-6.55000000 0.16219469
-6.50000000 0.16339832
-6.45000000 0.16460401
-6.40000000 0.16581284
-6.35000000 0.16702607
-6.30000000 0.16824508
-6.25000000 0.16947144
-6.20000000 0.17070685
-6.15000000 0.17195317
-6.10000000 0.17321239
-6.05000000 0.17448668
-6.00000000 0.17577829
-5.95000000 0.17708961
-5.90000000 0.17842313
-5.85000000 0.17978143
-5.80000000 0.18116716
-5.75000000 0.18258301
-5.70000000 0.18403171
-5.65000000 0.18551601
-5.60000000 0.18703863
-5.55000000 0.18860228
-5.50000000 0.19020960
-5.45000000 0.19186315
-5.40000000 0.19356540
-5.35000000 0.19531867
-5.30000000 0.19712513
-5.25000000 0.19898676
-5.20000000 0.20090533
-5.15000000 0.20288237
-5.10000000 0.20491911
-5.05000000 0.20701649
-5.00000000 0.20917509
-4.95000000 0.21139514
-4.90000000 0.21367642
-4.85000000 0.21601830
-4.80000000 0.21841966
-4.75000000 0.22087888
-4.70000000 0.22339379
-4.65000000 0.22596171
-4.60000000 0.22857937
-4.55000000 0.23124296
-4.50000000 0.23394815
-4.45000000 0.23669006
-4.40000000 0.23946338
-4.35000000 0.24226242
-4.30000000 0.24508115
-4.25000000 0.24791337
-4.20000000 0.25075279
-4.15000000 0.25359315
-4.10000000 0.25642837
-4.05000000 0.25925270
-4.00000000 0.26206078
-3.95000000 0.26484781
-3.90000000 0.26760961
-3.85000000 0.27034270
-3.80000000 0.27304433
-3.75000000 0.27571248
-3.70000000 0.27834588
-3.65000000 0.28094398
-3.60000000 0.28350685
-3.55000000 0.28603517
-3.50000000 0.28853012
-3.45000000 0.29099330
-3.40000000 0.29342668
-3.35000000 0.29583247
-3.30000000 0.29821307
-3.25000000 0.30057099
-3.20000000 0.30290878
-3.15000000 0.30522899
-3.10000000 0.30753410
-3.05000000 0.30982648
-3.00000000 0.31210836
-2.95000000 0.31438180
-2.90000000 0.31664866
-2.85000000 0.31891059
-2.80000000 0.32116900
-2.75000000 0.32342506
-2.70000000 0.32567968
-2.65000000 0.32793352
-2.60000000 0.33018695
-2.55000000 0.33244008
-2.50000000 0.33469274
-2.45000000 0.33694447
-2.40000000 0.33919456
-2.35000000 0.34144199
-2.30000000 0.34368548
-2.25000000 0.34592347
-2.20000000 0.34815414
-2.15000000 0.35037542
-2.10000000 0.35258497
-2.05000000 0.35478025
-2.00000000 0.35695849
-1.95000000 0.35911672
-1.90000000 0.36125179
-1.85000000 0.36336043
-1.80000000 0.36543922
-1.75000000 0.36748468
-1.70000000 0.36949327
-1.65000000 0.37146142
-1.60000000 0.37338560
-1.55000000 0.37526232
-1.50000000 0.37708822
-1.45000000 0.37886006
-1.40000000 0.38057479
-1.35000000 0.38222956
-1.30000000 0.38382180
-1.25000000 0.38534921
-1.20000000 0.38680982
-1.15000000 0.38820198
-1.10000000 0.38952444
-1.05000000 0.39077629
-1.00000000 0.39195704
-0.95000000 0.39306660
-0.90000000 0.39410527
-0.85000000 0.39507375
-0.80000000 0.39597312
-0.75000000 0.39680486
-0.70000000 0.39757077
-0.65000000 0.39827301
-0.60000000 0.39891405
-0.55000000 0.39949661
-0.50000000 0.40002368
-0.45000000 0.40049845
-0.40000000 0.40092430
-0.35000000 0.40130472
-0.30000000 0.40164334
-0.25000000 0.40194381
-0.20000000 0.40220983
-0.15000000 0.40244510
-0.10000000 0.40265325
-0.05000000 0.40283783
0.00000000 0.40300230
0.05000000 0.40314997
0.10000000 0.40328396
0.15000000 0.40340723
0.20000000 0.40352252
0.25000000 0.40363233
0.30000000 0.40373893
0.35000000 0.40384433
0.40000000 0.40395028
0.45000000 0.40405826
0.50000000 0.40416950
0.55000000 0.40428496
0.60000000 0.40440534
0.65000000 0.40453111
0.70000000 0.40466249
0.75000000 0.40479949
0.80000000 0.40494191
0.85000000 0.40508934
0.90000000 0.40524125
0.95000000 0.40539691
1.00000000 0.40555547
1.05000000 0.40571598
1.10000000 0.40587737
1.15000000 0.40603852
1.20000000 0.40619821
1.25000000 0.40635520
1.30000000 0.40650820
1.35000000 0.40665589
1.40000000 0.40679693
1.45000000 0.40692998
1.50000000 0.40705368
1.55000000 0.40716667
1.60000000 0.40726760
1.65000000 0.40735508
1.70000000 0.40742773
1.75000000 0.40748417
1.80000000 0.40752299
1.85000000 0.40754275
1.90000000 0.40754198
1.95000000 0.40751919
2.00000000 0.40747284
2.05000000 0.40740133
2.10000000 0.40730301
2.15000000 0.40717619
2.20000000 0.40701908
2.25000000 0.40682985
2.30000000 0.40660658
2.35000000 0.40634728
2.40000000 0.40604989
2.45000000 0.40571227
2.50000000 0.40533221
2.55000000 0.40490742
2.60000000 0.40443553
2.65000000 0.40391413
2.70000000 0.40334073
2.75000000 0.40271278
2.80000000 0.40202769
2.85000000 0.40128283
2.90000000 0.40047552
2.95000000 0.39960309
3.00000000 0.39866284
3.05000000 0.39765207
3.10000000 0.39656814
3.15000000 0.39540843
3.20000000 0.39417040
3.25000000 0.39285160
3.30000000 0.39144973
3.35000000 0.38996262
3.40000000 0.38838833
3.45000000 0.38672516
3.50000000 0.38497169
3.55000000 0.38312683
3.60000000 0.38118989
3.65000000 0.37916060
3.70000000 0.37703917
3.75000000 0.37482634
3.80000000 0.37252339
3.85000000 0.37013223
3.90000000 0.36765534
3.95000000 0.36509585
4.00000000 0.36245752
4.05000000 0.35974469
4.10000000 0.35696230
4.15000000 0.35411582
4.20000000 0.35121119
4.25000000 0.34825477
4.30000000 0.34525324
4.35000000 0.34221353
4.40000000 0.33914273
4.45000000 0.33604797
4.50000000 0.33293638
4.55000000 0.32981497
4.60000000 0.32669055
4.65000000 0.32356969
4.70000000 0.32045862
4.75000000 0.31736321
4.80000000 0.31428893
4.85000000 0.31124081
4.90000000 0.30822341
4.95000000 0.30524086
5.00000000 0.30229683
5.05000000 0.29939450
5.10000000 0.29653666
5.15000000 0.29372564
5.20000000 0.29096337
5.25000000 0.28825142
5.30000000 0.28559097
5.35000000 0.28298288
5.40000000 0.28042769
5.45000000 0.27792566
5.50000000 0.27547677
5.55000000 0.27308077
5.60000000 0.27073717
5.65000000 0.26844528
5.70000000 0.26620424
5.75000000 0.26401298
5.80000000 0.26187033
5.85000000 0.25977496
5.90000000 0.25772540
5.95000000 0.25572011
6.00000000 0.25375743
6.05000000 0.25183564
6.10000000 0.24995292
6.15000000 0.24810742
6.20000000 0.24629723
6.25000000 0.24452039
6.30000000 0.24277493
6.35000000 0.24105883
6.40000000 0.23937009
6.45000000 0.23770665
6.50000000 0.23606650
6.55000000 0.23444760
6.60000000 0.23284792
6.65000000 0.23126545
6.70000000 0.22969819
6.75000000 0.22814417
6.80000000 0.22660144
6.85000000 0.22506807
6.90000000 0.22354217
6.95000000 0.22202188
7.00000000 0.22050538
7.05000000 0.21899091
7.10000000 0.21747672
7.15000000 0.21596115
7.20000000 0.21444256
7.25000000 0.21291940
7.30000000 0.21139018
7.35000000 0.20985346
7.40000000 0.20830790
7.45000000 0.20675223
7.50000000 0.20518525
7.55000000 0.20360589
7.60000000 0.20201315
7.65000000 0.20040614
7.70000000 0.19878408
7.75000000 0.19714630
7.80000000 0.19549224
7.85000000 0.19382148
7.90000000 0.19213370
7.95000000 0.19042872
8.00000000 0.18870650
8.05000000 0.18696710
8.10000000 0.18521073
8.15000000 0.18343771
8.20000000 0.18164850
8.25000000 0.17984368
8.30000000 0.17802394
8.35000000 0.17619010
8.40000000 0.17434308
8.45000000 0.17248389
8.50000000 0.17061367
8.55000000 0.16873362
8.60000000 0.16684503
8.65000000 0.16494927
8.70000000 0.16304777
8.75000000 0.16114202
8.80000000 0.15923355
8.85000000 0.15732393
8.90000000 0.15541477
8.95000000 0.15350768
9.00000000 0.15160431
9.05000000 0.14970628
9.10000000 0.14781524
9.15000000 0.14593279
9.20000000 0.14406054
9.25000000 0.14220005
9.30000000 0.14035286
9.35000000 0.13852045
9.40000000 0.13670427
9.45000000 0.13490571
9.50000000 0.13312610
9.55000000 0.13136670
9.60000000 0.12962872
9.65000000 0.12791328
9.70000000 0.12622144
9.75000000 0.12455419
9.80000000 0.12291242
9.85000000 0.12129697
9.90000000 0.11970856
9.95000000 0.11814788
10.00000000 0.11661550
10.05000000 0.11511192
10.10000000 0.11363757
10.15000000 0.11219280
10.20000000 0.11077788
10.25000000 0.10939299
10.30000000 0.10803827
10.35000000 0.10671375
10.40000000 0.10541944
10.45000000 0.10415523
10.50000000 0.10292099
10.55000000 0.10171650
10.60000000 0.10054152
10.65000000 0.09939570
10.70000000 0.09827869
10.75000000 0.09719007
10.80000000 0.09612937
10.85000000 0.09509608
10.90000000 0.09408966
10.95000000 0.09310951
11.00000000 0.09215503
11.05000000 0.09122555
11.10000000 0.09032040
11.15000000 0.08943886
11.20000000 0.08858020
11.25000000 0.08774367
11.30000000 0.08692848
11.35000000 0.08613384
11.40000000 0.08535894
11.45000000 0.08460296
11.50000000 0.08386504
11.55000000 0.08314434
11.60000000 0.08244000
11.65000000 0.08175116
11.70000000 0.08107694
11.75000000 0.08041647
11.80000000 0.07976888
11.85000000 0.07913328
11.90000000 0.07850880
11.95000000 0.07789457
12.00000000 0.07728973
12.05000000 0.07669343
12.10000000 0.07610481
12.15000000 0.07552305
12.20000000 0.07494732
12.25000000 0.07437683
12.30000000 0.07381079
12.35000000 0.07324844
12.40000000 0.07268904
12.45000000 0.07213189
12.50000000 0.07157629
12.55000000 0.07102160
12.60000000 0.07046720
12.65000000 0.06991251
12.70000000 0.06935698
12.75000000 0.06880011
12.80000000 0.06824143
12.85000000 0.06768053
12.90000000 0.06711702
12.95000000 0.06655059
13.00000000 0.06598095
13.05000000 0.06540787
13.10000000 0.06483116
13.15000000 0.06425071
13.20000000 0.06366641
13.25000000 0.06307824
13.30000000 0.06248621
13.35000000 0.06189039
13.40000000 0.06129088
13.45000000 0.06068783
13.50000000 0.06008144
13.55000000 0.05947194
13.60000000 0.05885961
13.65000000 0.05824475
13.70000000 0.05762770
13.75000000 0.05700883
13.80000000 0.05638853
13.85000000 0.05576722
13.90000000 0.05514532
13.95000000 0.05452329
14.00000000 0.05390159
14.05000000 0.05328068
14.10000000 0.05266103
14.15000000 0.05204312
14.20000000 0.05142743
14.25000000 0.05081442
14.30000000 0.05020455
14.35000000 0.04959828
14.40000000 0.04899604
14.45000000 0.04839827
14.50000000 0.04780538
14.55000000 0.04721776
14.60000000 0.04663578
14.65000000 0.04605981
14.70000000 0.04549018
14.75000000 0.04492721
14.80000000 0.04437118
14.85000000 0.04382237
14.90000000 0.04328102
14.95000000 0.04274737
