-15.00000000 0.00210573
-14.95000000 0.00217289
-14.90000000 0.00224221
-14.85000000 0.00231372
-14.80000000 0.00238746
-14.75000000 0.00246347
-14.70000000 0.00254180
-14.65000000 0.00262250
-14.60000000 0.00270560
-14.55000000 0.00279118
-14.50000000 0.00287927
-14.45000000 0.00296996
-14.40000000 0.00306330
-14.35000000 0.00315937
-14.30000000 0.00325826
-14.25000000 0.00336005
-14.20000000 0.00346484
-14.15000000 0.00357273
-14.10000000 0.00368385
-14.05000000 0.00379829
-14.00000000 0.00391621
-13.95000000 0.00403773
-13.90000000 0.00416299
-13.85000000 0.00429215
-13.80000000 0.00442537
-13.75000000 0.00456281
-13.70000000 0.00470465
-13.65000000 0.00485105
-13.60000000 0.00500221
-13.55000000 0.00515831
-13.50000000 0.00531953
-13.45000000 0.00548606
-13.40000000 0.00565810
-13.35000000 0.00583584
-13.30000000 0.00601945
-13.25000000 0.00620913
-13.20000000 0.00640505
-13.15000000 0.00660738
-13.10000000 0.00681630
-13.05000000 0.00703196
-13.00000000 0.00725450
-12.95000000 0.00748406
-12.90000000 0.00772077
-12.85000000 0.00796473
-12.80000000 0.00821604
-12.75000000 0.00847479
-12.70000000 0.00874103
-12.65000000 0.00901483
-12.60000000 0.00929622
-12.55000000 0.00958522
-12.50000000 0.00988186
-12.45000000 0.01018612
-12.40000000 0.01049800
-12.35000000 0.01081749
-12.30000000 0.01114457
-12.25000000 0.01147921
-12.20000000 0.01182139
-12.15000000 0.01217111
-12.10000000 0.01252833
-12.05000000 0.01289308
-12.00000000 0.01326537
-11.95000000 0.01364523
-11.90000000 0.01403273
-11.85000000 0.01442793
-11.80000000 0.01483096
-11.75000000 0.01524194
-11.70000000 0.01566105
-11.65000000 0.01608847
-11.60000000 0.01652443
-11.55000000 0.01696919
-11.50000000 0.01742303
-11.45000000 0.01788626
-11.40000000 0.01835922
-11.35000000 0.01884229
-11.30000000 0.01933583
-11.25000000 0.01984026
-11.20000000 0.02035601
-11.15000000 0.02088353
-11.10000000 0.02142329
-11.05000000 0.02197577
-11.00000000 0.02254148
-10.95000000 0.02312093
-10.90000000 0.02371466
-10.85000000 0.02432319
-10.80000000 0.02494708
-10.75000000 0.02558685
-10.70000000 0.02624306
-10.65000000 0.02691620
-10.60000000 0.02760679
-10.55000000 0.02831529
-10.50000000 0.02904214
-10.45000000 0.02978775
-10.40000000 0.03055244
-10.35000000 0.03133653
-10.30000000 0.03214023
-10.25000000 0.03296372
-10.20000000 0.03380710
-10.15000000 0.03467039
-10.10000000 0.03555353
-10.05000000 0.03645641
-10.00000000 0.03737882
-9.95000000 0.03832049
-9.90000000 0.03928106
-9.85000000 0.04026011
-9.80000000 0.04125718
-9.75000000 0.04227172
-9.70000000 0.04330315
-9.65000000 0.04435085
-9.60000000 0.04541417
-9.55000000 0.04649244
-9.50000000 0.04758501
-9.45000000 0.04869120
-9.40000000 0.04981038
-9.35000000 0.05094195
-9.30000000 0.05208536
-9.25000000 0.05324010
-9.20000000 0.05440576
-9.15000000 0.05558199
-9.10000000 0.05676855
-9.05000000 0.05796529
-9.00000000 0.05917215
-8.95000000 0.06038921
-8.90000000 0.06161663
-8.85000000 0.06285471
-8.80000000 0.06410384
-8.75000000 0.06536452
-8.70000000 0.06663737
-8.65000000 0.06792307
-8.60000000 0.06922242
-8.55000000 0.07053628
-8.50000000 0.07186559
-8.45000000 0.07321133
-8.40000000 0.07457452
-8.35000000 0.07595624
-8.30000000 0.07735756
-8.25000000 0.07877955
-8.20000000 0.08022329
-8.15000000 0.08168983
-8.10000000 0.08318018
-8.05000000 0.08469530
-8.00000000 0.08623609
-7.95000000 0.08780338
-7.90000000 0.08939791
-7.85000000 0.09102032
-7.80000000 0.09267114
-7.75000000 0.09435080
-7.70000000 0.09605958
-7.65000000 0.09779762
-7.60000000 0.09956492
-7.55000000 0.10136130
-7.50000000 0.10318642
-7.45000000 0.10503975
-7.40000000 0.10692055
-7.35000000 0.10882790
-7.30000000 0.11076065
-7.25000000 0.11271743
-7.20000000 0.11469667
-7.15000000 0.11669656
-7.10000000 0.11871514
-7.05000000 0.12075025
-7.00000000 0.12279963
-6.95000000 0.12486094
-6.90000000 0.12693186
-6.85000000 0.12901012
-6.80000000 0.13109363
-6.75000000 0.13318055
-6.70000000 0.13526937
-6.65000000 0.13735900
-6.60000000 0.13944881
-6.55000000 0.14153866
-6.50000000 0.14362894
-6.45000000 0.14572054
-6.40000000 0.14781477
-6.35000000 0.14991339
-6.30000000 0.15201845
-6.25000000 0.15413226
-6.20000000 0.15625727
-6.15000000 0.15839605
-6.10000000 0.16055115
-6.05000000 0.16272512
-6.00000000 0.16492037
-5.95000000 0.16713925
-5.90000000 0.16938394
-5.85000000 0.17165645
-5.80000000 0.17395868
-5.75000000 0.17629235
-5.70000000 0.17865901
-5.65000000 0.18106008
-5.60000000 0.18349684
-5.55000000 0.18597038
-5.50000000 0.18848168
-5.45000000 0.19103154
-5.40000000 0.19362060
-5.35000000 0.19624933
-5.30000000 0.19891802
-5.25000000 0.20162674
-5.20000000 0.20437540
-5.15000000 0.20716365
-5.10000000 0.20999093
-5.05000000 0.21285645
-5.00000000 0.21575917
-4.95000000 0.21869780
-4.90000000 0.22167082
-4.85000000 0.22467646
-4.80000000 0.22771270
-4.75000000 0.23077731
-4.70000000 0.23386787
-4.65000000 0.23698172
-4.60000000 0.24011607
-4.55000000 0.24326799
-4.50000000 0.24643443
-4.45000000 0.24961226
-4.40000000 0.25279834
-4.35000000 0.25598950
-4.30000000 0.25918265
-4.25000000 0.26237476
-4.20000000 0.26556294
-4.15000000 0.26874448
-4.10000000 0.27191688
-4.05000000 0.27507787
-4.00000000 0.27822549
-3.95000000 0.28135808
-3.90000000 0.28447431
-3.85000000 0.28757322
-3.80000000 0.29065421
-3.75000000 0.29371703
-3.70000000 0.29676183
-3.65000000 0.29978909
-3.60000000 0.30279965
-3.55000000 0.30579465
-3.50000000 0.30877555
-3.45000000 0.31174404
-3.40000000 0.31470205
-3.35000000 0.31765170
-3.30000000 0.32059526
-3.25000000 0.32353513
-3.20000000 0.32647379
-3.15000000 0.32941382
-3.10000000 0.33235783
-3.05000000 0.33530851
-3.00000000 0.33826864
-2.95000000 0.34124108
-2.90000000 0.34422880
-2.85000000 0.34723497
-2.80000000 0.35026297
-2.75000000 0.35331642
-2.70000000 0.35639925
-2.65000000 0.35951572
-2.60000000 0.36267038
-2.55000000 0.36586807
-2.50000000 0.36911382
-2.45000000 0.37241274
-2.40000000 0.37576985
-2.35000000 0.37918993
-2.30000000 0.38267723
-2.25000000 0.38623530
-2.20000000 0.38986675
-2.15000000 0.39357306
-2.10000000 0.39735446
-2.05000000 0.40120982
-2.00000000 0.40513664
-1.95000000 0.40913112
-1.90000000 0.41318822
-1.85000000 0.41730184
-1.80000000 0.42146497
-1.75000000 0.42566987
-1.70000000 0.42990828
-1.65000000 0.43417153
-1.60000000 0.43845074
-1.55000000 0.44273688
-1.50000000 0.44702091
-1.45000000 0.45129381
-1.40000000 0.45554665
-1.35000000 0.45977063
-1.30000000 0.46395714
-1.25000000 0.46809776
-1.20000000 0.47218429
-1.15000000 0.47620886
-1.10000000 0.48016390
-1.05000000 0.48404223
-1.00000000 0.48783708
-0.95000000 0.49154220
-0.90000000 0.49515187
-0.85000000 0.49866097
-0.80000000 0.50206503
-0.75000000 0.50536027
-0.70000000 0.50854368
-0.65000000 0.51161298
-0.60000000 0.51456672
-0.55000000 0.51740424
-0.50000000 0.52012569
-0.45000000 0.52273204
-0.40000000 0.52522503
-0.35000000 0.52760715
-0.30000000 0.52988159
-0.25000000 0.53205219
-0.20000000 0.53412339
-0.15000000 0.53610010
-0.10000000 0.53798768
-0.05000000 0.53979180
0.00000000 0.54151837
0.05000000 0.54317343
0.10000000 0.54476303
0.15000000 0.54629317
0.20000000 0.54776966
0.25000000 0.54919805
0.30000000 0.55058352
0.35000000 0.55193083
0.40000000 0.55324421
0.45000000 0.55452732
0.50000000 0.55578324
0.55000000 0.55701434
0.60000000 0.55822238
0.65000000 0.55940838
0.70000000 0.56057272
0.75000000 0.56171513
0.80000000 0.56283468
0.85000000 0.56392989
0.90000000 0.56499873
0.95000000 0.56603869
1.00000000 0.56704685
1.05000000 0.56801994
1.10000000 0.56895438
1.15000000 0.56984640
1.20000000 0.57069204
1.25000000 0.57148722
1.30000000 0.57222779
1.35000000 0.57290954
1.40000000 0.57352822
1.45000000 0.57407958
1.50000000 0.57455933
1.55000000 0.57496313
1.60000000 0.57528661
1.65000000 0.57552535
1.70000000 0.57567485
1.75000000 0.57573058
1.80000000 0.57568798
1.85000000 0.57554252
1.90000000 0.57528975
1.95000000 0.57492540
2.00000000 0.57444546
2.05000000 0.57384632
2.10000000 0.57312487
2.15000000 0.57227859
2.20000000 0.57130565
2.25000000 0.57020499
2.30000000 0.56897633
2.35000000 0.56762019
2.40000000 0.56613789
2.45000000 0.56453145
2.50000000 0.56280355
2.55000000 0.56095744
2.60000000 0.55899680
2.65000000 0.55692567
2.70000000 0.55474834
2.75000000 0.55246921
2.80000000 0.55009276
2.85000000 0.54762341
2.90000000 0.54506546
2.95000000 0.54242306
3.00000000 0.53970011
3.05000000 0.53690026
3.10000000 0.53402684
3.15000000 0.53108289
3.20000000 0.52807109
3.25000000 0.52499378
3.30000000 0.52185299
3.35000000 0.51865038
3.40000000 0.51538733
3.45000000 0.51206493
3.50000000 0.50868399
3.55000000 0.50524514
3.60000000 0.50174878
3.65000000 0.49819521
3.70000000 0.49458462
3.75000000 0.49091714
3.80000000 0.48719293
3.85000000 0.48341218
3.90000000 0.47957517
3.95000000 0.47568233
4.00000000 0.47173426
4.05000000 0.46773177
4.10000000 0.46367590
4.15000000 0.45956797
4.20000000 0.45540956
4.25000000 0.45120256
4.30000000 0.44694912
4.35000000 0.44265171
4.40000000 0.43831307
4.45000000 0.43393619
4.50000000 0.42952430
4.55000000 0.42508085
4.60000000 0.42060948
4.65000000 0.41611393
4.70000000 0.41159808
4.75000000 0.40706585
4.80000000 0.40252120
4.85000000 0.39796804
4.90000000 0.39341022
4.95000000 0.38885150
5.00000000 0.38429546
5.05000000 0.37974553
5.10000000 0.37520491
5.15000000 0.37067657
5.20000000 0.36616320
5.25000000 0.36166722
5.30000000 0.35719076
5.35000000 0.35273561
5.40000000 0.34830331
5.45000000 0.34389503
5.50000000 0.33951170
5.55000000 0.33515392
5.60000000 0.33082204
5.65000000 0.32651615
5.70000000 0.32223610
5.75000000 0.31798155
5.80000000 0.31375198
5.85000000 0.30954670
5.90000000 0.30536494
5.95000000 0.30120580
6.00000000 0.29706836
6.05000000 0.29295164
6.10000000 0.28885470
6.15000000 0.28477658
6.20000000 0.28071642
6.25000000 0.27667342
6.30000000 0.27264687
6.35000000 0.26863620
6.40000000 0.26464095
6.45000000 0.26066083
6.50000000 0.25669571
6.55000000 0.25274559
6.60000000 0.24881070
6.65000000 0.24489140
6.70000000 0.24098824
6.75000000 0.23710197
6.80000000 0.23323347
6.85000000 0.22938381
6.90000000 0.22555419
6.95000000 0.22174597
7.00000000 0.21796060
7.05000000 0.21419967
7.10000000 0.21046483
7.15000000 0.20675781
7.20000000 0.20308037
7.25000000 0.19943428
7.30000000 0.19582134
7.35000000 0.19224330
7.40000000 0.18870188
7.45000000 0.18519872
7.50000000 0.18173539
7.55000000 0.17831336
7.60000000 0.17493399
7.65000000 0.17159852
7.70000000 0.16830804
7.75000000 0.16506353
7.80000000 0.16186581
7.85000000 0.15871554
7.90000000 0.15561327
7.95000000 0.15255938
8.00000000 0.14955412
8.05000000 0.14659759
8.10000000 0.14368977
8.15000000 0.14083052
8.20000000 0.13801958
8.25000000 0.13525660
8.30000000 0.13254113
8.35000000 0.12987261
8.40000000 0.12725046
8.45000000 0.12467398
8.50000000 0.12214247
8.55000000 0.11965516
8.60000000 0.11721125
8.65000000 0.11480993
8.70000000 0.11245038
8.75000000 0.11013177
8.80000000 0.10785328
8.85000000 0.10561411
8.90000000 0.10341348
8.95000000 0.10125061
9.00000000 0.09912479
9.05000000 0.09703531
9.10000000 0.09498152
9.15000000 0.09296281
9.20000000 0.09097860
9.25000000 0.08902834
9.30000000 0.08711156
9.35000000 0.08522780
9.40000000 0.08337664
9.45000000 0.08155771
9.50000000 0.07977066
9.55000000 0.07801519
9.60000000 0.07629100
9.65000000 0.07459784
9.70000000 0.07293546
9.75000000 0.07130364
9.80000000 0.06970216
9.85000000 0.06813080
9.90000000 0.06658937
9.95000000 0.06507766
10.00000000 0.06359546
10.05000000 0.06214255
10.10000000 0.06071872
10.15000000 0.05932371
10.20000000 0.05795727
10.25000000 0.05661915
10.30000000 0.05530906
10.35000000 0.05402668
10.40000000 0.05277170
10.45000000 0.05154379
10.50000000 0.05034257
10.55000000 0.04916769
10.60000000 0.04801873
10.65000000 0.04689530
10.70000000 0.04579696
10.75000000 0.04472330
10.80000000 0.04367384
10.85000000 0.04264815
10.90000000 0.04164576
10.95000000 0.04066619
11.00000000 0.03970897
11.05000000 0.03877362
11.10000000 0.03785968
11.15000000 0.03696667
11.20000000 0.03609411
11.25000000 0.03524155
11.30000000 0.03440853
11.35000000 0.03359459
11.40000000 0.03279929
11.45000000 0.03202221
11.50000000 0.03126292
11.55000000 0.03052102
11.60000000 0.02979611
11.65000000 0.02908781
11.70000000 0.02839574
11.75000000 0.02771955
11.80000000 0.02705888
11.85000000 0.02641342
11.90000000 0.02578283
11.95000000 0.02516680
12.00000000 0.02456503
12.05000000 0.02397725
12.10000000 0.02340316
12.15000000 0.02284251
12.20000000 0.02229502
12.25000000 0.02176045
12.30000000 0.02123855
12.35000000 0.02072908
12.40000000 0.02023181
12.45000000 0.01974651
12.50000000 0.01927296
12.55000000 0.01881093
12.60000000 0.01836022
12.65000000 0.01792059
12.70000000 0.01749185
12.75000000 0.01707379
12.80000000 0.01666618
12.85000000 0.01626883
12.90000000 0.01588153
12.95000000 0.01550407
13.00000000 0.01513626
13.05000000 0.01477787
13.10000000 0.01442871
13.15000000 0.01408858
13.20000000 0.01375727
13.25000000 0.01343458
13.30000000 0.01312032
13.35000000 0.01281427
13.40000000 0.01251625
13.45000000 0.01222606
13.50000000 0.01194350
13.55000000 0.01166837
13.60000000 0.01140050
13.65000000 0.01113969
13.70000000 0.01088575
13.75000000 0.01063851
13.80000000 0.01039778
13.85000000 0.01016339
13.90000000 0.00993517
13.95000000 0.00971294
14.00000000 0.00949654
14.05000000 0.00928582
14.10000000 0.00908060
14.15000000 0.00888075
14.20000000 0.00868610
14.25000000 0.00849652
14.30000000 0.00831187
14.35000000 0.00813200
14.40000000 0.00795678
14.45000000 0.00778609
14.50000000 0.00761980
14.55000000 0.00745779
14.60000000 0.00729994
14.65000000 0.00714614
14.70000000 0.00699628
14.75000000 0.00685025
14.80000000 0.00670795
14.85000000 0.00656928
14.90000000 0.00643414
14.95000000 0.00630245
