-15.00000000 0.00165118
-14.95000000 0.00171312
-14.90000000 0.00177977
-14.85000000 0.00185150
-14.80000000 0.00192872
-14.75000000 0.00201185
-14.70000000 0.00210134
-14.65000000 0.00219769
-14.60000000 0.00230139
-14.55000000 0.00241298
-14.50000000 0.00253302
-14.45000000 0.00266206
-14.40000000 0.00280069
-14.35000000 0.00294946
-14.30000000 0.00310895
-14.25000000 0.00327966
-14.20000000 0.00346208
-14.15000000 0.00365661
-14.10000000 0.00386357
-14.05000000 0.00408313
-14.00000000 0.00431531
-13.95000000 0.00455996
-13.90000000 0.00481667
-13.85000000 0.00508479
-13.80000000 0.00536338
-13.75000000 0.00565118
-13.70000000 0.00594662
-13.65000000 0.00624782
-13.60000000 0.00655257
-13.55000000 0.00685842
-13.50000000 0.00716272
-13.45000000 0.00746267
-13.40000000 0.00775546
-13.35000000 0.00803833
-13.30000000 0.00830867
-13.25000000 0.00856418
-13.20000000 0.00880289
-13.15000000 0.00902328
-13.10000000 0.00922432
-13.05000000 0.00940549
-13.00000000 0.00956677
-12.95000000 0.00970863
-12.90000000 0.00983200
-12.85000000 0.00993815
-12.80000000 0.01002867
-12.75000000 0.01010538
-12.70000000 0.01017026
-12.65000000 0.01022535
-12.60000000 0.01027275
-12.55000000 0.01031452
-12.50000000 0.01035268
-12.45000000 0.01038914
-12.40000000 0.01042572
-12.35000000 0.01046414
-12.30000000 0.01050599
-12.25000000 0.01055275
-12.20000000 0.01060580
-12.15000000 0.01066644
-12.10000000 0.01073588
-12.05000000 0.01081527
-12.00000000 0.01090570
-11.95000000 0.01100824
-11.90000000 0.01112392
-11.85000000 0.01125380
-11.80000000 0.01139891
-11.75000000 0.01156033
-11.70000000 0.01173915
-11.65000000 0.01193653
-11.60000000 0.01215366
-11.55000000 0.01239185
-11.50000000 0.01265243
-11.45000000 0.01293687
-11.40000000 0.01324672
-11.35000000 0.01358365
-11.30000000 0.01394947
-11.25000000 0.01434611
-11.20000000 0.01477566
-11.15000000 0.01524035
-11.10000000 0.01574260
-11.05000000 0.01628500
-11.00000000 0.01687032
-10.95000000 0.01750152
-10.90000000 0.01818174
-10.85000000 0.01891434
-10.80000000 0.01970280
-10.75000000 0.02055082
-10.70000000 0.02146220
-10.65000000 0.02244084
-10.60000000 0.02349070
-10.55000000 0.02461572
-10.50000000 0.02581973
-10.45000000 0.02710636
-10.40000000 0.02847890
-10.35000000 0.02994012
-10.30000000 0.03149213
-10.25000000 0.03313613
-10.20000000 0.03487216
-10.15000000 0.03669889
-10.10000000 0.03861328
-10.05000000 0.04061037
-10.00000000 0.04268296
-9.95000000 0.04482143
-9.90000000 0.04701361
-9.85000000 0.04924465
-9.80000000 0.05149715
-9.75000000 0.05375133
-9.70000000 0.05598542
-9.65000000 0.05817620
-9.60000000 0.06029965
-9.55000000 0.06233183
-9.50000000 0.06424977
-9.45000000 0.06603237
-9.40000000 0.06766129
-9.35000000 0.06912172
-9.30000000 0.07040296
-9.25000000 0.07149876
-9.20000000 0.07240748
-9.15000000 0.07313191
-9.10000000 0.07367898
-9.05000000 0.07405917
-9.00000000 0.07428590
-8.95000000 0.07437482
-8.90000000 0.07434309
-8.85000000 0.07420865
-8.80000000 0.07398968
-8.75000000 0.07370404
-8.70000000 0.07336889
-8.65000000 0.07300040
-8.60000000 0.07261353
-8.55000000 0.07222197
-8.50000000 0.07183808
-8.45000000 0.07147292
-8.40000000 0.07113634
-8.35000000 0.07083706
-8.30000000 0.07058280
-8.25000000 0.07038041
-8.20000000 0.07023599
-8.15000000 0.07015504
-8.10000000 0.07014255
-8.05000000 0.07020312
-8.00000000 0.07034109
-7.95000000 0.07056060
-7.90000000 0.07086570
-7.85000000 0.07126039
-7.80000000 0.07174874
-7.75000000 0.07233489
-7.70000000 0.07302315
-7.65000000 0.07381802
-7.60000000 0.07472425
-7.55000000 0.07574684
-7.50000000 0.07689109
-7.45000000 0.07816263
-7.40000000 0.07956741
-7.35000000 0.08111172
-7.30000000 0.08280217
-7.25000000 0.08464568
-7.20000000 0.08664944
-7.15000000 0.08882086
-7.10000000 0.09116754
-7.05000000 0.09369714
-7.00000000 0.09641731
-6.95000000 0.09933555
-6.90000000 0.10245909
-6.85000000 0.10579473
-6.80000000 0.10934864
-6.75000000 0.11312617
-6.70000000 0.11713164
-6.65000000 0.12136810
-6.60000000 0.12583706
-6.55000000 0.13053822
-6.50000000 0.13546920
-6.45000000 0.14062516
-6.40000000 0.14599854
-6.35000000 0.15157867
-6.30000000 0.15735147
-6.25000000 0.16329907
-6.20000000 0.16939953
-6.15000000 0.17562662
-6.10000000 0.18194958
-6.05000000 0.18833310
-6.00000000 0.19473734
-5.95000000 0.20111816
-5.90000000 0.20742755
-5.85000000 0.21361423
-5.80000000 0.21962449
-5.75000000 0.22540329
-5.70000000 0.23089552
-5.65000000 0.23604747
-5.60000000 0.24080840
-5.55000000 0.24513217
-5.50000000 0.24897882
-5.45000000 0.25231604
-5.40000000 0.25512036
-5.35000000 0.25737804
-5.30000000 0.25908557
-5.25000000 0.26024975
-5.20000000 0.26088730
-5.15000000 0.26102412
-5.10000000 0.26069421
-5.05000000 0.25993826
-5.00000000 0.25880219
-4.95000000 0.25733551
-4.90000000 0.25558983
-4.85000000 0.25361742
-4.80000000 0.25146992
-4.75000000 0.24919729
-4.70000000 0.24684700
-4.65000000 0.24446343
-4.60000000 0.24208745
-4.55000000 0.23975624
-4.50000000 0.23750326
-4.45000000 0.23535830
-4.40000000 0.23334770
-4.35000000 0.23149460
-4.30000000 0.22981921
-4.25000000 0.22833918
-4.20000000 0.22706990
-4.15000000 0.22602484
-4.10000000 0.22521588
-4.05000000 0.22465358
-4.00000000 0.22434749
-3.95000000 0.22430638
-3.90000000 0.22453846
-3.85000000 0.22505159
-3.80000000 0.22585345
-3.75000000 0.22695170
-3.70000000 0.22835410
-3.65000000 0.23006861
-3.60000000 0.23210346
-3.55000000 0.23446724
-3.50000000 0.23716891
-3.45000000 0.24021782
-3.40000000 0.24362365
-3.35000000 0.24739641
-3.30000000 0.25154636
-3.25000000 0.25608383
-3.20000000 0.26101911
-3.15000000 0.26636224
-3.10000000 0.27212273
-3.05000000 0.27830927
-3.00000000 0.28492934
-2.95000000 0.29198882
-2.90000000 0.29949145
-2.85000000 0.30743831
-2.80000000 0.31582720
-2.75000000 0.32465200
-2.70000000 0.33390198
-2.65000000 0.34356110
-2.60000000 0.35360732
-2.55000000 0.36401192
-2.50000000 0.37473899
-2.45000000 0.38574490
-2.40000000 0.39697799
-2.35000000 0.40837846
-2.30000000 0.41987846
-2.25000000 0.43140243
-2.20000000 0.44286783
-2.15000000 0.45418606
-2.10000000 0.46526386
-2.05000000 0.47600496
-2.00000000 0.48631210
-1.95000000 0.49608929
-1.90000000 0.50524432
-1.85000000 0.51369134
-1.80000000 0.52135345
-1.75000000 0.52816510
-1.70000000 0.53407423
-1.65000000 0.53904396
-1.60000000 0.54305370
-1.55000000 0.54609965
-1.50000000 0.54819470
-1.45000000 0.54936763
-1.40000000 0.54966172
-1.35000000 0.54913300
-1.30000000 0.54784797
-1.25000000 0.54588131
-1.20000000 0.54331336
-1.15000000 0.54022772
-1.10000000 0.53670903
-1.05000000 0.53284098
-1.00000000 0.52870455
-0.95000000 0.52437667
-0.90000000 0.51992913
-0.85000000 0.51542784
-0.80000000 0.51093235
-0.75000000 0.50649567
-0.70000000 0.50216419
-0.65000000 0.49797790
-0.60000000 0.49397068
-0.55000000 0.49017069
-0.50000000 0.48660085
-0.45000000 0.48327935
-0.40000000 0.48022024
-0.35000000 0.47743400
-0.30000000 0.47492809
-0.25000000 0.47270753
-0.20000000 0.47077545
-0.15000000 0.46913362
-0.10000000 0.46778292
-0.05000000 0.46672378
0.00000000 0.46595657
0.05000000 0.46548191
0.10000000 0.46530097
0.15000000 0.46541563
0.20000000 0.46582859
0.25000000 0.46654347
0.30000000 0.46756477
0.35000000 0.46889779
0.40000000 0.47054851
0.45000000 0.47252343
0.50000000 0.47482931
0.55000000 0.47747296
0.60000000 0.48046093
0.65000000 0.48379922
0.70000000 0.48749298
0.75000000 0.49154613
0.80000000 0.49596108
0.85000000 0.50073832
0.90000000 0.50587614
0.95000000 0.51137020
1.00000000 0.51721325
1.05000000 0.52339473
1.10000000 0.52990048
1.15000000 0.53671241
1.20000000 0.54380823
1.25000000 0.55116119
1.30000000 0.55873988
1.35000000 0.56650809
1.40000000 0.57442469
1.45000000 0.58244367
1.50000000 0.59051413
1.55000000 0.59858046
1.60000000 0.60658253
1.65000000 0.61445602
1.70000000 0.62213279
1.75000000 0.62954136
1.80000000 0.63660755
1.85000000 0.64325514
1.90000000 0.64940675
1.95000000 0.65498479
2.00000000 0.65991266
2.05000000 0.66411605
2.10000000 0.66752440
2.15000000 0.67007258
2.20000000 0.67170260
2.25000000 0.67236533
2.30000000 0.67202227
2.35000000 0.67064710
2.40000000 0.66822697
2.45000000 0.66476347
2.50000000 0.66027313
2.55000000 0.65478747
2.60000000 0.64835244
2.65000000 0.64102746
2.70000000 0.63288389
2.75000000 0.62400318
2.80000000 0.61447474
2.85000000 0.60439359
2.90000000 0.59385802
2.95000000 0.58296730
3.00000000 0.57181952
3.05000000 0.56050975
3.10000000 0.54912842
3.15000000 0.53776002
3.20000000 0.52648222
3.25000000 0.51536523
3.30000000 0.50447144
3.35000000 0.49385542
3.40000000 0.48356403
3.45000000 0.47363672
3.50000000 0.46410606
3.55000000 0.45499821
3.60000000 0.44633352
3.65000000 0.43812717
3.70000000 0.43038978
3.75000000 0.42312798
3.80000000 0.41634497
3.85000000 0.41004104
3.90000000 0.40421402
3.95000000 0.39885967
4.00000000 0.39397204
4.05000000 0.38954373
4.10000000 0.38556614
4.15000000 0.38202962
4.20000000 0.37892362
4.25000000 0.37623674
4.30000000 0.37395677
4.35000000 0.37207069
4.40000000 0.37056456
4.45000000 0.36942352
4.50000000 0.36863158
4.55000000 0.36817150
4.60000000 0.36802461
4.65000000 0.36817063
4.70000000 0.36858738
4.75000000 0.36925064
4.80000000 0.37013386
4.85000000 0.37120797
4.90000000 0.37244119
4.95000000 0.37379887
5.00000000 0.37524336
5.05000000 0.37673403
5.10000000 0.37822731
5.15000000 0.37967685
5.20000000 0.38103386
5.25000000 0.38224753
5.30000000 0.38326564
5.35000000 0.38403533
5.40000000 0.38450403
5.45000000 0.38462050
5.50000000 0.38433603
5.55000000 0.38360567
5.60000000 0.38238949
5.65000000 0.38065383
5.70000000 0.37837241
5.75000000 0.37552731
5.80000000 0.37210965
5.85000000 0.36812010
5.90000000 0.36356894
5.95000000 0.35847586
6.00000000 0.35286943
6.05000000 0.34678626
6.10000000 0.34026985
6.15000000 0.33336934
6.20000000 0.32613804
6.25000000 0.31863195
6.30000000 0.31090832
6.35000000 0.30302428
6.40000000 0.29503554
6.45000000 0.28699541
6.50000000 0.27895386
6.55000000 0.27095689
6.60000000 0.26304607
6.65000000 0.25525828
6.70000000 0.24762559
6.75000000 0.24017532
6.80000000 0.23293018
6.85000000 0.22590857
6.90000000 0.21912482
6.95000000 0.21258962
7.00000000 0.20631035
7.05000000 0.20029145
7.10000000 0.19453484
7.15000000 0.18904023
7.20000000 0.18380550
7.25000000 0.17882696
7.30000000 0.17409964
7.35000000 0.16961755
7.40000000 0.16537388
7.45000000 0.16136116
7.50000000 0.15757146
7.55000000 0.15399650
7.60000000 0.15062774
7.65000000 0.14745650
7.70000000 0.14447399
7.75000000 0.14167139
7.80000000 0.13903988
7.85000000 0.13657065
7.90000000 0.13425491
7.95000000 0.13208395
8.00000000 0.13004904
8.05000000 0.12814153
8.10000000 0.12635275
8.15000000 0.12467404
8.20000000 0.12309674
8.25000000 0.12161213
8.30000000 0.12021146
8.35000000 0.11888593
8.40000000 0.11762664
8.45000000 0.11642465
8.50000000 0.11527094
8.55000000 0.11415643
8.60000000 0.11307202
8.65000000 0.11200861
8.70000000 0.11095715
8.75000000 0.10990866
8.80000000 0.10885438
8.85000000 0.10778577
8.90000000 0.10669464
8.95000000 0.10557323
9.00000000 0.10441436
9.05000000 0.10321147
9.10000000 0.10195878
9.15000000 0.10065137
9.20000000 0.09928530
9.25000000 0.09785764
9.30000000 0.09636658
9.35000000 0.09481144
9.40000000 0.09319270
9.45000000 0.09151197
9.50000000 0.08977198
9.55000000 0.08797646
9.60000000 0.08613009
9.65000000 0.08423838
9.70000000 0.08230752
9.75000000 0.08034425
9.80000000 0.07835568
9.85000000 0.07634918
9.90000000 0.07433221
9.95000000 0.07231216
10.00000000 0.07029624
10.05000000 0.06829137
10.10000000 0.06630407
10.15000000 0.06434040
10.20000000 0.06240587
10.25000000 0.06050544
10.30000000 0.05864350
10.35000000 0.05682379
10.40000000 0.05504952
10.45000000 0.05332328
10.50000000 0.05164715
10.55000000 0.05002267
10.60000000 0.04845093
10.65000000 0.04693258
10.70000000 0.04546788
10.75000000 0.04405676
10.80000000 0.04269883
10.85000000 0.04139345
10.90000000 0.04013975
10.95000000 0.03893668
11.00000000 0.03778303
11.05000000 0.03667747
11.10000000 0.03561858
11.15000000 0.03460485
11.20000000 0.03363472
11.25000000 0.03270659
11.30000000 0.03181885
11.35000000 0.03096988
11.40000000 0.03015803
11.45000000 0.02938171
11.50000000 0.02863931
11.55000000 0.02792926
11.60000000 0.02725001
11.65000000 0.02660004
11.70000000 0.02597786
11.75000000 0.02538202
11.80000000 0.02481111
11.85000000 0.02426375
11.90000000 0.02373857
11.95000000 0.02323429
12.00000000 0.02274960
12.05000000 0.02228329
12.10000000 0.02183413
12.15000000 0.02140095
12.20000000 0.02098262
12.25000000 0.02057802
12.30000000 0.02018610
12.35000000 0.01980582
12.40000000 0.01943618
12.45000000 0.01907623
12.50000000 0.01872505
12.55000000 0.01838178
12.60000000 0.01804560
12.65000000 0.01771571
12.70000000 0.01739141
12.75000000 0.01707202
12.80000000 0.01675693
12.85000000 0.01644559
12.90000000 0.01613750
12.95000000 0.01583225
13.00000000 0.01552947
13.05000000 0.01522887
13.10000000 0.01493021
13.15000000 0.01463334
13.20000000 0.01433816
13.25000000 0.01404461
13.30000000 0.01375273
13.35000000 0.01346258
13.40000000 0.01317428
13.45000000 0.01288798
13.50000000 0.01260389
13.55000000 0.01232223
13.60000000 0.01204326
13.65000000 0.01176722
13.70000000 0.01149441
13.75000000 0.01122511
13.80000000 0.01095958
13.85000000 0.01069811
13.90000000 0.01044095
13.95000000 0.01018835
14.00000000 0.00994053
14.05000000 0.00969769
14.10000000 0.00946002
14.15000000 0.00922768
14.20000000 0.00900078
14.25000000 0.00877943
14.30000000 0.00856371
14.35000000 0.00835368
14.40000000 0.00814935
14.45000000 0.00795074
14.50000000 0.00775783
14.55000000 0.00757058
14.60000000 0.00738894
14.65000000 0.00721284
14.70000000 0.00704221
14.75000000 0.00687693
14.80000000 0.00671691
14.85000000 0.00656203
14.90000000 0.00641217
14.95000000 0.00626720
