0.000000 1.058398 -0.062500 
0.010000 1.046783 -0.062344 
0.020000 1.036711 -0.062188 
0.030000 1.027899 -0.062033 
0.040000 1.020120 -0.061878 
0.050000 1.013189 -0.061724 
0.060000 1.006961 -0.061569 
0.070000 1.001314 -0.061416 
0.080000 0.996152 -0.061262 
0.090000 0.991396 -0.061109 
0.100000 0.986980 -0.060957 
0.110000 0.982852 -0.060805 
0.120000 0.978968 -0.060653 
0.130000 0.975291 -0.060501 
0.140000 0.971791 -0.060350 
0.150000 0.968442 -0.060200 
0.160000 0.965225 -0.060049 
0.170000 0.962120 -0.059899 
0.180000 0.959114 -0.059750 
0.190000 0.956192 -0.059601 
0.200000 0.953345 -0.059452 
0.210000 0.950564 -0.059303 
0.220000 0.947839 -0.059155 
0.230000 0.945165 -0.059008 
0.240000 0.942536 -0.058860 
0.250000 0.939947 -0.058713 
0.260000 0.937393 -0.058567 
0.270000 0.934871 -0.058420 
0.280000 0.932377 -0.058275 
0.290000 0.929909 -0.058129 
0.300000 0.927463 -0.057984 
0.310000 0.925039 -0.057839 
0.320000 0.922634 -0.057695 
0.330000 0.920247 -0.057551 
0.340000 0.917875 -0.057407 
0.350000 0.915518 -0.057264 
0.360000 0.913175 -0.057121 
0.370000 0.910844 -0.056978 
0.380000 0.908526 -0.056836 
0.390000 0.906218 -0.056694 
0.400000 0.903921 -0.056552 
0.410000 0.901634 -0.056411 
0.420000 0.899356 -0.056270 
0.430000 0.897086 -0.056130 
0.440000 0.894826 -0.055990 
0.450000 0.892573 -0.055850 
0.460000 0.890328 -0.055710 
0.470000 0.888091 -0.055571 
0.480000 0.885861 -0.055433 
0.490000 0.883638 -0.055294 
0.500000 0.881422 -0.055156 
0.510000 0.879213 -0.055018 
0.520000 0.877010 -0.054881 
0.530000 0.874813 -0.054744 
0.540000 0.872623 -0.054607 
0.550000 0.870439 -0.054471 
0.560000 0.868261 -0.054335 
0.570000 0.866089 -0.054199 
0.580000 0.863923 -0.054064 
0.590000 0.861763 -0.053929 
0.600000 0.859608 -0.053794 
0.610000 0.857459 -0.053660 
0.620000 0.855316 -0.053526 
0.630000 0.853179 -0.053392 
0.640000 0.851047 -0.053259 
0.650000 0.848920 -0.053126 
0.660000 0.846799 -0.052993 
0.670000 0.844684 -0.052861 
0.680000 0.842574 -0.052729 
0.690000 0.840469 -0.052597 
0.700000 0.838370 -0.052466 
0.710000 0.836276 -0.052335 
0.720000 0.834187 -0.052204 
0.730000 0.832104 -0.052074 
0.740000 0.830025 -0.051944 
0.750000 0.827953 -0.051814 
0.760000 0.825885 -0.051685 
0.770000 0.823822 -0.051556 
0.780000 0.821765 -0.051427 
0.790000 0.819713 -0.051299 
0.800000 0.817666 -0.051171 
0.810000 0.815624 -0.051043 
0.820000 0.813588 -0.050915 
0.830000 0.811556 -0.050788 
0.840000 0.809530 -0.050662 
0.850000 0.807508 -0.050535 
0.860000 0.805492 -0.050409 
0.870000 0.803480 -0.050283 
0.880000 0.801474 -0.050157 
0.890000 0.799473 -0.050032 
0.900000 0.797477 -0.049907 
0.910000 0.795485 -0.049783 
0.920000 0.793499 -0.049658 
0.930000 0.791518 -0.049534 
0.940000 0.789541 -0.049411 
0.950000 0.787570 -0.049287 
0.960000 0.785604 -0.049164 
0.970000 0.783642 -0.049041 
0.980000 0.781685 -0.048919 
0.990000 0.779734 -0.048797 
1.000000 0.777787 -0.048675 
1.010000 0.775845 -0.048554 
1.020000 0.773907 -0.048432 
1.030000 0.771975 -0.048311 
1.040000 0.770047 -0.048191 
1.050000 0.768125 -0.048070 
1.060000 0.766207 -0.047950 
1.070000 0.764294 -0.047831 
1.080000 0.762385 -0.047711 
1.090000 0.760482 -0.047592 
1.100000 0.758583 -0.047473 
1.110000 0.756689 -0.047355 
1.120000 0.754799 -0.047236 
1.130000 0.752915 -0.047119 
1.140000 0.751035 -0.047001 
1.150000 0.749160 -0.046884 
1.160000 0.747289 -0.046766 
1.170000 0.745423 -0.046650 
1.180000 0.743562 -0.046533 
1.190000 0.741705 -0.046417 
1.200000 0.739853 -0.046301 
1.210000 0.738006 -0.046186 
1.220000 0.736163 -0.046070 
1.230000 0.734325 -0.045955 
1.240000 0.732492 -0.045840 
1.250000 0.730663 -0.045726 
1.260000 0.728838 -0.045612 
1.270000 0.727019 -0.045498 
1.280000 0.725203 -0.045384 
1.290000 0.723393 -0.045271 
1.300000 0.721586 -0.045158 
1.310000 0.719785 -0.045045 
1.320000 0.717987 -0.044933 
1.330000 0.716195 -0.044821 
1.340000 0.714406 -0.044709 
1.350000 0.712623 -0.044597 
1.360000 0.710843 -0.044486 
1.370000 0.709068 -0.044375 
1.380000 0.707298 -0.044264 
1.390000 0.705532 -0.044153 
1.400000 0.703770 -0.044043 
1.410000 0.702013 -0.043933 
1.420000 0.700260 -0.043823 
1.430000 0.698512 -0.043714 
1.440000 0.696768 -0.043605 
1.450000 0.695028 -0.043496 
1.460000 0.693293 -0.043387 
1.470000 0.691561 -0.043279 
1.480000 0.689835 -0.043171 
1.490000 0.688112 -0.043063 
1.500000 0.686394 -0.042956 
1.510000 0.684680 -0.042848 
1.520000 0.682971 -0.042741 
1.530000 0.681265 -0.042635 
1.540000 0.679564 -0.042528 
1.550000 0.677868 -0.042422 
1.560000 0.676175 -0.042316 
1.570000 0.674487 -0.042210 
1.580000 0.672803 -0.042105 
1.590000 0.671123 -0.042000 
1.600000 0.669447 -0.041895 
1.610000 0.667775 -0.041790 
1.620000 0.666108 -0.041686 
1.630000 0.664445 -0.041582 
1.640000 0.662786 -0.041478 
1.650000 0.661131 -0.041375 
1.660000 0.659480 -0.041271 
1.670000 0.657834 -0.041168 
1.680000 0.656191 -0.041065 
1.690000 0.654553 -0.040963 
1.700000 0.652918 -0.040861 
1.710000 0.651288 -0.040759 
1.720000 0.649662 -0.040657 
1.730000 0.648040 -0.040555 
1.740000 0.646422 -0.040454 
1.750000 0.644808 -0.040353 
1.760000 0.643198 -0.040252 
1.770000 0.641592 -0.040152 
1.780000 0.639990 -0.040052 
1.790000 0.638392 -0.039952 
1.800000 0.636798 -0.039852 
1.810000 0.635208 -0.039752 
1.820000 0.633622 -0.039653 
1.830000 0.632040 -0.039554 
1.840000 0.630461 -0.039455 
1.850000 0.628887 -0.039357 
1.860000 0.627317 -0.039258 
1.870000 0.625751 -0.039160 
1.880000 0.624188 -0.039063 
1.890000 0.622630 -0.038965 
1.900000 0.621075 -0.038868 
1.910000 0.619524 -0.038771 
1.920000 0.617977 -0.038674 
1.930000 0.616434 -0.038577 
1.940000 0.614895 -0.038481 
1.950000 0.613360 -0.038385 
1.960000 0.611828 -0.038289 
1.970000 0.610301 -0.038194 
1.980000 0.608777 -0.038098 
1.990000 0.607257 -0.038003 
2.000000 0.605741 -0.037908 
2.010000 0.604228 -0.037814 
2.020000 0.602720 -0.037719 
2.030000 0.601215 -0.037625 
2.040000 0.599713 -0.037531 
2.050000 0.598216 -0.037437 
2.060000 0.596722 -0.037344 
2.070000 0.595232 -0.037251 
2.080000 0.593746 -0.037158 
2.090000 0.592264 -0.037065 
2.100000 0.590785 -0.036972 
2.110000 0.589310 -0.036880 
2.120000 0.587838 -0.036788 
2.130000 0.586371 -0.036696 
2.140000 0.584907 -0.036604 
2.150000 0.583446 -0.036513 
2.160000 0.581989 -0.036422 
2.170000 0.580536 -0.036331 
2.180000 0.579087 -0.036240 
2.190000 0.577641 -0.036150 
2.200000 0.576198 -0.036059 
2.210000 0.574760 -0.035969 
2.220000 0.573325 -0.035880 
2.230000 0.571893 -0.035790 
2.240000 0.570465 -0.035701 
2.250000 0.569041 -0.035611 
2.260000 0.567620 -0.035523 
2.270000 0.566203 -0.035434 
2.280000 0.564789 -0.035345 
2.290000 0.563379 -0.035257 
2.300000 0.561972 -0.035169 
2.310000 0.560569 -0.035081 
2.320000 0.559169 -0.034994 
2.330000 0.557773 -0.034906 
2.340000 0.556380 -0.034819 
2.350000 0.554991 -0.034732 
2.360000 0.553605 -0.034645 
2.370000 0.552223 -0.034559 
2.380000 0.550844 -0.034473 
2.390000 0.549469 -0.034387 
2.400000 0.548097 -0.034301 
2.410000 0.546728 -0.034215 
2.420000 0.545363 -0.034130 
2.430000 0.544002 -0.034044 
2.440000 0.542643 -0.033959 
2.450000 0.541288 -0.033875 
2.460000 0.539937 -0.033790 
2.470000 0.538589 -0.033706 
2.480000 0.537244 -0.033622 
2.490000 0.535902 -0.033538 
2.500000 0.534564 -0.033454 
2.510000 0.533230 -0.033370 
2.520000 0.531898 -0.033287 
2.530000 0.530570 -0.033204 
2.540000 0.529245 -0.033121 
2.550000 0.527924 -0.033038 
2.560000 0.526606 -0.032956 
2.570000 0.525291 -0.032873 
2.580000 0.523979 -0.032791 
2.590000 0.522671 -0.032710 
2.600000 0.521366 -0.032628 
2.610000 0.520064 -0.032546 
2.620000 0.518766 -0.032465 
2.630000 0.517470 -0.032384 
2.640000 0.516178 -0.032303 
2.650000 0.514889 -0.032223 
2.660000 0.513604 -0.032142 
2.670000 0.512321 -0.032062 
2.680000 0.511042 -0.031982 
2.690000 0.509766 -0.031902 
2.700000 0.508493 -0.031822 
2.710000 0.507224 -0.031743 
2.720000 0.505957 -0.031664 
2.730000 0.504694 -0.031585 
2.740000 0.503434 -0.031506 
2.750000 0.502177 -0.031427 
2.760000 0.500923 -0.031349 
2.770000 0.499672 -0.031270 
2.780000 0.498424 -0.031192 
2.790000 0.497180 -0.031114 
2.800000 0.495939 -0.031037 
2.810000 0.494700 -0.030959 
2.820000 0.493465 -0.030882 
2.830000 0.492233 -0.030805 
2.840000 0.491004 -0.030728 
2.850000 0.489778 -0.030651 
2.860000 0.488555 -0.030575 
2.870000 0.487335 -0.030498 
2.880000 0.486118 -0.030422 
2.890000 0.484905 -0.030346 
2.900000 0.483694 -0.030270 
2.910000 0.482486 -0.030195 
2.920000 0.481281 -0.030119 
2.930000 0.480080 -0.030044 
2.940000 0.478881 -0.029969 
2.950000 0.477685 -0.029894 
2.960000 0.476493 -0.029820 
2.970000 0.475303 -0.029745 
2.980000 0.474116 -0.029671 
2.990000 0.472932 -0.029597 
3.000000 0.471751 -0.029523 
3.010000 0.470573 -0.029449 
3.020000 0.469398 -0.029376 
3.030000 0.468226 -0.029302 
3.040000 0.467057 -0.029229 
3.050000 0.465891 -0.029156 
3.060000 0.464728 -0.029083 
3.070000 0.463568 -0.029011 
3.080000 0.462410 -0.028938 
3.090000 0.461255 -0.028866 
3.100000 0.460104 -0.028794 
3.110000 0.458955 -0.028722 
3.120000 0.457809 -0.028650 
3.130000 0.456666 -0.028579 
3.140000 0.455526 -0.028507 
3.150000 0.454388 -0.028436 
3.160000 0.453254 -0.028365 
3.170000 0.452122 -0.028294 
3.180000 0.450993 -0.028224 
3.190000 0.449867 -0.028153 
3.200000 0.448744 -0.028083 
3.210000 0.447623 -0.028013 
3.220000 0.446506 -0.027943 
3.230000 0.445391 -0.027873 
3.240000 0.444279 -0.027804 
3.250000 0.443169 -0.027734 
3.260000 0.442063 -0.027665 
3.270000 0.440959 -0.027596 
3.280000 0.439858 -0.027527 
3.290000 0.438760 -0.027458 
3.300000 0.437664 -0.027390 
3.310000 0.436571 -0.027321 
3.320000 0.435481 -0.027253 
3.330000 0.434394 -0.027185 
3.340000 0.433309 -0.027117 
3.350000 0.432227 -0.027049 
3.360000 0.431148 -0.026982 
3.370000 0.430072 -0.026915 
3.380000 0.428998 -0.026847 
3.390000 0.427927 -0.026780 
3.400000 0.426858 -0.026713 
3.410000 0.425792 -0.026647 
3.420000 0.424729 -0.026580 
3.430000 0.423669 -0.026514 
3.440000 0.422611 -0.026448 
3.450000 0.421556 -0.026382 
3.460000 0.420503 -0.026316 
3.470000 0.419453 -0.026250 
3.480000 0.418406 -0.026184 
3.490000 0.417361 -0.026119 
3.500000 0.416319 -0.026054 
3.510000 0.415280 -0.025989 
3.520000 0.414243 -0.025924 
3.530000 0.413208 -0.025859 
3.540000 0.412177 -0.025795 
3.550000 0.411147 -0.025730 
3.560000 0.410121 -0.025666 
3.570000 0.409097 -0.025602 
3.580000 0.408075 -0.025538 
3.590000 0.407057 -0.025474 
3.600000 0.406040 -0.025411 
3.610000 0.405026 -0.025347 
3.620000 0.404015 -0.025284 
3.630000 0.403006 -0.025221 
3.640000 0.402000 -0.025158 
3.650000 0.400996 -0.025095 
3.660000 0.399995 -0.025032 
3.670000 0.398996 -0.024970 
3.680000 0.398000 -0.024907 
3.690000 0.397006 -0.024845 
3.700000 0.396015 -0.024783 
3.710000 0.395026 -0.024721 
3.720000 0.394040 -0.024660 
3.730000 0.393056 -0.024598 
3.740000 0.392075 -0.024537 
3.750000 0.391096 -0.024475 
3.760000 0.390119 -0.024414 
3.770000 0.389145 -0.024353 
3.780000 0.388173 -0.024292 
3.790000 0.387204 -0.024232 
3.800000 0.386237 -0.024171 
3.810000 0.385273 -0.024111 
3.820000 0.384311 -0.024051 
3.830000 0.383351 -0.023991 
3.840000 0.382394 -0.023931 
3.850000 0.381439 -0.023871 
3.860000 0.380487 -0.023811 
3.870000 0.379537 -0.023752 
3.880000 0.378589 -0.023693 
3.890000 0.377644 -0.023634 
3.900000 0.376701 -0.023575 
3.910000 0.375761 -0.023516 
3.920000 0.374822 -0.023457 
3.930000 0.373886 -0.023398 
3.940000 0.372953 -0.023340 
3.950000 0.372022 -0.023282 
3.960000 0.371093 -0.023224 
3.970000 0.370166 -0.023166 
3.980000 0.369242 -0.023108 
3.990000 0.368320 -0.023050 
4.000000 0.367400 -0.022992 
4.010000 0.366483 -0.022935 
4.020000 0.365568 -0.022878 
4.030000 0.364655 -0.022821 
4.040000 0.363745 -0.022764 
4.050000 0.362836 -0.022707 
4.060000 0.361930 -0.022650 
4.070000 0.361027 -0.022594 
4.080000 0.360125 -0.022537 
4.090000 0.359226 -0.022481 
4.100000 0.358329 -0.022425 
4.110000 0.357434 -0.022369 
4.120000 0.356542 -0.022313 
4.130000 0.355652 -0.022257 
4.140000 0.354764 -0.022202 
4.150000 0.353878 -0.022146 
4.160000 0.352994 -0.022091 
4.170000 0.352113 -0.022036 
4.180000 0.351234 -0.021981 
4.190000 0.350357 -0.021926 
4.200000 0.349482 -0.021871 
4.210000 0.348609 -0.021816 
4.220000 0.347739 -0.021762 
4.230000 0.346871 -0.021708 
4.240000 0.346005 -0.021653 
4.250000 0.345141 -0.021599 
4.260000 0.344279 -0.021545 
4.270000 0.343419 -0.021492 
4.280000 0.342562 -0.021438 
4.290000 0.341706 -0.021385 
4.300000 0.340853 -0.021331 
4.310000 0.340002 -0.021278 
4.320000 0.339153 -0.021225 
4.330000 0.338306 -0.021172 
4.340000 0.337462 -0.021119 
4.350000 0.336619 -0.021066 
4.360000 0.335779 -0.021014 
4.370000 0.334940 -0.020961 
4.380000 0.334104 -0.020909 
4.390000 0.333270 -0.020857 
4.400000 0.332438 -0.020804 
4.410000 0.331607 -0.020752 
4.420000 0.330780 -0.020701 
4.430000 0.329954 -0.020649 
4.440000 0.329130 -0.020597 
4.450000 0.328308 -0.020546 
4.460000 0.327488 -0.020495 
4.470000 0.326670 -0.020444 
4.480000 0.325855 -0.020392 
4.490000 0.325041 -0.020342 
4.500000 0.324230 -0.020291 
4.510000 0.323420 -0.020240 
4.520000 0.322613 -0.020190 
4.530000 0.321807 -0.020139 
4.540000 0.321003 -0.020089 
4.550000 0.320202 -0.020039 
4.560000 0.319402 -0.019989 
4.570000 0.318605 -0.019939 
4.580000 0.317809 -0.019889 
4.590000 0.317016 -0.019839 
4.600000 0.316224 -0.019790 
4.610000 0.315435 -0.019740 
4.620000 0.314647 -0.019691 
4.630000 0.313862 -0.019642 
4.640000 0.313078 -0.019593 
4.650000 0.312296 -0.019544 
4.660000 0.311516 -0.019495 
4.670000 0.310739 -0.019446 
4.680000 0.309963 -0.019398 
4.690000 0.309189 -0.019349 
4.700000 0.308417 -0.019301 
4.710000 0.307647 -0.019253 
4.720000 0.306879 -0.019205 
4.730000 0.306112 -0.019157 
4.740000 0.305348 -0.019109 
4.750000 0.304586 -0.019061 
4.760000 0.303825 -0.019014 
4.770000 0.303066 -0.018966 
4.780000 0.302310 -0.018919 
4.790000 0.301555 -0.018872 
4.800000 0.300802 -0.018825 
4.810000 0.300051 -0.018778 
4.820000 0.299302 -0.018731 
4.830000 0.298554 -0.018684 
4.840000 0.297809 -0.018637 
4.850000 0.297065 -0.018591 
4.860000 0.296324 -0.018544 
4.870000 0.295584 -0.018498 
4.880000 0.294846 -0.018452 
4.890000 0.294109 -0.018406 
4.900000 0.293375 -0.018360 
4.910000 0.292643 -0.018314 
4.920000 0.291912 -0.018268 
4.930000 0.291183 -0.018223 
4.940000 0.290456 -0.018177 
4.950000 0.289731 -0.018132 
4.960000 0.289007 -0.018087 
4.970000 0.288286 -0.018041 
4.980000 0.287566 -0.017996 
4.990000 0.286848 -0.017951 
5.000000 0.286132 -0.017907 
5.010000 0.285417 -0.017862 
5.020000 0.284705 -0.017817 
5.030000 0.283994 -0.017773 
5.040000 0.283285 -0.017728 
5.050000 0.282577 -0.017684 
5.060000 0.281872 -0.017640 
5.070000 0.281168 -0.017596 
5.080000 0.280466 -0.017552 
5.090000 0.279766 -0.017508 
5.100000 0.279067 -0.017464 
5.110000 0.278370 -0.017421 
5.120000 0.277675 -0.017377 
5.130000 0.276982 -0.017334 
5.140000 0.276290 -0.017291 
5.150000 0.275600 -0.017247 
5.160000 0.274912 -0.017204 
5.170000 0.274226 -0.017161 
5.180000 0.273541 -0.017119 
5.190000 0.272858 -0.017076 
5.200000 0.272177 -0.017033 
5.210000 0.271497 -0.016991 
5.220000 0.270819 -0.016948 
5.230000 0.270143 -0.016906 
5.240000 0.269469 -0.016864 
5.250000 0.268796 -0.016822 
5.260000 0.268125 -0.016780 
5.270000 0.267455 -0.016738 
5.280000 0.266787 -0.016696 
5.290000 0.266121 -0.016654 
5.300000 0.265457 -0.016613 
5.310000 0.264794 -0.016571 
5.320000 0.264133 -0.016530 
5.330000 0.263473 -0.016489 
5.340000 0.262815 -0.016447 
5.350000 0.262159 -0.016406 
5.360000 0.261505 -0.016365 
5.370000 0.260852 -0.016324 
5.380000 0.260200 -0.016284 
5.390000 0.259551 -0.016243 
5.400000 0.258903 -0.016203 
5.410000 0.258256 -0.016162 
5.420000 0.257611 -0.016122 
5.430000 0.256968 -0.016081 
5.440000 0.256326 -0.016041 
5.450000 0.255686 -0.016001 
5.460000 0.255048 -0.015961 
5.470000 0.254411 -0.015921 
5.480000 0.253776 -0.015882 
5.490000 0.253142 -0.015842 
5.500000 0.252510 -0.015802 
5.510000 0.251880 -0.015763 
5.520000 0.251251 -0.015724 
5.530000 0.250624 -0.015684 
5.540000 0.249998 -0.015645 
5.550000 0.249374 -0.015606 
5.560000 0.248751 -0.015567 
5.570000 0.248130 -0.015528 
5.580000 0.247510 -0.015490 
5.590000 0.246892 -0.015451 
5.600000 0.246276 -0.015412 
5.610000 0.245661 -0.015374 
5.620000 0.245047 -0.015335 
5.630000 0.244436 -0.015297 
5.640000 0.243825 -0.015259 
5.650000 0.243217 -0.015221 
5.660000 0.242609 -0.015183 
5.670000 0.242003 -0.015145 
5.680000 0.241399 -0.015107 
5.690000 0.240796 -0.015069 
5.700000 0.240195 -0.015032 
5.710000 0.239595 -0.014994 
5.720000 0.238997 -0.014957 
5.730000 0.238400 -0.014919 
5.740000 0.237805 -0.014882 
5.750000 0.237211 -0.014845 
5.760000 0.236619 -0.014808 
5.770000 0.236028 -0.014771 
5.780000 0.235439 -0.014734 
5.790000 0.234851 -0.014697 
5.800000 0.234265 -0.014661 
5.810000 0.233680 -0.014624 
5.820000 0.233096 -0.014588 
5.830000 0.232514 -0.014551 
5.840000 0.231934 -0.014515 
5.850000 0.231355 -0.014479 
5.860000 0.230777 -0.014442 
5.870000 0.230201 -0.014406 
5.880000 0.229626 -0.014370 
5.890000 0.229053 -0.014334 
5.900000 0.228481 -0.014299 
5.910000 0.227910 -0.014263 
5.920000 0.227341 -0.014227 
5.930000 0.226774 -0.014192 
5.940000 0.226207 -0.014156 
5.950000 0.225643 -0.014121 
5.960000 0.225079 -0.014086 
5.970000 0.224517 -0.014051 
5.980000 0.223957 -0.014016 
5.990000 0.223397 -0.013981 
6.000000 0.222840 -0.013946 
6.010000 0.222283 -0.013911 
6.020000 0.221728 -0.013876 
6.030000 0.221175 -0.013841 
6.040000 0.220622 -0.013807 
6.050000 0.220071 -0.013772 
6.060000 0.219522 -0.013738 
6.070000 0.218974 -0.013704 
6.080000 0.218427 -0.013669 
6.090000 0.217882 -0.013635 
6.100000 0.217338 -0.013601 
6.110000 0.216795 -0.013567 
6.120000 0.216254 -0.013533 
6.130000 0.215714 -0.013500 
6.140000 0.215175 -0.013466 
6.150000 0.214638 -0.013432 
6.160000 0.214102 -0.013399 
6.170000 0.213567 -0.013365 
6.180000 0.213034 -0.013332 
6.190000 0.212502 -0.013299 
6.200000 0.211972 -0.013265 
6.210000 0.211442 -0.013232 
6.220000 0.210914 -0.013199 
6.230000 0.210388 -0.013166 
6.240000 0.209862 -0.013134 
6.250000 0.209338 -0.013101 
6.260000 0.208816 -0.013068 
6.270000 0.208294 -0.013035 
6.280000 0.207774 -0.013003 
6.290000 0.207255 -0.012970 
6.300000 0.206738 -0.012938 
6.310000 0.206222 -0.012906 
6.320000 0.205707 -0.012873 
6.330000 0.205193 -0.012841 
6.340000 0.204681 -0.012809 
6.350000 0.204170 -0.012777 
6.360000 0.203660 -0.012745 
6.370000 0.203152 -0.012714 
6.380000 0.202644 -0.012682 
6.390000 0.202138 -0.012650 
6.400000 0.201634 -0.012619 
6.410000 0.201130 -0.012587 
6.420000 0.200628 -0.012556 
6.430000 0.200127 -0.012524 
6.440000 0.199627 -0.012493 
6.450000 0.199129 -0.012462 
6.460000 0.198632 -0.012431 
6.470000 0.198136 -0.012400 
6.480000 0.197641 -0.012369 
6.490000 0.197147 -0.012338 
6.500000 0.196655 -0.012307 
6.510000 0.196164 -0.012276 
6.520000 0.195674 -0.012246 
6.530000 0.195186 -0.012215 
6.540000 0.194698 -0.012185 
6.550000 0.194212 -0.012154 
6.560000 0.193727 -0.012124 
6.570000 0.193244 -0.012093 
6.580000 0.192761 -0.012063 
6.590000 0.192280 -0.012033 
6.600000 0.191800 -0.012003 
6.610000 0.191321 -0.011973 
6.620000 0.190843 -0.011943 
6.630000 0.190367 -0.011913 
6.640000 0.189891 -0.011884 
6.650000 0.189417 -0.011854 
6.660000 0.188944 -0.011824 
6.670000 0.188472 -0.011795 
6.680000 0.188002 -0.011765 
6.690000 0.187532 -0.011736 
6.700000 0.187064 -0.011707 
6.710000 0.186597 -0.011678 
6.720000 0.186131 -0.011648 
6.730000 0.185666 -0.011619 
6.740000 0.185203 -0.011590 
6.750000 0.184740 -0.011561 
6.760000 0.184279 -0.011532 
6.770000 0.183819 -0.011504 
6.780000 0.183360 -0.011475 
6.790000 0.182902 -0.011446 
6.800000 0.182446 -0.011418 
6.810000 0.181990 -0.011389 
6.820000 0.181536 -0.011361 
6.830000 0.181082 -0.011332 
6.840000 0.180630 -0.011304 
6.850000 0.180179 -0.011276 
6.860000 0.179729 -0.011248 
6.870000 0.179281 -0.011220 
6.880000 0.178833 -0.011192 
6.890000 0.178386 -0.011164 
6.900000 0.177941 -0.011136 
6.910000 0.177497 -0.011108 
6.920000 0.177054 -0.011080 
6.930000 0.176611 -0.011053 
6.940000 0.176170 -0.011025 
6.950000 0.175731 -0.010997 
6.960000 0.175292 -0.010970 
6.970000 0.174854 -0.010943 
6.980000 0.174418 -0.010915 
6.990000 0.173982 -0.010888 
7.000000 0.173548 -0.010861 
7.010000 0.173114 -0.010834 
7.020000 0.172682 -0.010807 
7.030000 0.172251 -0.010780 
7.040000 0.171821 -0.010753 
7.050000 0.171392 -0.010726 
7.060000 0.170964 -0.010699 
7.070000 0.170537 -0.010672 
7.080000 0.170111 -0.010646 
7.090000 0.169686 -0.010619 
7.100000 0.169263 -0.010593 
7.110000 0.168840 -0.010566 
7.120000 0.168419 -0.010540 
7.130000 0.167998 -0.010514 
7.140000 0.167579 -0.010487 
7.150000 0.167160 -0.010461 
7.160000 0.166743 -0.010435 
7.170000 0.166326 -0.010409 
7.180000 0.165911 -0.010383 
7.190000 0.165497 -0.010357 
7.200000 0.165084 -0.010331 
7.210000 0.164671 -0.010305 
7.220000 0.164260 -0.010280 
7.230000 0.163850 -0.010254 
7.240000 0.163441 -0.010228 
7.250000 0.163033 -0.010203 
7.260000 0.162626 -0.010177 
7.270000 0.162220 -0.010152 
7.280000 0.161815 -0.010127 
7.290000 0.161411 -0.010101 
7.300000 0.161008 -0.010076 
7.310000 0.160606 -0.010051 
7.320000 0.160205 -0.010026 
7.330000 0.159805 -0.010001 
7.340000 0.159406 -0.009976 
7.350000 0.159008 -0.009951 
7.360000 0.158611 -0.009926 
7.370000 0.158215 -0.009901 
7.380000 0.157820 -0.009877 
7.390000 0.157425 -0.009852 
7.400000 0.157032 -0.009827 
7.410000 0.156640 -0.009803 
7.420000 0.156249 -0.009778 
7.430000 0.155859 -0.009754 
7.440000 0.155470 -0.009730 
7.450000 0.155082 -0.009705 
7.460000 0.154694 -0.009681 
7.470000 0.154308 -0.009657 
7.480000 0.153923 -0.009633 
7.490000 0.153539 -0.009609 
7.500000 0.153155 -0.009585 
7.510000 0.152773 -0.009561 
7.520000 0.152391 -0.009537 
7.530000 0.152011 -0.009513 
7.540000 0.151631 -0.009489 
7.550000 0.151253 -0.009466 
7.560000 0.150875 -0.009442 
7.570000 0.150498 -0.009418 
7.580000 0.150123 -0.009395 
7.590000 0.149748 -0.009371 
7.600000 0.149374 -0.009348 
7.610000 0.149001 -0.009325 
7.620000 0.148629 -0.009301 
7.630000 0.148258 -0.009278 
7.640000 0.147888 -0.009255 
7.650000 0.147518 -0.009232 
7.660000 0.147150 -0.009209 
7.670000 0.146783 -0.009186 
7.680000 0.146416 -0.009163 
7.690000 0.146050 -0.009140 
7.700000 0.145686 -0.009117 
7.710000 0.145322 -0.009094 
7.720000 0.144959 -0.009072 
7.730000 0.144597 -0.009049 
7.740000 0.144236 -0.009027 
7.750000 0.143876 -0.009004 
7.760000 0.143517 -0.008981 
7.770000 0.143158 -0.008959 
7.780000 0.142801 -0.008937 
7.790000 0.142444 -0.008914 
7.800000 0.142089 -0.008892 
7.810000 0.141734 -0.008870 
7.820000 0.141380 -0.008848 
7.830000 0.141027 -0.008826 
7.840000 0.140675 -0.008804 
7.850000 0.140324 -0.008782 
7.860000 0.139973 -0.008760 
7.870000 0.139624 -0.008738 
7.880000 0.139275 -0.008716 
7.890000 0.138927 -0.008694 
7.900000 0.138581 -0.008673 
7.910000 0.138235 -0.008651 
7.920000 0.137889 -0.008629 
7.930000 0.137545 -0.008608 
7.940000 0.137202 -0.008586 
7.950000 0.136859 -0.008565 
7.960000 0.136517 -0.008543 
7.970000 0.136177 -0.008522 
7.980000 0.135837 -0.008501 
7.990000 0.135497 -0.008480 
8.000000 0.135159 -0.008458 
8.010000 0.134822 -0.008437 
8.020000 0.134485 -0.008416 
8.030000 0.134149 -0.008395 
8.040000 0.133814 -0.008374 
8.050000 0.133480 -0.008353 
8.060000 0.133147 -0.008333 
8.070000 0.132814 -0.008312 
8.080000 0.132483 -0.008291 
8.090000 0.132152 -0.008270 
8.100000 0.131822 -0.008250 
8.110000 0.131493 -0.008229 
8.120000 0.131164 -0.008208 
8.130000 0.130837 -0.008188 
8.140000 0.130510 -0.008168 
8.150000 0.130184 -0.008147 
8.160000 0.129859 -0.008127 
8.170000 0.129535 -0.008107 
8.180000 0.129212 -0.008086 
8.190000 0.128889 -0.008066 
8.200000 0.128567 -0.008046 
8.210000 0.128246 -0.008026 
8.220000 0.127926 -0.008006 
8.230000 0.127607 -0.007986 
8.240000 0.127288 -0.007966 
8.250000 0.126970 -0.007946 
8.260000 0.126653 -0.007926 
8.270000 0.126337 -0.007906 
8.280000 0.126021 -0.007887 
8.290000 0.125707 -0.007867 
8.300000 0.125393 -0.007847 
8.310000 0.125080 -0.007828 
8.320000 0.124768 -0.007808 
8.330000 0.124456 -0.007789 
8.340000 0.124145 -0.007769 
8.350000 0.123835 -0.007750 
8.360000 0.123526 -0.007730 
8.370000 0.123218 -0.007711 
8.380000 0.122910 -0.007692 
8.390000 0.122603 -0.007673 
8.400000 0.122297 -0.007654 
8.410000 0.121992 -0.007634 
8.420000 0.121687 -0.007615 
8.430000 0.121383 -0.007596 
8.440000 0.121080 -0.007577 
8.450000 0.120778 -0.007558 
8.460000 0.120476 -0.007540 
8.470000 0.120175 -0.007521 
8.480000 0.119875 -0.007502 
8.490000 0.119576 -0.007483 
8.500000 0.119277 -0.007465 
8.510000 0.118980 -0.007446 
8.520000 0.118683 -0.007427 
8.530000 0.118386 -0.007409 
8.540000 0.118091 -0.007390 
8.550000 0.117796 -0.007372 
8.560000 0.117502 -0.007353 
8.570000 0.117208 -0.007335 
8.580000 0.116916 -0.007317 
8.590000 0.116624 -0.007298 
8.600000 0.116332 -0.007280 
8.610000 0.116042 -0.007262 
8.620000 0.115752 -0.007244 
8.630000 0.115463 -0.007226 
8.640000 0.115175 -0.007208 
8.650000 0.114887 -0.007190 
8.660000 0.114600 -0.007172 
8.670000 0.114314 -0.007154 
8.680000 0.114029 -0.007136 
8.690000 0.113744 -0.007118 
8.700000 0.113460 -0.007101 
8.710000 0.113177 -0.007083 
8.720000 0.112894 -0.007065 
8.730000 0.112612 -0.007047 
8.740000 0.112331 -0.007030 
8.750000 0.112051 -0.007012 
8.760000 0.111771 -0.006995 
8.770000 0.111492 -0.006977 
8.780000 0.111214 -0.006960 
8.790000 0.110936 -0.006943 
8.800000 0.110659 -0.006925 
8.810000 0.110383 -0.006908 
8.820000 0.110107 -0.006891 
8.830000 0.109832 -0.006873 
8.840000 0.109558 -0.006856 
8.850000 0.109284 -0.006839 
8.860000 0.109011 -0.006822 
8.870000 0.108739 -0.006805 
8.880000 0.108468 -0.006788 
8.890000 0.108197 -0.006771 
8.900000 0.107927 -0.006754 
8.910000 0.107657 -0.006737 
8.920000 0.107388 -0.006721 
8.930000 0.107120 -0.006704 
8.940000 0.106853 -0.006687 
8.950000 0.106586 -0.006670 
8.960000 0.106320 -0.006654 
8.970000 0.106054 -0.006637 
8.980000 0.105790 -0.006620 
8.990000 0.105525 -0.006604 
9.000000 0.105262 -0.006587 
9.010000 0.104999 -0.006571 
9.020000 0.104737 -0.006555 
9.030000 0.104475 -0.006538 
9.040000 0.104215 -0.006522 
9.050000 0.103954 -0.006506 
9.060000 0.103695 -0.006489 
9.070000 0.103436 -0.006473 
9.080000 0.103178 -0.006457 
9.090000 0.102920 -0.006441 
9.100000 0.102663 -0.006425 
9.110000 0.102407 -0.006409 
9.120000 0.102151 -0.006393 
9.130000 0.101896 -0.006377 
9.140000 0.101642 -0.006361 
9.150000 0.101388 -0.006345 
9.160000 0.101135 -0.006329 
9.170000 0.100882 -0.006313 
9.180000 0.100630 -0.006298 
9.190000 0.100379 -0.006282 
9.200000 0.100128 -0.006266 
9.210000 0.099878 -0.006251 
9.220000 0.099629 -0.006235 
9.230000 0.099380 -0.006219 
9.240000 0.099132 -0.006204 
9.250000 0.098884 -0.006188 
9.260000 0.098638 -0.006173 
9.270000 0.098391 -0.006157 
9.280000 0.098146 -0.006142 
9.290000 0.097901 -0.006127 
9.300000 0.097656 -0.006111 
9.310000 0.097412 -0.006096 
9.320000 0.097169 -0.006081 
9.330000 0.096926 -0.006066 
9.340000 0.096684 -0.006051 
9.350000 0.096443 -0.006036 
9.360000 0.096202 -0.006020 
9.370000 0.095962 -0.006005 
9.380000 0.095722 -0.005990 
9.390000 0.095483 -0.005975 
9.400000 0.095245 -0.005961 
9.410000 0.095007 -0.005946 
9.420000 0.094770 -0.005931 
9.430000 0.094533 -0.005916 
9.440000 0.094297 -0.005901 
9.450000 0.094062 -0.005887 
9.460000 0.093827 -0.005872 
9.470000 0.093593 -0.005857 
9.480000 0.093359 -0.005843 
9.490000 0.093126 -0.005828 
9.500000 0.092893 -0.005813 
9.510000 0.092661 -0.005799 
9.520000 0.092430 -0.005784 
9.530000 0.092199 -0.005770 
9.540000 0.091969 -0.005756 
9.550000 0.091739 -0.005741 
9.560000 0.091510 -0.005727 
9.570000 0.091282 -0.005713 
9.580000 0.091054 -0.005698 
9.590000 0.090827 -0.005684 
9.600000 0.090600 -0.005670 
9.610000 0.090374 -0.005656 
9.620000 0.090148 -0.005642 
9.630000 0.089923 -0.005628 
9.640000 0.089698 -0.005613 
9.650000 0.089474 -0.005599 
9.660000 0.089251 -0.005585 
9.670000 0.089028 -0.005572 
9.680000 0.088806 -0.005558 
9.690000 0.088584 -0.005544 
9.700000 0.088363 -0.005530 
9.710000 0.088142 -0.005516 
9.720000 0.087922 -0.005502 
9.730000 0.087703 -0.005489 
9.740000 0.087484 -0.005475 
9.750000 0.087265 -0.005461 
9.760000 0.087047 -0.005448 
9.770000 0.086830 -0.005434 
9.780000 0.086613 -0.005420 
9.790000 0.086397 -0.005407 
9.800000 0.086181 -0.005393 
9.810000 0.085966 -0.005380 
9.820000 0.085751 -0.005366 
9.830000 0.085537 -0.005353 
9.840000 0.085324 -0.005340 
9.850000 0.085111 -0.005326 
9.860000 0.084898 -0.005313 
9.870000 0.084686 -0.005300 
9.880000 0.084475 -0.005287 
9.890000 0.084264 -0.005273 
9.900000 0.084053 -0.005260 
9.910000 0.083844 -0.005247 
9.920000 0.083634 -0.005234 
9.930000 0.083425 -0.005221 
9.940000 0.083217 -0.005208 
9.950000 0.083009 -0.005195 
9.960000 0.082802 -0.005182 
9.970000 0.082595 -0.005169 
9.980000 0.082389 -0.005156 
9.990000 0.082183 -0.005143 
10.000000 0.081978 -0.005130 
10.010000 0.081773 -0.005118 
10.020000 0.081569 -0.005105 
10.030000 0.081366 -0.005092 
10.040000 0.081162 -0.005079 
10.050000 0.080960 -0.005067 
10.060000 0.080758 -0.005054 
10.070000 0.080556 -0.005041 
10.080000 0.080355 -0.005029 
10.090000 0.080154 -0.005016 
10.100000 0.079954 -0.005004 
10.110000 0.079754 -0.004991 
10.120000 0.079555 -0.004979 
10.130000 0.079357 -0.004966 
10.140000 0.079158 -0.004954 
10.150000 0.078961 -0.004941 
10.160000 0.078764 -0.004929 
10.170000 0.078567 -0.004917 
10.180000 0.078371 -0.004905 
10.190000 0.078175 -0.004892 
10.200000 0.077980 -0.004880 
10.210000 0.077785 -0.004868 
10.220000 0.077591 -0.004856 
10.230000 0.077397 -0.004844 
10.240000 0.077204 -0.004832 
10.250000 0.077011 -0.004819 
10.260000 0.076819 -0.004807 
10.270000 0.076627 -0.004795 
10.280000 0.076436 -0.004783 
10.290000 0.076245 -0.004772 
10.300000 0.076055 -0.004760 
10.310000 0.075865 -0.004748 
10.320000 0.075675 -0.004736 
10.330000 0.075486 -0.004724 
10.340000 0.075298 -0.004712 
10.350000 0.075110 -0.004700 
10.360000 0.074922 -0.004689 
10.370000 0.074735 -0.004677 
10.380000 0.074549 -0.004665 
10.390000 0.074363 -0.004654 
10.400000 0.074177 -0.004642 
10.410000 0.073992 -0.004631 
10.420000 0.073807 -0.004619 
10.430000 0.073623 -0.004607 
10.440000 0.073439 -0.004596 
10.450000 0.073255 -0.004584 
10.460000 0.073072 -0.004573 
10.470000 0.072890 -0.004562 
10.480000 0.072708 -0.004550 
10.490000 0.072526 -0.004539 
10.500000 0.072345 -0.004527 
10.510000 0.072165 -0.004516 
10.520000 0.071985 -0.004505 
10.530000 0.071805 -0.004494 
10.540000 0.071626 -0.004482 
10.550000 0.071447 -0.004471 
10.560000 0.071268 -0.004460 
10.570000 0.071090 -0.004449 
10.580000 0.070913 -0.004438 
10.590000 0.070736 -0.004427 
10.600000 0.070559 -0.004416 
10.610000 0.070383 -0.004405 
10.620000 0.070207 -0.004394 
10.630000 0.070032 -0.004383 
10.640000 0.069857 -0.004372 
10.650000 0.069683 -0.004361 
10.660000 0.069509 -0.004350 
10.670000 0.069335 -0.004339 
10.680000 0.069162 -0.004328 
10.690000 0.068989 -0.004317 
10.700000 0.068817 -0.004307 
10.710000 0.068645 -0.004296 
10.720000 0.068474 -0.004285 
10.730000 0.068303 -0.004274 
10.740000 0.068132 -0.004264 
10.750000 0.067962 -0.004253 
10.760000 0.067793 -0.004243 
10.770000 0.067623 -0.004232 
10.780000 0.067454 -0.004221 
10.790000 0.067286 -0.004211 
10.800000 0.067118 -0.004200 
10.810000 0.066950 -0.004190 
10.820000 0.066783 -0.004179 
10.830000 0.066616 -0.004169 
10.840000 0.066450 -0.004159 
10.850000 0.066284 -0.004148 
10.860000 0.066119 -0.004138 
10.870000 0.065954 -0.004127 
10.880000 0.065789 -0.004117 
10.890000 0.065625 -0.004107 
10.900000 0.065461 -0.004097 
10.910000 0.065297 -0.004086 
10.920000 0.065134 -0.004076 
10.930000 0.064972 -0.004066 
10.940000 0.064809 -0.004056 
10.950000 0.064648 -0.004046 
10.960000 0.064486 -0.004036 
10.970000 0.064325 -0.004026 
10.980000 0.064165 -0.004016 
10.990000 0.064004 -0.004005 
11.000000 0.063845 -0.003995 
11.010000 0.063685 -0.003986 
11.020000 0.063526 -0.003976 
11.030000 0.063368 -0.003966 
11.040000 0.063209 -0.003956 
11.050000 0.063052 -0.003946 
11.060000 0.062894 -0.003936 
11.070000 0.062737 -0.003926 
11.080000 0.062580 -0.003916 
11.090000 0.062424 -0.003907 
11.100000 0.062268 -0.003897 
11.110000 0.062113 -0.003887 
11.120000 0.061958 -0.003877 
11.130000 0.061803 -0.003868 
11.140000 0.061649 -0.003858 
11.150000 0.061495 -0.003848 
11.160000 0.061341 -0.003839 
11.170000 0.061188 -0.003829 
11.180000 0.061035 -0.003820 
11.190000 0.060883 -0.003810 
11.200000 0.060731 -0.003801 
11.210000 0.060579 -0.003791 
11.220000 0.060428 -0.003782 
11.230000 0.060277 -0.003772 
11.240000 0.060127 -0.003763 
11.250000 0.059976 -0.003753 
11.260000 0.059827 -0.003744 
11.270000 0.059677 -0.003735 
11.280000 0.059528 -0.003725 
11.290000 0.059380 -0.003716 
11.300000 0.059231 -0.003707 
11.310000 0.059084 -0.003698 
11.320000 0.058936 -0.003688 
11.330000 0.058789 -0.003679 
11.340000 0.058642 -0.003670 
11.350000 0.058496 -0.003661 
11.360000 0.058350 -0.003652 
11.370000 0.058204 -0.003642 
11.380000 0.058059 -0.003633 
11.390000 0.057914 -0.003624 
11.400000 0.057769 -0.003615 
11.410000 0.057625 -0.003606 
11.420000 0.057481 -0.003597 
11.430000 0.057337 -0.003588 
11.440000 0.057194 -0.003579 
11.450000 0.057051 -0.003570 
11.460000 0.056909 -0.003561 
11.470000 0.056767 -0.003553 
11.480000 0.056625 -0.003544 
11.490000 0.056484 -0.003535 
11.500000 0.056343 -0.003526 
11.510000 0.056202 -0.003517 
11.520000 0.056062 -0.003508 
11.530000 0.055922 -0.003500 
11.540000 0.055782 -0.003491 
11.550000 0.055643 -0.003482 
11.560000 0.055504 -0.003474 
11.570000 0.055365 -0.003465 
11.580000 0.055227 -0.003456 
11.590000 0.055089 -0.003448 
11.600000 0.054952 -0.003439 
11.610000 0.054814 -0.003430 
11.620000 0.054677 -0.003422 
11.630000 0.054541 -0.003413 
11.640000 0.054405 -0.003405 
11.650000 0.054269 -0.003396 
11.660000 0.054133 -0.003388 
11.670000 0.053998 -0.003379 
11.680000 0.053863 -0.003371 
11.690000 0.053729 -0.003362 
11.700000 0.053595 -0.003354 
11.710000 0.053461 -0.003346 
11.720000 0.053327 -0.003337 
11.730000 0.053194 -0.003329 
11.740000 0.053062 -0.003321 
11.750000 0.052929 -0.003312 
11.760000 0.052797 -0.003304 
11.770000 0.052665 -0.003296 
11.780000 0.052534 -0.003288 
11.790000 0.052402 -0.003279 
11.800000 0.052272 -0.003271 
11.810000 0.052141 -0.003263 
11.820000 0.052011 -0.003255 
11.830000 0.051881 -0.003247 
11.840000 0.051751 -0.003239 
11.850000 0.051622 -0.003231 
11.860000 0.051493 -0.003223 
11.870000 0.051365 -0.003214 
11.880000 0.051236 -0.003206 
11.890000 0.051109 -0.003198 
11.900000 0.050981 -0.003190 
11.910000 0.050854 -0.003182 
11.920000 0.050727 -0.003175 
11.930000 0.050600 -0.003167 
11.940000 0.050474 -0.003159 
11.950000 0.050348 -0.003151 
11.960000 0.050222 -0.003143 
11.970000 0.050097 -0.003135 
11.980000 0.049971 -0.003127 
11.990000 0.049847 -0.003119 
12.000000 0.049722 -0.003112 
12.010000 0.049598 -0.003104 
12.020000 0.049474 -0.003096 
12.030000 0.049351 -0.003088 
12.040000 0.049227 -0.003081 
12.050000 0.049105 -0.003073 
12.060000 0.048982 -0.003065 
12.070000 0.048860 -0.003058 
12.080000 0.048738 -0.003050 
12.090000 0.048616 -0.003042 
12.100000 0.048495 -0.003035 
12.110000 0.048373 -0.003027 
12.120000 0.048253 -0.003020 
12.130000 0.048132 -0.003012 
12.140000 0.048012 -0.003005 
12.150000 0.047892 -0.002997 
12.160000 0.047773 -0.002990 
12.170000 0.047653 -0.002982 
12.180000 0.047534 -0.002975 
12.190000 0.047416 -0.002967 
12.200000 0.047297 -0.002960 
12.210000 0.047179 -0.002953 
12.220000 0.047061 -0.002945 
12.230000 0.046944 -0.002938 
12.240000 0.046827 -0.002930 
12.250000 0.046710 -0.002923 
12.260000 0.046593 -0.002916 
12.270000 0.046477 -0.002909 
12.280000 0.046361 -0.002901 
12.290000 0.046245 -0.002894 
12.300000 0.046129 -0.002887 
12.310000 0.046014 -0.002880 
12.320000 0.045899 -0.002872 
12.330000 0.045785 -0.002865 
12.340000 0.045670 -0.002858 
12.350000 0.045556 -0.002851 
12.360000 0.045443 -0.002844 
12.370000 0.045329 -0.002837 
12.380000 0.045216 -0.002830 
12.390000 0.045103 -0.002823 
12.400000 0.044991 -0.002816 
12.410000 0.044878 -0.002809 
12.420000 0.044766 -0.002802 
12.430000 0.044654 -0.002795 
12.440000 0.044543 -0.002788 
12.450000 0.044432 -0.002781 
12.460000 0.044321 -0.002774 
12.470000 0.044210 -0.002767 
12.480000 0.044100 -0.002760 
12.490000 0.043990 -0.002753 
12.500000 0.043880 -0.002746 
12.510000 0.043770 -0.002739 
12.520000 0.043661 -0.002732 
12.530000 0.043552 -0.002726 
12.540000 0.043443 -0.002719 
12.550000 0.043335 -0.002712 
12.560000 0.043226 -0.002705 
12.570000 0.043118 -0.002698 
12.580000 0.043011 -0.002692 
12.590000 0.042903 -0.002685 
12.600000 0.042796 -0.002678 
12.610000 0.042689 -0.002672 
12.620000 0.042583 -0.002665 
12.630000 0.042477 -0.002658 
12.640000 0.042370 -0.002652 
12.650000 0.042265 -0.002645 
12.660000 0.042159 -0.002638 
12.670000 0.042054 -0.002632 
12.680000 0.041949 -0.002625 
12.690000 0.041844 -0.002619 
12.700000 0.041740 -0.002612 
12.710000 0.041635 -0.002606 
12.720000 0.041531 -0.002599 
12.730000 0.041428 -0.002593 
12.740000 0.041324 -0.002586 
12.750000 0.041221 -0.002580 
12.760000 0.041118 -0.002573 
12.770000 0.041016 -0.002567 
12.780000 0.040913 -0.002560 
12.790000 0.040811 -0.002554 
12.800000 0.040709 -0.002548 
12.810000 0.040607 -0.002541 
12.820000 0.040506 -0.002535 
12.830000 0.040405 -0.002529 
12.840000 0.040304 -0.002522 
12.850000 0.040203 -0.002516 
12.860000 0.040103 -0.002510 
12.870000 0.040003 -0.002503 
12.880000 0.039903 -0.002497 
12.890000 0.039803 -0.002491 
12.900000 0.039704 -0.002485 
12.910000 0.039605 -0.002479 
12.920000 0.039506 -0.002472 
12.930000 0.039407 -0.002466 
12.940000 0.039309 -0.002460 
12.950000 0.039211 -0.002454 
12.960000 0.039113 -0.002448 
12.970000 0.039015 -0.002442 
12.980000 0.038918 -0.002436 
12.990000 0.038821 -0.002429 
13.000000 0.038724 -0.002423 
13.010000 0.038627 -0.002417 
13.020000 0.038531 -0.002411 
13.030000 0.038434 -0.002405 
13.040000 0.038338 -0.002399 
13.050000 0.038243 -0.002393 
13.060000 0.038147 -0.002387 
13.070000 0.038052 -0.002381 
13.080000 0.037957 -0.002375 
13.090000 0.037862 -0.002369 
13.100000 0.037768 -0.002364 
13.110000 0.037673 -0.002358 
13.120000 0.037579 -0.002352 
13.130000 0.037485 -0.002346 
13.140000 0.037392 -0.002340 
13.150000 0.037298 -0.002334 
13.160000 0.037205 -0.002328 
13.170000 0.037112 -0.002323 
13.180000 0.037020 -0.002317 
13.190000 0.036927 -0.002311 
13.200000 0.036835 -0.002305 
13.210000 0.036743 -0.002299 
13.220000 0.036651 -0.002294 
13.230000 0.036560 -0.002288 
13.240000 0.036469 -0.002282 
13.250000 0.036378 -0.002277 
13.260000 0.036287 -0.002271 
13.270000 0.036196 -0.002265 
13.280000 0.036106 -0.002260 
13.290000 0.036016 -0.002254 
13.300000 0.035926 -0.002248 
13.310000 0.035836 -0.002243 
13.320000 0.035746 -0.002237 
13.330000 0.035657 -0.002231 
13.340000 0.035568 -0.002226 
13.350000 0.035479 -0.002220 
13.360000 0.035391 -0.002215 
13.370000 0.035302 -0.002209 
13.380000 0.035214 -0.002204 
13.390000 0.035126 -0.002198 
13.400000 0.035039 -0.002193 
13.410000 0.034951 -0.002187 
13.420000 0.034864 -0.002182 
13.430000 0.034777 -0.002176 
13.440000 0.034690 -0.002171 
13.450000 0.034603 -0.002166 
13.460000 0.034517 -0.002160 
13.470000 0.034431 -0.002155 
13.480000 0.034345 -0.002149 
13.490000 0.034259 -0.002144 
13.500000 0.034174 -0.002139 
13.510000 0.034088 -0.002133 
13.520000 0.034003 -0.002128 
13.530000 0.033918 -0.002123 
13.540000 0.033834 -0.002117 
13.550000 0.033749 -0.002112 
13.560000 0.033665 -0.002107 
13.570000 0.033581 -0.002102 
13.580000 0.033497 -0.002096 
13.590000 0.033413 -0.002091 
13.600000 0.033330 -0.002086 
13.610000 0.033247 -0.002081 
13.620000 0.033164 -0.002075 
13.630000 0.033081 -0.002070 
13.640000 0.032998 -0.002065 
13.650000 0.032916 -0.002060 
13.660000 0.032834 -0.002055 
13.670000 0.032752 -0.002050 
13.680000 0.032670 -0.002045 
13.690000 0.032588 -0.002039 
13.700000 0.032507 -0.002034 
13.710000 0.032426 -0.002029 
13.720000 0.032345 -0.002024 
13.730000 0.032264 -0.002019 
13.740000 0.032183 -0.002014 
13.750000 0.032103 -0.002009 
13.760000 0.032023 -0.002004 
13.770000 0.031943 -0.001999 
13.780000 0.031863 -0.001994 
13.790000 0.031784 -0.001989 
13.800000 0.031704 -0.001984 
13.810000 0.031625 -0.001979 
13.820000 0.031546 -0.001974 
13.830000 0.031467 -0.001969 
13.840000 0.031389 -0.001964 
13.850000 0.031310 -0.001959 
13.860000 0.031232 -0.001955 
13.870000 0.031154 -0.001950 
13.880000 0.031077 -0.001945 
13.890000 0.030999 -0.001940 
13.900000 0.030922 -0.001935 
13.910000 0.030844 -0.001930 
13.920000 0.030767 -0.001925 
13.930000 0.030690 -0.001921 
13.940000 0.030614 -0.001916 
13.950000 0.030537 -0.001911 
13.960000 0.030461 -0.001906 
13.970000 0.030385 -0.001902 
13.980000 0.030309 -0.001897 
13.990000 0.030234 -0.001892 
14.000000 0.030158 -0.001887 
14.010000 0.030083 -0.001883 
14.020000 0.030008 -0.001878 
14.030000 0.029933 -0.001873 
14.040000 0.029858 -0.001869 
14.050000 0.029783 -0.001864 
14.060000 0.029709 -0.001859 
14.070000 0.029635 -0.001855 
14.080000 0.029561 -0.001850 
14.090000 0.029487 -0.001845 
14.100000 0.029413 -0.001841 
14.110000 0.029340 -0.001836 
14.120000 0.029267 -0.001832 
14.130000 0.029194 -0.001827 
14.140000 0.029121 -0.001822 
14.150000 0.029048 -0.001818 
14.160000 0.028976 -0.001813 
14.170000 0.028903 -0.001809 
14.180000 0.028831 -0.001804 
14.190000 0.028759 -0.001800 
14.200000 0.028687 -0.001795 
14.210000 0.028616 -0.001791 
14.220000 0.028544 -0.001786 
14.230000 0.028473 -0.001782 
14.240000 0.028402 -0.001777 
14.250000 0.028331 -0.001773 
14.260000 0.028260 -0.001769 
14.270000 0.028190 -0.001764 
14.280000 0.028119 -0.001760 
14.290000 0.028049 -0.001755 
14.300000 0.027979 -0.001751 
14.310000 0.027909 -0.001747 
14.320000 0.027839 -0.001742 
14.330000 0.027770 -0.001738 
14.340000 0.027701 -0.001734 
14.350000 0.027631 -0.001729 
14.360000 0.027562 -0.001725 
14.370000 0.027494 -0.001721 
14.380000 0.027425 -0.001716 
14.390000 0.027356 -0.001712 
14.400000 0.027288 -0.001708 
14.410000 0.027220 -0.001703 
14.420000 0.027152 -0.001699 
14.430000 0.027084 -0.001695 
14.440000 0.027017 -0.001691 
14.450000 0.026949 -0.001687 
14.460000 0.026882 -0.001682 
14.470000 0.026815 -0.001678 
14.480000 0.026748 -0.001674 
14.490000 0.026681 -0.001670 
14.500000 0.026614 -0.001666 
14.510000 0.026548 -0.001661 
14.520000 0.026482 -0.001657 
14.530000 0.026416 -0.001653 
14.540000 0.026350 -0.001649 
14.550000 0.026284 -0.001645 
14.560000 0.026218 -0.001641 
14.570000 0.026153 -0.001637 
14.580000 0.026087 -0.001633 
14.590000 0.026022 -0.001629 
14.600000 0.025957 -0.001624 
14.610000 0.025892 -0.001620 
14.620000 0.025828 -0.001616 
14.630000 0.025763 -0.001612 
14.640000 0.025699 -0.001608 
14.650000 0.025635 -0.001604 
14.660000 0.025571 -0.001600 
14.670000 0.025507 -0.001596 
14.680000 0.025443 -0.001592 
14.690000 0.025380 -0.001588 
14.700000 0.025316 -0.001584 
14.710000 0.025253 -0.001580 
14.720000 0.025190 -0.001576 
14.730000 0.025127 -0.001572 
14.740000 0.025064 -0.001569 
14.750000 0.025002 -0.001565 
14.760000 0.024939 -0.001561 
14.770000 0.024877 -0.001557 
14.780000 0.024815 -0.001553 
14.790000 0.024753 -0.001549 
14.800000 0.024691 -0.001545 
14.810000 0.024630 -0.001541 
14.820000 0.024568 -0.001538 
14.830000 0.024507 -0.001534 
14.840000 0.024446 -0.001530 
14.850000 0.024385 -0.001526 
14.860000 0.024324 -0.001522 
14.870000 0.024263 -0.001518 
14.880000 0.024202 -0.001515 
14.890000 0.024142 -0.001511 
14.900000 0.024082 -0.001507 
14.910000 0.024022 -0.001503 
14.920000 0.023962 -0.001500 
14.930000 0.023902 -0.001496 
14.940000 0.023842 -0.001492 
14.950000 0.023783 -0.001488 
14.960000 0.023723 -0.001485 
14.970000 0.023664 -0.001481 
14.980000 0.023605 -0.001477 
14.990000 0.023546 -0.001474 
15.000000 0.023487 -0.001470 
15.010000 0.023428 -0.001466 
15.020000 0.023370 -0.001463 
15.030000 0.023312 -0.001459 
15.040000 0.023253 -0.001455 
15.050000 0.023195 -0.001452 
15.060000 0.023137 -0.001448 
15.070000 0.023080 -0.001444 
15.080000 0.023022 -0.001441 
15.090000 0.022965 -0.001437 
15.100000 0.022907 -0.001434 
15.110000 0.022850 -0.001430 
15.120000 0.022793 -0.001426 
15.130000 0.022736 -0.001423 
15.140000 0.022679 -0.001419 
15.150000 0.022623 -0.001416 
15.160000 0.022566 -0.001412 
15.170000 0.022510 -0.001409 
15.180000 0.022454 -0.001405 
15.190000 0.022398 -0.001402 
15.200000 0.022342 -0.001398 
15.210000 0.022286 -0.001395 
15.220000 0.022230 -0.001391 
15.230000 0.022175 -0.001388 
15.240000 0.022119 -0.001384 
15.250000 0.022064 -0.001381 
15.260000 0.022009 -0.001377 
15.270000 0.021954 -0.001374 
15.280000 0.021899 -0.001370 
15.290000 0.021845 -0.001367 
15.300000 0.021790 -0.001364 
15.310000 0.021736 -0.001360 
15.320000 0.021681 -0.001357 
15.330000 0.021627 -0.001353 
15.340000 0.021573 -0.001350 
15.350000 0.021519 -0.001347 
15.360000 0.021466 -0.001343 
15.370000 0.021412 -0.001340 
15.380000 0.021359 -0.001337 
15.390000 0.021305 -0.001333 
15.400000 0.021252 -0.001330 
15.410000 0.021199 -0.001327 
15.420000 0.021146 -0.001323 
15.430000 0.021093 -0.001320 
15.440000 0.021041 -0.001317 
15.450000 0.020988 -0.001313 
15.460000 0.020936 -0.001310 
15.470000 0.020883 -0.001307 
15.480000 0.020831 -0.001304 
15.490000 0.020779 -0.001300 
15.500000 0.020727 -0.001297 
15.510000 0.020676 -0.001294 
15.520000 0.020624 -0.001291 
15.530000 0.020572 -0.001287 
15.540000 0.020521 -0.001284 
15.550000 0.020470 -0.001281 
15.560000 0.020419 -0.001278 
15.570000 0.020368 -0.001275 
15.580000 0.020317 -0.001271 
15.590000 0.020266 -0.001268 
15.600000 0.020216 -0.001265 
15.610000 0.020165 -0.001262 
15.620000 0.020115 -0.001259 
15.630000 0.020064 -0.001256 
15.640000 0.020014 -0.001253 
15.650000 0.019964 -0.001249 
15.660000 0.019915 -0.001246 
15.670000 0.019865 -0.001243 
15.680000 0.019815 -0.001240 
15.690000 0.019766 -0.001237 
15.700000 0.019716 -0.001234 
15.710000 0.019667 -0.001231 
15.720000 0.019618 -0.001228 
15.730000 0.019569 -0.001225 
15.740000 0.019520 -0.001222 
15.750000 0.019472 -0.001219 
15.760000 0.019423 -0.001216 
15.770000 0.019374 -0.001212 
15.780000 0.019326 -0.001209 
15.790000 0.019278 -0.001206 
15.800000 0.019230 -0.001203 
15.810000 0.019182 -0.001200 
15.820000 0.019134 -0.001197 
15.830000 0.019086 -0.001194 
15.840000 0.019038 -0.001191 
15.850000 0.018991 -0.001188 
15.860000 0.018943 -0.001186 
15.870000 0.018896 -0.001183 
15.880000 0.018849 -0.001180 
15.890000 0.018802 -0.001177 
15.900000 0.018755 -0.001174 
15.910000 0.018708 -0.001171 
15.920000 0.018661 -0.001168 
15.930000 0.018615 -0.001165 
15.940000 0.018568 -0.001162 
15.950000 0.018522 -0.001159 
15.960000 0.018476 -0.001156 
15.970000 0.018429 -0.001153 
15.980000 0.018383 -0.001150 
15.990000 0.018338 -0.001148 
16.000000 0.018292 -0.001145 
16.010000 0.018246 -0.001142 
16.020000 0.018201 -0.001139 
16.030000 0.018155 -0.001136 
16.040000 0.018110 -0.001133 
16.050000 0.018065 -0.001131 
16.060000 0.018019 -0.001128 
16.070000 0.017974 -0.001125 
16.080000 0.017930 -0.001122 
16.090000 0.017885 -0.001119 
16.100000 0.017840 -0.001116 
16.110000 0.017796 -0.001114 
16.120000 0.017751 -0.001111 
16.130000 0.017707 -0.001108 
16.140000 0.017663 -0.001105 
16.150000 0.017619 -0.001103 
16.160000 0.017575 -0.001100 
16.170000 0.017531 -0.001097 
16.180000 0.017487 -0.001094 
16.190000 0.017443 -0.001092 
16.200000 0.017400 -0.001089 
16.210000 0.017356 -0.001086 
16.220000 0.017313 -0.001083 
16.230000 0.017270 -0.001081 
16.240000 0.017227 -0.001078 
16.250000 0.017184 -0.001075 
16.260000 0.017141 -0.001073 
16.270000 0.017098 -0.001070 
16.280000 0.017055 -0.001067 
16.290000 0.017013 -0.001065 
16.300000 0.016970 -0.001062 
16.310000 0.016928 -0.001059 
16.320000 0.016885 -0.001057 
16.330000 0.016843 -0.001054 
16.340000 0.016801 -0.001051 
16.350000 0.016759 -0.001049 
16.360000 0.016717 -0.001046 
16.370000 0.016676 -0.001044 
16.380000 0.016634 -0.001041 
16.390000 0.016593 -0.001038 
16.400000 0.016551 -0.001036 
16.410000 0.016510 -0.001033 
16.420000 0.016469 -0.001031 
16.430000 0.016427 -0.001028 
16.440000 0.016386 -0.001025 
16.450000 0.016345 -0.001023 
16.460000 0.016305 -0.001020 
16.470000 0.016264 -0.001018 
16.480000 0.016223 -0.001015 
16.490000 0.016183 -0.001013 
16.500000 0.016142 -0.001010 
16.510000 0.016102 -0.001008 
16.520000 0.016062 -0.001005 
16.530000 0.016022 -0.001003 
16.540000 0.015982 -0.001000 
16.550000 0.015942 -0.000998 
16.560000 0.015902 -0.000995 
16.570000 0.015862 -0.000993 
16.580000 0.015823 -0.000990 
16.590000 0.015783 -0.000988 
16.600000 0.015744 -0.000985 
16.610000 0.015705 -0.000983 
16.620000 0.015665 -0.000980 
16.630000 0.015626 -0.000978 
16.640000 0.015587 -0.000975 
16.650000 0.015548 -0.000973 
16.660000 0.015509 -0.000971 
16.670000 0.015471 -0.000968 
16.680000 0.015432 -0.000966 
16.690000 0.015394 -0.000963 
16.700000 0.015355 -0.000961 
16.710000 0.015317 -0.000959 
16.720000 0.015279 -0.000956 
16.730000 0.015240 -0.000954 
16.740000 0.015202 -0.000951 
16.750000 0.015164 -0.000949 
16.760000 0.015127 -0.000947 
16.770000 0.015089 -0.000944 
16.780000 0.015051 -0.000942 
16.790000 0.015014 -0.000940 
16.800000 0.014976 -0.000937 
16.810000 0.014939 -0.000935 
16.820000 0.014901 -0.000933 
16.830000 0.014864 -0.000930 
16.840000 0.014827 -0.000928 
16.850000 0.014790 -0.000926 
16.860000 0.014753 -0.000923 
16.870000 0.014716 -0.000921 
16.880000 0.014680 -0.000919 
16.890000 0.014643 -0.000916 
16.900000 0.014606 -0.000914 
16.910000 0.014570 -0.000912 
16.920000 0.014533 -0.000910 
16.930000 0.014497 -0.000907 
16.940000 0.014461 -0.000905 
16.950000 0.014425 -0.000903 
16.960000 0.014389 -0.000900 
16.970000 0.014353 -0.000898 
16.980000 0.014317 -0.000896 
16.990000 0.014281 -0.000894 
17.000000 0.014246 -0.000892 
17.010000 0.014210 -0.000889 
17.020000 0.014175 -0.000887 
17.030000 0.014139 -0.000885 
17.040000 0.014104 -0.000883 
17.050000 0.014069 -0.000880 
17.060000 0.014034 -0.000878 
17.070000 0.013999 -0.000876 
17.080000 0.013964 -0.000874 
17.090000 0.013929 -0.000872 
17.100000 0.013894 -0.000870 
17.110000 0.013859 -0.000867 
17.120000 0.013825 -0.000865 
17.130000 0.013790 -0.000863 
17.140000 0.013756 -0.000861 
17.150000 0.013721 -0.000859 
17.160000 0.013687 -0.000857 
17.170000 0.013653 -0.000854 
17.180000 0.013619 -0.000852 
17.190000 0.013585 -0.000850 
17.200000 0.013551 -0.000848 
17.210000 0.013517 -0.000846 
17.220000 0.013483 -0.000844 
17.230000 0.013450 -0.000842 
17.240000 0.013416 -0.000840 
17.250000 0.013383 -0.000838 
17.260000 0.013349 -0.000835 
17.270000 0.013316 -0.000833 
17.280000 0.013283 -0.000831 
17.290000 0.013249 -0.000829 
17.300000 0.013216 -0.000827 
17.310000 0.013183 -0.000825 
17.320000 0.013150 -0.000823 
17.330000 0.013118 -0.000821 
17.340000 0.013085 -0.000819 
17.350000 0.013052 -0.000817 
17.360000 0.013020 -0.000815 
17.370000 0.012987 -0.000813 
17.380000 0.012955 -0.000811 
17.390000 0.012922 -0.000809 
17.400000 0.012890 -0.000807 
17.410000 0.012858 -0.000805 
17.420000 0.012826 -0.000803 
17.430000 0.012794 -0.000801 
17.440000 0.012762 -0.000799 
17.450000 0.012730 -0.000797 
17.460000 0.012698 -0.000795 
17.470000 0.012666 -0.000793 
17.480000 0.012635 -0.000791 
17.490000 0.012603 -0.000789 
17.500000 0.012572 -0.000787 
17.510000 0.012540 -0.000785 
17.520000 0.012509 -0.000783 
17.530000 0.012478 -0.000781 
17.540000 0.012447 -0.000779 
17.550000 0.012416 -0.000777 
17.560000 0.012385 -0.000775 
17.570000 0.012354 -0.000773 
17.580000 0.012323 -0.000771 
17.590000 0.012292 -0.000769 
17.600000 0.012261 -0.000767 
17.610000 0.012231 -0.000765 
17.620000 0.012200 -0.000764 
17.630000 0.012170 -0.000762 
17.640000 0.012139 -0.000760 
17.650000 0.012109 -0.000758 
17.660000 0.012079 -0.000756 
17.670000 0.012049 -0.000754 
17.680000 0.012019 -0.000752 
17.690000 0.011989 -0.000750 
17.700000 0.011959 -0.000748 
17.710000 0.011929 -0.000747 
17.720000 0.011899 -0.000745 
17.730000 0.011869 -0.000743 
17.740000 0.011840 -0.000741 
17.750000 0.011810 -0.000739 
17.760000 0.011781 -0.000737 
17.770000 0.011751 -0.000735 
17.780000 0.011722 -0.000734 
17.790000 0.011693 -0.000732 
17.800000 0.011663 -0.000730 
17.810000 0.011634 -0.000728 
17.820000 0.011605 -0.000726 
17.830000 0.011576 -0.000724 
17.840000 0.011547 -0.000723 
17.850000 0.011518 -0.000721 
17.860000 0.011490 -0.000719 
17.870000 0.011461 -0.000717 
17.880000 0.011432 -0.000715 
17.890000 0.011404 -0.000714 
17.900000 0.011375 -0.000712 
17.910000 0.011347 -0.000710 
17.920000 0.011319 -0.000708 
17.930000 0.011290 -0.000707 
17.940000 0.011262 -0.000705 
17.950000 0.011234 -0.000703 
17.960000 0.011206 -0.000701 
17.970000 0.011178 -0.000700 
17.980000 0.011150 -0.000698 
17.990000 0.011122 -0.000696 
18.000000 0.011095 -0.000694 
18.010000 0.011067 -0.000693 
18.020000 0.011039 -0.000691 
18.030000 0.011012 -0.000689 
18.040000 0.010984 -0.000687 
18.050000 0.010957 -0.000686 
18.060000 0.010929 -0.000684 
18.070000 0.010902 -0.000682 
18.080000 0.010875 -0.000681 
18.090000 0.010848 -0.000679 
18.100000 0.010821 -0.000677 
18.110000 0.010794 -0.000675 
18.120000 0.010767 -0.000674 
18.130000 0.010740 -0.000672 
18.140000 0.010713 -0.000670 
18.150000 0.010686 -0.000669 
18.160000 0.010660 -0.000667 
18.170000 0.010633 -0.000665 
18.180000 0.010606 -0.000664 
18.190000 0.010580 -0.000662 
18.200000 0.010553 -0.000660 
18.210000 0.010527 -0.000659 
18.220000 0.010501 -0.000657 
18.230000 0.010475 -0.000656 
18.240000 0.010448 -0.000654 
18.250000 0.010422 -0.000652 
18.260000 0.010396 -0.000651 
18.270000 0.010370 -0.000649 
18.280000 0.010344 -0.000647 
18.290000 0.010319 -0.000646 
18.300000 0.010293 -0.000644 
18.310000 0.010267 -0.000643 
18.320000 0.010242 -0.000641 
18.330000 0.010216 -0.000639 
18.340000 0.010190 -0.000638 
18.350000 0.010165 -0.000636 
18.360000 0.010140 -0.000635 
18.370000 0.010114 -0.000633 
18.380000 0.010089 -0.000631 
18.390000 0.010064 -0.000630 
18.400000 0.010039 -0.000628 
18.410000 0.010014 -0.000627 
18.420000 0.009989 -0.000625 
18.430000 0.009964 -0.000624 
18.440000 0.009939 -0.000622 
18.450000 0.009914 -0.000620 
18.460000 0.009889 -0.000619 
18.470000 0.009865 -0.000617 
18.480000 0.009840 -0.000616 
18.490000 0.009815 -0.000614 
18.500000 0.009791 -0.000613 
18.510000 0.009766 -0.000611 
18.520000 0.009742 -0.000610 
18.530000 0.009718 -0.000608 
18.540000 0.009693 -0.000607 
18.550000 0.009669 -0.000605 
18.560000 0.009645 -0.000604 
18.570000 0.009621 -0.000602 
18.580000 0.009597 -0.000601 
18.590000 0.009573 -0.000599 
18.600000 0.009549 -0.000598 
18.610000 0.009525 -0.000596 
18.620000 0.009502 -0.000595 
18.630000 0.009478 -0.000593 
18.640000 0.009454 -0.000592 
18.650000 0.009431 -0.000590 
18.660000 0.009407 -0.000589 
18.670000 0.009383 -0.000587 
18.680000 0.009360 -0.000586 
18.690000 0.009337 -0.000584 
18.700000 0.009313 -0.000583 
18.710000 0.009290 -0.000581 
18.720000 0.009267 -0.000580 
18.730000 0.009244 -0.000578 
18.740000 0.009221 -0.000577 
18.750000 0.009198 -0.000576 
18.760000 0.009175 -0.000574 
18.770000 0.009152 -0.000573 
18.780000 0.009129 -0.000571 
18.790000 0.009106 -0.000570 
18.800000 0.009083 -0.000568 
18.810000 0.009061 -0.000567 
18.820000 0.009038 -0.000566 
18.830000 0.009016 -0.000564 
18.840000 0.008993 -0.000563 
18.850000 0.008971 -0.000561 
18.860000 0.008948 -0.000560 
18.870000 0.008926 -0.000559 
18.880000 0.008904 -0.000557 
18.890000 0.008881 -0.000556 
18.900000 0.008859 -0.000554 
18.910000 0.008837 -0.000553 
18.920000 0.008815 -0.000552 
18.930000 0.008793 -0.000550 
18.940000 0.008771 -0.000549 
18.950000 0.008749 -0.000548 
18.960000 0.008727 -0.000546 
18.970000 0.008705 -0.000545 
18.980000 0.008684 -0.000543 
18.990000 0.008662 -0.000542 
19.000000 0.008640 -0.000541 
19.010000 0.008619 -0.000539 
19.020000 0.008597 -0.000538 
19.030000 0.008576 -0.000537 
19.040000 0.008554 -0.000535 
19.050000 0.008533 -0.000534 
19.060000 0.008512 -0.000533 
19.070000 0.008491 -0.000531 
19.080000 0.008469 -0.000530 
19.090000 0.008448 -0.000529 
19.100000 0.008427 -0.000527 
19.110000 0.008406 -0.000526 
19.120000 0.008385 -0.000525 
19.130000 0.008364 -0.000523 
19.140000 0.008343 -0.000522 
19.150000 0.008322 -0.000521 
19.160000 0.008302 -0.000520 
19.170000 0.008281 -0.000518 
19.180000 0.008260 -0.000517 
19.190000 0.008240 -0.000516 
19.200000 0.008219 -0.000514 
19.210000 0.008199 -0.000513 
19.220000 0.008178 -0.000512 
19.230000 0.008158 -0.000511 
19.240000 0.008137 -0.000509 
19.250000 0.008117 -0.000508 
19.260000 0.008097 -0.000507 
19.270000 0.008076 -0.000505 
19.280000 0.008056 -0.000504 
19.290000 0.008036 -0.000503 
19.300000 0.008016 -0.000502 
19.310000 0.007996 -0.000500 
19.320000 0.007976 -0.000499 
19.330000 0.007956 -0.000498 
19.340000 0.007936 -0.000497 
19.350000 0.007917 -0.000495 
19.360000 0.007897 -0.000494 
19.370000 0.007877 -0.000493 
19.380000 0.007857 -0.000492 
19.390000 0.007838 -0.000490 
19.400000 0.007818 -0.000489 
19.410000 0.007799 -0.000488 
19.420000 0.007779 -0.000487 
19.430000 0.007760 -0.000486 
19.440000 0.007740 -0.000484 
19.450000 0.007721 -0.000483 
19.460000 0.007702 -0.000482 
19.470000 0.007683 -0.000481 
19.480000 0.007663 -0.000480 
19.490000 0.007644 -0.000478 
19.500000 0.007625 -0.000477 
19.510000 0.007606 -0.000476 
19.520000 0.007587 -0.000475 
19.530000 0.007568 -0.000474 
19.540000 0.007549 -0.000472 
19.550000 0.007530 -0.000471 
19.560000 0.007512 -0.000470 
19.570000 0.007493 -0.000469 
19.580000 0.007474 -0.000468 
19.590000 0.007455 -0.000467 
19.600000 0.007437 -0.000465 
19.610000 0.007418 -0.000464 
19.620000 0.007400 -0.000463 
19.630000 0.007381 -0.000462 
19.640000 0.007363 -0.000461 
19.650000 0.007345 -0.000460 
19.660000 0.007326 -0.000458 
19.670000 0.007308 -0.000457 
19.680000 0.007290 -0.000456 
19.690000 0.007271 -0.000455 
19.700000 0.007253 -0.000454 
19.710000 0.007235 -0.000453 
19.720000 0.007217 -0.000452 
19.730000 0.007199 -0.000451 
19.740000 0.007181 -0.000449 
19.750000 0.007163 -0.000448 
19.760000 0.007145 -0.000447 
19.770000 0.007127 -0.000446 
19.780000 0.007110 -0.000445 
19.790000 0.007092 -0.000444 
19.800000 0.007074 -0.000443 
19.810000 0.007057 -0.000442 
19.820000 0.007039 -0.000441 
19.830000 0.007021 -0.000439 
19.840000 0.007004 -0.000438 
19.850000 0.006986 -0.000437 
19.860000 0.006969 -0.000436 
19.870000 0.006951 -0.000435 
19.880000 0.006934 -0.000434 
19.890000 0.006917 -0.000433 
19.900000 0.006900 -0.000432 
19.910000 0.006882 -0.000431 
19.920000 0.006865 -0.000430 
19.930000 0.006848 -0.000429 
19.940000 0.006831 -0.000427 
19.950000 0.006814 -0.000426 
19.960000 0.006797 -0.000425 
19.970000 0.006780 -0.000424 
19.980000 0.006763 -0.000423 
19.990000 0.006746 -0.000422 
20.000000 0.006729 -0.000421 
20.010000 0.006712 -0.000420 
20.020000 0.006696 -0.000419 
20.030000 0.006679 -0.000418 
20.040000 0.006662 -0.000417 
20.050000 0.006646 -0.000416 
20.060000 0.006629 -0.000415 
20.070000 0.006612 -0.000414 
20.080000 0.006596 -0.000413 
20.090000 0.006579 -0.000412 
20.100000 0.006563 -0.000411 
20.110000 0.006547 -0.000410 
20.120000 0.006530 -0.000409 
20.130000 0.006514 -0.000408 
20.140000 0.006498 -0.000407 
20.150000 0.006482 -0.000406 
20.160000 0.006465 -0.000405 
20.170000 0.006449 -0.000404 
20.180000 0.006433 -0.000403 
20.190000 0.006417 -0.000402 
20.200000 0.006401 -0.000401 
20.210000 0.006385 -0.000400 
20.220000 0.006369 -0.000399 
20.230000 0.006353 -0.000398 
20.240000 0.006337 -0.000397 
20.250000 0.006321 -0.000396 
20.260000 0.006306 -0.000395 
20.270000 0.006290 -0.000394 
20.280000 0.006274 -0.000393 
20.290000 0.006259 -0.000392 
20.300000 0.006243 -0.000391 
20.310000 0.006227 -0.000390 
20.320000 0.006212 -0.000389 
20.330000 0.006196 -0.000388 
20.340000 0.006181 -0.000387 
20.350000 0.006165 -0.000386 
20.360000 0.006150 -0.000385 
20.370000 0.006135 -0.000384 
20.380000 0.006119 -0.000383 
20.390000 0.006104 -0.000382 
20.400000 0.006089 -0.000381 
20.410000 0.006074 -0.000380 
20.420000 0.006058 -0.000379 
20.430000 0.006043 -0.000378 
20.440000 0.006028 -0.000377 
20.450000 0.006013 -0.000376 
20.460000 0.005998 -0.000375 
20.470000 0.005983 -0.000374 
20.480000 0.005968 -0.000374 
20.490000 0.005953 -0.000373 
20.500000 0.005938 -0.000372 
20.510000 0.005924 -0.000371 
20.520000 0.005909 -0.000370 
20.530000 0.005894 -0.000369 
20.540000 0.005879 -0.000368 
20.550000 0.005865 -0.000367 
20.560000 0.005850 -0.000366 
20.570000 0.005835 -0.000365 
20.580000 0.005821 -0.000364 
20.590000 0.005806 -0.000363 
20.600000 0.005792 -0.000362 
20.610000 0.005777 -0.000362 
20.620000 0.005763 -0.000361 
20.630000 0.005749 -0.000360 
20.640000 0.005734 -0.000359 
20.650000 0.005720 -0.000358 
20.660000 0.005706 -0.000357 
20.670000 0.005691 -0.000356 
20.680000 0.005677 -0.000355 
20.690000 0.005663 -0.000354 
20.700000 0.005649 -0.000354 
20.710000 0.005635 -0.000353 
20.720000 0.005621 -0.000352 
20.730000 0.005607 -0.000351 
20.740000 0.005593 -0.000350 
20.750000 0.005579 -0.000349 
20.760000 0.005565 -0.000348 
20.770000 0.005551 -0.000347 
20.780000 0.005537 -0.000347 
20.790000 0.005523 -0.000346 
20.800000 0.005509 -0.000345 
20.810000 0.005496 -0.000344 
20.820000 0.005482 -0.000343 
20.830000 0.005468 -0.000342 
20.840000 0.005455 -0.000341 
20.850000 0.005441 -0.000341 
20.860000 0.005427 -0.000340 
20.870000 0.005414 -0.000339 
20.880000 0.005400 -0.000338 
20.890000 0.005387 -0.000337 
20.900000 0.005373 -0.000336 
20.910000 0.005360 -0.000335 
20.920000 0.005347 -0.000335 
20.930000 0.005333 -0.000334 
20.940000 0.005320 -0.000333 
20.950000 0.005307 -0.000332 
20.960000 0.005293 -0.000331 
20.970000 0.005280 -0.000330 
20.980000 0.005267 -0.000330 
20.990000 0.005254 -0.000329 
21.000000 0.005241 -0.000328 
21.010000 0.005228 -0.000327 
21.020000 0.005215 -0.000326 
21.030000 0.005202 -0.000326 
21.040000 0.005189 -0.000325 
21.050000 0.005176 -0.000324 
21.060000 0.005163 -0.000323 
21.070000 0.005150 -0.000322 
21.080000 0.005137 -0.000321 
21.090000 0.005124 -0.000321 
21.100000 0.005111 -0.000320 
21.110000 0.005099 -0.000319 
21.120000 0.005086 -0.000318 
21.130000 0.005073 -0.000317 
21.140000 0.005060 -0.000317 
21.150000 0.005048 -0.000316 
21.160000 0.005035 -0.000315 
21.170000 0.005023 -0.000314 
21.180000 0.005010 -0.000314 
21.190000 0.004998 -0.000313 
21.200000 0.004985 -0.000312 
21.210000 0.004973 -0.000311 
21.220000 0.004960 -0.000310 
21.230000 0.004948 -0.000310 
21.240000 0.004935 -0.000309 
21.250000 0.004923 -0.000308 
21.260000 0.004911 -0.000307 
21.270000 0.004899 -0.000307 
21.280000 0.004886 -0.000306 
21.290000 0.004874 -0.000305 
21.300000 0.004862 -0.000304 
21.310000 0.004850 -0.000304 
21.320000 0.004838 -0.000303 
21.330000 0.004826 -0.000302 
21.340000 0.004814 -0.000301 
21.350000 0.004802 -0.000300 
21.360000 0.004790 -0.000300 
21.370000 0.004778 -0.000299 
21.380000 0.004766 -0.000298 
21.390000 0.004754 -0.000298 
21.400000 0.004742 -0.000297 
21.410000 0.004730 -0.000296 
21.420000 0.004718 -0.000295 
21.430000 0.004707 -0.000295 
21.440000 0.004695 -0.000294 
21.450000 0.004683 -0.000293 
21.460000 0.004671 -0.000292 
21.470000 0.004660 -0.000292 
21.480000 0.004648 -0.000291 
21.490000 0.004636 -0.000290 
21.500000 0.004625 -0.000289 
21.510000 0.004613 -0.000289 
21.520000 0.004602 -0.000288 
21.530000 0.004590 -0.000287 
21.540000 0.004579 -0.000287 
21.550000 0.004567 -0.000286 
21.560000 0.004556 -0.000285 
21.570000 0.004545 -0.000284 
21.580000 0.004533 -0.000284 
21.590000 0.004522 -0.000283 
21.600000 0.004511 -0.000282 
21.610000 0.004499 -0.000282 
21.620000 0.004488 -0.000281 
21.630000 0.004477 -0.000280 
21.640000 0.004466 -0.000279 
21.650000 0.004455 -0.000279 
21.660000 0.004444 -0.000278 
21.670000 0.004432 -0.000277 
21.680000 0.004421 -0.000277 
21.690000 0.004410 -0.000276 
21.700000 0.004399 -0.000275 
21.710000 0.004388 -0.000275 
21.720000 0.004377 -0.000274 
21.730000 0.004366 -0.000273 
21.740000 0.004356 -0.000273 
21.750000 0.004345 -0.000272 
21.760000 0.004334 -0.000271 
21.770000 0.004323 -0.000271 
21.780000 0.004312 -0.000270 
21.790000 0.004301 -0.000269 
21.800000 0.004291 -0.000269 
21.810000 0.004280 -0.000268 
21.820000 0.004269 -0.000267 
21.830000 0.004259 -0.000267 
21.840000 0.004248 -0.000266 
21.850000 0.004237 -0.000265 
21.860000 0.004227 -0.000265 
21.870000 0.004216 -0.000264 
21.880000 0.004206 -0.000263 
21.890000 0.004195 -0.000263 
21.900000 0.004185 -0.000262 
21.910000 0.004174 -0.000261 
21.920000 0.004164 -0.000261 
21.930000 0.004154 -0.000260 
21.940000 0.004143 -0.000259 
21.950000 0.004133 -0.000259 
21.960000 0.004122 -0.000258 
21.970000 0.004112 -0.000257 
21.980000 0.004102 -0.000257 
21.990000 0.004092 -0.000256 
22.000000 0.004081 -0.000255 
22.010000 0.004071 -0.000255 
22.020000 0.004061 -0.000254 
22.030000 0.004051 -0.000254 
22.040000 0.004041 -0.000253 
22.050000 0.004031 -0.000252 
22.060000 0.004021 -0.000252 
22.070000 0.004011 -0.000251 
22.080000 0.004001 -0.000250 
22.090000 0.003991 -0.000250 
22.100000 0.003981 -0.000249 
22.110000 0.003971 -0.000248 
22.120000 0.003961 -0.000248 
22.130000 0.003951 -0.000247 
22.140000 0.003941 -0.000247 
22.150000 0.003931 -0.000246 
22.160000 0.003921 -0.000245 
22.170000 0.003912 -0.000245 
22.180000 0.003902 -0.000244 
22.190000 0.003892 -0.000244 
22.200000 0.003882 -0.000243 
22.210000 0.003873 -0.000242 
22.220000 0.003863 -0.000242 
22.230000 0.003853 -0.000241 
22.240000 0.003844 -0.000241 
22.250000 0.003834 -0.000240 
22.260000 0.003825 -0.000239 
22.270000 0.003815 -0.000239 
22.280000 0.003806 -0.000238 
22.290000 0.003796 -0.000238 
22.300000 0.003787 -0.000237 
22.310000 0.003777 -0.000236 
22.320000 0.003768 -0.000236 
22.330000 0.003758 -0.000235 
22.340000 0.003749 -0.000235 
22.350000 0.003740 -0.000234 
22.360000 0.003730 -0.000233 
22.370000 0.003721 -0.000233 
22.380000 0.003712 -0.000232 
22.390000 0.003702 -0.000232 
22.400000 0.003693 -0.000231 
22.410000 0.003684 -0.000231 
22.420000 0.003675 -0.000230 
22.430000 0.003665 -0.000229 
22.440000 0.003656 -0.000229 
22.450000 0.003647 -0.000228 
22.460000 0.003638 -0.000228 
22.470000 0.003629 -0.000227 
22.480000 0.003620 -0.000227 
22.490000 0.003611 -0.000226 
22.500000 0.003602 -0.000225 
22.510000 0.003593 -0.000225 
22.520000 0.003584 -0.000224 
22.530000 0.003575 -0.000224 
22.540000 0.003566 -0.000223 
22.550000 0.003557 -0.000223 
22.560000 0.003548 -0.000222 
22.570000 0.003539 -0.000221 
22.580000 0.003531 -0.000221 
22.590000 0.003522 -0.000220 
22.600000 0.003513 -0.000220 
22.610000 0.003504 -0.000219 
22.620000 0.003495 -0.000219 
22.630000 0.003487 -0.000218 
22.640000 0.003478 -0.000218 
22.650000 0.003469 -0.000217 
22.660000 0.003461 -0.000217 
22.670000 0.003452 -0.000216 
22.680000 0.003443 -0.000215 
22.690000 0.003435 -0.000215 
22.700000 0.003426 -0.000214 
22.710000 0.003418 -0.000214 
22.720000 0.003409 -0.000213 
22.730000 0.003401 -0.000213 
22.740000 0.003392 -0.000212 
22.750000 0.003384 -0.000212 
22.760000 0.003375 -0.000211 
22.770000 0.003367 -0.000211 
22.780000 0.003358 -0.000210 
22.790000 0.003350 -0.000210 
22.800000 0.003342 -0.000209 
22.810000 0.003333 -0.000209 
22.820000 0.003325 -0.000208 
22.830000 0.003317 -0.000208 
22.840000 0.003308 -0.000207 
22.850000 0.003300 -0.000207 
22.860000 0.003292 -0.000206 
22.870000 0.003284 -0.000205 
22.880000 0.003275 -0.000205 
22.890000 0.003267 -0.000204 
22.900000 0.003259 -0.000204 
22.910000 0.003251 -0.000203 
22.920000 0.003243 -0.000203 
22.930000 0.003235 -0.000202 
22.940000 0.003227 -0.000202 
22.950000 0.003219 -0.000201 
22.960000 0.003211 -0.000201 
22.970000 0.003203 -0.000200 
22.980000 0.003195 -0.000200 
22.990000 0.003187 -0.000199 
23.000000 0.003179 -0.000199 
23.010000 0.003171 -0.000198 
23.020000 0.003163 -0.000198 
23.030000 0.003155 -0.000197 
23.040000 0.003147 -0.000197 
23.050000 0.003139 -0.000196 
23.060000 0.003131 -0.000196 
23.070000 0.003123 -0.000195 
23.080000 0.003116 -0.000195 
23.090000 0.003108 -0.000194 
23.100000 0.003100 -0.000194 
23.110000 0.003092 -0.000194 
23.120000 0.003085 -0.000193 
23.130000 0.003077 -0.000193 
23.140000 0.003069 -0.000192 
23.150000 0.003062 -0.000192 
23.160000 0.003054 -0.000191 
23.170000 0.003046 -0.000191 
23.180000 0.003039 -0.000190 
23.190000 0.003031 -0.000190 
23.200000 0.003024 -0.000189 
23.210000 0.003016 -0.000189 
23.220000 0.003009 -0.000188 
23.230000 0.003001 -0.000188 
23.240000 0.002994 -0.000187 
23.250000 0.002986 -0.000187 
23.260000 0.002979 -0.000186 
23.270000 0.002971 -0.000186 
23.280000 0.002964 -0.000185 
23.290000 0.002956 -0.000185 
23.300000 0.002949 -0.000185 
23.310000 0.002942 -0.000184 
23.320000 0.002934 -0.000184 
23.330000 0.002927 -0.000183 
23.340000 0.002920 -0.000183 
23.350000 0.002912 -0.000182 
23.360000 0.002905 -0.000182 
23.370000 0.002898 -0.000181 
23.380000 0.002891 -0.000181 
23.390000 0.002883 -0.000180 
23.400000 0.002876 -0.000180 
23.410000 0.002869 -0.000180 
23.420000 0.002862 -0.000179 
23.430000 0.002855 -0.000179 
23.440000 0.002848 -0.000178 
23.450000 0.002840 -0.000178 
23.460000 0.002833 -0.000177 
23.470000 0.002826 -0.000177 
23.480000 0.002819 -0.000176 
23.490000 0.002812 -0.000176 
23.500000 0.002805 -0.000176 
23.510000 0.002798 -0.000175 
23.520000 0.002791 -0.000175 
23.530000 0.002784 -0.000174 
23.540000 0.002777 -0.000174 
23.550000 0.002770 -0.000173 
23.560000 0.002763 -0.000173 
23.570000 0.002756 -0.000173 
23.580000 0.002750 -0.000172 
23.590000 0.002743 -0.000172 
23.600000 0.002736 -0.000171 
23.610000 0.002729 -0.000171 
23.620000 0.002722 -0.000170 
23.630000 0.002715 -0.000170 
23.640000 0.002709 -0.000170 
23.650000 0.002702 -0.000169 
23.660000 0.002695 -0.000169 
23.670000 0.002688 -0.000168 
23.680000 0.002682 -0.000168 
23.690000 0.002675 -0.000167 
23.700000 0.002668 -0.000167 
23.710000 0.002662 -0.000167 
23.720000 0.002655 -0.000166 
23.730000 0.002648 -0.000166 
23.740000 0.002642 -0.000165 
23.750000 0.002635 -0.000165 
23.760000 0.002629 -0.000165 
23.770000 0.002622 -0.000164 
23.780000 0.002615 -0.000164 
23.790000 0.002609 -0.000163 
23.800000 0.002602 -0.000163 
23.810000 0.002596 -0.000162 
23.820000 0.002589 -0.000162 
23.830000 0.002583 -0.000162 
23.840000 0.002577 -0.000161 
23.850000 0.002570 -0.000161 
23.860000 0.002564 -0.000160 
23.870000 0.002557 -0.000160 
23.880000 0.002551 -0.000160 
23.890000 0.002545 -0.000159 
23.900000 0.002538 -0.000159 
23.910000 0.002532 -0.000158 
23.920000 0.002526 -0.000158 
23.930000 0.002519 -0.000158 
23.940000 0.002513 -0.000157 
23.950000 0.002507 -0.000157 
23.960000 0.002500 -0.000156 
23.970000 0.002494 -0.000156 
23.980000 0.002488 -0.000156 
23.990000 0.002482 -0.000155 
24.000000 0.002476 -0.000155 
24.010000 0.002469 -0.000155 
24.020000 0.002463 -0.000154 
24.030000 0.002457 -0.000154 
24.040000 0.002451 -0.000153 
24.050000 0.002445 -0.000153 
24.060000 0.002439 -0.000153 
24.070000 0.002433 -0.000152 
24.080000 0.002427 -0.000152 
24.090000 0.002420 -0.000151 
24.100000 0.002414 -0.000151 
24.110000 0.002408 -0.000151 
24.120000 0.002402 -0.000150 
24.130000 0.002396 -0.000150 
24.140000 0.002390 -0.000150 
24.150000 0.002384 -0.000149 
24.160000 0.002378 -0.000149 
24.170000 0.002373 -0.000148 
24.180000 0.002367 -0.000148 
24.190000 0.002361 -0.000148 
24.200000 0.002355 -0.000147 
24.210000 0.002349 -0.000147 
24.220000 0.002343 -0.000147 
24.230000 0.002337 -0.000146 
24.240000 0.002331 -0.000146 
24.250000 0.002326 -0.000146 
24.260000 0.002320 -0.000145 
24.270000 0.002314 -0.000145 
24.280000 0.002308 -0.000144 
24.290000 0.002302 -0.000144 
24.300000 0.002297 -0.000144 
24.310000 0.002291 -0.000143 
24.320000 0.002285 -0.000143 
24.330000 0.002279 -0.000143 
24.340000 0.002274 -0.000142 
24.350000 0.002268 -0.000142 
24.360000 0.002262 -0.000142 
24.370000 0.002257 -0.000141 
24.380000 0.002251 -0.000141 
24.390000 0.002246 -0.000141 
24.400000 0.002240 -0.000140 
24.410000 0.002234 -0.000140 
24.420000 0.002229 -0.000139 
24.430000 0.002223 -0.000139 
24.440000 0.002218 -0.000139 
24.450000 0.002212 -0.000138 
24.460000 0.002207 -0.000138 
24.470000 0.002201 -0.000138 
24.480000 0.002196 -0.000137 
24.490000 0.002190 -0.000137 
24.500000 0.002185 -0.000137 
24.510000 0.002179 -0.000136 
24.520000 0.002174 -0.000136 
24.530000 0.002168 -0.000136 
24.540000 0.002163 -0.000135 
24.550000 0.002158 -0.000135 
24.560000 0.002152 -0.000135 
24.570000 0.002147 -0.000134 
24.580000 0.002141 -0.000134 
24.590000 0.002136 -0.000134 
24.600000 0.002131 -0.000133 
24.610000 0.002125 -0.000133 
24.620000 0.002120 -0.000133 
24.630000 0.002115 -0.000132 
24.640000 0.002110 -0.000132 
24.650000 0.002104 -0.000132 
24.660000 0.002099 -0.000131 
24.670000 0.002094 -0.000131 
24.680000 0.002089 -0.000131 
24.690000 0.002083 -0.000130 
24.700000 0.002078 -0.000130 
24.710000 0.002073 -0.000130 
24.720000 0.002068 -0.000129 
24.730000 0.002063 -0.000129 
24.740000 0.002057 -0.000129 
24.750000 0.002052 -0.000128 
24.760000 0.002047 -0.000128 
24.770000 0.002042 -0.000128 
24.780000 0.002037 -0.000127 
24.790000 0.002032 -0.000127 
24.800000 0.002027 -0.000127 
24.810000 0.002022 -0.000127 
24.820000 0.002017 -0.000126 
24.830000 0.002012 -0.000126 
24.840000 0.002007 -0.000126 
24.850000 0.002002 -0.000125 
24.860000 0.001997 -0.000125 
24.870000 0.001992 -0.000125 
24.880000 0.001987 -0.000124 
24.890000 0.001982 -0.000124 
24.900000 0.001977 -0.000124 
24.910000 0.001972 -0.000123 
24.920000 0.001967 -0.000123 
24.930000 0.001962 -0.000123 
24.940000 0.001957 -0.000122 
24.950000 0.001952 -0.000122 
24.960000 0.001947 -0.000122 
24.970000 0.001942 -0.000122 
24.980000 0.001938 -0.000121 
24.990000 0.001933 -0.000121 
