0.000000 2.000000 0.000000
0.100000 1.983136 0.194672
0.200000 1.928250 0.384057
0.300000 1.837426 0.562913
0.400000 1.714092 0.726452
0.500000 1.562833 0.870533
0.600000 1.389144 0.991828
0.700000 1.199136 1.087937
0.800000 0.999231 1.157459
0.900000 0.795843 1.200009
1.000000 0.595093 1.216178
1.100000 0.402543 1.207454
1.200000 0.222993 1.176094
1.300000 0.060321 1.124974
1.400000 -0.082601 1.057408
1.500000 -0.203941 0.976968
1.600000 -0.302877 0.887300
1.700000 -0.379524 0.791962
1.800000 -0.434807 0.694271
1.900000 -0.470322 0.597197
2.000000 -0.488168 0.503268
2.100000 -0.490778 0.414530
2.200000 -0.480759 0.332521
2.300000 -0.460738 0.258290
2.400000 -0.433245 0.192432
2.500000 -0.400602 0.135142
2.600000 -0.364859 0.086283
2.700000 -0.327747 0.045463
2.800000 -0.290662 0.012110
2.900000 -0.254668 -0.014465
3.000000 -0.220524 -0.035000
3.100000 -0.188723 -0.050237
3.200000 -0.159531 -0.060884
3.300000 -0.133046 -0.067590
3.400000 -0.109241 -0.070934
3.500000 -0.088009 -0.071423
3.600000 -0.069203 -0.069493
3.700000 -0.052668 -0.065526
3.800000 -0.038254 -0.059859
3.900000 -0.025836 -0.052799
4.000000 -0.015314 -0.044634
4.100000 -0.006614 -0.035646
4.200000 0.000325 -0.026116
4.300000 0.005552 -0.016324
4.400000 0.009121 -0.006549
4.500000 0.011098 0.002935
4.600000 0.011571 0.011869
4.700000 0.010653 0.020012
4.800000 0.008484 0.027158
4.900000 0.005234 0.033134
5.000000 0.001095 0.037815
5.100000 -0.003723 0.041125
5.200000 -0.009001 0.043035
5.300000 -0.014520 0.043565
5.400000 -0.020067 0.042783
5.500000 -0.025445 0.040792
5.600000 -0.030478 0.037727
5.700000 -0.035018 0.033745
5.800000 -0.038945 0.029017
5.900000 -0.042169 0.023717
6.000000 -0.044629 0.018016
6.100000 -0.046292 0.012077
6.200000 -0.047145 0.006048
6.300000 -0.047196 0.000058
6.400000 -0.046468 -0.005779
6.500000 -0.044993 -0.011370
6.600000 -0.042812 -0.016635
6.700000 -0.039970 -0.021510
6.800000 -0.036515 -0.025941
6.900000 -0.032501 -0.029882
7.000000 -0.027983 -0.033290
7.100000 -0.023021 -0.036128
7.200000 -0.017681 -0.038358
7.300000 -0.012038 -0.039947
7.400000 -0.006174 -0.040862
7.500000 -0.000182 -0.041077
7.600000 0.005837 -0.040572
7.700000 0.011771 -0.039339
7.800000 0.017505 -0.037382
7.900000 0.022917 -0.034721
8.000000 0.027887 -0.031396
8.100000 0.032300 -0.027466
8.200000 0.036050 -0.023009
8.300000 0.039046 -0.018123
8.400000 0.041215 -0.012925
8.500000 0.042507 -0.007544
8.600000 0.042898 -0.002117
8.700000 0.042394 0.003212
8.800000 0.041026 0.008301
8.900000 0.038855 0.013016
9.000000 0.035968 0.017235
9.100000 0.032473 0.020852
9.200000 0.028497 0.023787
9.300000 0.024180 0.025983
9.400000 0.019667 0.027410
9.500000 0.015105 0.028069
9.600000 0.010636 0.027985
9.700000 0.006389 0.027212
9.800000 0.002480 0.025825
9.900000 -0.000998 0.023916
10.000000 -0.003974 0.021595
10.100000 -0.006399 0.018976
10.200000 -0.008252 0.016178
10.300000 -0.009536 0.013317
10.400000 -0.010276 0.010503
10.500000 -0.010516 0.007832
10.600000 -0.010316 0.005389
10.700000 -0.009749 0.003239
10.800000 -0.008895 0.001426
10.900000 -0.007839 -0.000020
11.000000 -0.006664 -0.001093
11.100000 -0.005446 -0.001801
11.200000 -0.004258 -0.002169
11.300000 -0.003160 -0.002235
11.400000 -0.002200 -0.002045
11.500000 -0.001414 -0.001654
11.600000 -0.000823 -0.001118
11.700000 -0.000436 -0.000493
11.800000 -0.000252 0.000165
11.900000 -0.000257 0.000809
12.000000 -0.000430 0.001395
12.100000 -0.000743 0.001890
12.200000 -0.001164 0.002269
12.300000 -0.001658 0.002515
12.400000 -0.002192 0.002622
12.500000 -0.002732 0.002591
12.600000 -0.003250 0.002430
12.700000 -0.003719 0.002154
12.800000 -0.004120 0.001782
12.900000 -0.004436 0.001337
13.000000 -0.004659 0.000842
13.100000 -0.004784 0.000321
13.200000 -0.004813 -0.000201
13.300000 -0.004749 -0.000703
13.400000 -0.004601 -0.001166
13.500000 -0.004382 -0.001574
13.600000 -0.004104 -0.001915
13.700000 -0.003781 -0.002181
13.800000 -0.003430 -0.002368
13.900000 -0.003065 -0.002474
14.000000 -0.002699 -0.002502
14.100000 -0.002345 -0.002458
14.200000 -0.002015 -0.002349
14.300000 -0.001717 -0.002186
14.400000 -0.001458 -0.001978
14.500000 -0.001242 -0.001738
14.600000 -0.001074 -0.001478
14.700000 -0.000953 -0.001209
14.800000 -0.000877 -0.000943
14.900000 -0.000845 -0.000690
15.000000 -0.000851 -0.000459
15.100000 -0.000891 -0.000258
15.200000 -0.000959 -0.000091
15.300000 -0.001046 0.000036
15.400000 -0.001147 0.000122
15.500000 -0.001255 0.000165
15.600000 -0.001361 0.000166
15.700000 -0.001461 0.000128
15.800000 -0.001548 0.000054
15.900000 -0.001617 -0.000052
16.000000 -0.001664 -0.000184
16.100000 -0.001686 -0.000338
16.200000 -0.001680 -0.000507
16.300000 -0.001646 -0.000685
16.400000 -0.001584 -0.000866
16.500000 -0.001493 -0.001045
16.600000 -0.001376 -0.001216
16.700000 -0.001234 -0.001374
16.800000 -0.001070 -0.001517
16.900000 -0.000887 -0.001639
17.000000 -0.000689 -0.001738
17.100000 -0.000480 -0.001813
17.200000 -0.000263 -0.001862
17.300000 -0.000043 -0.001885
17.400000 0.000176 -0.001880
17.500000 0.000391 -0.001849
17.600000 0.000598 -0.001793
17.700000 0.000792 -0.001714
17.800000 0.000972 -0.001613
17.900000 0.001134 -0.001493
18.000000 0.001274 -0.001356
18.100000 0.001392 -0.001206
18.200000 0.001486 -0.001046
18.300000 0.001553 -0.000880
18.400000 0.001594 -0.000711
18.500000 0.001609 -0.000542
18.600000 0.001598 -0.000378
18.700000 0.001563 -0.000221
18.800000 0.001504 -0.000076
18.900000 0.001425 0.000057
19.000000 0.001328 0.000173
19.100000 0.001215 0.000271
19.200000 0.001092 0.000351
19.300000 0.000961 0.000410
19.400000 0.000825 0.000449
19.500000 0.000689 0.000469
19.600000 0.000556 0.000470
19.700000 0.000428 0.000454
19.800000 0.000310 0.000423
19.900000 0.000202 0.000379
20.000000 0.000107 0.000325
20.100000 0.000026 0.000263
20.200000 -0.000041 0.000196
20.300000 -0.000093 0.000127
20.400000 -0.000130 0.000057
20.500000 -0.000154 -0.000010
20.600000 -0.000166 -0.000074
20.700000 -0.000166 -0.000132
20.800000 -0.000157 -0.000184
20.900000 -0.000140 -0.000228
21.000000 -0.000117 -0.000264
21.100000 -0.000089 -0.000292
21.200000 -0.000058 -0.000312
21.300000 -0.000026 -0.000324
21.400000 0.000006 -0.000329
21.500000 0.000038 -0.000327
21.600000 0.000068 -0.000319
21.700000 0.000096 -0.000305
21.800000 0.000120 -0.000287
21.900000 0.000141 -0.000264
22.000000 0.000158 -0.000239
22.100000 0.000171 -0.000212
22.200000 0.000180 -0.000183
22.300000 0.000184 -0.000153
22.400000 0.000184 -0.000123
22.500000 0.000180 -0.000095
22.600000 0.000173 -0.000067
22.700000 0.000162 -0.000042
22.800000 0.000149 -0.000019
22.900000 0.000133 0.000000
23.000000 0.000116 0.000016
23.100000 0.000098 0.000029
23.200000 0.000080 0.000038
23.300000 0.000063 0.000043
23.400000 0.000046 0.000045
23.500000 0.000031 0.000045
23.600000 0.000019 0.000042
23.700000 0.000008 0.000038
23.800000 0.000000 0.000032
23.900000 -0.000006 0.000026
24.000000 -0.000009 0.000020
24.100000 -0.000010 0.000014
24.200000 -0.000010 0.000009
24.300000 -0.000009 0.000005
24.400000 -0.000007 0.000002
24.500000 -0.000005 0.000000
24.600000 -0.000003 -0.000001
24.700000 -0.000002 -0.000001
24.800000 -0.000001 -0.000001
24.900000 -0.000000 -0.000000
