0.00000000 -1.00000000
0.05000000 -0.99750208
0.10000000 -0.99023151
0.15000000 -0.97890377
0.20000000 -0.96446955
0.25000000 -0.94785752
0.30000000 -0.92979016
0.35000000 -0.91072350
0.40000000 -0.89088988
0.45000000 -0.87038714
0.50000000 -0.84926305
0.55000000 -0.82757073
0.60000000 -0.80539373
0.65000000 -0.78285037
0.70000000 -0.76008819
0.75000000 -0.73727521
0.80000000 -0.71459162
0.85000000 -0.69222288
0.90000000 -0.67035431
0.95000000 -0.64916683
1.00000000 -0.62883349
1.05000000 -0.60951668
1.10000000 -0.59136570
1.15000000 -0.57451467
1.20000000 -0.55908067
1.25000000 -0.54516204
1.30000000 -0.53283685
1.35000000 -0.52216136
1.40000000 -0.51316859
1.45000000 -0.50586682
1.50000000 -0.50023809
1.55000000 -0.49623654
1.60000000 -0.49378666
1.65000000 -0.49278139
1.70000000 -0.49307998
1.75000000 -0.49450567
1.80000000 -0.49684321
1.85000000 -0.49983623
1.90000000 -0.50318469
1.95000000 -0.50654266
2.00000000 -0.50951705
2.05000000 -0.51166814
2.10000000 -0.51251356
2.15000000 -0.51153780
2.20000000 -0.50821067
2.25000000 -0.50201904
2.30000000 -0.49251740
2.35000000 -0.47940252
2.40000000 -0.46261654
2.45000000 -0.44247737
2.50000000 -0.41982611
2.55000000 -0.39616628
2.60000000 -0.37375070
2.65000000 -0.35555520
2.70000000 -0.34507328
2.75000000 -0.34588552
2.80000000 -0.36101150
2.85000000 -0.39213628
2.90000000 -0.43889439
2.95000000 -0.49844952
3.00000000 -0.56558318
3.05000000 -0.63338249
3.10000000 -0.69442444
3.15000000 -0.74216670
3.20000000 -0.77216091
3.25000000 -0.78275281
3.30000000 -0.77510932
3.35000000 -0.75263556
3.40000000 -0.72002110
3.45000000 -0.68222020
3.50000000 -0.64362277
3.55000000 -0.60755409
3.60000000 -0.57611522
3.65000000 -0.55028596
3.70000000 -0.53017655
3.75000000 -0.51532325
3.80000000 -0.50495545
3.85000000 -0.49819878
3.90000000 -0.49420777
3.95000000 -0.49223797
4.00000000 -0.49167448
4.05000000 -0.49203300
4.10000000 -0.49294642
4.15000000 -0.49414570
4.20000000 -0.49544019
4.25000000 -0.49669998
4.30000000 -0.49784116
4.35000000 -0.49881426
4.40000000 -0.49959516
4.45000000 -0.50017835
4.50000000 -0.50057171
4.55000000 -0.50079259
4.60000000 -0.50086480
4.65000000 -0.50081623
4.70000000 -0.50067688
4.75000000 -0.50047725
4.80000000 -0.50024699
4.85000000 -0.50001362
4.90000000 -0.49980151
4.95000000 -0.49963090
5.00000000 -0.49951711
5.05000000 -0.49946986
5.10000000 -0.49949283
5.15000000 -0.49958345
5.20000000 -0.49973292
5.25000000 -0.49992674
5.30000000 -0.50014546
5.35000000 -0.50036608
5.40000000 -0.50056383
5.45000000 -0.50071434
5.50000000 -0.50079620
5.55000000 -0.50079359
5.60000000 -0.50069865
5.65000000 -0.50051339
5.70000000 -0.50025053
5.75000000 -0.49993314
5.80000000 -0.49959269
5.85000000 -0.49926575
5.90000000 -0.49898946
5.95000000 -0.49879647
6.00000000 -0.49871022
6.05000000 -0.49874130
6.10000000 -0.49888573
6.15000000 -0.49912549
6.20000000 -0.49943134
6.25000000 -0.49976734
6.30000000 -0.50009629
6.35000000 -0.50038497
6.40000000 -0.50060836
6.45000000 -0.50075206
6.50000000 -0.50081288
6.55000000 -0.50079752
6.60000000 -0.50072013
6.65000000 -0.50059917
6.70000000 -0.50045425
6.75000000 -0.50030359
6.80000000 -0.50016213
6.85000000 -0.50004060
6.90000000 -0.49994532
6.95000000 -0.49987859
7.00000000 -0.49983947
7.05000000 -0.49982467
7.10000000 -0.49982951
7.15000000 -0.49984869
7.20000000 -0.49987698
7.25000000 -0.49990961
7.30000000 -0.49994264
7.35000000 -0.49997302
7.40000000 -0.49999864
7.45000000 -0.50001830
7.50000000 -0.50003154
7.55000000 -0.50003856
7.60000000 -0.50004002
7.65000000 -0.50003692
7.70000000 -0.50003042
7.75000000 -0.50002179
7.80000000 -0.50001222
7.85000000 -0.50000282
7.90000000 -0.49999448
7.95000000 -0.49998788
8.00000000 -0.49998348
8.05000000 -0.49998145
8.10000000 -0.49998174
8.15000000 -0.49998411
8.20000000 -0.49998812
8.25000000 -0.49999323
8.30000000 -0.49999881
8.35000000 -0.50000426
8.40000000 -0.50000900
8.45000000 -0.50001255
8.50000000 -0.50001458
8.55000000 -0.50001494
8.60000000 -0.50001364
8.65000000 -0.50001087
8.70000000 -0.50000698
8.75000000 -0.50000241
8.80000000 -0.49999769
8.85000000 -0.49999332
8.90000000 -0.49998975
8.95000000 -0.49998735
9.00000000 -0.49998632
9.05000000 -0.49998670
9.10000000 -0.49998838
9.15000000 -0.49999110
9.20000000 -0.49999451
9.25000000 -0.49999821
9.30000000 -0.50000177
9.35000000 -0.50000485
9.40000000 -0.50000717
9.45000000 -0.50000858
9.50000000 -0.50000903
9.55000000 -0.50000860
9.60000000 -0.50000743
9.65000000 -0.50000573
9.70000000 -0.50000376
9.75000000 -0.50000175
9.80000000 -0.49999989
9.85000000 -0.49999835
9.90000000 -0.49999723
9.95000000 -0.49999655
10.00000000 -0.49999632
10.05000000 -0.49999647
10.10000000 -0.49999693
10.15000000 -0.49999759
10.20000000 -0.49999836
10.25000000 -0.49999914
10.30000000 -0.49999985
10.35000000 -0.50000045
10.40000000 -0.50000089
10.45000000 -0.50000116
10.50000000 -0.50000126
10.55000000 -0.50000122
10.60000000 -0.50000107
10.65000000 -0.50000083
10.70000000 -0.50000055
10.75000000 -0.50000025
10.80000000 -0.49999998
10.85000000 -0.49999975
10.90000000 -0.49999959
10.95000000 -0.49999949
11.00000000 -0.49999946
11.05000000 -0.49999949
11.10000000 -0.49999957
11.15000000 -0.49999969
11.20000000 -0.49999982
11.25000000 -0.49999996
11.30000000 -0.50000009
11.35000000 -0.50000020
11.40000000 -0.50000027
11.45000000 -0.50000031
11.50000000 -0.50000031
11.55000000 -0.50000028
11.60000000 -0.50000022
11.65000000 -0.50000014
11.70000000 -0.50000006
11.75000000 -0.49999997
11.80000000 -0.49999990
11.85000000 -0.49999984
11.90000000 -0.49999980
11.95000000 -0.49999978
12.00000000 -0.49999979
12.05000000 -0.49999982
12.10000000 -0.49999987
12.15000000 -0.49999992
12.20000000 -0.49999998
12.25000000 -0.50000003
12.30000000 -0.50000008
12.35000000 -0.50000011
12.40000000 -0.50000013
12.45000000 -0.50000014
12.50000000 -0.50000013
12.55000000 -0.50000010
12.60000000 -0.50000008
12.65000000 -0.50000004
12.70000000 -0.50000001
12.75000000 -0.49999998
12.80000000 -0.49999996
12.85000000 -0.49999994
12.90000000 -0.49999993
12.95000000 -0.49999993
13.00000000 -0.49999994
13.05000000 -0.49999995
13.10000000 -0.49999996
13.15000000 -0.49999998
13.20000000 -0.49999999
13.25000000 -0.50000001
13.30000000 -0.50000002
13.35000000 -0.50000003
13.40000000 -0.50000003
13.45000000 -0.50000003
13.50000000 -0.50000003
13.55000000 -0.50000002
13.60000000 -0.50000002
13.65000000 -0.50000001
13.70000000 -0.50000000
13.75000000 -0.50000000
13.80000000 -0.49999999
13.85000000 -0.49999999
13.90000000 -0.49999999
13.95000000 -0.49999999
14.00000000 -0.49999999
14.05000000 -0.49999999
14.10000000 -0.49999999
14.15000000 -0.50000000
14.20000000 -0.50000000
14.25000000 -0.50000000
14.30000000 -0.50000001
14.35000000 -0.50000001
14.40000000 -0.50000001
14.45000000 -0.50000001
14.50000000 -0.50000001
14.55000000 -0.50000000
14.60000000 -0.50000000
14.65000000 -0.50000000
14.70000000 -0.50000000
14.75000000 -0.50000000
14.80000000 -0.50000000
14.85000000 -0.50000000
14.90000000 -0.50000000
14.95000000 -0.50000000
15.00000000 -0.50000000
15.05000000 -0.50000000
15.10000000 -0.50000000
15.15000000 -0.50000000
15.20000000 -0.50000000
15.25000000 -0.50000000
15.30000000 -0.50000000
15.35000000 -0.50000000
15.40000000 -0.50000000
15.45000000 -0.50000000
15.50000000 -0.50000000
15.55000000 -0.50000000
15.60000000 -0.50000000
15.65000000 -0.50000000
15.70000000 -0.50000000
15.75000000 -0.50000000
15.80000000 -0.50000000
15.85000000 -0.50000000
15.90000000 -0.50000000
15.95000000 -0.50000000
16.00000000 -0.50000000
16.05000000 -0.50000000
16.10000000 -0.50000000
16.15000000 -0.50000000
16.20000000 -0.50000000
16.25000000 -0.50000000
16.30000000 -0.50000000
16.35000000 -0.50000000
16.40000000 -0.50000000
16.45000000 -0.50000000
16.50000000 -0.50000000
16.55000000 -0.50000000
16.60000000 -0.50000000
16.65000000 -0.50000000
16.70000000 -0.50000000
16.75000000 -0.50000000
16.80000000 -0.50000000
16.85000000 -0.50000000
16.90000000 -0.50000000
16.95000000 -0.50000000
17.00000000 -0.50000000
17.05000000 -0.50000000
17.10000000 -0.50000000
17.15000000 -0.50000000
17.20000000 -0.50000000
17.25000000 -0.50000000
17.30000000 -0.50000000
17.35000000 -0.50000000
17.40000000 -0.50000000
17.45000000 -0.50000000
17.50000000 -0.50000000
17.55000000 -0.50000000
17.60000000 -0.50000000
17.65000000 -0.50000000
17.70000000 -0.50000000
17.75000000 -0.50000000
17.80000000 -0.50000000
17.85000000 -0.50000000
17.90000000 -0.50000000
17.95000000 -0.50000000
18.00000000 -0.50000000
18.05000000 -0.50000000
18.10000000 -0.50000000
18.15000000 -0.50000000
18.20000000 -0.50000000
18.25000000 -0.50000000
18.30000000 -0.50000000
18.35000000 -0.50000000
18.40000000 -0.50000000
18.45000000 -0.50000000
18.50000000 -0.50000000
18.55000000 -0.50000000
18.60000000 -0.50000000
18.65000000 -0.50000000
18.70000000 -0.50000000
18.75000000 -0.50000000
18.80000000 -0.50000000
18.85000000 -0.50000000
18.90000000 -0.50000000
18.95000000 -0.50000000
19.00000000 -0.50000000
19.05000000 -0.50000000
19.10000000 -0.50000000
19.15000000 -0.50000000
19.20000000 -0.50000000
19.25000000 -0.50000000
19.30000000 -0.50000000
19.35000000 -0.50000000
19.40000000 -0.50000000
19.45000000 -0.50000000
19.50000000 -0.50000000
19.55000000 -0.50000000
19.60000000 -0.50000000
19.65000000 -0.50000000
19.70000000 -0.50000000
19.75000000 -0.50000000
19.80000000 -0.50000000
19.85000000 -0.50000000
19.90000000 -0.50000000
19.95000000 -0.50000000
20.00000000 -0.50000000
20.05000000 -0.50000000
20.10000000 -0.50000000
20.15000000 -0.50000000
20.20000000 -0.50000000
20.25000000 -0.50000000
20.30000000 -0.50000000
20.35000000 -0.50000000
20.40000000 -0.50000000
20.45000000 -0.50000000
20.50000000 -0.50000000
20.55000000 -0.50000000
20.60000000 -0.50000000
20.65000000 -0.50000000
20.70000000 -0.50000000
20.75000000 -0.50000000
20.80000000 -0.50000000
20.85000000 -0.50000000
20.90000000 -0.50000000
20.95000000 -0.50000000
21.00000000 -0.50000000
21.05000000 -0.50000000
21.10000000 -0.50000000
21.15000000 -0.50000000
21.20000000 -0.50000000
21.25000000 -0.50000000
21.30000000 -0.50000000
21.35000000 -0.50000000
21.40000000 -0.50000000
21.45000000 -0.50000000
21.50000000 -0.50000000
21.55000000 -0.50000000
21.60000000 -0.50000000
21.65000000 -0.50000000
21.70000000 -0.50000000
21.75000000 -0.50000000
21.80000000 -0.50000000
21.85000000 -0.50000000
21.90000000 -0.50000000
21.95000000 -0.50000000
22.00000000 -0.50000000
22.05000000 -0.50000000
22.10000000 -0.50000000
22.15000000 -0.50000000
22.20000000 -0.50000000
22.25000000 -0.50000000
22.30000000 -0.50000000
22.35000000 -0.50000000
22.40000000 -0.50000000
22.45000000 -0.50000000
22.50000000 -0.50000000
22.55000000 -0.50000000
22.60000000 -0.50000000
22.65000000 -0.50000000
22.70000000 -0.50000000
22.75000000 -0.50000000
22.80000000 -0.50000000
22.85000000 -0.50000000
22.90000000 -0.50000000
22.95000000 -0.50000000
23.00000000 -0.50000000
23.05000000 -0.50000000
23.10000000 -0.50000000
23.15000000 -0.50000000
23.20000000 -0.50000000
23.25000000 -0.50000000
23.30000000 -0.50000000
23.35000000 -0.50000000
23.40000000 -0.50000000
23.45000000 -0.50000000
23.50000000 -0.50000000
23.55000000 -0.50000000
23.60000000 -0.50000000
23.65000000 -0.50000000
23.70000000 -0.50000000
23.75000000 -0.50000000
23.80000000 -0.50000000
23.85000000 -0.50000000
23.90000000 -0.50000000
23.95000000 -0.50000000
24.00000000 -0.50000000
24.05000000 -0.50000000
24.10000000 -0.50000000
24.15000000 -0.50000000
24.20000000 -0.50000000
24.25000000 -0.50000000
24.30000000 -0.50000000
24.35000000 -0.50000000
24.40000000 -0.50000000
24.45000000 -0.50000000
24.50000000 -0.50000000
24.55000000 -0.50000000
24.60000000 -0.50000000
24.65000000 -0.50000000
24.70000000 -0.50000000
24.75000000 -0.50000000
24.80000000 -0.50000000
24.85000000 -0.50000000
24.90000000 -0.50000000
24.95000000 -0.50000000
25.00000000 -0.50000000
25.05000000 -0.50000000
25.10000000 -0.50000000
25.15000000 -0.50000000
25.20000000 -0.50000000
25.25000000 -0.50000000
25.30000000 -0.50000000
25.35000000 -0.50000000
25.40000000 -0.50000000
25.45000000 -0.50000000
25.50000000 -0.50000000
25.55000000 -0.50000000
25.60000000 -0.50000000
25.65000000 -0.50000000
25.70000000 -0.50000000
25.75000000 -0.50000000
25.80000000 -0.50000000
25.85000000 -0.50000000
25.90000000 -0.50000000
25.95000000 -0.50000000
26.00000000 -0.50000000
26.05000000 -0.50000000
26.10000000 -0.50000000
26.15000000 -0.50000000
26.20000000 -0.50000000
26.25000000 -0.50000000
26.30000000 -0.50000000
26.35000000 -0.50000000
26.40000000 -0.50000000
26.45000000 -0.50000000
26.50000000 -0.50000000
26.55000000 -0.50000000
26.60000000 -0.50000000
26.65000000 -0.50000000
26.70000000 -0.50000000
26.75000000 -0.50000000
26.80000000 -0.50000000
26.85000000 -0.50000000
26.90000000 -0.50000000
26.95000000 -0.50000000
27.00000000 -0.50000000
27.05000000 -0.50000000
27.10000000 -0.50000000
27.15000000 -0.50000000
27.20000000 -0.50000000
27.25000000 -0.50000000
27.30000000 -0.50000000
27.35000000 -0.50000000
27.40000000 -0.50000000
27.45000000 -0.50000000
27.50000000 -0.50000000
27.55000000 -0.50000000
27.60000000 -0.50000000
27.65000000 -0.50000000
27.70000000 -0.50000000
27.75000000 -0.50000000
27.80000000 -0.50000000
27.85000000 -0.50000000
27.90000000 -0.50000000
27.95000000 -0.50000000
28.00000000 -0.50000000
28.05000000 -0.50000000
28.10000000 -0.50000000
28.15000000 -0.50000000
28.20000000 -0.50000000
28.25000000 -0.50000000
28.30000000 -0.50000000
28.35000000 -0.50000000
28.40000000 -0.50000000
28.45000000 -0.50000000
28.50000000 -0.50000000
28.55000000 -0.50000000
28.60000000 -0.50000000
28.65000000 -0.50000000
28.70000000 -0.50000000
28.75000000 -0.50000000
28.80000000 -0.50000000
28.85000000 -0.50000000
28.90000000 -0.50000000
28.95000000 -0.50000000
29.00000000 -0.50000000
29.05000000 -0.50000000
29.10000000 -0.50000000
29.15000000 -0.50000000
29.20000000 -0.50000000
29.25000000 -0.50000000
29.30000000 -0.50000000
29.35000000 -0.50000000
29.40000000 -0.50000000
29.45000000 -0.50000000
29.50000000 -0.50000000
29.55000000 -0.50000000
29.60000000 -0.50000000
29.65000000 -0.50000000
29.70000000 -0.50000000
29.75000000 -0.50000000
29.80000000 -0.50000000
29.85000000 -0.50000000
29.90000000 -0.50000000
29.95000000 -0.50000000
