0.00000000 -1.00000000
0.05000000 -0.99753155
0.10000000 -0.99041891
0.15000000 -0.97940261
0.20000000 -0.96546870
0.25000000 -0.94964035
0.30000000 -0.93281691
0.35000000 -0.91569347
0.40000000 -0.89875437
0.45000000 -0.88231149
0.50000000 -0.86655620
0.55000000 -0.85160448
0.60000000 -0.83752754
0.65000000 -0.82436881
0.70000000 -0.81215078
0.75000000 -0.80087451
0.80000000 -0.79051313
0.85000000 -0.78100128
0.90000000 -0.77222438
0.95000000 -0.76401551
1.00000000 -0.75616737
1.05000000 -0.74846278
1.10000000 -0.74071807
1.15000000 -0.73282568
1.20000000 -0.72477974
1.25000000 -0.71667463
1.30000000 -0.70867734
1.35000000 -0.70098472
1.40000000 -0.69378082
1.45000000 -0.68720650
1.50000000 -0.68134626
1.55000000 -0.67623028
1.60000000 -0.67184566
1.65000000 -0.66815043
1.70000000 -0.66508613
1.75000000 -0.66258694
1.80000000 -0.66058535
1.85000000 -0.65901492
1.90000000 -0.65781069
1.95000000 -0.65690784
2.00000000 -0.65623942
2.05000000 -0.65573450
2.10000000 -0.65531849
2.15000000 -0.65491706
2.20000000 -0.65446334
2.25000000 -0.65390664
2.30000000 -0.65321951
2.35000000 -0.65240033
2.40000000 -0.65147016
2.45000000 -0.65046497
2.50000000 -0.64942563
2.55000000 -0.64838894
2.60000000 -0.64738163
2.65000000 -0.64641821
2.70000000 -0.64550190
2.75000000 -0.64462750
2.80000000 -0.64378477
2.85000000 -0.64296139
2.90000000 -0.64214511
2.95000000 -0.64132509
3.00000000 -0.64049229
3.05000000 -0.63963939
3.10000000 -0.63876019
3.15000000 -0.63784887
3.20000000 -0.63689956
3.25000000 -0.63590638
3.30000000 -0.63486438
3.35000000 -0.63377097
3.40000000 -0.63262741
3.45000000 -0.63143979
3.50000000 -0.63021892
3.55000000 -0.62897917
3.60000000 -0.62773643
3.65000000 -0.62650596
3.70000000 -0.62530057
3.75000000 -0.62412957
3.80000000 -0.62299854
3.85000000 -0.62190979
3.90000000 -0.62086315
3.95000000 -0.61985688
4.00000000 -0.61888849
4.05000000 -0.61795523
4.10000000 -0.61705453
4.15000000 -0.61618404
4.20000000 -0.61534169
4.25000000 -0.61452550
4.30000000 -0.61373343
4.35000000 -0.61296340
4.40000000 -0.61221329
4.45000000 -0.61148119
4.50000000 -0.61076574
4.55000000 -0.61006639
4.60000000 -0.60938349
4.65000000 -0.60871825
4.70000000 -0.60807235
4.75000000 -0.60744757
4.80000000 -0.60684529
4.85000000 -0.60626624
4.90000000 -0.60571026
4.95000000 -0.60517642
5.00000000 -0.60466314
5.05000000 -0.60416840
5.10000000 -0.60369001
5.15000000 -0.60322580
5.20000000 -0.60277375
5.25000000 -0.60233204
5.30000000 -0.60189912
5.35000000 -0.60147365
5.40000000 -0.60105446
5.45000000 -0.60064053
5.50000000 -0.60023095
5.55000000 -0.59982495
5.60000000 -0.59942192
5.65000000 -0.59902147
5.70000000 -0.59862345
5.75000000 -0.59822797
5.80000000 -0.59783533
5.85000000 -0.59744594
5.90000000 -0.59706019
5.95000000 -0.59667841
6.00000000 -0.59630077
6.05000000 -0.59592725
6.10000000 -0.59555770
6.15000000 -0.59519184
6.20000000 -0.59482932
6.25000000 -0.59446980
6.30000000 -0.59411297
6.35000000 -0.59375856
6.40000000 -0.59340640
6.45000000 -0.59305634
6.50000000 -0.59270833
6.55000000 -0.59236233
6.60000000 -0.59201833
6.65000000 -0.59167633
6.70000000 -0.59133638
6.75000000 -0.59099851
6.80000000 -0.59066282
6.85000000 -0.59032941
6.90000000 -0.58999842
6.95000000 -0.58967002
7.00000000 -0.58934435
7.05000000 -0.58902153
7.10000000 -0.58870163
7.15000000 -0.58838467
7.20000000 -0.58807064
7.25000000 -0.58775944
7.30000000 -0.58745097
7.35000000 -0.58714512
7.40000000 -0.58684174
7.45000000 -0.58654072
7.50000000 -0.58624195
7.55000000 -0.58594534
7.60000000 -0.58565079
7.65000000 -0.58535824
7.70000000 -0.58506763
7.75000000 -0.58477890
7.80000000 -0.58449198
7.85000000 -0.58420684
7.90000000 -0.58392341
7.95000000 -0.58364167
8.00000000 -0.58336157
8.05000000 -0.58308309
8.10000000 -0.58280621
8.15000000 -0.58253089
8.20000000 -0.58225709
8.25000000 -0.58198479
8.30000000 -0.58171393
8.35000000 -0.58144444
8.40000000 -0.58117626
8.45000000 -0.58090933
8.50000000 -0.58064358
8.55000000 -0.58037895
8.60000000 -0.58011539
8.65000000 -0.57985285
8.70000000 -0.57959128
8.75000000 -0.57933066
8.80000000 -0.57907095
8.85000000 -0.57881213
8.90000000 -0.57855419
8.95000000 -0.57829709
9.00000000 -0.57804083
9.05000000 -0.57778540
9.10000000 -0.57753077
9.15000000 -0.57727694
9.20000000 -0.57702391
9.25000000 -0.57677167
9.30000000 -0.57652021
9.35000000 -0.57626952
9.40000000 -0.57601959
9.45000000 -0.57577041
9.50000000 -0.57552197
9.55000000 -0.57527426
9.60000000 -0.57502726
9.65000000 -0.57478095
9.70000000 -0.57453534
9.75000000 -0.57429040
9.80000000 -0.57404614
9.85000000 -0.57380253
9.90000000 -0.57355958
9.95000000 -0.57331729
10.00000000 -0.57307565
10.05000000 -0.57283465
10.10000000 -0.57259429
10.15000000 -0.57235457
10.20000000 -0.57211549
10.25000000 -0.57187704
10.30000000 -0.57163921
10.35000000 -0.57140202
10.40000000 -0.57116544
10.45000000 -0.57092948
10.50000000 -0.57069414
10.55000000 -0.57045940
10.60000000 -0.57022526
10.65000000 -0.56999173
10.70000000 -0.56975878
10.75000000 -0.56952642
10.80000000 -0.56929464
10.85000000 -0.56906344
10.90000000 -0.56883281
10.95000000 -0.56860274
11.00000000 -0.56837323
11.05000000 -0.56814429
11.10000000 -0.56791589
11.15000000 -0.56768806
11.20000000 -0.56746077
11.25000000 -0.56723402
11.30000000 -0.56700782
11.35000000 -0.56678216
11.40000000 -0.56655704
11.45000000 -0.56633246
11.50000000 -0.56610841
11.55000000 -0.56588489
11.60000000 -0.56566190
11.65000000 -0.56543943
11.70000000 -0.56521749
11.75000000 -0.56499608
11.80000000 -0.56477518
11.85000000 -0.56455480
11.90000000 -0.56433493
11.95000000 -0.56411558
12.00000000 -0.56389674
12.05000000 -0.56367841
12.10000000 -0.56346059
12.15000000 -0.56324328
12.20000000 -0.56302647
12.25000000 -0.56281017
12.30000000 -0.56259438
12.35000000 -0.56237909
12.40000000 -0.56216430
12.45000000 -0.56195002
12.50000000 -0.56173624
12.55000000 -0.56152296
12.60000000 -0.56131019
12.65000000 -0.56109791
12.70000000 -0.56088613
12.75000000 -0.56067485
12.80000000 -0.56046407
12.85000000 -0.56025379
12.90000000 -0.56004401
12.95000000 -0.55983472
13.00000000 -0.55962593
13.05000000 -0.55941763
13.10000000 -0.55920983
13.15000000 -0.55900252
13.20000000 -0.55879571
13.25000000 -0.55858939
13.30000000 -0.55838357
13.35000000 -0.55817824
13.40000000 -0.55797340
13.45000000 -0.55776905
13.50000000 -0.55756519
13.55000000 -0.55736183
13.60000000 -0.55715896
13.65000000 -0.55695657
13.70000000 -0.55675468
13.75000000 -0.55655328
13.80000000 -0.55635236
13.85000000 -0.55615194
13.90000000 -0.55595200
13.95000000 -0.55575255
14.00000000 -0.55555359
14.05000000 -0.55535512
14.10000000 -0.55515713
14.15000000 -0.55495963
14.20000000 -0.55476261
14.25000000 -0.55456608
14.30000000 -0.55437003
14.35000000 -0.55417447
14.40000000 -0.55397939
14.45000000 -0.55378479
14.50000000 -0.55359068
14.55000000 -0.55339705
14.60000000 -0.55320390
14.65000000 -0.55301124
14.70000000 -0.55281905
14.75000000 -0.55262734
14.80000000 -0.55243612
14.85000000 -0.55224537
14.90000000 -0.55205510
14.95000000 -0.55186531
15.00000000 -0.55167600
15.05000000 -0.55148717
15.10000000 -0.55129881
15.15000000 -0.55111093
15.20000000 -0.55092352
15.25000000 -0.55073659
15.30000000 -0.55055014
15.35000000 -0.55036416
15.40000000 -0.55017865
15.45000000 -0.54999362
15.50000000 -0.54980905
15.55000000 -0.54962496
15.60000000 -0.54944135
15.65000000 -0.54925820
15.70000000 -0.54907552
15.75000000 -0.54889331
15.80000000 -0.54871157
15.85000000 -0.54853030
15.90000000 -0.54834950
15.95000000 -0.54816916
16.00000000 -0.54798929
16.05000000 -0.54780988
16.10000000 -0.54763094
16.15000000 -0.54745247
16.20000000 -0.54727446
16.25000000 -0.54709691
16.30000000 -0.54691983
16.35000000 -0.54674320
16.40000000 -0.54656704
16.45000000 -0.54639134
16.50000000 -0.54621610
16.55000000 -0.54604131
16.60000000 -0.54586699
16.65000000 -0.54569312
16.70000000 -0.54551971
16.75000000 -0.54534676
16.80000000 -0.54517426
16.85000000 -0.54500221
16.90000000 -0.54483062
16.95000000 -0.54465949
17.00000000 -0.54448880
17.05000000 -0.54431857
17.10000000 -0.54414879
17.15000000 -0.54397945
17.20000000 -0.54381057
17.25000000 -0.54364214
17.30000000 -0.54347415
17.35000000 -0.54330661
17.40000000 -0.54313952
17.45000000 -0.54297287
17.50000000 -0.54280667
17.55000000 -0.54264091
17.60000000 -0.54247559
17.65000000 -0.54231072
17.70000000 -0.54214629
17.75000000 -0.54198230
17.80000000 -0.54181874
17.85000000 -0.54165563
17.90000000 -0.54149295
17.95000000 -0.54133072
18.00000000 -0.54116891
18.05000000 -0.54100755
18.10000000 -0.54084662
18.15000000 -0.54068612
18.20000000 -0.54052605
18.25000000 -0.54036642
18.30000000 -0.54020722
18.35000000 -0.54004844
18.40000000 -0.53989010
18.45000000 -0.53973219
18.50000000 -0.53957470
18.55000000 -0.53941764
18.60000000 -0.53926101
18.65000000 -0.53910480
18.70000000 -0.53894902
18.75000000 -0.53879366
18.80000000 -0.53863872
18.85000000 -0.53848420
18.90000000 -0.53833010
18.95000000 -0.53817643
19.00000000 -0.53802317
19.05000000 -0.53787033
19.10000000 -0.53771791
19.15000000 -0.53756590
19.20000000 -0.53741431
19.25000000 -0.53726313
19.30000000 -0.53711236
19.35000000 -0.53696201
19.40000000 -0.53681207
19.45000000 -0.53666254
19.50000000 -0.53651342
19.55000000 -0.53636471
19.60000000 -0.53621641
19.65000000 -0.53606851
19.70000000 -0.53592102
19.75000000 -0.53577393
19.80000000 -0.53562725
19.85000000 -0.53548097
19.90000000 -0.53533510
19.95000000 -0.53518962
20.00000000 -0.53504455
20.05000000 -0.53489987
20.10000000 -0.53475560
20.15000000 -0.53461172
20.20000000 -0.53446824
20.25000000 -0.53432515
20.30000000 -0.53418246
20.35000000 -0.53404016
20.40000000 -0.53389826
20.45000000 -0.53375675
20.50000000 -0.53361563
20.55000000 -0.53347489
20.60000000 -0.53333455
20.65000000 -0.53319460
20.70000000 -0.53305503
20.75000000 -0.53291585
20.80000000 -0.53277706
20.85000000 -0.53263865
20.90000000 -0.53250062
20.95000000 -0.53236298
21.00000000 -0.53222572
21.05000000 -0.53208884
21.10000000 -0.53195234
21.15000000 -0.53181621
21.20000000 -0.53168047
21.25000000 -0.53154510
21.30000000 -0.53141011
21.35000000 -0.53127550
21.40000000 -0.53114126
21.45000000 -0.53100739
21.50000000 -0.53087389
21.55000000 -0.53074077
21.60000000 -0.53060802
21.65000000 -0.53047563
21.70000000 -0.53034362
21.75000000 -0.53021197
21.80000000 -0.53008069
21.85000000 -0.52994977
21.90000000 -0.52981923
21.95000000 -0.52968904
22.00000000 -0.52955922
22.05000000 -0.52942976
22.10000000 -0.52930066
22.15000000 -0.52917192
22.20000000 -0.52904354
22.25000000 -0.52891552
22.30000000 -0.52878786
22.35000000 -0.52866055
22.40000000 -0.52853360
22.45000000 -0.52840701
22.50000000 -0.52828077
22.55000000 -0.52815488
22.60000000 -0.52802934
22.65000000 -0.52790416
22.70000000 -0.52777932
22.75000000 -0.52765484
22.80000000 -0.52753070
22.85000000 -0.52740691
22.90000000 -0.52728347
22.95000000 -0.52716037
23.00000000 -0.52703762
23.05000000 -0.52691521
23.10000000 -0.52679314
23.15000000 -0.52667142
23.20000000 -0.52655004
23.25000000 -0.52642900
23.30000000 -0.52630830
23.35000000 -0.52618793
23.40000000 -0.52606791
23.45000000 -0.52594822
23.50000000 -0.52582887
23.55000000 -0.52570985
23.60000000 -0.52559116
23.65000000 -0.52547281
23.70000000 -0.52535480
23.75000000 -0.52523711
23.80000000 -0.52511975
23.85000000 -0.52500273
23.90000000 -0.52488603
23.95000000 -0.52476966
24.00000000 -0.52465362
24.05000000 -0.52453790
24.10000000 -0.52442251
24.15000000 -0.52430744
24.20000000 -0.52419270
24.25000000 -0.52407828
24.30000000 -0.52396418
24.35000000 -0.52385041
24.40000000 -0.52373695
24.45000000 -0.52362381
24.50000000 -0.52351099
24.55000000 -0.52339849
24.60000000 -0.52328630
24.65000000 -0.52317443
24.70000000 -0.52306288
24.75000000 -0.52295164
24.80000000 -0.52284071
24.85000000 -0.52273010
24.90000000 -0.52261980
24.95000000 -0.52250980
