-5.000000 -0.035657 0.000000
-4.995000 -0.035907 0.000000
-4.990000 -0.036160 0.000000
-4.985000 -0.036413 0.000000
-4.980000 -0.036669 0.000000
-4.975000 -0.036926 0.000000
-4.970000 -0.037184 0.000000
-4.965000 -0.037445 0.000000
-4.960000 -0.037707 0.000000
-4.955000 -0.037971 0.000000
-4.950000 -0.038237 0.000000
-4.945000 -0.038504 0.000000
-4.940000 -0.038773 0.000000
-4.935000 -0.039044 0.000000
-4.930000 -0.039317 0.000000
-4.925000 -0.039591 0.000000
-4.920000 -0.039867 0.000000
-4.915000 -0.040145 0.000000
-4.910000 -0.040425 0.000000
-4.905000 -0.040707 0.000000
-4.900000 -0.040990 0.000000
-4.895000 -0.041276 0.000000
-4.890000 -0.041563 0.000000
-4.885000 -0.041852 0.000000
-4.880000 -0.042143 0.000000
-4.875000 -0.042436 0.000000
-4.870000 -0.042731 0.000000
-4.865000 -0.043027 0.000000
-4.860000 -0.043326 0.000000
-4.855000 -0.043626 0.000000
-4.850000 -0.043929 0.000000
-4.845000 -0.044233 0.000000
-4.840000 -0.044540 0.000000
-4.835000 -0.044848 0.000000
-4.830000 -0.045158 0.000000
-4.825000 -0.045471 0.000000
-4.820000 -0.045785 0.000000
-4.815000 -0.046101 0.000000
-4.810000 -0.046420 0.000000
-4.805000 -0.046740 0.000000
-4.800000 -0.047063 0.000000
-4.795000 -0.047387 0.000000
-4.790000 -0.047714 0.000000
-4.785000 -0.048043 0.000000
-4.780000 -0.048374 0.000000
-4.775000 -0.048707 0.000000
-4.770000 -0.049042 0.000000
-4.765000 -0.049379 0.000000
-4.760000 -0.049718 0.000000
-4.755000 -0.050060 0.000000
-4.750000 -0.050404 0.000000
-4.745000 -0.050750 0.000000
-4.740000 -0.051098 0.000000
-4.735000 -0.051448 0.000000
-4.730000 -0.051801 0.000000
-4.725000 -0.052156 0.000000
-4.720000 -0.052513 0.000000
-4.715000 -0.052872 0.000000
-4.710000 -0.053234 0.000000
-4.705000 -0.053598 0.000000
-4.700000 -0.053964 0.000000
-4.695000 -0.054333 0.000000
-4.690000 -0.054704 0.000000
-4.685000 -0.055077 0.000000
-4.680000 -0.055452 0.000000
-4.675000 -0.055830 0.000000
-4.670000 -0.056211 0.000000
-4.665000 -0.056594 0.000000
-4.660000 -0.056979 0.000000
-4.655000 -0.057366 0.000000
-4.650000 -0.057756 0.000000
-4.645000 -0.058149 0.000000
-4.640000 -0.058544 0.000000
-4.635000 -0.058941 0.000000
-4.630000 -0.059341 0.000000
-4.625000 -0.059744 0.000000
-4.620000 -0.060148 0.000000
-4.615000 -0.060556 0.000000
-4.610000 -0.060966 0.000000
-4.605000 -0.061379 0.000000
-4.600000 -0.061794 0.000000
-4.595000 -0.062211 0.000000
-4.590000 -0.062632 0.000000
-4.585000 -0.063055 0.000000
-4.580000 -0.063480 0.000000
-4.575000 -0.063909 0.000000
-4.570000 -0.064339 0.000000
-4.565000 -0.064773 0.000000
-4.560000 -0.065209 0.000000
-4.555000 -0.065648 0.000000
-4.550000 -0.066090 0.000000
-4.545000 -0.066534 0.000000
-4.540000 -0.066981 0.000000
-4.535000 -0.067431 0.000000
-4.530000 -0.067884 0.000000
-4.525000 -0.068339 0.000000
-4.520000 -0.068798 0.000000
-4.515000 -0.069259 0.000000
-4.510000 -0.069723 0.000000
-4.505000 -0.070189 0.000000
-4.500000 -0.070659 0.000000
-4.495000 -0.071131 0.000000
-4.490000 -0.071607 0.000000
-4.485000 -0.072085 0.000000
-4.480000 -0.072566 0.000000
-4.475000 -0.073051 0.000000
-4.470000 -0.073538 0.000000
-4.465000 -0.074028 0.000000
-4.460000 -0.074521 0.000000
-4.455000 -0.075017 0.000000
-4.450000 -0.075516 0.000000
-4.445000 -0.076018 0.000000
-4.440000 -0.076523 0.000000
-4.435000 -0.077032 0.000000
-4.430000 -0.077543 0.000000
-4.425000 -0.078057 0.000000
-4.420000 -0.078575 0.000000
-4.415000 -0.079095 0.000000
-4.410000 -0.079619 0.000000
-4.405000 -0.080146 0.000000
-4.400000 -0.080676 0.000000
-4.395000 -0.081210 0.000000
-4.390000 -0.081746 0.000000
-4.385000 -0.082286 0.000000
-4.380000 -0.082829 0.000000
-4.375000 -0.083375 0.000000
-4.370000 -0.083925 0.000000
-4.365000 -0.084478 0.000000
-4.360000 -0.085034 0.000000
-4.355000 -0.085593 0.000000
-4.350000 -0.086156 0.000000
-4.345000 -0.086722 0.000000
-4.340000 -0.087292 0.000000
-4.335000 -0.087865 0.000000
-4.330000 -0.088441 0.000000
-4.325000 -0.089021 0.000000
-4.320000 -0.089604 0.000000
-4.315000 -0.090191 0.000000
-4.310000 -0.090781 0.000000
-4.305000 -0.091374 0.000000
-4.300000 -0.091971 0.000000
-4.295000 -0.092572 0.000000
-4.290000 -0.093176 0.000000
-4.285000 -0.093784 0.000000
-4.280000 -0.094395 0.000000
-4.275000 -0.095010 0.000000
-4.270000 -0.095629 0.000000
-4.265000 -0.096251 0.000000
-4.260000 -0.096877 0.000000
-4.255000 -0.097506 0.000000
-4.250000 -0.098139 0.000000
-4.245000 -0.098776 0.000000
-4.240000 -0.099417 0.000000
-4.235000 -0.100061 0.000000
-4.230000 -0.100709 0.000000
-4.225000 -0.101361 0.000000
-4.220000 -0.102017 0.000000
-4.215000 -0.102676 0.000000
-4.210000 -0.103340 0.000000
-4.205000 -0.104007 0.000000
-4.200000 -0.104678 0.000000
-4.195000 -0.105353 0.000000
-4.190000 -0.106031 0.000000
-4.185000 -0.106714 0.000000
-4.180000 -0.107401 0.000000
-4.175000 -0.108091 0.000000
-4.170000 -0.108786 0.000000
-4.165000 -0.109484 0.000000
-4.160000 -0.110187 0.000000
-4.155000 -0.110893 0.000000
-4.150000 -0.111604 0.000000
-4.145000 -0.112319 0.000000
-4.140000 -0.113038 0.000000
-4.135000 -0.113760 0.000000
-4.130000 -0.114487 0.000000
-4.125000 -0.115219 0.000000
-4.120000 -0.115954 0.000000
-4.115000 -0.116693 0.000000
-4.110000 -0.117437 0.000000
-4.105000 -0.118185 0.000000
-4.100000 -0.118937 0.000000
-4.095000 -0.119693 0.000000
-4.090000 -0.120454 0.000000
-4.085000 -0.121219 0.000000
-4.080000 -0.121988 0.000000
-4.075000 -0.122762 0.000000
-4.070000 -0.123540 0.000000
-4.065000 -0.124322 0.000000
-4.060000 -0.125108 0.000000
-4.055000 -0.125900 0.000000
-4.050000 -0.126695 0.000000
-4.045000 -0.127495 0.000000
-4.040000 -0.128299 0.000000
-4.035000 -0.129108 0.000000
-4.030000 -0.129922 0.000000
-4.025000 -0.130740 0.000000
-4.020000 -0.131562 0.000000
-4.015000 -0.132389 0.000000
-4.010000 -0.133221 0.000000
-4.005000 -0.134057 0.000000
-4.000000 -0.134898 0.000000
-3.995000 -0.135743 0.000000
-3.990000 -0.136593 0.000000
-3.985000 -0.137448 0.000000
-3.980000 -0.138307 0.000000
-3.975000 -0.139171 0.000000
-3.970000 -0.140040 0.000000
-3.965000 -0.140914 0.000000
-3.960000 -0.141792 0.000000
-3.955000 -0.142676 0.000000
-3.950000 -0.143564 0.000000
-3.945000 -0.144457 0.000000
-3.940000 -0.145354 0.000000
-3.935000 -0.146257 0.000000
-3.930000 -0.147164 0.000000
-3.925000 -0.148077 0.000000
-3.920000 -0.148994 0.000000
-3.915000 -0.149916 0.000000
-3.910000 -0.150844 0.000000
-3.905000 -0.151776 0.000000
-3.900000 -0.152713 0.000000
-3.895000 -0.153656 0.000000
-3.890000 -0.154603 0.000000
-3.885000 -0.155555 0.000000
-3.880000 -0.156513 0.000000
-3.875000 -0.157475 0.000000
-3.870000 -0.158443 0.000000
-3.865000 -0.159416 0.000000
-3.860000 -0.160394 0.000000
-3.855000 -0.161377 0.000000
-3.850000 -0.162366 0.000000
-3.845000 -0.163359 0.000000
-3.840000 -0.164358 0.000000
-3.835000 -0.165363 0.000000
-3.830000 -0.166372 0.000000
-3.825000 -0.167387 0.000000
-3.820000 -0.168407 0.000000
-3.815000 -0.169432 0.000000
-3.810000 -0.170463 0.000000
-3.805000 -0.171499 0.000000
-3.800000 -0.172541 0.000000
-3.795000 -0.173588 0.000000
-3.790000 -0.174641 0.000000
-3.785000 -0.175699 0.000000
-3.780000 -0.176762 0.000000
-3.775000 -0.177831 0.000000
-3.770000 -0.178905 0.000000
-3.765000 -0.179985 0.000000
-3.760000 -0.181071 0.000000
-3.755000 -0.182162 0.000000
-3.750000 -0.183259 0.000000
-3.745000 -0.184361 0.000000
-3.740000 -0.185469 0.000000
-3.735000 -0.186583 0.000000
-3.730000 -0.187702 0.000000
-3.725000 -0.188827 0.000000
-3.720000 -0.189958 0.000000
-3.715000 -0.191095 0.000000
-3.710000 -0.192237 0.000000
-3.705000 -0.193385 0.000000
-3.700000 -0.194539 0.000000
-3.695000 -0.195698 0.000000
-3.690000 -0.196864 0.000000
-3.685000 -0.198035 0.000000
-3.680000 -0.199212 0.000000
-3.675000 -0.200395 0.000000
-3.670000 -0.201584 0.000000
-3.665000 -0.202779 0.000000
-3.660000 -0.203980 0.000000
-3.655000 -0.205187 0.000000
-3.650000 -0.206400 0.000000
-3.645000 -0.207618 0.000000
-3.640000 -0.208843 0.000000
-3.635000 -0.210074 0.000000
-3.630000 -0.211311 0.000000
-3.625000 -0.212554 0.000000
-3.620000 -0.213803 0.000000
-3.615000 -0.215058 0.000000
-3.610000 -0.216319 0.000000
-3.605000 -0.217587 0.000000
-3.600000 -0.218860 0.000000
-3.595000 -0.220140 0.000000
-3.590000 -0.221426 0.000000
-3.585000 -0.222718 0.000000
-3.580000 -0.224017 0.000000
-3.575000 -0.225321 0.000000
-3.570000 -0.226632 0.000000
-3.565000 -0.227950 0.000000
-3.560000 -0.229273 0.000000
-3.555000 -0.230603 0.000000
-3.550000 -0.231939 0.000000
-3.545000 -0.233282 0.000000
-3.540000 -0.234631 0.000000
-3.535000 -0.235986 0.000000
-3.530000 -0.237348 0.000000
-3.525000 -0.238716 0.000000
-3.520000 -0.240090 0.000000
-3.515000 -0.241471 0.000000
-3.510000 -0.242859 0.000000
-3.505000 -0.244253 0.000000
-3.500000 -0.245653 0.000000
-3.495000 -0.247060 0.000000
-3.490000 -0.248474 0.000000
-3.485000 -0.249894 0.000000
-3.480000 -0.251321 0.000000
-3.475000 -0.252754 0.000000
-3.470000 -0.254194 0.000000
-3.465000 -0.255640 0.000000
-3.460000 -0.257093 0.000000
-3.455000 -0.258553 0.000000
-3.450000 -0.260019 0.000000
-3.445000 -0.261492 0.000000
-3.440000 -0.262972 0.000000
-3.435000 -0.264458 0.000000
-3.430000 -0.265951 0.000000
-3.425000 -0.267451 0.000000
-3.420000 -0.268958 0.000000
-3.415000 -0.270471 0.000000
-3.410000 -0.271991 0.000000
-3.405000 -0.273518 0.000000
-3.400000 -0.275052 0.000000
-3.395000 -0.276592 0.000000
-3.390000 -0.278139 0.000000
-3.385000 -0.279693 0.000000
-3.380000 -0.281254 0.000000
-3.375000 -0.282822 0.000000
-3.370000 -0.284397 0.000000
-3.365000 -0.285978 0.000000
-3.360000 -0.287567 0.000000
-3.355000 -0.289162 0.000000
-3.350000 -0.290764 0.000000
-3.345000 -0.292374 0.000000
-3.340000 -0.293990 0.000000
-3.335000 -0.295613 0.000000
-3.330000 -0.297243 0.000000
-3.325000 -0.298880 0.000000
-3.320000 -0.300524 0.000000
-3.315000 -0.302175 0.000000
-3.310000 -0.303833 0.000000
-3.305000 -0.305498 0.000000
-3.300000 -0.307170 0.000000
-3.295000 -0.308848 0.000000
-3.290000 -0.310535 0.000000
-3.285000 -0.312228 0.000000
-3.280000 -0.313928 0.000000
-3.275000 -0.315635 0.000000
-3.270000 -0.317349 0.000000
-3.265000 -0.319070 0.000000
-3.260000 -0.320799 0.000000
-3.255000 -0.322534 0.000000
-3.250000 -0.324277 0.000000
-3.245000 -0.326026 0.000000
-3.240000 -0.327783 0.000000
-3.235000 -0.329547 0.000000
-3.230000 -0.331318 0.000000
-3.225000 -0.333096 0.000000
-3.220000 -0.334881 0.000000
-3.215000 -0.336674 0.000000
-3.210000 -0.338473 0.000000
-3.205000 -0.340280 0.000000
-3.200000 -0.342094 0.000000
-3.195000 -0.343915 0.000000
-3.190000 -0.345743 0.000000
-3.185000 -0.347578 0.000000
-3.180000 -0.349420 0.000000
-3.175000 -0.351270 0.000000
-3.170000 -0.353127 0.000000
-3.165000 -0.354991 0.000000
-3.160000 -0.356862 0.000000
-3.155000 -0.358740 0.000000
-3.150000 -0.360625 0.000000
-3.145000 -0.362518 0.000000
-3.140000 -0.364418 0.000000
-3.135000 -0.366325 0.000000
-3.130000 -0.368239 0.000000
-3.125000 -0.370160 0.000000
-3.120000 -0.372088 0.000000
-3.115000 -0.374024 0.000000
-3.110000 -0.375967 0.000000
-3.105000 -0.377917 0.000000
-3.100000 -0.379874 0.000000
-3.095000 -0.381838 0.000000
-3.090000 -0.383809 0.000000
-3.085000 -0.385788 0.000000
-3.080000 -0.387773 0.000000
-3.075000 -0.389766 0.000000
-3.070000 -0.391766 0.000000
-3.065000 -0.393773 0.000000
-3.060000 -0.395787 0.000000
-3.055000 -0.397809 0.000000
-3.050000 -0.399837 0.000000
-3.045000 -0.401873 0.000000
-3.040000 -0.403915 0.000000
-3.035000 -0.405965 0.000000
-3.030000 -0.408022 0.000000
-3.025000 -0.410085 0.000000
-3.020000 -0.412156 0.000000
-3.015000 -0.414234 0.000000
-3.010000 -0.416319 0.000000
-3.005000 -0.418411 0.000000
-3.000000 -0.420510 0.000000
-2.995000 -0.422616 0.000000
-2.990000 -0.424730 0.000000
-2.985000 -0.426850 0.000000
-2.980000 -0.428977 0.000000
-2.975000 -0.431111 0.000000
-2.970000 -0.433251 0.000000
-2.965000 -0.435399 0.000000
-2.960000 -0.437554 0.000000
-2.955000 -0.439716 0.000000
-2.950000 -0.441884 0.000000
-2.945000 -0.444060 0.000000
-2.940000 -0.446242 0.000000
-2.935000 -0.448431 0.000000
-2.930000 -0.450627 0.000000
-2.925000 -0.452830 0.000000
-2.920000 -0.455039 0.000000
-2.915000 -0.457255 0.000000
-2.910000 -0.459478 0.000000
-2.905000 -0.461708 0.000000
-2.900000 -0.463944 0.000000
-2.895000 -0.466187 0.000000
-2.890000 -0.468437 0.000000
-2.885000 -0.470693 0.000000
-2.880000 -0.472956 0.000000
-2.875000 -0.475226 0.000000
-2.870000 -0.477502 0.000000
-2.865000 -0.479785 0.000000
-2.860000 -0.482074 0.000000
-2.855000 -0.484369 0.000000
-2.850000 -0.486671 0.000000
-2.845000 -0.488980 0.000000
-2.840000 -0.491295 0.000000
-2.835000 -0.493616 0.000000
-2.830000 -0.495944 0.000000
-2.825000 -0.498278 0.000000
-2.820000 -0.500618 0.000000
-2.815000 -0.502964 0.000000
-2.810000 -0.505317 0.000000
-2.805000 -0.507676 0.000000
-2.800000 -0.510041 0.000000
-2.795000 -0.512412 0.000000
-2.790000 -0.514789 0.000000
-2.785000 -0.517172 0.000000
-2.780000 -0.519561 0.000000
-2.775000 -0.521957 0.000000
-2.770000 -0.524358 0.000000
-2.765000 -0.526765 0.000000
-2.760000 -0.529178 0.000000
-2.755000 -0.531596 0.000000
-2.750000 -0.534021 0.000000
-2.745000 -0.536451 0.000000
-2.740000 -0.538887 0.000000
-2.735000 -0.541329 0.000000
-2.730000 -0.543776 0.000000
-2.725000 -0.546229 0.000000
-2.720000 -0.548687 0.000000
-2.715000 -0.551151 0.000000
-2.710000 -0.553620 0.000000
-2.705000 -0.556094 0.000000
-2.700000 -0.558574 0.000000
-2.695000 -0.561059 0.000000
-2.690000 -0.563550 0.000000
-2.685000 -0.566046 0.000000
-2.680000 -0.568546 0.000000
-2.675000 -0.571052 0.000000
-2.670000 -0.573563 0.000000
-2.665000 -0.576079 0.000000
-2.660000 -0.578600 0.000000
-2.655000 -0.581125 0.000000
-2.650000 -0.583656 0.000000
-2.645000 -0.586191 0.000000
-2.640000 -0.588731 0.000000
-2.635000 -0.591275 0.000000
-2.630000 -0.593825 0.000000
-2.625000 -0.596378 0.000000
-2.620000 -0.598936 0.000000
-2.615000 -0.601499 0.000000
-2.610000 -0.604066 0.000000
-2.605000 -0.606637 0.000000
-2.600000 -0.609212 0.000000
-2.595000 -0.611792 0.000000
-2.590000 -0.614375 0.000000
-2.585000 -0.616963 0.000000
-2.580000 -0.619554 0.000000
-2.575000 -0.622150 0.000000
-2.570000 -0.624749 0.000000
-2.565000 -0.627352 0.000000
-2.560000 -0.629959 0.000000
-2.555000 -0.632569 0.000000
-2.550000 -0.635183 0.000000
-2.545000 -0.637800 0.000000
-2.540000 -0.640420 0.000000
-2.535000 -0.643044 0.000000
-2.530000 -0.645671 0.000000
-2.525000 -0.648301 0.000000
-2.520000 -0.650935 0.000000
-2.515000 -0.653571 0.000000
-2.510000 -0.656210 0.000000
-2.505000 -0.658852 0.000000
-2.500000 -0.661496 0.000000
-2.495000 -0.664144 0.000000
-2.490000 -0.666794 0.000000
-2.485000 -0.669446 0.000000
-2.480000 -0.672101 0.000000
-2.475000 -0.674758 0.000000
-2.470000 -0.677417 0.000000
-2.465000 -0.680078 0.000000
-2.460000 -0.682742 0.000000
-2.455000 -0.685407 0.000000
-2.450000 -0.688074 0.000000
-2.445000 -0.690743 0.000000
-2.440000 -0.693413 0.000000
-2.435000 -0.696086 0.000000
-2.430000 -0.698759 0.000000
-2.425000 -0.701434 0.000000
-2.420000 -0.704110 0.000000
-2.415000 -0.706788 0.000000
-2.410000 -0.709466 0.000000
-2.405000 -0.712145 0.000000
-2.400000 -0.714826 0.000000
-2.395000 -0.717507 0.000000
-2.390000 -0.720188 0.000000
-2.385000 -0.722870 0.000000
-2.380000 -0.725553 0.000000
-2.375000 -0.728236 0.000000
-2.370000 -0.730919 0.000000
-2.365000 -0.733602 0.000000
-2.360000 -0.736285 0.000000
-2.355000 -0.738968 0.000000
-2.350000 -0.741651 0.000000
-2.345000 -0.744333 0.000000
-2.340000 -0.747015 0.000000
-2.335000 -0.749696 0.000000
-2.330000 -0.752377 0.000000
-2.325000 -0.755056 0.000000
-2.320000 -0.757735 0.000000
-2.315000 -0.760413 0.000000
-2.310000 -0.763089 0.000000
-2.305000 -0.765764 0.000000
-2.300000 -0.768438 0.000000
-2.295000 -0.771110 0.000000
-2.290000 -0.773780 0.000000
-2.285000 -0.776449 0.000000
-2.280000 -0.779115 0.000000
-2.275000 -0.781779 0.000000
-2.270000 -0.784441 0.000000
-2.265000 -0.787101 0.000000
-2.260000 -0.789758 0.000000
-2.255000 -0.792413 0.000000
-2.250000 -0.795064 0.000000
-2.245000 -0.797713 0.000000
-2.240000 -0.800359 0.000000
-2.235000 -0.803001 0.000000
-2.230000 -0.805640 0.000000
-2.225000 -0.808276 0.000000
-2.220000 -0.810907 0.000000
-2.215000 -0.813535 0.000000
-2.210000 -0.816160 0.000000
-2.205000 -0.818780 0.000000
-2.200000 -0.821395 0.000000
-2.195000 -0.824007 0.000000
-2.190000 -0.826613 0.000000
-2.185000 -0.829215 0.000000
-2.180000 -0.831812 0.000000
-2.175000 -0.834405 0.000000
-2.170000 -0.836991 0.000000
-2.165000 -0.839573 0.000000
-2.160000 -0.842149 0.000000
-2.155000 -0.844719 0.000000
-2.150000 -0.847284 0.000000
-2.145000 -0.849842 0.000000
-2.140000 -0.852395 0.000000
-2.135000 -0.854941 0.000000
-2.130000 -0.857480 0.000000
-2.125000 -0.860013 0.000000
-2.120000 -0.862539 0.000000
-2.115000 -0.865058 0.000000
-2.110000 -0.867570 0.000000
-2.105000 -0.870074 0.000000
-2.100000 -0.872571 0.000000
-2.095000 -0.875060 0.000000
-2.090000 -0.877542 0.000000
-2.085000 -0.880015 0.000000
-2.080000 -0.882480 0.000000
-2.075000 -0.884936 0.000000
-2.070000 -0.887384 0.000000
-2.065000 -0.889823 0.000000
-2.060000 -0.892254 0.000000
-2.055000 -0.894674 0.000000
-2.050000 -0.897086 0.000000
-2.045000 -0.899488 0.000000
-2.040000 -0.901880 0.000000
-2.035000 -0.904263 0.000000
-2.030000 -0.906635 0.000000
-2.025000 -0.908997 0.000000
-2.020000 -0.911348 0.000000
-2.015000 -0.913689 0.000000
-2.010000 -0.916018 0.000000
-2.005000 -0.918337 0.000000
-2.000000 -0.920644 0.000000
-1.995000 -0.922940 0.000000
-1.990000 -0.925224 0.000000
-1.985000 -0.927497 0.000000
-1.980000 -0.929757 0.000000
-1.975000 -0.932004 0.000000
-1.970000 -0.934240 0.000000
-1.965000 -0.936462 0.000000
-1.960000 -0.938672 0.000000
-1.955000 -0.940868 0.000000
-1.950000 -0.943051 0.000000
-1.945000 -0.945221 0.000000
-1.940000 -0.947376 0.000000
-1.935000 -0.949518 0.000000
-1.930000 -0.951645 0.000000
-1.925000 -0.953758 0.000000
-1.920000 -0.955857 0.000000
-1.915000 -0.957940 0.000000
-1.910000 -0.960008 0.000000
-1.905000 -0.962061 0.000000
-1.900000 -0.964099 0.000000
-1.895000 -0.966121 0.000000
-1.890000 -0.968127 0.000000
-1.885000 -0.970116 0.000000
-1.880000 -0.972089 0.000000
-1.875000 -0.974046 0.000000
-1.870000 -0.975985 0.000000
-1.865000 -0.977908 0.000000
-1.860000 -0.979813 0.000000
-1.855000 -0.981701 0.000000
-1.850000 -0.983570 0.000000
-1.845000 -0.985422 0.000000
-1.840000 -0.987256 0.000000
-1.835000 -0.989071 0.000000
-1.830000 -0.990867 0.000000
-1.825000 -0.992644 0.000000
-1.820000 -0.994402 0.000000
-1.815000 -0.996141 0.000000
-1.810000 -0.997860 0.000000
-1.805000 -0.999559 0.000000
-1.800000 -1.001238 0.000000
-1.795000 -1.002896 0.000000
-1.790000 -1.004534 0.000000
-1.785000 -1.006151 0.000000
-1.780000 -1.007747 0.000000
-1.775000 -1.009322 0.000000
-1.770000 -1.010874 0.000000
-1.765000 -1.012405 0.000000
-1.760000 -1.013914 0.000000
-1.755000 -1.015401 0.000000
-1.750000 -1.016865 0.000000
-1.745000 -1.018306 0.000000
-1.740000 -1.019724 0.000000
-1.735000 -1.021119 0.000000
-1.730000 -1.022490 0.000000
-1.725000 -1.023838 0.000000
-1.720000 -1.025161 0.000000
-1.715000 -1.026460 0.000000
-1.710000 -1.027735 0.000000
-1.705000 -1.028985 0.000000
-1.700000 -1.030209 0.000000
-1.695000 -1.031408 0.000000
-1.690000 -1.032582 0.000000
-1.685000 -1.033730 0.000000
-1.680000 -1.034852 0.000000
-1.675000 -1.035948 0.000000
-1.670000 -1.037017 0.000000
-1.665000 -1.038059 0.000000
-1.660000 -1.039074 0.000000
-1.655000 -1.040062 0.000000
-1.650000 -1.041022 0.000000
-1.645000 -1.041954 0.000000
-1.640000 -1.042859 0.000000
-1.635000 -1.043735 0.000000
-1.630000 -1.044582 0.000000
-1.625000 -1.045401 0.000000
-1.620000 -1.046191 0.000000
-1.615000 -1.046951 0.000000
-1.610000 -1.047681 0.000000
-1.605000 -1.048382 0.000000
-1.600000 -1.049053 0.000000
-1.595000 -1.049694 0.000000
-1.590000 -1.050303 0.000000
-1.585000 -1.050883 0.000000
-1.580000 -1.051430 0.000000
-1.575000 -1.051947 0.000000
-1.570000 -1.052432 0.000000
-1.565000 -1.052886 0.000000
-1.560000 -1.053307 0.000000
-1.555000 -1.053696 0.000000
-1.550000 -1.054052 0.000000
-1.545000 -1.054376 0.000000
-1.540000 -1.054666 0.000000
-1.535000 -1.054923 0.000000
-1.530000 -1.055147 0.000000
-1.525000 -1.055337 0.000000
-1.520000 -1.055493 0.000000
-1.515000 -1.055615 0.000000
-1.510000 -1.055702 0.000000
-1.505000 -1.055755 0.000000
-1.500000 -1.055772 0.000000
-1.495000 -1.055755 0.000000
-1.490000 -1.055701 0.000000
-1.485000 -1.055613 0.000000
-1.480000 -1.055488 0.000000
-1.475000 -1.055327 0.000000
-1.470000 -1.055130 0.000000
-1.465000 -1.054897 0.000000
-1.460000 -1.054626 0.000000
-1.455000 -1.054319 0.000000
-1.450000 -1.053974 0.000000
-1.445000 -1.053592 0.000000
-1.440000 -1.053172 0.000000
-1.435000 -1.052714 0.000000
-1.430000 -1.052218 0.000000
-1.425000 -1.051684 0.000000
-1.420000 -1.051111 0.000000
-1.415000 -1.050499 0.000000
-1.410000 -1.049849 0.000000
-1.405000 -1.049159 0.000000
-1.400000 -1.048430 0.000000
-1.395000 -1.047661 0.000000
-1.390000 -1.046853 0.000000
-1.385000 -1.046004 0.000000
-1.380000 -1.045116 0.000000
-1.375000 -1.044187 0.000000
-1.370000 -1.043217 0.000000
-1.365000 -1.042207 0.000000
-1.360000 -1.041156 0.000000
-1.355000 -1.040063 0.000000
-1.350000 -1.038929 0.000000
-1.345000 -1.037754 0.000000
-1.340000 -1.036538 0.000000
-1.335000 -1.035279 0.000000
-1.330000 -1.033978 0.000000
-1.325000 -1.032636 0.000000
-1.320000 -1.031251 0.000000
-1.315000 -1.029823 0.000000
-1.310000 -1.028353 0.000000
-1.305000 -1.026840 0.000000
-1.300000 -1.025284 0.000000
-1.295000 -1.023685 0.000000
-1.290000 -1.022043 0.000000
-1.285000 -1.020358 0.000000
-1.280000 -1.018629 0.000000
-1.275000 -1.016856 0.000000
-1.270000 -1.015040 0.000000
-1.265000 -1.013180 0.000000
-1.260000 -1.011275 0.000000
-1.255000 -1.009327 0.000000
-1.250000 -1.007334 0.000000
-1.245000 -1.005298 0.000000
-1.240000 -1.003216 0.000000
-1.235000 -1.001091 0.000000
-1.230000 -0.998920 0.000000
-1.225000 -0.996705 0.000000
-1.220000 -0.994445 0.000000
-1.215000 -0.992140 0.000000
-1.210000 -0.989791 0.000000
-1.205000 -0.987396 0.000000
-1.200000 -0.984956 0.000000
-1.195000 -0.982471 0.000000
-1.190000 -0.979941 0.000000
-1.185000 -0.977365 0.000000
-1.180000 -0.974745 0.000000
-1.175000 -0.972079 0.000000
-1.170000 -0.969367 0.000000
-1.165000 -0.966610 0.000000
-1.160000 -0.963808 0.000000
-1.155000 -0.960961 0.000000
-1.150000 -0.958067 0.000000
-1.145000 -0.955129 0.000000
-1.140000 -0.952145 0.000000
-1.135000 -0.949115 0.000000
-1.130000 -0.946040 0.000000
-1.125000 -0.942920 0.000000
-1.120000 -0.939754 0.000000
-1.115000 -0.936543 0.000000
-1.110000 -0.933287 0.000000
-1.105000 -0.929985 0.000000
-1.100000 -0.926638 0.000000
-1.095000 -0.923246 0.000000
-1.090000 -0.919808 0.000000
-1.085000 -0.916326 0.000000
-1.080000 -0.912799 0.000000
-1.075000 -0.909227 0.000000
-1.070000 -0.905610 0.000000
-1.065000 -0.901948 0.000000
-1.060000 -0.898242 0.000000
-1.055000 -0.894491 0.000000
-1.050000 -0.890696 0.000000
-1.045000 -0.886856 0.000000
-1.040000 -0.882973 0.000000
-1.035000 -0.879045 0.000000
-1.030000 -0.875074 0.000000
-1.025000 -0.871059 0.000000
-1.020000 -0.867001 0.000000
-1.015000 -0.862899 0.000000
-1.010000 -0.858755 0.000000
-1.005000 -0.854567 0.000000
-1.000000 -0.850337 0.000000
-0.995000 -0.846064 0.000000
-0.990000 -0.841749 0.000000
-0.985000 -0.837391 0.000000
-0.980000 -0.832992 0.000000
-0.975000 -0.828551 0.000000
-0.970000 -0.824069 0.000000
-0.965000 -0.819546 0.000000
-0.960000 -0.814982 0.000000
-0.955000 -0.810378 0.000000
-0.950000 -0.805733 0.000000
-0.945000 -0.801048 0.000000
-0.940000 -0.796324 0.000000
-0.935000 -0.791560 0.000000
-0.930000 -0.786758 0.000000
-0.925000 -0.781916 0.000000
-0.920000 -0.777037 0.000000
-0.915000 -0.772119 0.000000
-0.910000 -0.767164 0.000000
-0.905000 -0.762171 0.000000
-0.900000 -0.757142 0.000000
-0.895000 -0.752076 0.000000
-0.890000 -0.746974 0.000000
-0.885000 -0.741837 0.000000
-0.880000 -0.736664 0.000000
-0.875000 -0.731457 0.000000
-0.870000 -0.726215 0.000000
-0.865000 -0.720939 0.000000
-0.860000 -0.715630 0.000000
-0.855000 -0.710288 0.000000
-0.850000 -0.704914 0.000000
-0.845000 -0.699507 0.000000
-0.840000 -0.694070 0.000000
-0.835000 -0.688601 0.000000
-0.830000 -0.683102 0.000000
-0.825000 -0.677573 0.000000
-0.820000 -0.672014 0.000000
-0.815000 -0.666427 0.000000
-0.810000 -0.660812 0.000000
-0.805000 -0.655169 0.000000
-0.800000 -0.649499 0.000000
-0.795000 -0.643803 0.000000
-0.790000 -0.638081 0.000000
-0.785000 -0.632334 0.000000
-0.780000 -0.626562 0.000000
-0.775000 -0.620767 0.000000
-0.770000 -0.614948 0.000000
-0.765000 -0.609107 0.000000
-0.760000 -0.603244 0.000000
-0.755000 -0.597360 0.000000
-0.750000 -0.591455 0.000000
-0.745000 -0.585531 0.000000
-0.740000 -0.579588 0.000000
-0.735000 -0.573626 0.000000
-0.730000 -0.567647 0.000000
-0.725000 -0.561651 0.000000
-0.720000 -0.555640 0.000000
-0.715000 -0.549613 0.000000
-0.710000 -0.543572 0.000000
-0.705000 -0.537517 0.000000
-0.700000 -0.531449 0.000000
-0.695000 -0.525370 0.000000
-0.690000 -0.519279 0.000000
-0.685000 -0.513178 0.000000
-0.680000 -0.507068 0.000000
-0.675000 -0.500949 0.000000
-0.670000 -0.494823 0.000000
-0.665000 -0.488690 0.000000
-0.660000 -0.482551 0.000000
-0.655000 -0.476407 0.000000
-0.650000 -0.470259 0.000000
-0.645000 -0.464108 0.000000
-0.640000 -0.457955 0.000000
-0.635000 -0.451801 0.000000
-0.630000 -0.445646 0.000000
-0.625000 -0.439493 0.000000
-0.620000 -0.433341 0.000000
-0.615000 -0.427192 0.000000
-0.610000 -0.421047 0.000000
-0.605000 -0.414906 0.000000
-0.600000 -0.408771 0.000000
-0.595000 -0.402643 0.000000
-0.590000 -0.396523 0.000000
-0.585000 -0.390412 0.000000
-0.580000 -0.384310 0.000000
-0.575000 -0.378220 0.000000
-0.570000 -0.372142 0.000000
-0.565000 -0.366077 0.000000
-0.560000 -0.360026 0.000000
-0.555000 -0.353991 0.000000
-0.550000 -0.347972 0.000000
-0.545000 -0.341970 0.000000
-0.540000 -0.335987 0.000000
-0.535000 -0.330024 0.000000
-0.530000 -0.324082 0.000000
-0.525000 -0.318162 0.000000
-0.520000 -0.312265 0.000000
-0.515000 -0.306393 0.000000
-0.510000 -0.300545 0.000000
-0.505000 -0.294725 0.000000
-0.500000 -0.288932 0.000000
-0.495000 -0.283168 0.000000
-0.490000 -0.277434 0.000000
-0.485000 -0.271731 0.000000
-0.480000 -0.266061 0.000000
-0.475000 -0.260424 0.000000
-0.470000 -0.254822 0.000000
-0.465000 -0.249256 0.000000
-0.460000 -0.243726 0.000000
-0.455000 -0.238235 0.000000
-0.450000 -0.232784 0.000000
-0.445000 -0.227372 0.000000
-0.440000 -0.222003 0.000000
-0.435000 -0.216676 0.000000
-0.430000 -0.211394 0.000000
-0.425000 -0.206156 0.000000
-0.420000 -0.200965 0.000000
-0.415000 -0.195821 0.000000
-0.410000 -0.190726 0.000000
-0.405000 -0.185681 0.000000
-0.400000 -0.180686 0.000000
-0.395000 -0.175743 0.000000
-0.390000 -0.170854 0.000000
-0.385000 -0.166018 0.000000
-0.380000 -0.161238 0.000000
-0.375000 -0.156514 0.000000
-0.370000 -0.151847 0.000000
-0.365000 -0.147239 0.000000
-0.360000 -0.142691 0.000000
-0.355000 -0.138202 0.000000
-0.350000 -0.133776 0.000000
-0.345000 -0.129412 0.000000
-0.340000 -0.125111 0.000000
-0.335000 -0.120875 0.000000
-0.330000 -0.116704 0.000000
-0.325000 -0.112600 0.000000
-0.320000 -0.108563 0.000000
-0.315000 -0.104594 0.000000
-0.310000 -0.100694 0.000000
-0.305000 -0.096863 0.000000
-0.300000 -0.093104 0.000000
-0.295000 -0.089415 0.000000
-0.290000 -0.085799 0.000000
-0.285000 -0.082256 0.000000
-0.280000 -0.078786 0.000000
-0.275000 -0.075390 0.000000
-0.270000 -0.072070 0.000000
-0.265000 -0.068824 0.000000
-0.260000 -0.065655 0.000000
-0.255000 -0.062562 0.000000
-0.250000 -0.059546 0.000000
-0.245000 -0.056607 0.000000
-0.240000 -0.053747 0.000000
-0.235000 -0.050964 0.000000
-0.230000 -0.048260 0.000000
-0.225000 -0.045635 0.000000
-0.220000 -0.043088 0.000000
-0.215000 -0.040621 0.000000
-0.210000 -0.038233 0.000000
-0.205000 -0.035924 0.000000
-0.200000 -0.033694 0.000000
-0.195000 -0.031543 0.000000
-0.190000 -0.029472 0.000000
-0.185000 -0.027479 0.000000
-0.180000 -0.025565 0.000000
-0.175000 -0.023730 0.000000
-0.170000 -0.021972 0.000000
-0.165000 -0.020292 0.000000
-0.160000 -0.018688 0.000000
-0.155000 -0.017161 0.000000
-0.150000 -0.015710 0.000000
-0.145000 -0.014333 0.000000
-0.140000 -0.013031 0.000000
-0.135000 -0.011801 0.000000
-0.130000 -0.010644 0.000000
-0.125000 -0.009557 0.000000
-0.120000 -0.008541 0.000000
-0.115000 -0.007593 0.000000
-0.110000 -0.006711 0.000000
-0.105000 -0.005896 0.000000
-0.100000 -0.005144 0.000000
-0.095000 -0.004455 0.000000
-0.090000 -0.003826 0.000000
-0.085000 -0.003255 0.000000
-0.080000 -0.002741 0.000000
-0.075000 -0.002281 0.000000
-0.070000 -0.001874 0.000000
-0.065000 -0.001515 0.000000
-0.060000 -0.001204 0.000000
-0.055000 -0.000936 0.000000
-0.050000 -0.000711 0.000000
-0.045000 -0.000523 0.000000
-0.040000 -0.000371 0.000000
-0.035000 -0.000251 0.000000
-0.030000 -0.000160 0.000000
-0.025000 -0.000093 0.000000
-0.020000 -0.000048 0.000000
-0.015000 -0.000021 0.000000
-0.010000 -0.000006 0.000000
-0.005000 -0.000001 0.000000
-0.000000 -0.000000 0.000000
0.005000 0.000001 0.000000
0.010000 0.000006 0.000001
0.015000 0.000021 0.000003
0.020000 0.000048 0.000007
0.025000 0.000093 0.000013
0.030000 0.000160 0.000022
0.035000 0.000251 0.000033
0.040000 0.000371 0.000048
0.045000 0.000523 0.000066
0.050000 0.000711 0.000089
0.055000 0.000936 0.000116
0.060000 0.001204 0.000148
0.065000 0.001515 0.000185
0.070000 0.001874 0.000228
0.075000 0.002281 0.000276
0.080000 0.002741 0.000331
0.085000 0.003255 0.000392
0.090000 0.003826 0.000459
0.095000 0.004455 0.000534
0.100000 0.005144 0.000616
0.105000 0.005896 0.000705
0.110000 0.006711 0.000802
0.115000 0.007593 0.000907
0.120000 0.008541 0.001021
0.125000 0.009557 0.001142
0.130000 0.010644 0.001273
0.135000 0.011801 0.001412
0.140000 0.013031 0.001560
0.145000 0.014333 0.001717
0.150000 0.015710 0.001884
0.155000 0.017161 0.002060
0.160000 0.018688 0.002246
0.165000 0.020292 0.002442
0.170000 0.021972 0.002647
0.175000 0.023730 0.002863
0.180000 0.025565 0.003089
0.185000 0.027479 0.003326
0.190000 0.029472 0.003573
0.195000 0.031543 0.003830
0.200000 0.033694 0.004098
0.205000 0.035924 0.004377
0.210000 0.038233 0.004667
0.215000 0.040621 0.004967
0.220000 0.043088 0.005279
0.225000 0.045635 0.005602
0.230000 0.048260 0.005936
0.235000 0.050964 0.006281
0.240000 0.053747 0.006638
0.245000 0.056607 0.007005
0.250000 0.059546 0.007384
0.255000 0.062562 0.007775
0.260000 0.065655 0.008177
0.265000 0.068824 0.008590
0.270000 0.072070 0.009015
0.275000 0.075390 0.009451
0.280000 0.078786 0.009899
0.285000 0.082256 0.010358
0.290000 0.085799 0.010829
0.295000 0.089415 0.011312
0.300000 0.093104 0.011806
0.305000 0.096863 0.012311
0.310000 0.100694 0.012828
0.315000 0.104594 0.013356
0.320000 0.108563 0.013896
0.325000 0.112600 0.014448
0.330000 0.116704 0.015011
0.335000 0.120875 0.015585
0.340000 0.125111 0.016171
0.345000 0.129412 0.016768
0.350000 0.133776 0.017376
0.355000 0.138202 0.017995
0.360000 0.142691 0.018626
0.365000 0.147239 0.019268
0.370000 0.151847 0.019922
0.375000 0.156514 0.020586
0.380000 0.161238 0.021261
0.385000 0.166018 0.021947
0.390000 0.170854 0.022645
0.395000 0.175743 0.023353
0.400000 0.180686 0.024072
0.405000 0.185681 0.024801
0.410000 0.190726 0.025542
0.415000 0.195821 0.026293
0.420000 0.200965 0.027054
0.425000 0.206156 0.027826
0.430000 0.211394 0.028609
0.435000 0.216676 0.029401
0.440000 0.222003 0.030204
0.445000 0.227372 0.031018
0.450000 0.232784 0.031841
0.455000 0.238235 0.032674
0.460000 0.243726 0.033518
0.465000 0.249256 0.034371
0.470000 0.254822 0.035234
0.475000 0.260424 0.036106
0.480000 0.266061 0.036988
0.485000 0.271731 0.037880
0.490000 0.277434 0.038781
0.495000 0.283168 0.039692
0.500000 0.288932 0.040611
0.505000 0.294725 0.041540
0.510000 0.300545 0.042478
0.515000 0.306393 0.043425
0.520000 0.312265 0.044381
0.525000 0.318162 0.045345
0.530000 0.324082 0.046318
0.535000 0.330024 0.047300
0.540000 0.335987 0.048290
0.545000 0.341970 0.049289
0.550000 0.347972 0.050296
0.555000 0.353991 0.051311
0.560000 0.360026 0.052334
0.565000 0.366077 0.053366
0.570000 0.372142 0.054405
0.575000 0.378220 0.055452
0.580000 0.384310 0.056506
0.585000 0.390412 0.057568
0.590000 0.396523 0.058638
0.595000 0.402643 0.059715
0.600000 0.408771 0.060799
0.605000 0.414906 0.061891
0.610000 0.421047 0.062989
0.615000 0.427192 0.064095
0.620000 0.433341 0.065207
0.625000 0.439493 0.066326
0.630000 0.445646 0.067452
0.635000 0.451801 0.068585
0.640000 0.457955 0.069723
0.645000 0.464108 0.070869
0.650000 0.470259 0.072020
0.655000 0.476407 0.073178
0.660000 0.482551 0.074341
0.665000 0.488690 0.075511
0.670000 0.494823 0.076686
0.675000 0.500949 0.077867
0.680000 0.507068 0.079054
0.685000 0.513178 0.080247
0.690000 0.519279 0.081444
0.695000 0.525370 0.082647
0.700000 0.531449 0.083856
0.705000 0.537517 0.085069
0.710000 0.543572 0.086288
0.715000 0.549613 0.087511
0.720000 0.555640 0.088739
0.725000 0.561651 0.089972
0.730000 0.567647 0.091210
0.735000 0.573626 0.092452
0.740000 0.579588 0.093699
0.745000 0.585531 0.094949
0.750000 0.591455 0.096204
0.755000 0.597360 0.097464
0.760000 0.603244 0.098727
0.765000 0.609107 0.099994
0.770000 0.614948 0.101265
0.775000 0.620767 0.102540
0.780000 0.626562 0.103819
0.785000 0.632334 0.105101
0.790000 0.638081 0.106386
0.795000 0.643803 0.107675
0.800000 0.649499 0.108967
0.805000 0.655169 0.110262
0.810000 0.660812 0.111561
0.815000 0.666427 0.112862
0.820000 0.672014 0.114167
0.825000 0.677573 0.115474
0.830000 0.683102 0.116784
0.835000 0.688601 0.118096
0.840000 0.694070 0.119411
0.845000 0.699507 0.120729
0.850000 0.704914 0.122049
0.855000 0.710288 0.123371
0.860000 0.715630 0.124695
0.865000 0.720939 0.126022
0.870000 0.726215 0.127350
0.875000 0.731457 0.128681
0.880000 0.736664 0.130013
0.885000 0.741837 0.131347
0.890000 0.746974 0.132683
0.895000 0.752076 0.134020
0.900000 0.757142 0.135359
0.905000 0.762171 0.136699
0.910000 0.767164 0.138041
0.915000 0.772119 0.139384
0.920000 0.777037 0.140728
0.925000 0.781916 0.142074
0.930000 0.786758 0.143420
0.935000 0.791560 0.144768
0.940000 0.796324 0.146116
0.945000 0.801048 0.147465
0.950000 0.805733 0.148815
0.955000 0.810378 0.150165
0.960000 0.814982 0.151516
0.965000 0.819546 0.152868
0.970000 0.824069 0.154220
0.975000 0.828551 0.155573
0.980000 0.832992 0.156926
0.985000 0.837391 0.158279
0.990000 0.841749 0.159632
0.995000 0.846064 0.160985
1.000000 0.850337 0.162338
1.005000 0.854567 0.163692
1.010000 0.858755 0.165045
1.015000 0.862899 0.166398
1.020000 0.867001 0.167751
1.025000 0.871059 0.169103
1.030000 0.875074 0.170456
1.035000 0.879045 0.171807
1.040000 0.882973 0.173159
1.045000 0.886856 0.174509
1.050000 0.890696 0.175859
1.055000 0.894491 0.177209
1.060000 0.898242 0.178557
1.065000 0.901948 0.179905
1.070000 0.905610 0.181252
1.075000 0.909227 0.182598
1.080000 0.912799 0.183944
1.085000 0.916326 0.185288
1.090000 0.919808 0.186631
1.095000 0.923246 0.187973
1.100000 0.926638 0.189313
1.105000 0.929985 0.190653
1.110000 0.933287 0.191991
1.115000 0.936543 0.193328
1.120000 0.939754 0.194663
1.125000 0.942920 0.195997
1.130000 0.946040 0.197330
1.135000 0.949115 0.198661
1.140000 0.952145 0.199990
1.145000 0.955129 0.201317
1.150000 0.958067 0.202643
1.155000 0.960961 0.203968
1.160000 0.963808 0.205290
1.165000 0.966610 0.206610
1.170000 0.969367 0.207929
1.175000 0.972079 0.209246
1.180000 0.974745 0.210560
1.185000 0.977365 0.211873
1.190000 0.979941 0.213184
1.195000 0.982471 0.214492
1.200000 0.984956 0.215799
1.205000 0.987396 0.217103
1.210000 0.989791 0.218405
1.215000 0.992140 0.219704
1.220000 0.994445 0.221002
1.225000 0.996705 0.222297
1.230000 0.998920 0.223589
1.235000 1.001091 0.224879
1.240000 1.003216 0.226167
1.245000 1.005298 0.227452
1.250000 1.007334 0.228735
1.255000 1.009327 0.230015
1.260000 1.011275 0.231292
1.265000 1.013180 0.232567
1.270000 1.015040 0.233839
1.275000 1.016856 0.235108
1.280000 1.018629 0.236375
1.285000 1.020358 0.237638
1.290000 1.022043 0.238899
1.295000 1.023685 0.240157
1.300000 1.025284 0.241413
1.305000 1.026840 0.242665
1.310000 1.028353 0.243914
1.315000 1.029823 0.245161
1.320000 1.031251 0.246404
1.325000 1.032636 0.247644
1.330000 1.033978 0.248882
1.335000 1.035279 0.250116
1.340000 1.036538 0.251347
1.345000 1.037754 0.252575
1.350000 1.038929 0.253800
1.355000 1.040063 0.255022
1.360000 1.041156 0.256240
1.365000 1.042207 0.257455
1.370000 1.043217 0.258667
1.375000 1.044187 0.259876
1.380000 1.045116 0.261081
1.385000 1.046004 0.262283
1.390000 1.046853 0.263482
1.395000 1.047661 0.264677
1.400000 1.048430 0.265869
1.405000 1.049159 0.267057
1.410000 1.049849 0.268242
1.415000 1.050499 0.269424
1.420000 1.051111 0.270602
1.425000 1.051684 0.271777
1.430000 1.052218 0.272948
1.435000 1.052714 0.274115
1.440000 1.053172 0.275279
1.445000 1.053592 0.276440
1.450000 1.053974 0.277597
1.455000 1.054319 0.278750
1.460000 1.054626 0.279899
1.465000 1.054897 0.281045
1.470000 1.055130 0.282188
1.475000 1.055327 0.283327
1.480000 1.055488 0.284462
1.485000 1.055613 0.285593
1.490000 1.055701 0.286721
1.495000 1.055755 0.287845
1.500000 1.055772 0.288965
1.505000 1.055755 0.290081
1.510000 1.055702 0.291194
1.515000 1.055615 0.292303
1.520000 1.055493 0.293408
1.525000 1.055337 0.294509
1.530000 1.055147 0.295607
1.535000 1.054923 0.296701
1.540000 1.054666 0.297791
1.545000 1.054376 0.298877
1.550000 1.054052 0.299959
1.555000 1.053696 0.301038
1.560000 1.053307 0.302112
1.565000 1.052886 0.303183
1.570000 1.052432 0.304250
1.575000 1.051947 0.305313
1.580000 1.051430 0.306372
1.585000 1.050883 0.307427
1.590000 1.050303 0.308479
1.595000 1.049694 0.309526
1.600000 1.049053 0.310570
1.605000 1.048382 0.311609
1.610000 1.047681 0.312645
1.615000 1.046951 0.313677
1.620000 1.046191 0.314704
1.625000 1.045401 0.315728
1.630000 1.044582 0.316748
1.635000 1.043735 0.317764
1.640000 1.042859 0.318776
1.645000 1.041954 0.319784
1.650000 1.041022 0.320789
1.655000 1.040062 0.321789
1.660000 1.039074 0.322785
1.665000 1.038059 0.323777
1.670000 1.037017 0.324765
1.675000 1.035948 0.325750
1.680000 1.034852 0.326730
1.685000 1.033730 0.327707
1.690000 1.032582 0.328679
1.695000 1.031408 0.329647
1.700000 1.030209 0.330612
1.705000 1.028985 0.331572
1.710000 1.027735 0.332529
1.715000 1.026460 0.333482
1.720000 1.025161 0.334430
1.725000 1.023838 0.335375
1.730000 1.022490 0.336315
1.735000 1.021119 0.337252
1.740000 1.019724 0.338185
1.745000 1.018306 0.339114
1.750000 1.016865 0.340038
1.755000 1.015401 0.340959
1.760000 1.013914 0.341876
1.765000 1.012405 0.342789
1.770000 1.010874 0.343698
1.775000 1.009322 0.344603
1.780000 1.007747 0.345504
1.785000 1.006151 0.346401
1.790000 1.004534 0.347294
1.795000 1.002896 0.348184
1.800000 1.001238 0.349069
1.805000 0.999559 0.349950
1.810000 0.997860 0.350828
1.815000 0.996141 0.351701
1.820000 0.994402 0.352571
1.825000 0.992644 0.353436
1.830000 0.990867 0.354298
1.835000 0.989071 0.355156
1.840000 0.987256 0.356010
1.845000 0.985422 0.356860
1.850000 0.983570 0.357706
1.855000 0.981701 0.358548
1.860000 0.979813 0.359387
1.865000 0.977908 0.360221
1.870000 0.975985 0.361052
1.875000 0.974046 0.361879
1.880000 0.972089 0.362702
1.885000 0.970116 0.363521
1.890000 0.968127 0.364336
1.895000 0.966121 0.365148
1.900000 0.964099 0.365955
1.905000 0.962061 0.366759
1.910000 0.960008 0.367559
1.915000 0.957940 0.368355
1.920000 0.955857 0.369147
1.925000 0.953758 0.369936
1.930000 0.951645 0.370721
1.935000 0.949518 0.371502
1.940000 0.947376 0.372279
1.945000 0.945221 0.373052
1.950000 0.943051 0.373822
1.955000 0.940868 0.374588
1.960000 0.938672 0.375350
1.965000 0.936462 0.376109
1.970000 0.934240 0.376863
1.975000 0.932004 0.377614
1.980000 0.929757 0.378362
1.985000 0.927497 0.379105
1.990000 0.925224 0.379845
1.995000 0.922940 0.380582
2.000000 0.920644 0.381314
2.005000 0.918337 0.382043
2.010000 0.916018 0.382769
2.015000 0.913689 0.383490
2.020000 0.911348 0.384208
2.025000 0.908997 0.384923
2.030000 0.906635 0.385634
2.035000 0.904263 0.386341
2.040000 0.901880 0.387044
2.045000 0.899488 0.387744
2.050000 0.897086 0.388441
2.055000 0.894674 0.389134
2.060000 0.892254 0.389823
2.065000 0.889823 0.390509
2.070000 0.887384 0.391191
2.075000 0.884936 0.391870
2.080000 0.882480 0.392545
2.085000 0.880015 0.393217
2.090000 0.877542 0.393885
2.095000 0.875060 0.394550
2.100000 0.872571 0.395211
2.105000 0.870074 0.395869
2.110000 0.867570 0.396524
2.115000 0.865058 0.397175
2.120000 0.862539 0.397822
2.125000 0.860013 0.398466
2.130000 0.857480 0.399107
2.135000 0.854941 0.399744
2.140000 0.852395 0.400378
2.145000 0.849842 0.401009
2.150000 0.847284 0.401636
2.155000 0.844719 0.402260
2.160000 0.842149 0.402880
2.165000 0.839573 0.403498
2.170000 0.836991 0.404111
2.175000 0.834405 0.404722
2.180000 0.831812 0.405329
2.185000 0.829215 0.405933
2.190000 0.826613 0.406534
2.195000 0.824007 0.407131
2.200000 0.821395 0.407726
2.205000 0.818780 0.408317
2.210000 0.816160 0.408904
2.215000 0.813535 0.409489
2.220000 0.810907 0.410070
2.225000 0.808276 0.410649
2.230000 0.805640 0.411223
2.235000 0.803001 0.411795
2.240000 0.800359 0.412364
2.245000 0.797713 0.412930
2.250000 0.795064 0.413492
2.255000 0.792413 0.414051
2.260000 0.789758 0.414607
2.265000 0.787101 0.415160
2.270000 0.784441 0.415710
2.275000 0.781779 0.416257
2.280000 0.779115 0.416801
2.285000 0.776449 0.417342
2.290000 0.773780 0.417880
2.295000 0.771110 0.418415
2.300000 0.768438 0.418946
2.305000 0.765764 0.419475
2.310000 0.763089 0.420001
2.315000 0.760413 0.420524
2.320000 0.757735 0.421043
2.325000 0.755056 0.421560
2.330000 0.752377 0.422074
2.335000 0.749696 0.422585
2.340000 0.747015 0.423093
2.345000 0.744333 0.423598
2.350000 0.741651 0.424101
2.355000 0.738968 0.424600
2.360000 0.736285 0.425097
2.365000 0.733602 0.425590
2.370000 0.730919 0.426081
2.375000 0.728236 0.426569
2.380000 0.725553 0.427054
2.385000 0.722870 0.427537
2.390000 0.720188 0.428016
2.395000 0.717507 0.428493
2.400000 0.714826 0.428967
2.405000 0.712145 0.429438
2.410000 0.709466 0.429907
2.415000 0.706788 0.430373
2.420000 0.704110 0.430836
2.425000 0.701434 0.431296
2.430000 0.698759 0.431754
2.435000 0.696086 0.432209
2.440000 0.693413 0.432661
2.445000 0.690743 0.433111
2.450000 0.688074 0.433558
2.455000 0.685407 0.434002
2.460000 0.682742 0.434444
2.465000 0.680078 0.434883
2.470000 0.677417 0.435319
2.475000 0.674758 0.435753
2.480000 0.672101 0.436185
2.485000 0.669446 0.436613
2.490000 0.666794 0.437040
2.495000 0.664144 0.437463
2.500000 0.661496 0.437884
2.505000 0.658852 0.438303
2.510000 0.656210 0.438719
2.515000 0.653571 0.439133
2.520000 0.650935 0.439544
2.525000 0.648301 0.439952
2.530000 0.645671 0.440359
2.535000 0.643044 0.440762
2.540000 0.640420 0.441164
2.545000 0.637800 0.441562
2.550000 0.635183 0.441959
2.555000 0.632569 0.442353
2.560000 0.629959 0.442745
2.565000 0.627352 0.443134
2.570000 0.624749 0.443521
2.575000 0.622150 0.443905
2.580000 0.619554 0.444287
2.585000 0.616963 0.444667
2.590000 0.614375 0.445045
2.595000 0.611792 0.445420
2.600000 0.609212 0.445793
2.605000 0.606637 0.446164
2.610000 0.604066 0.446532
2.615000 0.601499 0.446898
2.620000 0.598936 0.447262
2.625000 0.596378 0.447623
2.630000 0.593825 0.447983
2.635000 0.591275 0.448340
2.640000 0.588731 0.448695
2.645000 0.586191 0.449048
2.650000 0.583656 0.449398
2.655000 0.581125 0.449746
2.660000 0.578600 0.450093
2.665000 0.576079 0.450437
2.670000 0.573563 0.450779
2.675000 0.571052 0.451118
2.680000 0.568546 0.451456
2.685000 0.566046 0.451791
2.690000 0.563550 0.452125
2.695000 0.561059 0.452456
2.700000 0.558574 0.452786
2.705000 0.556094 0.453113
2.710000 0.553620 0.453438
2.715000 0.551151 0.453761
2.720000 0.548687 0.454082
2.725000 0.546229 0.454401
2.730000 0.543776 0.454718
2.735000 0.541329 0.455033
2.740000 0.538887 0.455346
2.745000 0.536451 0.455657
2.750000 0.534021 0.455966
2.755000 0.531596 0.456273
2.760000 0.529178 0.456578
2.765000 0.526765 0.456882
2.770000 0.524358 0.457183
2.775000 0.521957 0.457482
2.780000 0.519561 0.457780
2.785000 0.517172 0.458075
2.790000 0.514789 0.458369
2.795000 0.512412 0.458661
2.800000 0.510041 0.458951
2.805000 0.507676 0.459239
2.810000 0.505317 0.459525
2.815000 0.502964 0.459809
2.820000 0.500618 0.460092
2.825000 0.498278 0.460372
2.830000 0.495944 0.460651
2.835000 0.493616 0.460929
2.840000 0.491295 0.461204
2.845000 0.488980 0.461477
2.850000 0.486671 0.461749
2.855000 0.484369 0.462019
2.860000 0.482074 0.462287
2.865000 0.479785 0.462554
2.870000 0.477502 0.462819
2.875000 0.475226 0.463082
2.880000 0.472956 0.463343
2.885000 0.470693 0.463603
2.890000 0.468437 0.463861
2.895000 0.466187 0.464117
2.900000 0.463944 0.464372
2.905000 0.461708 0.464625
2.910000 0.459478 0.464876
2.915000 0.457255 0.465126
2.920000 0.455039 0.465374
2.925000 0.452830 0.465620
2.930000 0.450627 0.465865
2.935000 0.448431 0.466108
2.940000 0.446242 0.466350
2.945000 0.444060 0.466590
2.950000 0.441884 0.466828
2.955000 0.439716 0.467065
2.960000 0.437554 0.467300
2.965000 0.435399 0.467534
2.970000 0.433251 0.467766
2.975000 0.431111 0.467997
2.980000 0.428977 0.468226
2.985000 0.426850 0.468453
2.990000 0.424730 0.468679
2.995000 0.422616 0.468904
3.000000 0.420510 0.469127
3.005000 0.418411 0.469349
3.010000 0.416319 0.469569
3.015000 0.414234 0.469787
3.020000 0.412156 0.470005
3.025000 0.410085 0.470220
3.030000 0.408022 0.470435
3.035000 0.405965 0.470648
3.040000 0.403915 0.470859
3.045000 0.401873 0.471069
3.050000 0.399837 0.471278
3.055000 0.397809 0.471485
3.060000 0.395787 0.471691
3.065000 0.393773 0.471895
3.070000 0.391766 0.472098
3.075000 0.389766 0.472300
3.080000 0.387773 0.472501
3.085000 0.385788 0.472700
3.090000 0.383809 0.472897
3.095000 0.381838 0.473094
3.100000 0.379874 0.473289
3.105000 0.377917 0.473482
3.110000 0.375967 0.473675
3.115000 0.374024 0.473866
3.120000 0.372088 0.474056
3.125000 0.370160 0.474244
3.130000 0.368239 0.474431
3.135000 0.366325 0.474617
3.140000 0.364418 0.474802
3.145000 0.362518 0.474986
3.150000 0.360625 0.475168
3.155000 0.358740 0.475349
3.160000 0.356862 0.475528
3.165000 0.354991 0.475707
3.170000 0.353127 0.475884
3.175000 0.351270 0.476060
3.180000 0.349420 0.476235
3.185000 0.347578 0.476409
3.190000 0.345743 0.476581
3.195000 0.343915 0.476753
3.200000 0.342094 0.476923
3.205000 0.340280 0.477092
3.210000 0.338473 0.477260
3.215000 0.336674 0.477426
3.220000 0.334881 0.477592
3.225000 0.333096 0.477756
3.230000 0.331318 0.477919
3.235000 0.329547 0.478082
3.240000 0.327783 0.478243
3.245000 0.326026 0.478403
3.250000 0.324277 0.478561
3.255000 0.322534 0.478719
3.260000 0.320799 0.478876
3.265000 0.319070 0.479031
3.270000 0.317349 0.479186
3.275000 0.315635 0.479339
3.280000 0.313928 0.479491
3.285000 0.312228 0.479643
3.290000 0.310535 0.479793
3.295000 0.308848 0.479942
3.300000 0.307170 0.480090
3.305000 0.305498 0.480237
3.310000 0.303833 0.480383
3.315000 0.302175 0.480528
3.320000 0.300524 0.480673
3.325000 0.298880 0.480816
3.330000 0.297243 0.480958
3.335000 0.295613 0.481099
3.340000 0.293990 0.481239
3.345000 0.292374 0.481378
3.350000 0.290764 0.481516
3.355000 0.289162 0.481653
3.360000 0.287567 0.481789
3.365000 0.285978 0.481925
3.370000 0.284397 0.482059
3.375000 0.282822 0.482192
3.380000 0.281254 0.482325
3.385000 0.279693 0.482456
3.390000 0.278139 0.482587
3.395000 0.276592 0.482717
3.400000 0.275052 0.482845
3.405000 0.273518 0.482973
3.410000 0.271991 0.483100
3.415000 0.270471 0.483226
3.420000 0.268958 0.483351
3.425000 0.267451 0.483476
3.430000 0.265951 0.483599
3.435000 0.264458 0.483722
3.440000 0.262972 0.483843
3.445000 0.261492 0.483964
3.450000 0.260019 0.484084
3.455000 0.258553 0.484203
3.460000 0.257093 0.484321
3.465000 0.255640 0.484439
3.470000 0.254194 0.484555
3.475000 0.252754 0.484671
3.480000 0.251321 0.484786
3.485000 0.249894 0.484900
3.490000 0.248474 0.485013
3.495000 0.247060 0.485126
3.500000 0.245653 0.485238
3.505000 0.244253 0.485349
3.510000 0.242859 0.485459
3.515000 0.241471 0.485568
3.520000 0.240090 0.485677
3.525000 0.238716 0.485784
3.530000 0.237348 0.485891
3.535000 0.235986 0.485998
3.540000 0.234631 0.486103
3.545000 0.233282 0.486208
3.550000 0.231939 0.486312
3.555000 0.230603 0.486415
3.560000 0.229273 0.486518
3.565000 0.227950 0.486619
3.570000 0.226632 0.486720
3.575000 0.225321 0.486821
3.580000 0.224017 0.486920
3.585000 0.222718 0.487019
3.590000 0.221426 0.487117
3.595000 0.220140 0.487215
3.600000 0.218860 0.487312
3.605000 0.217587 0.487408
3.610000 0.216319 0.487503
3.615000 0.215058 0.487598
3.620000 0.213803 0.487692
3.625000 0.212554 0.487785
3.630000 0.211311 0.487878
3.635000 0.210074 0.487970
3.640000 0.208843 0.488061
3.645000 0.207618 0.488152
3.650000 0.206400 0.488242
3.655000 0.205187 0.488331
3.660000 0.203980 0.488420
3.665000 0.202779 0.488508
3.670000 0.201584 0.488595
3.675000 0.200395 0.488682
3.680000 0.199212 0.488768
3.685000 0.198035 0.488854
3.690000 0.196864 0.488939
3.695000 0.195698 0.489023
3.700000 0.194539 0.489106
3.705000 0.193385 0.489190
3.710000 0.192237 0.489272
3.715000 0.191095 0.489354
3.720000 0.189958 0.489435
3.725000 0.188827 0.489516
3.730000 0.187702 0.489596
3.735000 0.186583 0.489675
3.740000 0.185469 0.489754
3.745000 0.184361 0.489833
3.750000 0.183259 0.489910
3.755000 0.182162 0.489988
3.760000 0.181071 0.490064
3.765000 0.179985 0.490140
3.770000 0.178905 0.490216
3.775000 0.177831 0.490291
3.780000 0.176762 0.490365
3.785000 0.175699 0.490439
3.790000 0.174641 0.490513
3.795000 0.173588 0.490585
3.800000 0.172541 0.490658
3.805000 0.171499 0.490729
3.810000 0.170463 0.490801
3.815000 0.169432 0.490871
3.820000 0.168407 0.490941
3.825000 0.167387 0.491011
3.830000 0.166372 0.491080
3.835000 0.165363 0.491149
3.840000 0.164358 0.491217
3.845000 0.163359 0.491285
3.850000 0.162366 0.491352
3.855000 0.161377 0.491418
3.860000 0.160394 0.491484
3.865000 0.159416 0.491550
3.870000 0.158443 0.491615
3.875000 0.157475 0.491680
3.880000 0.156513 0.491744
3.885000 0.155555 0.491808
3.890000 0.154603 0.491871
3.895000 0.153656 0.491934
3.900000 0.152713 0.491996
3.905000 0.151776 0.492058
3.910000 0.150844 0.492119
3.915000 0.149916 0.492180
3.920000 0.148994 0.492241
3.925000 0.148077 0.492301
3.930000 0.147164 0.492361
3.935000 0.146257 0.492420
3.940000 0.145354 0.492478
3.945000 0.144457 0.492537
3.950000 0.143564 0.492595
3.955000 0.142676 0.492652
3.960000 0.141792 0.492709
3.965000 0.140914 0.492766
3.970000 0.140040 0.492822
3.975000 0.139171 0.492877
3.980000 0.138307 0.492933
3.985000 0.137448 0.492988
3.990000 0.136593 0.493042
3.995000 0.135743 0.493096
4.000000 0.134898 0.493150
4.005000 0.134057 0.493203
4.010000 0.133221 0.493256
4.015000 0.132389 0.493308
4.020000 0.131562 0.493361
4.025000 0.130740 0.493412
4.030000 0.129922 0.493464
4.035000 0.129108 0.493514
4.040000 0.128299 0.493565
4.045000 0.127495 0.493615
4.050000 0.126695 0.493665
4.055000 0.125900 0.493714
4.060000 0.125108 0.493763
4.065000 0.124322 0.493812
4.070000 0.123540 0.493860
4.075000 0.122762 0.493908
4.080000 0.121988 0.493956
4.085000 0.121219 0.494003
4.090000 0.120454 0.494050
4.095000 0.119693 0.494097
4.100000 0.118937 0.494143
4.105000 0.118185 0.494189
4.110000 0.117437 0.494234
4.115000 0.116693 0.494279
4.120000 0.115954 0.494324
4.125000 0.115219 0.494368
4.130000 0.114487 0.494413
4.135000 0.113760 0.494456
4.140000 0.113038 0.494500
4.145000 0.112319 0.494543
4.150000 0.111604 0.494586
4.155000 0.110893 0.494628
4.160000 0.110187 0.494670
4.165000 0.109484 0.494712
4.170000 0.108786 0.494754
4.175000 0.108091 0.494795
4.180000 0.107401 0.494836
4.185000 0.106714 0.494876
4.190000 0.106031 0.494917
4.195000 0.105353 0.494957
4.200000 0.104678 0.494996
4.205000 0.104007 0.495036
4.210000 0.103340 0.495075
4.215000 0.102676 0.495113
4.220000 0.102017 0.495152
4.225000 0.101361 0.495190
4.230000 0.100709 0.495228
4.235000 0.100061 0.495266
4.240000 0.099417 0.495303
4.245000 0.098776 0.495340
4.250000 0.098139 0.495377
4.255000 0.097506 0.495413
4.260000 0.096877 0.495449
4.265000 0.096251 0.495485
4.270000 0.095629 0.495521
4.275000 0.095010 0.495556
4.280000 0.094395 0.495591
4.285000 0.093784 0.495626
4.290000 0.093176 0.495661
4.295000 0.092572 0.495695
4.300000 0.091971 0.495729
4.305000 0.091374 0.495763
4.310000 0.090781 0.495796
4.315000 0.090191 0.495830
4.320000 0.089604 0.495863
4.325000 0.089021 0.495896
4.330000 0.088441 0.495928
4.335000 0.087865 0.495960
4.340000 0.087292 0.495992
4.345000 0.086722 0.496024
4.350000 0.086156 0.496056
4.355000 0.085593 0.496087
4.360000 0.085034 0.496118
4.365000 0.084478 0.496149
4.370000 0.083925 0.496179
4.375000 0.083375 0.496210
4.380000 0.082829 0.496240
4.385000 0.082286 0.496270
4.390000 0.081746 0.496299
4.395000 0.081210 0.496329
4.400000 0.080676 0.496358
4.405000 0.080146 0.496387
4.410000 0.079619 0.496415
4.415000 0.079095 0.496444
4.420000 0.078575 0.496472
4.425000 0.078057 0.496500
4.430000 0.077543 0.496528
4.435000 0.077032 0.496556
4.440000 0.076523 0.496583
4.445000 0.076018 0.496611
4.450000 0.075516 0.496638
4.455000 0.075017 0.496664
4.460000 0.074521 0.496691
4.465000 0.074028 0.496717
4.470000 0.073538 0.496743
4.475000 0.073051 0.496769
4.480000 0.072566 0.496795
4.485000 0.072085 0.496821
4.490000 0.071607 0.496846
4.495000 0.071131 0.496871
4.500000 0.070659 0.496896
4.505000 0.070189 0.496921
4.510000 0.069723 0.496946
4.515000 0.069259 0.496970
4.520000 0.068798 0.496994
4.525000 0.068339 0.497018
4.530000 0.067884 0.497042
4.535000 0.067431 0.497066
4.540000 0.066981 0.497089
4.545000 0.066534 0.497113
4.550000 0.066090 0.497136
4.555000 0.065648 0.497159
4.560000 0.065209 0.497182
4.565000 0.064773 0.497204
4.570000 0.064339 0.497227
4.575000 0.063909 0.497249
4.580000 0.063480 0.497271
4.585000 0.063055 0.497293
4.590000 0.062632 0.497314
4.595000 0.062211 0.497336
4.600000 0.061794 0.497357
4.605000 0.061379 0.497379
4.610000 0.060966 0.497400
4.615000 0.060556 0.497421
4.620000 0.060148 0.497441
4.625000 0.059744 0.497462
4.630000 0.059341 0.497482
4.635000 0.058941 0.497502
4.640000 0.058544 0.497523
4.645000 0.058149 0.497542
4.650000 0.057756 0.497562
4.655000 0.057366 0.497582
4.660000 0.056979 0.497601
4.665000 0.056594 0.497621
4.670000 0.056211 0.497640
4.675000 0.055830 0.497659
4.680000 0.055452 0.497678
4.685000 0.055077 0.497696
4.690000 0.054704 0.497715
4.695000 0.054333 0.497733
4.700000 0.053964 0.497752
4.705000 0.053598 0.497770
4.710000 0.053234 0.497788
4.715000 0.052872 0.497806
4.720000 0.052513 0.497823
4.725000 0.052156 0.497841
4.730000 0.051801 0.497858
4.735000 0.051448 0.497876
4.740000 0.051098 0.497893
4.745000 0.050750 0.497910
4.750000 0.050404 0.497927
4.755000 0.050060 0.497943
4.760000 0.049718 0.497960
4.765000 0.049379 0.497976
4.770000 0.049042 0.497993
4.775000 0.048707 0.498009
4.780000 0.048374 0.498025
4.785000 0.048043 0.498041
4.790000 0.047714 0.498057
4.795000 0.047387 0.498073
4.800000 0.047063 0.498088
4.805000 0.046740 0.498104
4.810000 0.046420 0.498119
4.815000 0.046101 0.498134
4.820000 0.045785 0.498150
4.825000 0.045471 0.498165
4.830000 0.045158 0.498179
4.835000 0.044848 0.498194
4.840000 0.044540 0.498209
4.845000 0.044233 0.498223
4.850000 0.043929 0.498238
4.855000 0.043626 0.498252
4.860000 0.043326 0.498266
4.865000 0.043027 0.498280
4.870000 0.042731 0.498294
4.875000 0.042436 0.498308
4.880000 0.042143 0.498322
4.885000 0.041852 0.498336
4.890000 0.041563 0.498349
4.895000 0.041276 0.498363
4.900000 0.040990 0.498376
4.905000 0.040707 0.498389
4.910000 0.040425 0.498402
4.915000 0.040145 0.498415
4.920000 0.039867 0.498428
4.925000 0.039591 0.498441
4.930000 0.039317 0.498454
4.935000 0.039044 0.498466
4.940000 0.038773 0.498479
4.945000 0.038504 0.498491
4.950000 0.038237 0.498503
4.955000 0.037971 0.498515
4.960000 0.037707 0.498528
4.965000 0.037445 0.498540
4.970000 0.037184 0.498551
4.975000 0.036926 0.498563
4.980000 0.036669 0.498575
4.985000 0.036413 0.498587
4.990000 0.036160 0.498598
4.995000 0.035907 0.498610
