-4.00000000 0.00051754
-3.98000000 0.00029748
-3.96000000 0.00086724
-3.94000000 0.00076375
-3.92000000 0.00077174
-3.90000000 0.00134275
-3.88000000 0.00108600
-3.86000000 0.00137803
-3.84000000 0.00181704
-3.82000000 0.00153637
-3.80000000 0.00208840
-3.78000000 0.00230759
-3.76000000 0.00215595
-3.74000000 0.00286957
-3.72000000 0.00285864
-3.70000000 0.00296653
-3.68000000 0.00369885
-3.66000000 0.00353395
-3.64000000 0.00396830
-3.62000000 0.00457741
-3.60000000 0.00440280
-3.58000000 0.00514423
-3.56000000 0.00553662
-3.54000000 0.00552380
-3.52000000 0.00647039
-3.50000000 0.00663556
-3.48000000 0.00693193
-3.46000000 0.00793008
-3.44000000 0.00795103
-3.42000000 0.00863436
-3.40000000 0.00952861
-3.38000000 0.00956393
-3.36000000 0.01061747
-3.34000000 0.01130448
-3.32000000 0.01154611
-3.30000000 0.01286340
-3.28000000 0.01333303
-3.26000000 0.01395168
-3.24000000 0.01537069
-3.22000000 0.01571996
-3.20000000 0.01681439
-3.18000000 0.01817164
-3.16000000 0.01858548
-3.14000000 0.02015191
-3.12000000 0.02134045
-3.10000000 0.02204353
-3.08000000 0.02397641
-3.06000000 0.02499006
-3.04000000 0.02618389
-3.02000000 0.02831043
-3.00000000 0.02926012
-2.98000000 0.03106531
-2.96000000 0.03320565
-2.94000000 0.03430173
-2.92000000 0.03672444
-2.90000000 0.03876053
-2.88000000 0.04026443
-2.86000000 0.04319935
-2.84000000 0.04513090
-2.82000000 0.04728908
-2.80000000 0.05055973
-2.78000000 0.05252798
-2.76000000 0.05550689
-2.74000000 0.05893229
-2.72000000 0.06120128
-2.70000000 0.06504356
-2.68000000 0.06851224
-2.66000000 0.07141037
-2.64000000 0.07602833
-2.62000000 0.07955770
-2.60000000 0.08339667
-2.58000000 0.08860959
-2.56000000 0.09237310
-2.54000000 0.09736990
-2.52000000 0.10297931
-2.50000000 0.10729237
-2.48000000 0.11352111
-2.46000000 0.11940515
-2.44000000 0.12467203
-2.42000000 0.13206364
-2.40000000 0.13826258
-2.38000000 0.14489668
-2.36000000 0.15328962
-2.34000000 0.16005345
-2.32000000 0.16839130
-2.30000000 0.17761958
-2.28000000 0.18539725
-2.26000000 0.19563017
-2.24000000 0.20562413
-2.22000000 0.21499174
-2.20000000 0.22713896
-2.18000000 0.23801112
-2.16000000 0.24955892
-2.14000000 0.26349974
-2.12000000 0.27559524
-2.10000000 0.28981215
-2.08000000 0.30538355
-2.06000000 0.31928719
-2.04000000 0.33648872
-2.02000000 0.35363807
-2.00000000 0.37014279
-1.98000000 0.39047990
-1.96000000 0.40944368
-1.94000000 0.42949429
-1.92000000 0.45305669
-1.90000000 0.47452222
-1.88000000 0.49915255
-1.86000000 0.52615240
-1.84000000 0.55135980
-1.82000000 0.58164837
-1.80000000 0.61265434
-1.78000000 0.64342425
-1.76000000 0.68051430
-1.74000000 0.71672746
-1.72000000 0.75547229
-1.70000000 0.80076456
-1.68000000 0.84442172
-1.66000000 0.89435424
-1.64000000 0.95014614
-1.62000000 1.00539677
-1.60000000 1.07151727
-1.58000000 1.14284403
-1.56000000 1.21819943
-1.54000000 1.31074282
-1.52000000 1.41083654
-1.50000000 1.52696751
-1.48000000 1.67326710
-1.46000000 1.84216249
-1.44000000 2.06112974
-1.42000000 2.35364718
-1.40000000 2.73972415
-1.38000000 3.30967568
-1.36000000 4.17584133
-1.34000000 5.56734460
-1.32000000 8.03590571
-1.30000000 12.64690703
-1.28000000 21.14751569
-1.26000000 31.55949378
-1.24000000 30.38022514
-1.22000000 20.36275525
-1.20000000 13.05940550
-1.18000000 9.00621498
-1.16000000 6.70110979
-1.14000000 5.32508278
-1.12000000 4.44405824
-1.10000000 3.83251102
-1.08000000 3.40613186
-1.06000000 3.08555014
-1.04000000 2.83190234
-1.02000000 2.63856235
-1.00000000 2.47390266
-0.98000000 2.33471729
-0.96000000 2.22124841
-0.94000000 2.11521403
-0.92000000 2.02398020
-0.90000000 1.94438762
-0.88000000 1.86635370
-0.86000000 1.79959433
-0.84000000 1.73713645
-0.82000000 1.67574929
-0.80000000 1.62337485
-0.78000000 1.57122301
-0.76000000 1.52147636
-0.74000000 1.47824263
-0.72000000 1.43333830
-0.70000000 1.39233325
-0.68000000 1.35504090
-0.66000000 1.31583144
-0.64000000 1.28135158
-0.62000000 1.24792164
-0.60000000 1.21346760
-0.58000000 1.18361443
-0.56000000 1.15279124
-0.54000000 1.12240709
-0.52000000 1.09561982
-0.50000000 1.06682186
-0.48000000 1.03992341
-0.46000000 1.01507438
-0.44000000 0.98821491
-0.42000000 0.96424405
-0.40000000 0.94067388
-0.38000000 0.91592435
-0.36000000 0.89431280
-0.34000000 0.87177190
-0.32000000 0.84931717
-0.30000000 0.82948812
-0.28000000 0.80801012
-0.26000000 0.78786464
-0.24000000 0.76927531
-0.22000000 0.74902963
-0.20000000 0.73096287
-0.18000000 0.71317589
-0.16000000 0.69434115
-0.14000000 0.67791797
-0.12000000 0.66067259
-0.10000000 0.64335252
-0.08000000 0.62805328
-0.06000000 0.61130116
-0.04000000 0.59548526
-0.02000000 0.58084733
0.00000000 0.56472921
0.02000000 0.55028879
0.04000000 0.53601431
0.06000000 0.52077768
0.08000000 0.50748707
0.10000000 0.49348419
0.12000000 0.47936856
0.14000000 0.46694464
0.16000000 0.45330057
0.18000000 0.44043253
0.20000000 0.42858862
0.22000000 0.41549768
0.24000000 0.40383543
0.26000000 0.39234327
0.28000000 0.38002367
0.30000000 0.36937148
0.32000000 0.35811896
0.34000000 0.34674724
0.36000000 0.33683185
0.38000000 0.32585928
0.40000000 0.31553707
0.42000000 0.30611411
0.44000000 0.29561284
0.46000000 0.28636490
0.48000000 0.27731273
0.50000000 0.26757947
0.52000000 0.25937185
0.54000000 0.25073718
0.56000000 0.24209255
0.58000000 0.23485773
0.60000000 0.22683766
0.62000000 0.21953197
0.64000000 0.21319134
0.66000000 0.20606128
0.68000000 0.20019776
0.70000000 0.19467764
0.72000000 0.18869328
0.74000000 0.18419450
0.76000000 0.17943547
0.78000000 0.17474372
0.80000000 0.17137226
0.82000000 0.16733259
0.84000000 0.16391961
0.86000000 0.16134501
0.88000000 0.15799756
0.90000000 0.15568684
0.92000000 0.15357454
0.94000000 0.15089651
0.96000000 0.14939202
0.98000000 0.14748383
1.00000000 0.14543998
1.02000000 0.14439686
1.04000000 0.14255726
1.06000000 0.14108104
1.08000000 0.14018069
1.10000000 0.13839748
1.12000000 0.13737740
1.14000000 0.13638657
1.16000000 0.13473145
1.18000000 0.13401046
1.20000000 0.13281195
1.22000000 0.13137945
1.24000000 0.13077179
1.26000000 0.12936325
1.28000000 0.12821204
1.30000000 0.12753524
1.32000000 0.12600128
1.34000000 0.12511769
1.36000000 0.12423088
1.38000000 0.12269857
1.40000000 0.12199216
1.42000000 0.12082764
1.44000000 0.11941816
1.46000000 0.11874715
1.48000000 0.11732343
1.50000000 0.11611200
1.52000000 0.11532647
1.54000000 0.11373700
1.56000000 0.11273032
1.58000000 0.11171726
1.60000000 0.11009733
1.62000000 0.10923328
1.64000000 0.10794855
1.66000000 0.10643086
1.68000000 0.10559938
1.70000000 0.10407737
1.72000000 0.10275059
1.74000000 0.10182888
1.76000000 0.10016855
1.78000000 0.09905198
1.80000000 0.09794324
1.82000000 0.09627599
1.84000000 0.09531763
1.86000000 0.09398143
1.88000000 0.09243129
1.90000000 0.09152874
1.92000000 0.08999360
1.94000000 0.08864178
1.96000000 0.08767817
1.98000000 0.08603254
2.00000000 0.08489636
2.02000000 0.08377906
2.04000000 0.08214393
2.06000000 0.08117571
2.08000000 0.07986571
2.10000000 0.07835767
2.12000000 0.07746324
2.14000000 0.07598658
2.16000000 0.07468326
2.18000000 0.07375386
2.20000000 0.07219243
2.22000000 0.07111109
2.24000000 0.07005861
2.26000000 0.06852415
2.28000000 0.06761966
2.30000000 0.06640439
2.32000000 0.06500417
2.34000000 0.06418632
2.36000000 0.06282872
2.38000000 0.06163369
2.40000000 0.06079762
2.42000000 0.05937101
2.44000000 0.05839600
2.46000000 0.05745589
2.48000000 0.05606274
2.50000000 0.05526432
2.52000000 0.05417989
2.54000000 0.05291970
2.56000000 0.05221192
2.58000000 0.05099985
2.60000000 0.04993886
2.62000000 0.04922163
2.64000000 0.04794898
2.66000000 0.04710110
2.68000000 0.04629195
2.70000000 0.04505424
2.72000000 0.04437870
2.74000000 0.04343813
2.76000000 0.04232912
2.78000000 0.04174500
2.80000000 0.04068751
2.82000000 0.03977031
2.84000000 0.03918274
2.86000000 0.03807067
2.88000000 0.03735889
2.90000000 0.03668870
2.92000000 0.03561121
2.94000000 0.03506598
2.96000000 0.03427346
2.98000000 0.03331795
3.00000000 0.03286122
3.02000000 0.03195727
3.04000000 0.03118219
3.06000000 0.03072214
3.08000000 0.02976343
3.10000000 0.02918115
3.12000000 0.02864118
3.14000000 0.02771156
3.16000000 0.02728595
3.18000000 0.02662817
3.20000000 0.02581187
3.22000000 0.02547077
3.24000000 0.02470649
3.26000000 0.02406166
3.28000000 0.02371979
3.30000000 0.02290405
3.32000000 0.02244462
3.34000000 0.02202952
3.36000000 0.02124189
3.38000000 0.02093343
3.40000000 0.02040660
3.42000000 0.01972482
3.44000000 0.01949552
3.46000000 0.01886271
3.48000000 0.01833792
3.50000000 0.01810145
3.52000000 0.01740941
3.54000000 0.01705078
3.56000000 0.01673348
3.58000000 0.01605454
3.60000000 0.01582782
3.62000000 0.01539164
3.64000000 0.01480104
3.66000000 0.01464066
3.68000000 0.01409448
3.70000000 0.01364714
3.72000000 0.01347754
3.74000000 0.01287326
3.76000000 0.01258705
3.78000000 0.01234607
3.80000000 0.01176091
3.82000000 0.01161132
3.84000000 0.01126847
3.86000000 0.01077951
3.88000000 0.01070744
3.90000000 0.01027178
3.92000000 0.00993115
3.94000000 0.00986139
3.96000000 0.00937714
3.98000000 0.00919596
