-4.00000000 0.53308016
-3.98000000 0.54490430
-3.96000000 0.55689147
-3.94000000 0.56904009
-3.92000000 0.58134822
-3.90000000 0.59381353
-3.88000000 0.60643318
-3.86000000 0.61920371
-3.84000000 0.63212084
-3.82000000 0.64517928
-3.80000000 0.65837250
-3.78000000 0.67169239
-3.76000000 0.68512891
-3.74000000 0.69866977
-3.72000000 0.71230003
-3.70000000 0.72600175
-3.68000000 0.73975377
-3.66000000 0.75353155
-3.64000000 0.76730734
-3.62000000 0.78105047
-3.60000000 0.79472805
-3.58000000 0.80830593
-3.56000000 0.82174991
-3.54000000 0.83502711
-3.52000000 0.84810731
-3.50000000 0.86096425
-3.48000000 0.87357652
-3.46000000 0.88592814
-3.44000000 0.89800866
-3.42000000 0.90981287
-3.40000000 0.92134015
-3.38000000 0.93259363
-3.36000000 0.94357920
-3.34000000 0.95430460
-3.32000000 0.96477853
-3.30000000 0.97501001
-3.28000000 0.98500778
-3.26000000 0.99477997
-3.24000000 1.00433386
-3.22000000 1.01367579
-3.20000000 1.02281112
-3.18000000 1.03174427
-3.16000000 1.04047884
-3.14000000 1.04901765
-3.12000000 1.05736290
-3.10000000 1.06551625
-3.08000000 1.07347889
-3.06000000 1.08125171
-3.04000000 1.08883528
-3.02000000 1.09622996
-3.00000000 1.10343598
-2.98000000 1.11045341
-2.96000000 1.11728228
-2.94000000 1.12392253
-2.92000000 1.13037411
-2.90000000 1.13663693
-2.88000000 1.14271093
-2.86000000 1.14859605
-2.84000000 1.15429227
-2.82000000 1.15979962
-2.80000000 1.16511815
-2.78000000 1.17024799
-2.76000000 1.17518932
-2.74000000 1.17994236
-2.72000000 1.18450744
-2.70000000 1.18888491
-2.68000000 1.19307523
-2.66000000 1.19707890
-2.64000000 1.20089650
-2.62000000 1.20452869
-2.60000000 1.20797619
-2.58000000 1.21123981
-2.56000000 1.21432040
-2.54000000 1.21721890
-2.52000000 1.21993632
-2.50000000 1.22247372
-2.48000000 1.22483223
-2.46000000 1.22701306
-2.44000000 1.22901748
-2.42000000 1.23084682
-2.40000000 1.23250247
-2.38000000 1.23398589
-2.36000000 1.23529861
-2.34000000 1.23644221
-2.32000000 1.23741834
-2.30000000 1.23822871
-2.28000000 1.23887511
-2.26000000 1.23935938
-2.24000000 1.23968340
-2.22000000 1.23984916
-2.20000000 1.23985866
-2.18000000 1.23971400
-2.16000000 1.23941731
-2.14000000 1.23897080
-2.12000000 1.23837671
-2.10000000 1.23763736
-2.08000000 1.23675511
-2.06000000 1.23573236
-2.04000000 1.23457159
-2.02000000 1.23327530
-2.00000000 1.23184604
-1.98000000 1.23028642
-1.96000000 1.22859907
-1.94000000 1.22678668
-1.92000000 1.22485197
-1.90000000 1.22279768
-1.88000000 1.22062660
-1.86000000 1.21834156
-1.84000000 1.21594538
-1.82000000 1.21344094
-1.80000000 1.21083112
-1.78000000 1.20811881
-1.76000000 1.20530692
-1.74000000 1.20239837
-1.72000000 1.19939607
-1.70000000 1.19630291
-1.68000000 1.19312181
-1.66000000 1.18985564
-1.64000000 1.18650725
-1.62000000 1.18307946
-1.60000000 1.17957509
-1.58000000 1.17599687
-1.56000000 1.17234751
-1.54000000 1.16862968
-1.52000000 1.16484599
-1.50000000 1.16099898
-1.48000000 1.15709113
-1.46000000 1.15312488
-1.44000000 1.14910258
-1.42000000 1.14502653
-1.40000000 1.14089894
-1.38000000 1.13672197
-1.36000000 1.13249770
-1.34000000 1.12822815
-1.32000000 1.12391527
-1.30000000 1.11956093
-1.28000000 1.11516696
-1.26000000 1.11073511
-1.24000000 1.10626706
-1.22000000 1.10176445
-1.20000000 1.09722886
-1.18000000 1.09266181
-1.16000000 1.08806477
-1.14000000 1.08343915
-1.12000000 1.07878632
-1.10000000 1.07410761
-1.08000000 1.06940430
-1.06000000 1.06467762
-1.04000000 1.05992877
-1.02000000 1.05515891
-1.00000000 1.05036915
-0.98000000 1.04556059
-0.96000000 1.04073426
-0.94000000 1.03589119
-0.92000000 1.03103236
-0.90000000 1.02615873
-0.88000000 1.02127121
-0.86000000 1.01637070
-0.84000000 1.01145806
-0.82000000 1.00653414
-0.80000000 1.00159975
-0.78000000 0.99665568
-0.76000000 0.99170268
-0.74000000 0.98674151
-0.72000000 0.98177288
-0.70000000 0.97679749
-0.68000000 0.97181601
-0.66000000 0.96682910
-0.64000000 0.96183738
-0.62000000 0.95684149
-0.60000000 0.95184200
-0.58000000 0.94683951
-0.56000000 0.94183457
-0.54000000 0.93682772
-0.52000000 0.93181950
-0.50000000 0.92681040
-0.48000000 0.92180094
-0.46000000 0.91679158
-0.44000000 0.91178279
-0.42000000 0.90677502
-0.40000000 0.90176870
-0.38000000 0.89676426
-0.36000000 0.89176211
-0.34000000 0.88676264
-0.32000000 0.88176623
-0.30000000 0.87677325
-0.28000000 0.87178407
-0.26000000 0.86679903
-0.24000000 0.86181846
-0.22000000 0.85684270
-0.20000000 0.85187206
-0.18000000 0.84690683
-0.16000000 0.84194733
-0.14000000 0.83699384
-0.12000000 0.83204662
-0.10000000 0.82710596
-0.08000000 0.82217211
-0.06000000 0.81724532
-0.04000000 0.81232584
-0.02000000 0.80741390
0.00000000 0.80250974
0.02000000 0.79761358
0.04000000 0.79272564
0.06000000 0.78784612
0.08000000 0.78297523
0.10000000 0.77811317
0.12000000 0.77326013
0.14000000 0.76841630
0.16000000 0.76358187
0.18000000 0.75875701
0.20000000 0.75394190
0.22000000 0.74913671
0.24000000 0.74434161
0.26000000 0.73955676
0.28000000 0.73478233
0.30000000 0.73001847
0.32000000 0.72526534
0.34000000 0.72052308
0.36000000 0.71579186
0.38000000 0.71107182
0.40000000 0.70636311
0.42000000 0.70166586
0.44000000 0.69698024
0.46000000 0.69230637
0.48000000 0.68764440
0.50000000 0.68299447
0.52000000 0.67835672
0.54000000 0.67373129
0.56000000 0.66911832
0.58000000 0.66451793
0.60000000 0.65993028
0.62000000 0.65535549
0.64000000 0.65079371
0.66000000 0.64624506
0.68000000 0.64170969
0.70000000 0.63718772
0.72000000 0.63267930
0.74000000 0.62818455
0.76000000 0.62370362
0.78000000 0.61923664
0.80000000 0.61478374
0.82000000 0.61034505
0.84000000 0.60592072
0.86000000 0.60151087
0.88000000 0.59711564
0.90000000 0.59273516
0.92000000 0.58836957
0.94000000 0.58401900
0.96000000 0.57968357
0.98000000 0.57536344
1.00000000 0.57105871
1.02000000 0.56676954
1.04000000 0.56249604
1.06000000 0.55823835
1.08000000 0.55399659
1.10000000 0.54977090
1.12000000 0.54556139
1.14000000 0.54136820
1.16000000 0.53719146
1.18000000 0.53303128
1.20000000 0.52888779
1.22000000 0.52476111
1.24000000 0.52065137
1.26000000 0.51655868
1.28000000 0.51248316
1.30000000 0.50842493
1.32000000 0.50438410
1.34000000 0.50036080
1.36000000 0.49635513
1.38000000 0.49236722
1.40000000 0.48839716
1.42000000 0.48444508
1.44000000 0.48051107
1.46000000 0.47659526
1.48000000 0.47269773
1.50000000 0.46881861
1.52000000 0.46495798
1.54000000 0.46111595
1.56000000 0.45729262
1.58000000 0.45348807
1.60000000 0.44970242
1.62000000 0.44593573
1.64000000 0.44218811
1.66000000 0.43845963
1.68000000 0.43475038
1.70000000 0.43106043
1.72000000 0.42738987
1.74000000 0.42373876
1.76000000 0.42010718
1.78000000 0.41649520
1.80000000 0.41290287
1.82000000 0.40933026
1.84000000 0.40577743
1.86000000 0.40224444
1.88000000 0.39873133
1.90000000 0.39523815
1.92000000 0.39176497
1.94000000 0.38831181
1.96000000 0.38487873
1.98000000 0.38146576
2.00000000 0.37807293
2.02000000 0.37470029
2.04000000 0.37134786
2.06000000 0.36801568
2.08000000 0.36470377
2.10000000 0.36141215
2.12000000 0.35814084
2.14000000 0.35488987
2.16000000 0.35165925
2.18000000 0.34844898
2.20000000 0.34525909
2.22000000 0.34208958
2.24000000 0.33894046
2.26000000 0.33581172
2.28000000 0.33270337
2.30000000 0.32961541
2.32000000 0.32654782
2.34000000 0.32350061
2.36000000 0.32047377
2.38000000 0.31746727
2.40000000 0.31448111
2.42000000 0.31151527
2.44000000 0.30856973
2.46000000 0.30564447
2.48000000 0.30273947
2.50000000 0.29985470
2.52000000 0.29699013
2.54000000 0.29414573
2.56000000 0.29132147
2.58000000 0.28851732
2.60000000 0.28573323
2.62000000 0.28296918
2.64000000 0.28022512
2.66000000 0.27750100
2.68000000 0.27479678
2.70000000 0.27211243
2.72000000 0.26944787
2.74000000 0.26680308
2.76000000 0.26417799
2.78000000 0.26157256
2.80000000 0.25898671
2.82000000 0.25642041
2.84000000 0.25387359
2.86000000 0.25134619
2.88000000 0.24883814
2.90000000 0.24634939
2.92000000 0.24387987
2.94000000 0.24142951
2.96000000 0.23899825
2.98000000 0.23658602
3.00000000 0.23419274
3.02000000 0.23181834
3.04000000 0.22946276
3.06000000 0.22712592
3.08000000 0.22480773
3.10000000 0.22250813
3.12000000 0.22022704
3.14000000 0.21796438
3.16000000 0.21572006
3.18000000 0.21349401
3.20000000 0.21128615
3.22000000 0.20909638
3.24000000 0.20692464
3.26000000 0.20477083
3.28000000 0.20263487
3.30000000 0.20051668
3.32000000 0.19841616
3.34000000 0.19633324
3.36000000 0.19426782
3.38000000 0.19221982
3.40000000 0.19018914
3.42000000 0.18817571
3.44000000 0.18617943
3.46000000 0.18420022
3.48000000 0.18223797
3.50000000 0.18029261
3.52000000 0.17836405
3.54000000 0.17645219
3.56000000 0.17455694
3.58000000 0.17267821
3.60000000 0.17081591
3.62000000 0.16896994
3.64000000 0.16714022
3.66000000 0.16532665
3.68000000 0.16352913
3.70000000 0.16174757
3.72000000 0.15998188
3.74000000 0.15823196
3.76000000 0.15649771
3.78000000 0.15477904
3.80000000 0.15307586
3.82000000 0.15138805
3.84000000 0.14971554
3.86000000 0.14805822
3.88000000 0.14641600
3.90000000 0.14478877
3.92000000 0.14317644
3.94000000 0.14157892
3.96000000 0.13999610
3.98000000 0.13842789
