-4.00000000 0.65316085
-3.98000000 0.65646418
-3.96000000 0.65973692
-3.94000000 0.66297875
-3.92000000 0.66618938
-3.90000000 0.66936853
-3.88000000 0.67251591
-3.86000000 0.67563126
-3.84000000 0.67871432
-3.82000000 0.68176482
-3.80000000 0.68478252
-3.78000000 0.68776719
-3.76000000 0.69071859
-3.74000000 0.69363650
-3.72000000 0.69652070
-3.70000000 0.69937100
-3.68000000 0.70218717
-3.66000000 0.70496905
-3.64000000 0.70771643
-3.62000000 0.71042914
-3.60000000 0.71310702
-3.58000000 0.71574990
-3.56000000 0.71835761
-3.54000000 0.72093003
-3.52000000 0.72346699
-3.50000000 0.72596838
-3.48000000 0.72843406
-3.46000000 0.73086390
-3.44000000 0.73325781
-3.42000000 0.73561566
-3.40000000 0.73793737
-3.38000000 0.74022282
-3.36000000 0.74247195
-3.34000000 0.74468467
-3.32000000 0.74686089
-3.30000000 0.74900056
-3.28000000 0.75110362
-3.26000000 0.75316999
-3.24000000 0.75519965
-3.22000000 0.75719253
-3.20000000 0.75914861
-3.18000000 0.76106784
-3.16000000 0.76295021
-3.14000000 0.76479569
-3.12000000 0.76660427
-3.10000000 0.76837593
-3.08000000 0.77011067
-3.06000000 0.77180849
-3.04000000 0.77346939
-3.02000000 0.77509339
-3.00000000 0.77668050
-2.98000000 0.77823074
-2.96000000 0.77974413
-2.94000000 0.78122071
-2.92000000 0.78266052
-2.90000000 0.78406358
-2.88000000 0.78542994
-2.86000000 0.78675966
-2.84000000 0.78805278
-2.82000000 0.78930936
-2.80000000 0.79052946
-2.78000000 0.79171314
-2.76000000 0.79286049
-2.74000000 0.79397156
-2.72000000 0.79504644
-2.70000000 0.79608521
-2.68000000 0.79708794
-2.66000000 0.79805474
-2.64000000 0.79898569
-2.62000000 0.79988089
-2.60000000 0.80074043
-2.58000000 0.80156442
-2.56000000 0.80235297
-2.54000000 0.80310618
-2.52000000 0.80382417
-2.50000000 0.80450705
-2.48000000 0.80515494
-2.46000000 0.80576796
-2.44000000 0.80634623
-2.42000000 0.80688989
-2.40000000 0.80739906
-2.38000000 0.80787388
-2.36000000 0.80831448
-2.34000000 0.80872100
-2.32000000 0.80909358
-2.30000000 0.80943236
-2.28000000 0.80973750
-2.26000000 0.81000913
-2.24000000 0.81024741
-2.22000000 0.81045249
-2.20000000 0.81062452
-2.18000000 0.81076368
-2.16000000 0.81087010
-2.14000000 0.81094396
-2.12000000 0.81098542
-2.10000000 0.81099465
-2.08000000 0.81097181
-2.06000000 0.81091707
-2.04000000 0.81083060
-2.02000000 0.81071258
-2.00000000 0.81056319
-1.98000000 0.81038259
-1.96000000 0.81017097
-1.94000000 0.80992851
-1.92000000 0.80965539
-1.90000000 0.80935180
-1.88000000 0.80901791
-1.86000000 0.80865392
-1.84000000 0.80826001
-1.82000000 0.80783638
-1.80000000 0.80738321
-1.78000000 0.80690069
-1.76000000 0.80638903
-1.74000000 0.80584841
-1.72000000 0.80527902
-1.70000000 0.80468108
-1.68000000 0.80405478
-1.66000000 0.80340031
-1.64000000 0.80271787
-1.62000000 0.80200768
-1.60000000 0.80126993
-1.58000000 0.80050482
-1.56000000 0.79971256
-1.54000000 0.79889336
-1.52000000 0.79804742
-1.50000000 0.79717495
-1.48000000 0.79627616
-1.46000000 0.79535126
-1.44000000 0.79440046
-1.42000000 0.79342397
-1.40000000 0.79242200
-1.38000000 0.79139476
-1.36000000 0.79034247
-1.34000000 0.78926534
-1.32000000 0.78816359
-1.30000000 0.78703743
-1.28000000 0.78588707
-1.26000000 0.78471274
-1.24000000 0.78351465
-1.22000000 0.78229301
-1.20000000 0.78104805
-1.18000000 0.77977998
-1.16000000 0.77848902
-1.14000000 0.77717539
-1.12000000 0.77583932
-1.10000000 0.77448101
-1.08000000 0.77310069
-1.06000000 0.77169859
-1.04000000 0.77027491
-1.02000000 0.76882989
-1.00000000 0.76736375
-0.98000000 0.76587669
-0.96000000 0.76436896
-0.94000000 0.76284076
-0.92000000 0.76129233
-0.90000000 0.75972388
-0.88000000 0.75813564
-0.86000000 0.75652782
-0.84000000 0.75490065
-0.82000000 0.75325436
-0.80000000 0.75158916
-0.78000000 0.74990528
-0.76000000 0.74820294
-0.74000000 0.74648236
-0.72000000 0.74474377
-0.70000000 0.74298738
-0.68000000 0.74121343
-0.66000000 0.73942212
-0.64000000 0.73761369
-0.62000000 0.73578835
-0.60000000 0.73394632
-0.58000000 0.73208784
-0.56000000 0.73021311
-0.54000000 0.72832236
-0.52000000 0.72641581
-0.50000000 0.72449367
-0.48000000 0.72255618
-0.46000000 0.72060354
-0.44000000 0.71863598
-0.42000000 0.71665371
-0.40000000 0.71465696
-0.38000000 0.71264594
-0.36000000 0.71062087
-0.34000000 0.70858196
-0.32000000 0.70652943
-0.30000000 0.70446350
-0.28000000 0.70238439
-0.26000000 0.70029230
-0.24000000 0.69818745
-0.22000000 0.69607006
-0.20000000 0.69394034
-0.18000000 0.69179850
-0.16000000 0.68964475
-0.14000000 0.68747931
-0.12000000 0.68530238
-0.10000000 0.68311418
-0.08000000 0.68091490
-0.06000000 0.67870478
-0.04000000 0.67648400
-0.02000000 0.67425277
0.00000000 0.67201131
0.02000000 0.66975982
0.04000000 0.66749850
0.06000000 0.66522756
0.08000000 0.66294720
0.10000000 0.66065762
0.12000000 0.65835903
0.14000000 0.65605161
0.16000000 0.65373558
0.18000000 0.65141114
0.20000000 0.64907847
0.22000000 0.64673778
0.24000000 0.64438926
0.26000000 0.64203311
0.28000000 0.63966952
0.30000000 0.63729868
0.32000000 0.63492079
0.34000000 0.63253604
0.36000000 0.63014461
0.38000000 0.62774671
0.40000000 0.62534250
0.42000000 0.62293219
0.44000000 0.62051595
0.46000000 0.61809398
0.48000000 0.61566645
0.50000000 0.61323355
0.52000000 0.61079546
0.54000000 0.60835236
0.56000000 0.60590443
0.58000000 0.60345185
0.60000000 0.60099479
0.62000000 0.59853344
0.64000000 0.59606795
0.66000000 0.59359852
0.68000000 0.59112531
0.70000000 0.58864849
0.72000000 0.58616824
0.74000000 0.58368471
0.76000000 0.58119809
0.78000000 0.57870853
0.80000000 0.57621620
0.82000000 0.57372126
0.84000000 0.57122389
0.86000000 0.56872423
0.88000000 0.56622245
0.90000000 0.56371871
0.92000000 0.56121317
0.94000000 0.55870598
0.96000000 0.55619730
0.98000000 0.55368728
1.00000000 0.55117608
1.02000000 0.54866384
1.04000000 0.54615072
1.06000000 0.54363687
1.08000000 0.54112243
1.10000000 0.53860755
1.12000000 0.53609238
1.14000000 0.53357705
1.16000000 0.53106172
1.18000000 0.52854652
1.20000000 0.52603159
1.22000000 0.52351708
1.24000000 0.52100311
1.26000000 0.51848983
1.28000000 0.51597737
1.30000000 0.51346586
1.32000000 0.51095543
1.34000000 0.50844623
1.36000000 0.50593836
1.38000000 0.50343198
1.40000000 0.50092719
1.42000000 0.49842413
1.44000000 0.49592292
1.46000000 0.49342369
1.48000000 0.49092655
1.50000000 0.48843162
1.52000000 0.48593903
1.54000000 0.48344890
1.56000000 0.48096133
1.58000000 0.47847645
1.60000000 0.47599436
1.62000000 0.47351519
1.64000000 0.47103904
1.66000000 0.46856602
1.68000000 0.46609624
1.70000000 0.46362982
1.72000000 0.46116684
1.74000000 0.45870743
1.76000000 0.45625168
1.78000000 0.45379969
1.80000000 0.45135157
1.82000000 0.44890742
1.84000000 0.44646733
1.86000000 0.44403140
1.88000000 0.44159973
1.90000000 0.43917242
1.92000000 0.43674955
1.94000000 0.43433122
1.96000000 0.43191752
1.98000000 0.42950853
2.00000000 0.42710436
2.02000000 0.42470508
2.04000000 0.42231078
2.06000000 0.41992155
2.08000000 0.41753747
2.10000000 0.41515862
2.12000000 0.41278508
2.14000000 0.41041694
2.16000000 0.40805427
2.18000000 0.40569714
2.20000000 0.40334565
2.22000000 0.40099986
2.24000000 0.39865984
2.26000000 0.39632567
2.28000000 0.39399742
2.30000000 0.39167516
2.32000000 0.38935897
2.34000000 0.38704890
2.36000000 0.38474503
2.38000000 0.38244742
2.40000000 0.38015614
2.42000000 0.37787125
2.44000000 0.37559281
2.46000000 0.37332089
2.48000000 0.37105554
2.50000000 0.36879683
2.52000000 0.36654482
2.54000000 0.36429955
2.56000000 0.36206109
2.58000000 0.35982949
2.60000000 0.35760481
2.62000000 0.35538710
2.64000000 0.35317641
2.66000000 0.35097280
2.68000000 0.34877630
2.70000000 0.34658697
2.72000000 0.34440487
2.74000000 0.34223003
2.76000000 0.34006250
2.78000000 0.33790233
2.80000000 0.33574955
2.82000000 0.33360422
2.84000000 0.33146638
2.86000000 0.32933606
2.88000000 0.32721330
2.90000000 0.32509815
2.92000000 0.32299065
2.94000000 0.32089082
2.96000000 0.31879871
2.98000000 0.31671435
3.00000000 0.31463777
3.02000000 0.31256902
3.04000000 0.31050811
3.06000000 0.30845509
3.08000000 0.30640998
3.10000000 0.30437282
3.12000000 0.30234363
3.14000000 0.30032244
3.16000000 0.29830927
3.18000000 0.29630416
3.20000000 0.29430713
3.22000000 0.29231821
3.24000000 0.29033741
3.26000000 0.28836477
3.28000000 0.28640030
3.30000000 0.28444402
3.32000000 0.28249596
3.34000000 0.28055614
3.36000000 0.27862457
3.38000000 0.27670127
3.40000000 0.27478626
3.42000000 0.27287956
3.44000000 0.27098119
3.46000000 0.26909115
3.48000000 0.26720946
3.50000000 0.26533615
3.52000000 0.26347121
3.54000000 0.26161466
3.56000000 0.25976652
3.58000000 0.25792679
3.60000000 0.25609548
3.62000000 0.25427261
3.64000000 0.25245819
3.66000000 0.25065221
3.68000000 0.24885469
3.70000000 0.24706564
3.72000000 0.24528506
3.74000000 0.24351296
3.76000000 0.24174934
3.78000000 0.23999420
3.80000000 0.23824755
3.82000000 0.23650940
3.84000000 0.23477974
3.86000000 0.23305858
3.88000000 0.23134592
3.90000000 0.22964175
3.92000000 0.22794609
3.94000000 0.22625892
3.96000000 0.22458025
3.98000000 0.22291007
