-6.000000 -0.199501 0.000000
-5.994000 -0.199700 0.000000
-5.988000 -0.199899 0.000000
-5.982000 -0.200099 0.000000
-5.976000 -0.200298 0.000000
-5.970000 -0.200499 0.000000
-5.964000 -0.200699 0.000000
-5.958000 -0.200901 0.000000
-5.952000 -0.201102 0.000000
-5.946000 -0.201304 0.000000
-5.940000 -0.201506 0.000000
-5.934000 -0.201709 0.000000
-5.928000 -0.201912 0.000000
-5.922000 -0.202116 0.000000
-5.916000 -0.202319 0.000000
-5.910000 -0.202524 0.000000
-5.904000 -0.202729 0.000000
-5.898000 -0.202934 0.000000
-5.892000 -0.203139 0.000000
-5.886000 -0.203345 0.000000
-5.880000 -0.203552 0.000000
-5.874000 -0.203759 0.000000
-5.868000 -0.203966 0.000000
-5.862000 -0.204174 0.000000
-5.856000 -0.204382 0.000000
-5.850000 -0.204590 0.000000
-5.844000 -0.204799 0.000000
-5.838000 -0.205008 0.000000
-5.832000 -0.205218 0.000000
-5.826000 -0.205429 0.000000
-5.820000 -0.205639 0.000000
-5.814000 -0.205850 0.000000
-5.808000 -0.206062 0.000000
-5.802000 -0.206274 0.000000
-5.796000 -0.206486 0.000000
-5.790000 -0.206699 0.000000
-5.784000 -0.206912 0.000000
-5.778000 -0.207126 0.000000
-5.772000 -0.207340 0.000000
-5.766000 -0.207555 0.000000
-5.760000 -0.207770 0.000000
-5.754000 -0.207985 0.000000
-5.748000 -0.208201 0.000000
-5.742000 -0.208417 0.000000
-5.736000 -0.208634 0.000000
-5.730000 -0.208852 0.000000
-5.724000 -0.209069 0.000000
-5.718000 -0.209287 0.000000
-5.712000 -0.209506 0.000000
-5.706000 -0.209725 0.000000
-5.700000 -0.209945 0.000000
-5.694000 -0.210165 0.000000
-5.688000 -0.210385 0.000000
-5.682000 -0.210606 0.000000
-5.676000 -0.210828 0.000000
-5.670000 -0.211049 0.000000
-5.664000 -0.211272 0.000000
-5.658000 -0.211494 0.000000
-5.652000 -0.211718 0.000000
-5.646000 -0.211941 0.000000
-5.640000 -0.212166 0.000000
-5.634000 -0.212390 0.000000
-5.628000 -0.212615 0.000000
-5.622000 -0.212841 0.000000
-5.616000 -0.213067 0.000000
-5.610000 -0.213294 0.000000
-5.604000 -0.213521 0.000000
-5.598000 -0.213748 0.000000
-5.592000 -0.213976 0.000000
-5.586000 -0.214205 0.000000
-5.580000 -0.214434 0.000000
-5.574000 -0.214663 0.000000
-5.568000 -0.214893 0.000000
-5.562000 -0.215124 0.000000
-5.556000 -0.215355 0.000000
-5.550000 -0.215586 0.000000
-5.544000 -0.215818 0.000000
-5.538000 -0.216051 0.000000
-5.532000 -0.216284 0.000000
-5.526000 -0.216517 0.000000
-5.520000 -0.216751 0.000000
-5.514000 -0.216986 0.000000
-5.508000 -0.217221 0.000000
-5.502000 -0.217456 0.000000
-5.496000 -0.217692 0.000000
-5.490000 -0.217928 0.000000
-5.484000 -0.218166 0.000000
-5.478000 -0.218403 0.000000
-5.472000 -0.218641 0.000000
-5.466000 -0.218880 0.000000
-5.460000 -0.219119 0.000000
-5.454000 -0.219358 0.000000
-5.448000 -0.219598 0.000000
-5.442000 -0.219839 0.000000
-5.436000 -0.220080 0.000000
-5.430000 -0.220322 0.000000
-5.424000 -0.220564 0.000000
-5.418000 -0.220807 0.000000
-5.412000 -0.221050 0.000000
-5.406000 -0.221294 0.000000
-5.400000 -0.221538 0.000000
-5.394000 -0.221783 0.000000
-5.388000 -0.222029 0.000000
-5.382000 -0.222275 0.000000
-5.376000 -0.222521 0.000000
-5.370000 -0.222768 0.000000
-5.364000 -0.223016 0.000000
-5.358000 -0.223264 0.000000
-5.352000 -0.223513 0.000000
-5.346000 -0.223762 0.000000
-5.340000 -0.224012 0.000000
-5.334000 -0.224262 0.000000
-5.328000 -0.224513 0.000000
-5.322000 -0.224765 0.000000
-5.316000 -0.225017 0.000000
-5.310000 -0.225270 0.000000
-5.304000 -0.225523 0.000000
-5.298000 -0.225777 0.000000
-5.292000 -0.226031 0.000000
-5.286000 -0.226286 0.000000
-5.280000 -0.226541 0.000000
-5.274000 -0.226797 0.000000
-5.268000 -0.227054 0.000000
-5.262000 -0.227311 0.000000
-5.256000 -0.227569 0.000000
-5.250000 -0.227828 0.000000
-5.244000 -0.228086 0.000000
-5.238000 -0.228346 0.000000
-5.232000 -0.228606 0.000000
-5.226000 -0.228867 0.000000
-5.220000 -0.229128 0.000000
-5.214000 -0.229390 0.000000
-5.208000 -0.229653 0.000000
-5.202000 -0.229916 0.000000
-5.196000 -0.230180 0.000000
-5.190000 -0.230444 0.000000
-5.184000 -0.230709 0.000000
-5.178000 -0.230974 0.000000
-5.172000 -0.231241 0.000000
-5.166000 -0.231507 0.000000
-5.160000 -0.231775 0.000000
-5.154000 -0.232043 0.000000
-5.148000 -0.232311 0.000000
-5.142000 -0.232581 0.000000
-5.136000 -0.232850 0.000000
-5.130000 -0.233121 0.000000
-5.124000 -0.233392 0.000000
-5.118000 -0.233664 0.000000
-5.112000 -0.233936 0.000000
-5.106000 -0.234209 0.000000
-5.100000 -0.234483 0.000000
-5.094000 -0.234757 0.000000
-5.088000 -0.235032 0.000000
-5.082000 -0.235308 0.000000
-5.076000 -0.235584 0.000000
-5.070000 -0.235861 0.000000
-5.064000 -0.236138 0.000000
-5.058000 -0.236416 0.000000
-5.052000 -0.236695 0.000000
-5.046000 -0.236975 0.000000
-5.040000 -0.237255 0.000000
-5.034000 -0.237535 0.000000
-5.028000 -0.237817 0.000000
-5.022000 -0.238099 0.000000
-5.016000 -0.238382 0.000000
-5.010000 -0.238665 0.000000
-5.004000 -0.238949 0.000000
-4.998000 -0.239234 0.000000
-4.992000 -0.239520 0.000000
-4.986000 -0.239806 0.000000
-4.980000 -0.240093 0.000000
-4.974000 -0.240380 0.000000
-4.968000 -0.240668 0.000000
-4.962000 -0.240957 0.000000
-4.956000 -0.241247 0.000000
-4.950000 -0.241537 0.000000
-4.944000 -0.241828 0.000000
-4.938000 -0.242120 0.000000
-4.932000 -0.242412 0.000000
-4.926000 -0.242705 0.000000
-4.920000 -0.242999 0.000000
-4.914000 -0.243293 0.000000
-4.908000 -0.243589 0.000000
-4.902000 -0.243885 0.000000
-4.896000 -0.244181 0.000000
-4.890000 -0.244479 0.000000
-4.884000 -0.244777 0.000000
-4.878000 -0.245076 0.000000
-4.872000 -0.245375 0.000000
-4.866000 -0.245675 0.000000
-4.860000 -0.245976 0.000000
-4.854000 -0.246278 0.000000
-4.848000 -0.246581 0.000000
-4.842000 -0.246884 0.000000
-4.836000 -0.247188 0.000000
-4.830000 -0.247492 0.000000
-4.824000 -0.247798 0.000000
-4.818000 -0.248104 0.000000
-4.812000 -0.248411 0.000000
-4.806000 -0.248719 0.000000
-4.800000 -0.249027 0.000000
-4.794000 -0.249336 0.000000
-4.788000 -0.249646 0.000000
-4.782000 -0.249957 0.000000
-4.776000 -0.250269 0.000000
-4.770000 -0.250581 0.000000
-4.764000 -0.250894 0.000000
-4.758000 -0.251208 0.000000
-4.752000 -0.251523 0.000000
-4.746000 -0.251838 0.000000
-4.740000 -0.252154 0.000000
-4.734000 -0.252472 0.000000
-4.728000 -0.252789 0.000000
-4.722000 -0.253108 0.000000
-4.716000 -0.253427 0.000000
-4.710000 -0.253748 0.000000
-4.704000 -0.254069 0.000000
-4.698000 -0.254391 0.000000
-4.692000 -0.254713 0.000000
-4.686000 -0.255037 0.000000
-4.680000 -0.255361 0.000000
-4.674000 -0.255686 0.000000
-4.668000 -0.256012 0.000000
-4.662000 -0.256339 0.000000
-4.656000 -0.256666 0.000000
-4.650000 -0.256995 0.000000
-4.644000 -0.257324 0.000000
-4.638000 -0.257654 0.000000
-4.632000 -0.257985 0.000000
-4.626000 -0.258317 0.000000
-4.620000 -0.258650 0.000000
-4.614000 -0.258983 0.000000
-4.608000 -0.259318 0.000000
-4.602000 -0.259653 0.000000
-4.596000 -0.259989 0.000000
-4.590000 -0.260326 0.000000
-4.584000 -0.260664 0.000000
-4.578000 -0.261002 0.000000
-4.572000 -0.261342 0.000000
-4.566000 -0.261682 0.000000
-4.560000 -0.262024 0.000000
-4.554000 -0.262366 0.000000
-4.548000 -0.262709 0.000000
-4.542000 -0.263053 0.000000
-4.536000 -0.263398 0.000000
-4.530000 -0.263744 0.000000
-4.524000 -0.264091 0.000000
-4.518000 -0.264438 0.000000
-4.512000 -0.264787 0.000000
-4.506000 -0.265136 0.000000
-4.500000 -0.265487 0.000000
-4.494000 -0.265838 0.000000
-4.488000 -0.266190 0.000000
-4.482000 -0.266543 0.000000
-4.476000 -0.266898 0.000000
-4.470000 -0.267253 0.000000
-4.464000 -0.267609 0.000000
-4.458000 -0.267965 0.000000
-4.452000 -0.268323 0.000000
-4.446000 -0.268682 0.000000
-4.440000 -0.269042 0.000000
-4.434000 -0.269403 0.000000
-4.428000 -0.269764 0.000000
-4.422000 -0.270127 0.000000
-4.416000 -0.270491 0.000000
-4.410000 -0.270855 0.000000
-4.404000 -0.271221 0.000000
-4.398000 -0.271588 0.000000
-4.392000 -0.271955 0.000000
-4.386000 -0.272324 0.000000
-4.380000 -0.272693 0.000000
-4.374000 -0.273064 0.000000
-4.368000 -0.273435 0.000000
-4.362000 -0.273808 0.000000
-4.356000 -0.274182 0.000000
-4.350000 -0.274556 0.000000
-4.344000 -0.274932 0.000000
-4.338000 -0.275308 0.000000
-4.332000 -0.275686 0.000000
-4.326000 -0.276065 0.000000
-4.320000 -0.276445 0.000000
-4.314000 -0.276825 0.000000
-4.308000 -0.277207 0.000000
-4.302000 -0.277590 0.000000
-4.296000 -0.277974 0.000000
-4.290000 -0.278359 0.000000
-4.284000 -0.278745 0.000000
-4.278000 -0.279132 0.000000
-4.272000 -0.279520 0.000000
-4.266000 -0.279910 0.000000
-4.260000 -0.280300 0.000000
-4.254000 -0.280691 0.000000
-4.248000 -0.281084 0.000000
-4.242000 -0.281478 0.000000
-4.236000 -0.281872 0.000000
-4.230000 -0.282268 0.000000
-4.224000 -0.282665 0.000000
-4.218000 -0.283063 0.000000
-4.212000 -0.283462 0.000000
-4.206000 -0.283863 0.000000
-4.200000 -0.284264 0.000000
-4.194000 -0.284666 0.000000
-4.188000 -0.285070 0.000000
-4.182000 -0.285475 0.000000
-4.176000 -0.285881 0.000000
-4.170000 -0.286288 0.000000
-4.164000 -0.286696 0.000000
-4.158000 -0.287106 0.000000
-4.152000 -0.287516 0.000000
-4.146000 -0.287928 0.000000
-4.140000 -0.288341 0.000000
-4.134000 -0.288755 0.000000
-4.128000 -0.289170 0.000000
-4.122000 -0.289587 0.000000
-4.116000 -0.290005 0.000000
-4.110000 -0.290423 0.000000
-4.104000 -0.290844 0.000000
-4.098000 -0.291265 0.000000
-4.092000 -0.291687 0.000000
-4.086000 -0.292111 0.000000
-4.080000 -0.292536 0.000000
-4.074000 -0.292962 0.000000
-4.068000 -0.293390 0.000000
-4.062000 -0.293818 0.000000
-4.056000 -0.294248 0.000000
-4.050000 -0.294679 0.000000
-4.044000 -0.295112 0.000000
-4.038000 -0.295546 0.000000
-4.032000 -0.295980 0.000000
-4.026000 -0.296417 0.000000
-4.020000 -0.296854 0.000000
-4.014000 -0.297293 0.000000
-4.008000 -0.297733 0.000000
-4.002000 -0.298175 0.000000
-3.996000 -0.298617 0.000000
-3.990000 -0.299061 0.000000
-3.984000 -0.299507 0.000000
-3.978000 -0.299953 0.000000
-3.972000 -0.300401 0.000000
-3.966000 -0.300850 0.000000
-3.960000 -0.301301 0.000000
-3.954000 -0.301753 0.000000
-3.948000 -0.302206 0.000000
-3.942000 -0.302661 0.000000
-3.936000 -0.303117 0.000000
-3.930000 -0.303575 0.000000
-3.924000 -0.304033 0.000000
-3.918000 -0.304493 0.000000
-3.912000 -0.304955 0.000000
-3.906000 -0.305418 0.000000
-3.900000 -0.305882 0.000000
-3.894000 -0.306348 0.000000
-3.888000 -0.306815 0.000000
-3.882000 -0.307284 0.000000
-3.876000 -0.307754 0.000000
-3.870000 -0.308225 0.000000
-3.864000 -0.308698 0.000000
-3.858000 -0.309173 0.000000
-3.852000 -0.309648 0.000000
-3.846000 -0.310126 0.000000
-3.840000 -0.310604 0.000000
-3.834000 -0.311084 0.000000
-3.828000 -0.311566 0.000000
-3.822000 -0.312049 0.000000
-3.816000 -0.312534 0.000000
-3.810000 -0.313020 0.000000
-3.804000 -0.313508 0.000000
-3.798000 -0.313997 0.000000
-3.792000 -0.314487 0.000000
-3.786000 -0.314979 0.000000
-3.780000 -0.315473 0.000000
-3.774000 -0.315968 0.000000
-3.768000 -0.316465 0.000000
-3.762000 -0.316964 0.000000
-3.756000 -0.317464 0.000000
-3.750000 -0.317965 0.000000
-3.744000 -0.318468 0.000000
-3.738000 -0.318973 0.000000
-3.732000 -0.319479 0.000000
-3.726000 -0.319987 0.000000
-3.720000 -0.320496 0.000000
-3.714000 -0.321007 0.000000
-3.708000 -0.321520 0.000000
-3.702000 -0.322034 0.000000
-3.696000 -0.322550 0.000000
-3.690000 -0.323068 0.000000
-3.684000 -0.323587 0.000000
-3.678000 -0.324108 0.000000
-3.672000 -0.324631 0.000000
-3.666000 -0.325155 0.000000
-3.660000 -0.325681 0.000000
-3.654000 -0.326208 0.000000
-3.648000 -0.326738 0.000000
-3.642000 -0.327269 0.000000
-3.636000 -0.327801 0.000000
-3.630000 -0.328336 0.000000
-3.624000 -0.328872 0.000000
-3.618000 -0.329410 0.000000
-3.612000 -0.329950 0.000000
-3.606000 -0.330491 0.000000
-3.600000 -0.331034 0.000000
-3.594000 -0.331579 0.000000
-3.588000 -0.332126 0.000000
-3.582000 -0.332675 0.000000
-3.576000 -0.333225 0.000000
-3.570000 -0.333777 0.000000
-3.564000 -0.334331 0.000000
-3.558000 -0.334887 0.000000
-3.552000 -0.335445 0.000000
-3.546000 -0.336005 0.000000
-3.540000 -0.336566 0.000000
-3.534000 -0.337129 0.000000
-3.528000 -0.337694 0.000000
-3.522000 -0.338261 0.000000
-3.516000 -0.338830 0.000000
-3.510000 -0.339401 0.000000
-3.504000 -0.339974 0.000000
-3.498000 -0.340548 0.000000
-3.492000 -0.341125 0.000000
-3.486000 -0.341703 0.000000
-3.480000 -0.342284 0.000000
-3.474000 -0.342866 0.000000
-3.468000 -0.343451 0.000000
-3.462000 -0.344037 0.000000
-3.456000 -0.344625 0.000000
-3.450000 -0.345216 0.000000
-3.444000 -0.345808 0.000000
-3.438000 -0.346403 0.000000
-3.432000 -0.346999 0.000000
-3.426000 -0.347597 0.000000
-3.420000 -0.348198 0.000000
-3.414000 -0.348801 0.000000
-3.408000 -0.349405 0.000000
-3.402000 -0.350012 0.000000
-3.396000 -0.350621 0.000000
-3.390000 -0.351232 0.000000
-3.384000 -0.351845 0.000000
-3.378000 -0.352460 0.000000
-3.372000 -0.353077 0.000000
-3.366000 -0.353697 0.000000
-3.360000 -0.354318 0.000000
-3.354000 -0.354942 0.000000
-3.348000 -0.355568 0.000000
-3.342000 -0.356196 0.000000
-3.336000 -0.356827 0.000000
-3.330000 -0.357459 0.000000
-3.324000 -0.358094 0.000000
-3.318000 -0.358731 0.000000
-3.312000 -0.359370 0.000000
-3.306000 -0.360012 0.000000
-3.300000 -0.360656 0.000000
-3.294000 -0.361302 0.000000
-3.288000 -0.361950 0.000000
-3.282000 -0.362601 0.000000
-3.276000 -0.363254 0.000000
-3.270000 -0.363910 0.000000
-3.264000 -0.364567 0.000000
-3.258000 -0.365227 0.000000
-3.252000 -0.365890 0.000000
-3.246000 -0.366555 0.000000
-3.240000 -0.367222 0.000000
-3.234000 -0.367892 0.000000
-3.228000 -0.368564 0.000000
-3.222000 -0.369238 0.000000
-3.216000 -0.369915 0.000000
-3.210000 -0.370595 0.000000
-3.204000 -0.371277 0.000000
-3.198000 -0.371961 0.000000
-3.192000 -0.372648 0.000000
-3.186000 -0.373338 0.000000
-3.180000 -0.374030 0.000000
-3.174000 -0.374724 0.000000
-3.168000 -0.375421 0.000000
-3.162000 -0.376121 0.000000
-3.156000 -0.376823 0.000000
-3.150000 -0.377528 0.000000
-3.144000 -0.378236 0.000000
-3.138000 -0.378946 0.000000
-3.132000 -0.379658 0.000000
-3.126000 -0.380374 0.000000
-3.120000 -0.381092 0.000000
-3.114000 -0.381813 0.000000
-3.108000 -0.382536 0.000000
-3.102000 -0.383262 0.000000
-3.096000 -0.383991 0.000000
-3.090000 -0.384723 0.000000
-3.084000 -0.385458 0.000000
-3.078000 -0.386195 0.000000
-3.072000 -0.386935 0.000000
-3.066000 -0.387678 0.000000
-3.060000 -0.388423 0.000000
-3.054000 -0.389172 0.000000
-3.048000 -0.389923 0.000000
-3.042000 -0.390678 0.000000
-3.036000 -0.391435 0.000000
-3.030000 -0.392195 0.000000
-3.024000 -0.392958 0.000000
-3.018000 -0.393724 0.000000
-3.012000 -0.394493 0.000000
-3.006000 -0.395265 0.000000
-3.000000 -0.396040 0.000000
-2.994000 -0.396818 0.000000
-2.988000 -0.397598 0.000000
-2.982000 -0.398382 0.000000
-2.976000 -0.399169 0.000000
-2.970000 -0.399960 0.000000
-2.964000 -0.400753 0.000000
-2.958000 -0.401549 0.000000
-2.952000 -0.402349 0.000000
-2.946000 -0.403151 0.000000
-2.940000 -0.403957 0.000000
-2.934000 -0.404766 0.000000
-2.928000 -0.405578 0.000000
-2.922000 -0.406394 0.000000
-2.916000 -0.407213 0.000000
-2.910000 -0.408034 0.000000
-2.904000 -0.408860 0.000000
-2.898000 -0.409688 0.000000
-2.892000 -0.410520 0.000000
-2.886000 -0.411355 0.000000
-2.880000 -0.412194 0.000000
-2.874000 -0.413036 0.000000
-2.868000 -0.413881 0.000000
-2.862000 -0.414730 0.000000
-2.856000 -0.415583 0.000000
-2.850000 -0.416438 0.000000
-2.844000 -0.417298 0.000000
-2.838000 -0.418160 0.000000
-2.832000 -0.419027 0.000000
-2.826000 -0.419896 0.000000
-2.820000 -0.420770 0.000000
-2.814000 -0.421647 0.000000
-2.808000 -0.422528 0.000000
-2.802000 -0.423412 0.000000
-2.796000 -0.424300 0.000000
-2.790000 -0.425191 0.000000
-2.784000 -0.426087 0.000000
-2.778000 -0.426986 0.000000
-2.772000 -0.427889 0.000000
-2.766000 -0.428795 0.000000
-2.760000 -0.429706 0.000000
-2.754000 -0.430620 0.000000
-2.748000 -0.431538 0.000000
-2.742000 -0.432460 0.000000
-2.736000 -0.433386 0.000000
-2.730000 -0.434316 0.000000
-2.724000 -0.435249 0.000000
-2.718000 -0.436187 0.000000
-2.712000 -0.437129 0.000000
-2.706000 -0.438075 0.000000
-2.700000 -0.439024 0.000000
-2.694000 -0.439978 0.000000
-2.688000 -0.440936 0.000000
-2.682000 -0.441898 0.000000
-2.676000 -0.442865 0.000000
-2.670000 -0.443835 0.000000
-2.664000 -0.444810 0.000000
-2.658000 -0.445788 0.000000
-2.652000 -0.446772 0.000000
-2.646000 -0.447759 0.000000
-2.640000 -0.448751 0.000000
-2.634000 -0.449747 0.000000
-2.628000 -0.450747 0.000000
-2.622000 -0.451752 0.000000
-2.616000 -0.452761 0.000000
-2.610000 -0.453775 0.000000
-2.604000 -0.454793 0.000000
-2.598000 -0.455816 0.000000
-2.592000 -0.456843 0.000000
-2.586000 -0.457875 0.000000
-2.580000 -0.458911 0.000000
-2.574000 -0.459953 0.000000
-2.568000 -0.460998 0.000000
-2.562000 -0.462049 0.000000
-2.556000 -0.463104 0.000000
-2.550000 -0.464164 0.000000
-2.544000 -0.465229 0.000000
-2.538000 -0.466298 0.000000
-2.532000 -0.467373 0.000000
-2.526000 -0.468452 0.000000
-2.520000 -0.469536 0.000000
-2.514000 -0.470625 0.000000
-2.508000 -0.471719 0.000000
-2.502000 -0.472819 0.000000
-2.496000 -0.473923 0.000000
-2.490000 -0.475032 0.000000
-2.484000 -0.476147 0.000000
-2.478000 -0.477266 0.000000
-2.472000 -0.478391 0.000000
-2.466000 -0.479521 0.000000
-2.460000 -0.480657 0.000000
-2.454000 -0.481797 0.000000
-2.448000 -0.482943 0.000000
-2.442000 -0.484094 0.000000
-2.436000 -0.485251 0.000000
-2.430000 -0.486413 0.000000
-2.424000 -0.487581 0.000000
-2.418000 -0.488754 0.000000
-2.412000 -0.489933 0.000000
-2.406000 -0.491118 0.000000
-2.400000 -0.492308 0.000000
-2.394000 -0.493503 0.000000
-2.388000 -0.494705 0.000000
-2.382000 -0.495912 0.000000
-2.376000 -0.497125 0.000000
-2.370000 -0.498344 0.000000
-2.364000 -0.499569 0.000000
-2.358000 -0.500800 0.000000
-2.352000 -0.502036 0.000000
-2.346000 -0.503279 0.000000
-2.340000 -0.504528 0.000000
-2.334000 -0.505783 0.000000
-2.328000 -0.507044 0.000000
-2.322000 -0.508311 0.000000
-2.316000 -0.509584 0.000000
-2.310000 -0.510864 0.000000
-2.304000 -0.512150 0.000000
-2.298000 -0.513443 0.000000
-2.292000 -0.514742 0.000000
-2.286000 -0.516047 0.000000
-2.280000 -0.517359 0.000000
-2.274000 -0.518677 0.000000
-2.268000 -0.520002 0.000000
-2.262000 -0.521334 0.000000
-2.256000 -0.522672 0.000000
-2.250000 -0.524017 0.000000
-2.244000 -0.525369 0.000000
-2.238000 -0.526728 0.000000
-2.232000 -0.528094 0.000000
-2.226000 -0.529467 0.000000
-2.220000 -0.530846 0.000000
-2.214000 -0.532233 0.000000
-2.208000 -0.533627 0.000000
-2.202000 -0.535028 0.000000
-2.196000 -0.536437 0.000000
-2.190000 -0.537852 0.000000
-2.184000 -0.539275 0.000000
-2.178000 -0.540706 0.000000
-2.172000 -0.542143 0.000000
-2.166000 -0.543589 0.000000
-2.160000 -0.545042 0.000000
-2.154000 -0.546502 0.000000
-2.148000 -0.547970 0.000000
-2.142000 -0.549446 0.000000
-2.136000 -0.550930 0.000000
-2.130000 -0.552422 0.000000
-2.124000 -0.553921 0.000000
-2.118000 -0.555429 0.000000
-2.112000 -0.556944 0.000000
-2.106000 -0.558468 0.000000
-2.100000 -0.560000 0.000000
-2.094000 -0.561540 0.000000
-2.088000 -0.563089 0.000000
-2.082000 -0.564645 0.000000
-2.076000 -0.566211 0.000000
-2.070000 -0.567784 0.000000
-2.064000 -0.569367 0.000000
-2.058000 -0.570958 0.000000
-2.052000 -0.572557 0.000000
-2.046000 -0.574166 0.000000
-2.040000 -0.575783 0.000000
-2.034000 -0.577409 0.000000
-2.028000 -0.579045 0.000000
-2.022000 -0.580689 0.000000
-2.016000 -0.582343 0.000000
-2.010000 -0.584005 0.000000
-2.004000 -0.585677 0.000000
-1.998000 -0.587359 0.000000
-1.992000 -0.589049 0.000000
-1.986000 -0.590750 0.000000
-1.980000 -0.592460 0.000000
-1.974000 -0.594179 0.000000
-1.968000 -0.595909 0.000000
-1.962000 -0.597648 0.000000
-1.956000 -0.599397 0.000000
-1.950000 -0.601156 0.000000
-1.944000 -0.602925 0.000000
-1.938000 -0.604705 0.000000
-1.932000 -0.606494 0.000000
-1.926000 -0.608294 0.000000
-1.920000 -0.610105 0.000000
-1.914000 -0.611926 0.000000
-1.908000 -0.613757 0.000000
-1.902000 -0.615600 0.000000
-1.896000 -0.617453 0.000000
-1.890000 -0.619317 0.000000
-1.884000 -0.621192 0.000000
-1.878000 -0.623078 0.000000
-1.872000 -0.624975 0.000000
-1.866000 -0.626883 0.000000
-1.860000 -0.628803 0.000000
-1.854000 -0.630735 0.000000
-1.848000 -0.632677 0.000000
-1.842000 -0.634632 0.000000
-1.836000 -0.636598 0.000000
-1.830000 -0.638576 0.000000
-1.824000 -0.640566 0.000000
-1.818000 -0.642569 0.000000
-1.812000 -0.644583 0.000000
-1.806000 -0.646610 0.000000
-1.800000 -0.648649 0.000000
-1.794000 -0.650700 0.000000
-1.788000 -0.652764 0.000000
-1.782000 -0.654841 0.000000
-1.776000 -0.656931 0.000000
-1.770000 -0.659034 0.000000
-1.764000 -0.661150 0.000000
-1.758000 -0.663279 0.000000
-1.752000 -0.665421 0.000000
-1.746000 -0.667577 0.000000
-1.740000 -0.669746 0.000000
-1.734000 -0.671929 0.000000
-1.728000 -0.674126 0.000000
-1.722000 -0.676336 0.000000
-1.716000 -0.678561 0.000000
-1.710000 -0.680800 0.000000
-1.704000 -0.683054 0.000000
-1.698000 -0.685321 0.000000
-1.692000 -0.687604 0.000000
-1.686000 -0.689901 0.000000
-1.680000 -0.692213 0.000000
-1.674000 -0.694540 0.000000
-1.668000 -0.696882 0.000000
-1.662000 -0.699239 0.000000
-1.656000 -0.701612 0.000000
-1.650000 -0.704000 0.000000
-1.644000 -0.706404 0.000000
-1.638000 -0.708824 0.000000
-1.632000 -0.711260 0.000000
-1.626000 -0.713712 0.000000
-1.620000 -0.716180 0.000000
-1.614000 -0.718665 0.000000
-1.608000 -0.721167 0.000000
-1.602000 -0.723685 0.000000
-1.596000 -0.726220 0.000000
-1.590000 -0.728773 0.000000
-1.584000 -0.731342 0.000000
-1.578000 -0.733930 0.000000
-1.572000 -0.736534 0.000000
-1.566000 -0.739157 0.000000
-1.560000 -0.741797 0.000000
-1.554000 -0.744456 0.000000
-1.548000 -0.747133 0.000000
-1.542000 -0.749829 0.000000
-1.536000 -0.752543 0.000000
-1.530000 -0.755276 0.000000
-1.524000 -0.758028 0.000000
-1.518000 -0.760799 0.000000
-1.512000 -0.763590 0.000000
-1.506000 -0.766401 0.000000
-1.500000 -0.769231 0.000000
-1.494000 -0.772081 0.000000
-1.488000 -0.774952 0.000000
-1.482000 -0.777843 0.000000
-1.476000 -0.780754 0.000000
-1.470000 -0.783687 0.000000
-1.464000 -0.786640 0.000000
-1.458000 -0.789615 0.000000
-1.452000 -0.792611 0.000000
-1.446000 -0.795629 0.000000
-1.440000 -0.798669 0.000000
-1.434000 -0.801731 0.000000
-1.428000 -0.804815 0.000000
-1.422000 -0.807922 0.000000
-1.416000 -0.811052 0.000000
-1.410000 -0.814205 0.000000
-1.404000 -0.817382 0.000000
-1.398000 -0.820581 0.000000
-1.392000 -0.823805 0.000000
-1.386000 -0.827053 0.000000
-1.380000 -0.830325 0.000000
-1.374000 -0.833622 0.000000
-1.368000 -0.836943 0.000000
-1.362000 -0.840289 0.000000
-1.356000 -0.843661 0.000000
-1.350000 -0.847059 0.000000
-1.344000 -0.850482 0.000000
-1.338000 -0.853932 0.000000
-1.332000 -0.857408 0.000000
-1.326000 -0.860910 0.000000
-1.320000 -0.864440 0.000000
-1.314000 -0.867997 0.000000
-1.308000 -0.871582 0.000000
-1.302000 -0.875194 0.000000
-1.296000 -0.878835 0.000000
-1.290000 -0.882504 0.000000
-1.284000 -0.886202 0.000000
-1.278000 -0.889929 0.000000
-1.272000 -0.893685 0.000000
-1.266000 -0.897471 0.000000
-1.260000 -0.901288 0.000000
-1.254000 -0.905134 0.000000
-1.248000 -0.909011 0.000000
-1.242000 -0.912920 0.000000
-1.236000 -0.916860 0.000000
-1.230000 -0.920831 0.000000
-1.224000 -0.924835 0.000000
-1.218000 -0.928870 0.000000
-1.212000 -0.932939 0.000000
-1.206000 -0.937041 0.000000
-1.200000 -0.941176 0.000000
-1.194000 -0.945346 0.000000
-1.188000 -0.949549 0.000000
-1.182000 -0.953787 0.000000
-1.176000 -0.958060 0.000000
-1.170000 -0.962369 0.000000
-1.164000 -0.966713 0.000000
-1.158000 -0.971094 0.000000
-1.152000 -0.975511 0.000000
-1.146000 -0.979965 0.000000
-1.140000 -0.984456 0.000000
-1.134000 -0.988985 0.000000
-1.128000 -0.993552 0.000000
-1.122000 -0.998158 0.000000
-1.116000 -1.002804 0.000000
-1.110000 -1.007488 0.000000
-1.104000 -1.012213 0.000000
-1.098000 -1.016977 0.000000
-1.092000 -1.021783 0.000000
-1.086000 -1.026630 0.000000
-1.080000 -1.031519 0.000000
-1.074000 -1.036449 0.000000
-1.068000 -1.041423 0.000000
-1.062000 -1.046439 0.000000
-1.056000 -1.051500 0.000000
-1.050000 -1.056604 0.000000
-1.044000 -1.061753 0.000000
-1.038000 -1.066946 0.000000
-1.032000 -1.072186 0.000000
-1.026000 -1.077471 0.000000
-1.020000 -1.082803 0.000000
-1.014000 -1.088181 0.000000
-1.008000 -1.093608 0.000000
-1.002000 -1.099082 0.000000
-0.996000 -1.104605 0.000000
-0.990000 -1.110177 0.000000
-0.984000 -1.115798 0.000000
-0.978000 -1.121470 0.000000
-0.972000 -1.127192 0.000000
-0.966000 -1.132965 0.000000
-0.960000 -1.138790 0.000000
-0.954000 -1.144667 0.000000
-0.948000 -1.150597 0.000000
-0.942000 -1.156580 0.000000
-0.936000 -1.162617 0.000000
-0.930000 -1.168709 0.000000
-0.924000 -1.174855 0.000000
-0.918000 -1.181057 0.000000
-0.912000 -1.187314 0.000000
-0.906000 -1.193629 0.000000
-0.900000 -1.200000 0.000000
-0.894000 -1.206429 0.000000
-0.888000 -1.212916 0.000000
-0.882000 -1.219462 0.000000
-0.876000 -1.226067 0.000000
-0.870000 -1.232731 0.000000
-0.864000 -1.239456 0.000000
-0.858000 -1.246242 0.000000
-0.852000 -1.253089 0.000000
-0.846000 -1.259997 0.000000
-0.840000 -1.266968 0.000000
-0.834000 -1.274002 0.000000
-0.828000 -1.281099 0.000000
-0.822000 -1.288260 0.000000
-0.816000 -1.295485 0.000000
-0.810000 -1.302774 0.000000
-0.804000 -1.310129 0.000000
-0.798000 -1.317549 0.000000
-0.792000 -1.325035 0.000000
-0.786000 -1.332587 0.000000
-0.780000 -1.340206 0.000000
-0.774000 -1.347892 0.000000
-0.768000 -1.355645 0.000000
-0.762000 -1.363466 0.000000
-0.756000 -1.371354 0.000000
-0.750000 -1.379310 0.000000
-0.744000 -1.387335 0.000000
-0.738000 -1.395428 0.000000
-0.732000 -1.403590 0.000000
-0.726000 -1.411820 0.000000
-0.720000 -1.420118 0.000000
-0.714000 -1.428486 0.000000
-0.708000 -1.436922 0.000000
-0.702000 -1.445426 0.000000
-0.696000 -1.453998 0.000000
-0.690000 -1.462639 0.000000
-0.684000 -1.471347 0.000000
-0.678000 -1.480123 0.000000
-0.672000 -1.488966 0.000000
-0.666000 -1.497875 0.000000
-0.660000 -1.506849 0.000000
-0.654000 -1.515889 0.000000
-0.648000 -1.524993 0.000000
-0.642000 -1.534160 0.000000
-0.636000 -1.543390 0.000000
-0.630000 -1.552680 0.000000
-0.624000 -1.562031 0.000000
-0.618000 -1.571439 0.000000
-0.612000 -1.580905 0.000000
-0.606000 -1.590426 0.000000
-0.600000 -1.600000 0.000000
-0.594000 -1.609625 0.000000
-0.588000 -1.619299 0.000000
-0.582000 -1.629020 0.000000
-0.576000 -1.638785 0.000000
-0.570000 -1.648590 0.000000
-0.564000 -1.658433 0.000000
-0.558000 -1.668311 0.000000
-0.552000 -1.678220 0.000000
-0.546000 -1.688155 0.000000
-0.540000 -1.698113 0.000000
-0.534000 -1.708089 0.000000
-0.528000 -1.718079 0.000000
-0.522000 -1.728076 0.000000
-0.516000 -1.738076 0.000000
-0.510000 -1.748072 0.000000
-0.504000 -1.758058 0.000000
-0.498000 -1.768026 0.000000
-0.492000 -1.777971 0.000000
-0.486000 -1.787882 0.000000
-0.480000 -1.797753 0.000000
-0.474000 -1.807574 0.000000
-0.468000 -1.817335 0.000000
-0.462000 -1.827026 0.000000
-0.456000 -1.836636 0.000000
-0.450000 -1.846154 0.000000
-0.444000 -1.855567 0.000000
-0.438000 -1.864861 0.000000
-0.432000 -1.874024 0.000000
-0.426000 -1.883039 0.000000
-0.420000 -1.891892 0.000000
-0.414000 -1.900565 0.000000
-0.408000 -1.909040 0.000000
-0.402000 -1.917299 0.000000
-0.396000 -1.925321 0.000000
-0.390000 -1.933086 0.000000
-0.384000 -1.940570 0.000000
-0.378000 -1.947751 0.000000
-0.372000 -1.954603 0.000000
-0.366000 -1.961100 0.000000
-0.360000 -1.967213 0.000000
-0.354000 -1.972914 0.000000
-0.348000 -1.978172 0.000000
-0.342000 -1.982954 0.000000
-0.336000 -1.987225 0.000000
-0.330000 -1.990950 0.000000
-0.324000 -1.994092 0.000000
-0.318000 -1.996610 0.000000
-0.312000 -1.998463 0.000000
-0.306000 -1.999608 0.000000
-0.300000 -2.000000 0.000000
-0.294000 -1.999592 0.000000
-0.288000 -1.998335 0.000000
-0.282000 -1.996178 0.000000
-0.276000 -1.993068 0.000000
-0.270000 -1.988950 0.000000
-0.264000 -1.983769 0.000000
-0.258000 -1.977466 0.000000
-0.252000 -1.969981 0.000000
-0.246000 -1.961253 0.000000
-0.240000 -1.951220 0.000000
-0.234000 -1.939816 0.000000
-0.228000 -1.926978 0.000000
-0.222000 -1.912639 0.000000
-0.216000 -1.896733 0.000000
-0.210000 -1.879195 0.000000
-0.204000 -1.859956 0.000000
-0.198000 -1.838952 0.000000
-0.192000 -1.816118 0.000000
-0.186000 -1.791390 0.000000
-0.180000 -1.764706 0.000000
-0.174000 -1.736007 0.000000
-0.168000 -1.705238 0.000000
-0.162000 -1.672344 0.000000
-0.156000 -1.637280 0.000000
-0.150000 -1.600000 0.000000
-0.144000 -1.560468 0.000000
-0.138000 -1.518653 0.000000
-0.132000 -1.474531 0.000000
-0.126000 -1.428086 0.000000
-0.120000 -1.379310 0.000000
-0.114000 -1.328207 0.000000
-0.108000 -1.274788 0.000000
-0.102000 -1.219075 0.000000
-0.096000 -1.161103 0.000000
-0.090000 -1.100917 0.000000
-0.084000 -1.038576 0.000000
-0.078000 -0.974148 0.000000
-0.072000 -0.907716 0.000000
-0.066000 -0.839374 0.000000
-0.060000 -0.769231 0.000000
-0.054000 -0.697404 0.000000
-0.048000 -0.624025 0.000000
-0.042000 -0.549235 0.000000
-0.036000 -0.473186 0.000000
-0.030000 -0.396040 0.000000
-0.024000 -0.317965 0.000000
-0.018000 -0.239139 0.000000
-0.012000 -0.159744 0.000000
-0.006000 -0.079968 0.000000
0.000000 0.000000 0.025465
0.006000 0.079968 0.050919
0.012000 0.159744 0.076344
0.018000 0.239139 0.101717
0.024000 0.317965 0.127020
0.030000 0.396040 0.152232
0.036000 0.473186 0.177336
0.042000 0.549235 0.202311
0.048000 0.624025 0.227140
0.054000 0.697404 0.251806
0.060000 0.769231 0.276291
0.066000 0.839374 0.300580
0.072000 0.907716 0.324658
0.078000 0.974148 0.348511
0.084000 1.038576 0.372124
0.090000 1.100917 0.395486
0.096000 1.161103 0.418586
0.102000 1.219075 0.441412
0.108000 1.274788 0.463955
0.114000 1.328207 0.486207
0.120000 1.379310 0.508159
0.126000 1.428086 0.529806
0.132000 1.474531 0.551140
0.138000 1.518653 0.572157
0.144000 1.560468 0.592854
0.150000 1.600000 0.613226
0.156000 1.637280 0.633270
0.162000 1.672344 0.652986
0.168000 1.705238 0.672372
0.174000 1.736007 0.691426
0.180000 1.764706 0.710150
0.186000 1.791390 0.728544
0.192000 1.816118 0.746610
0.198000 1.838952 0.764348
0.204000 1.859956 0.781761
0.210000 1.879195 0.798851
0.216000 1.896733 0.815622
0.222000 1.912639 0.832076
0.228000 1.926978 0.848218
0.234000 1.939816 0.864050
0.240000 1.951220 0.879578
0.246000 1.961253 0.894804
0.252000 1.969981 0.909734
0.258000 1.977466 0.924373
0.264000 1.983769 0.938724
0.270000 1.988950 0.952793
0.276000 1.993068 0.966584
0.282000 1.996178 0.980104
0.288000 1.998335 0.993355
0.294000 1.999592 1.006345
0.300000 2.000000 1.019077
0.306000 1.999608 1.031558
0.312000 1.998463 1.043791
0.318000 1.996610 1.055782
0.324000 1.994092 1.067537
0.330000 1.990950 1.079059
0.336000 1.987225 1.090355
0.342000 1.982954 1.101428
0.348000 1.978172 1.112285
0.354000 1.972914 1.122929
0.360000 1.967213 1.133365
0.366000 1.961100 1.143599
0.372000 1.954603 1.153634
0.378000 1.947751 1.163475
0.384000 1.940570 1.173126
0.390000 1.933086 1.182593
0.396000 1.925321 1.191878
0.402000 1.917299 1.200987
0.408000 1.909040 1.209924
0.414000 1.900565 1.218691
0.420000 1.891892 1.227294
0.426000 1.883039 1.235736
0.432000 1.874024 1.244021
0.438000 1.864861 1.252153
0.444000 1.855567 1.260135
0.450000 1.846154 1.267970
0.456000 1.836636 1.275662
0.462000 1.827026 1.283215
0.468000 1.817335 1.290631
0.474000 1.807574 1.297914
0.480000 1.797753 1.305067
0.486000 1.787882 1.312093
0.492000 1.777971 1.318995
0.498000 1.768026 1.325776
0.504000 1.758058 1.332438
0.510000 1.748072 1.338984
0.516000 1.738076 1.345417
0.522000 1.728076 1.351740
0.528000 1.718079 1.357954
0.534000 1.708089 1.364063
0.540000 1.698113 1.370069
0.546000 1.688155 1.375974
0.552000 1.678220 1.381780
0.558000 1.668311 1.387491
0.564000 1.658433 1.393106
0.570000 1.648590 1.398630
0.576000 1.638785 1.404064
0.582000 1.629020 1.409410
0.588000 1.619299 1.414669
0.594000 1.609625 1.419845
0.600000 1.600000 1.424938
0.606000 1.590426 1.429950
0.612000 1.580905 1.434883
0.618000 1.571439 1.439740
0.624000 1.562031 1.444521
0.630000 1.552680 1.449228
0.636000 1.543390 1.453862
0.642000 1.534160 1.458426
0.648000 1.524993 1.462921
0.654000 1.515889 1.467348
0.660000 1.506849 1.471708
0.666000 1.497875 1.476004
0.672000 1.488966 1.480235
0.678000 1.480123 1.484405
0.684000 1.471347 1.488513
0.690000 1.462639 1.492561
0.696000 1.453998 1.496551
0.702000 1.445426 1.500484
0.708000 1.436922 1.504360
0.714000 1.428486 1.508181
0.720000 1.420118 1.511948
0.726000 1.411820 1.515662
0.732000 1.403590 1.519324
0.738000 1.395428 1.522935
0.744000 1.387335 1.526496
0.750000 1.379310 1.530009
0.756000 1.371354 1.533473
0.762000 1.363466 1.536891
0.768000 1.355645 1.540262
0.774000 1.347892 1.543588
0.780000 1.340206 1.546869
0.786000 1.332587 1.550107
0.792000 1.325035 1.553302
0.798000 1.317549 1.556456
0.804000 1.310129 1.559568
0.810000 1.302774 1.562640
0.816000 1.295485 1.565672
0.822000 1.288260 1.568665
0.828000 1.281099 1.571620
0.834000 1.274002 1.574537
0.840000 1.266968 1.577418
0.846000 1.259997 1.580262
0.852000 1.253089 1.583071
0.858000 1.246242 1.585846
0.864000 1.239456 1.588585
0.870000 1.232731 1.591291
0.876000 1.226067 1.593965
0.882000 1.219462 1.596605
0.888000 1.212916 1.599214
0.894000 1.206429 1.601791
0.900000 1.200000 1.604338
0.906000 1.193629 1.606854
0.912000 1.187314 1.609340
0.918000 1.181057 1.611797
0.924000 1.174855 1.614226
0.930000 1.168709 1.616626
0.936000 1.162617 1.618998
0.942000 1.156580 1.621343
0.948000 1.150597 1.623661
0.954000 1.144667 1.625952
0.960000 1.138790 1.628218
0.966000 1.132965 1.630458
0.972000 1.127192 1.632673
0.978000 1.121470 1.634863
0.984000 1.115798 1.637028
0.990000 1.110177 1.639170
0.996000 1.104605 1.641288
1.002000 1.099082 1.643383
1.008000 1.093608 1.645455
1.014000 1.088181 1.647505
1.020000 1.082803 1.649532
1.026000 1.077471 1.651538
1.032000 1.072186 1.653522
1.038000 1.066946 1.655485
1.044000 1.061753 1.657428
1.050000 1.056604 1.659350
1.056000 1.051500 1.661251
1.062000 1.046439 1.663133
1.068000 1.041423 1.664995
1.074000 1.036449 1.666839
1.080000 1.031519 1.668663
1.086000 1.026630 1.670468
1.092000 1.021783 1.672255
1.098000 1.016977 1.674024
1.104000 1.012213 1.675775
1.110000 1.007488 1.677509
1.116000 1.002804 1.679225
1.122000 0.998158 1.680924
1.128000 0.993552 1.682606
1.134000 0.988985 1.684272
1.140000 0.984456 1.685921
1.146000 0.979965 1.687554
1.152000 0.975511 1.689171
1.158000 0.971094 1.690773
1.164000 0.966713 1.692359
1.170000 0.962369 1.693930
1.176000 0.958060 1.695486
1.182000 0.953787 1.697027
1.188000 0.949549 1.698554
1.194000 0.945346 1.700066
1.200000 0.941176 1.701564
1.206000 0.937041 1.703048
1.212000 0.932939 1.704518
1.218000 0.928870 1.705974
1.224000 0.924835 1.707417
1.230000 0.920831 1.708847
1.236000 0.916860 1.710264
1.242000 0.912920 1.711668
1.248000 0.909011 1.713059
1.254000 0.905134 1.714437
1.260000 0.901288 1.715803
1.266000 0.897471 1.717157
1.272000 0.893685 1.718499
1.278000 0.889929 1.719829
1.284000 0.886202 1.721147
1.290000 0.882504 1.722454
1.296000 0.878835 1.723749
1.302000 0.875194 1.725033
1.308000 0.871582 1.726305
1.314000 0.867997 1.727567
1.320000 0.864440 1.728818
1.326000 0.860910 1.730058
1.332000 0.857408 1.731287
1.338000 0.853932 1.732506
1.344000 0.850482 1.733714
1.350000 0.847059 1.734913
1.356000 0.843661 1.736101
1.362000 0.840289 1.737279
1.368000 0.836943 1.738448
1.374000 0.833622 1.739607
1.380000 0.830325 1.740756
1.386000 0.827053 1.741895
1.392000 0.823805 1.743026
1.398000 0.820581 1.744147
1.404000 0.817382 1.745258
1.410000 0.814205 1.746361
1.416000 0.811052 1.747455
1.422000 0.807922 1.748540
1.428000 0.804815 1.749617
1.434000 0.801731 1.750685
1.440000 0.798669 1.751744
1.446000 0.795629 1.752795
1.452000 0.792611 1.753837
1.458000 0.789615 1.754872
1.464000 0.786640 1.755898
1.470000 0.783687 1.756916
1.476000 0.780754 1.757926
1.482000 0.777843 1.758929
1.488000 0.774952 1.759923
1.494000 0.772081 1.760910
1.500000 0.769231 1.761890
1.506000 0.766401 1.762862
1.512000 0.763590 1.763826
1.518000 0.760799 1.764783
1.524000 0.758028 1.765733
1.530000 0.755276 1.766676
1.536000 0.752543 1.767612
1.542000 0.749829 1.768540
1.548000 0.747133 1.769462
1.554000 0.744456 1.770377
1.560000 0.741797 1.771285
1.566000 0.739157 1.772187
1.572000 0.736534 1.773082
1.578000 0.733930 1.773970
1.584000 0.731342 1.774852
1.590000 0.728773 1.775727
1.596000 0.726220 1.776596
1.602000 0.723685 1.777459
1.608000 0.721167 1.778315
1.614000 0.718665 1.779166
1.620000 0.716180 1.780010
1.626000 0.713712 1.780848
1.632000 0.711260 1.781681
1.638000 0.708824 1.782507
1.644000 0.706404 1.783328
1.650000 0.704000 1.784143
1.656000 0.701612 1.784952
1.662000 0.699239 1.785755
1.668000 0.696882 1.786553
1.674000 0.694540 1.787346
1.680000 0.692213 1.788133
1.686000 0.689901 1.788914
1.692000 0.687604 1.789690
1.698000 0.685321 1.790461
1.704000 0.683054 1.791227
1.710000 0.680800 1.791987
1.716000 0.678561 1.792742
1.722000 0.676336 1.793492
1.728000 0.674126 1.794238
1.734000 0.671929 1.794978
1.740000 0.669746 1.795713
1.746000 0.667577 1.796443
1.752000 0.665421 1.797168
1.758000 0.663279 1.797889
1.764000 0.661150 1.798605
1.770000 0.659034 1.799316
1.776000 0.656931 1.800022
1.782000 0.654841 1.800724
1.788000 0.652764 1.801421
1.794000 0.650700 1.802114
1.800000 0.648649 1.802802
1.806000 0.646610 1.803486
1.812000 0.644583 1.804166
1.818000 0.642569 1.804841
1.824000 0.640566 1.805511
1.830000 0.638576 1.806178
1.836000 0.636598 1.806840
1.842000 0.634632 1.807498
1.848000 0.632677 1.808152
1.854000 0.630735 1.808802
1.860000 0.628803 1.809447
1.866000 0.626883 1.810089
1.872000 0.624975 1.810726
1.878000 0.623078 1.811360
1.884000 0.621192 1.811990
1.890000 0.619317 1.812616
1.896000 0.617453 1.813238
1.902000 0.615600 1.813856
1.908000 0.613757 1.814470
1.914000 0.611926 1.815081
1.920000 0.610105 1.815688
1.926000 0.608294 1.816291
1.932000 0.606494 1.816890
1.938000 0.604705 1.817486
1.944000 0.602925 1.818079
1.950000 0.601156 1.818667
1.956000 0.599397 1.819253
1.962000 0.597648 1.819834
1.968000 0.595909 1.820413
1.974000 0.594179 1.820988
1.980000 0.592460 1.821559
1.986000 0.590750 1.822127
1.992000 0.589049 1.822692
1.998000 0.587359 1.823253
2.004000 0.585677 1.823811
2.010000 0.584005 1.824366
2.016000 0.582343 1.824918
2.022000 0.580689 1.825467
2.028000 0.579045 1.826012
2.034000 0.577409 1.826554
2.040000 0.575783 1.827093
2.046000 0.574166 1.827629
2.052000 0.572557 1.828162
2.058000 0.570958 1.828692
2.064000 0.569367 1.829219
2.070000 0.567784 1.829743
2.076000 0.566211 1.830263
2.082000 0.564645 1.830781
2.088000 0.563089 1.831296
2.094000 0.561540 1.831809
2.100000 0.560000 1.832318
2.106000 0.558468 1.832824
2.112000 0.556944 1.833328
2.118000 0.555429 1.833829
2.124000 0.553921 1.834327
2.130000 0.552422 1.834822
2.136000 0.550930 1.835315
2.142000 0.549446 1.835805
2.148000 0.547970 1.836292
2.154000 0.546502 1.836776
2.160000 0.545042 1.837258
2.166000 0.543589 1.837738
2.172000 0.542143 1.838214
2.178000 0.540706 1.838689
2.184000 0.539275 1.839160
2.190000 0.537852 1.839629
2.196000 0.536437 1.840096
2.202000 0.535028 1.840560
2.208000 0.533627 1.841021
2.214000 0.532233 1.841480
2.220000 0.530846 1.841937
2.226000 0.529467 1.842391
2.232000 0.528094 1.842843
2.238000 0.526728 1.843293
2.244000 0.525369 1.843740
2.250000 0.524017 1.844185
2.256000 0.522672 1.844627
2.262000 0.521334 1.845067
2.268000 0.520002 1.845505
2.274000 0.518677 1.845941
2.280000 0.517359 1.846374
2.286000 0.516047 1.846805
2.292000 0.514742 1.847234
2.298000 0.513443 1.847661
2.304000 0.512150 1.848086
2.310000 0.510864 1.848508
2.316000 0.509584 1.848928
2.322000 0.508311 1.849346
2.328000 0.507044 1.849762
2.334000 0.505783 1.850176
2.340000 0.504528 1.850588
2.346000 0.503279 1.850998
2.352000 0.502036 1.851405
2.358000 0.500800 1.851811
2.364000 0.499569 1.852214
2.370000 0.498344 1.852616
2.376000 0.497125 1.853016
2.382000 0.495912 1.853413
2.388000 0.494705 1.853809
2.394000 0.493503 1.854203
2.400000 0.492308 1.854594
2.406000 0.491118 1.854984
2.412000 0.489933 1.855372
2.418000 0.488754 1.855758
2.424000 0.487581 1.856142
2.430000 0.486413 1.856525
2.436000 0.485251 1.856905
2.442000 0.484094 1.857284
2.448000 0.482943 1.857661
2.454000 0.481797 1.858035
2.460000 0.480657 1.858409
2.466000 0.479521 1.858780
2.472000 0.478391 1.859150
2.478000 0.477266 1.859517
2.484000 0.476147 1.859884
2.490000 0.475032 1.860248
2.496000 0.473923 1.860611
2.502000 0.472819 1.860971
2.508000 0.471719 1.861331
2.514000 0.470625 1.861688
2.520000 0.469536 1.862044
2.526000 0.468452 1.862398
2.532000 0.467373 1.862751
2.538000 0.466298 1.863102
2.544000 0.465229 1.863451
2.550000 0.464164 1.863799
2.556000 0.463104 1.864145
2.562000 0.462049 1.864489
2.568000 0.460998 1.864832
2.574000 0.459953 1.865173
2.580000 0.458911 1.865513
2.586000 0.457875 1.865851
2.592000 0.456843 1.866188
2.598000 0.455816 1.866523
2.604000 0.454793 1.866856
2.610000 0.453775 1.867188
2.616000 0.452761 1.867519
2.622000 0.451752 1.867848
2.628000 0.450747 1.868176
2.634000 0.449747 1.868502
2.640000 0.448751 1.868826
2.646000 0.447759 1.869149
2.652000 0.446772 1.869471
2.658000 0.445788 1.869792
2.664000 0.444810 1.870110
2.670000 0.443835 1.870428
2.676000 0.442865 1.870744
2.682000 0.441898 1.871059
2.688000 0.440936 1.871372
2.694000 0.439978 1.871684
2.700000 0.439024 1.871994
2.706000 0.438075 1.872304
2.712000 0.437129 1.872611
2.718000 0.436187 1.872918
2.724000 0.435249 1.873223
2.730000 0.434316 1.873527
2.736000 0.433386 1.873829
2.742000 0.432460 1.874131
2.748000 0.431538 1.874431
2.754000 0.430620 1.874729
2.760000 0.429706 1.875027
2.766000 0.428795 1.875323
2.772000 0.427889 1.875617
2.778000 0.426986 1.875911
2.784000 0.426087 1.876203
2.790000 0.425191 1.876494
2.796000 0.424300 1.876784
2.802000 0.423412 1.877073
2.808000 0.422528 1.877360
2.814000 0.421647 1.877646
2.820000 0.420770 1.877931
2.826000 0.419896 1.878215
2.832000 0.419027 1.878498
2.838000 0.418160 1.878779
2.844000 0.417298 1.879059
2.850000 0.416438 1.879338
2.856000 0.415583 1.879616
2.862000 0.414730 1.879893
2.868000 0.413881 1.880169
2.874000 0.413036 1.880443
2.880000 0.412194 1.880716
2.886000 0.411355 1.880989
2.892000 0.410520 1.881260
2.898000 0.409688 1.881530
2.904000 0.408860 1.881799
2.910000 0.408034 1.882066
2.916000 0.407213 1.882333
2.922000 0.406394 1.882599
2.928000 0.405578 1.882863
2.934000 0.404766 1.883127
2.940000 0.403957 1.883389
2.946000 0.403151 1.883651
2.952000 0.402349 1.883911
2.958000 0.401549 1.884170
2.964000 0.400753 1.884428
2.970000 0.399960 1.884686
2.976000 0.399169 1.884942
2.982000 0.398382 1.885197
2.988000 0.397598 1.885451
2.994000 0.396818 1.885704
3.000000 0.396040 1.885956
3.006000 0.395265 1.886207
3.012000 0.394493 1.886458
3.018000 0.393724 1.886707
3.024000 0.392958 1.886955
3.030000 0.392195 1.887202
3.036000 0.391435 1.887448
3.042000 0.390678 1.887694
3.048000 0.389923 1.887938
3.054000 0.389172 1.888181
3.060000 0.388423 1.888424
3.066000 0.387678 1.888665
3.072000 0.386935 1.888906
3.078000 0.386195 1.889145
3.084000 0.385458 1.889384
3.090000 0.384723 1.889622
3.096000 0.383991 1.889859
3.102000 0.383262 1.890095
3.108000 0.382536 1.890330
3.114000 0.381813 1.890564
3.120000 0.381092 1.890797
3.126000 0.380374 1.891030
3.132000 0.379658 1.891261
3.138000 0.378946 1.891492
3.144000 0.378236 1.891722
3.150000 0.377528 1.891951
3.156000 0.376823 1.892179
3.162000 0.376121 1.892406
3.168000 0.375421 1.892632
3.174000 0.374724 1.892858
3.180000 0.374030 1.893082
3.186000 0.373338 1.893306
3.192000 0.372648 1.893529
3.198000 0.371961 1.893751
3.204000 0.371277 1.893972
3.210000 0.370595 1.894193
3.216000 0.369915 1.894413
3.222000 0.369238 1.894631
3.228000 0.368564 1.894849
3.234000 0.367892 1.895067
3.240000 0.367222 1.895283
3.246000 0.366555 1.895499
3.252000 0.365890 1.895714
3.258000 0.365227 1.895928
3.264000 0.364567 1.896141
3.270000 0.363910 1.896354
3.276000 0.363254 1.896565
3.282000 0.362601 1.896776
3.288000 0.361950 1.896987
3.294000 0.361302 1.897196
3.300000 0.360656 1.897405
3.306000 0.360012 1.897613
3.312000 0.359370 1.897820
3.318000 0.358731 1.898027
3.324000 0.358094 1.898232
3.330000 0.357459 1.898437
3.336000 0.356827 1.898642
3.342000 0.356196 1.898845
3.348000 0.355568 1.899048
3.354000 0.354942 1.899250
3.360000 0.354318 1.899452
3.366000 0.353697 1.899652
3.372000 0.353077 1.899852
3.378000 0.352460 1.900052
3.384000 0.351845 1.900250
3.390000 0.351232 1.900448
3.396000 0.350621 1.900645
3.402000 0.350012 1.900842
3.408000 0.349405 1.901037
3.414000 0.348801 1.901233
3.420000 0.348198 1.901427
3.426000 0.347597 1.901621
3.432000 0.346999 1.901814
3.438000 0.346403 1.902006
3.444000 0.345808 1.902198
3.450000 0.345216 1.902389
3.456000 0.344625 1.902580
3.462000 0.344037 1.902769
3.468000 0.343451 1.902959
3.474000 0.342866 1.903147
3.480000 0.342284 1.903335
3.486000 0.341703 1.903522
3.492000 0.341125 1.903709
3.498000 0.340548 1.903895
3.504000 0.339974 1.904080
3.510000 0.339401 1.904265
3.516000 0.338830 1.904449
3.522000 0.338261 1.904632
3.528000 0.337694 1.904815
3.534000 0.337129 1.904997
3.540000 0.336566 1.905179
3.546000 0.336005 1.905360
3.552000 0.335445 1.905540
3.558000 0.334887 1.905720
3.564000 0.334331 1.905899
3.570000 0.333777 1.906077
3.576000 0.333225 1.906255
3.582000 0.332675 1.906433
3.588000 0.332126 1.906610
3.594000 0.331579 1.906786
3.600000 0.331034 1.906961
3.606000 0.330491 1.907136
3.612000 0.329950 1.907311
3.618000 0.329410 1.907485
3.624000 0.328872 1.907658
3.630000 0.328336 1.907831
3.636000 0.327801 1.908003
3.642000 0.327269 1.908175
3.648000 0.326738 1.908346
3.654000 0.326208 1.908516
3.660000 0.325681 1.908686
3.666000 0.325155 1.908856
3.672000 0.324631 1.909024
3.678000 0.324108 1.909193
3.684000 0.323587 1.909361
3.690000 0.323068 1.909528
3.696000 0.322550 1.909694
3.702000 0.322034 1.909861
3.708000 0.321520 1.910026
3.714000 0.321007 1.910191
3.720000 0.320496 1.910356
3.726000 0.319987 1.910520
3.732000 0.319479 1.910683
3.738000 0.318973 1.910846
3.744000 0.318468 1.911009
3.750000 0.317965 1.911171
3.756000 0.317464 1.911332
3.762000 0.316964 1.911493
3.768000 0.316465 1.911653
3.774000 0.315968 1.911813
3.780000 0.315473 1.911973
3.786000 0.314979 1.912132
3.792000 0.314487 1.912290
3.798000 0.313997 1.912448
3.804000 0.313508 1.912605
3.810000 0.313020 1.912762
3.816000 0.312534 1.912919
3.822000 0.312049 1.913075
3.828000 0.311566 1.913230
3.834000 0.311084 1.913385
3.840000 0.310604 1.913539
3.846000 0.310126 1.913693
3.852000 0.309648 1.913847
3.858000 0.309173 1.914000
3.864000 0.308698 1.914153
3.870000 0.308225 1.914305
3.876000 0.307754 1.914456
3.882000 0.307284 1.914607
3.888000 0.306815 1.914758
3.894000 0.306348 1.914908
3.900000 0.305882 1.915058
3.906000 0.305418 1.915208
3.912000 0.304955 1.915356
3.918000 0.304493 1.915505
3.924000 0.304033 1.915653
3.930000 0.303575 1.915800
3.936000 0.303117 1.915947
3.942000 0.302661 1.916094
3.948000 0.302206 1.916240
3.954000 0.301753 1.916386
3.960000 0.301301 1.916531
3.966000 0.300850 1.916676
3.972000 0.300401 1.916821
3.978000 0.299953 1.916965
3.984000 0.299507 1.917108
3.990000 0.299061 1.917251
3.996000 0.298617 1.917394
4.002000 0.298175 1.917536
4.008000 0.297733 1.917678
4.014000 0.297293 1.917820
4.020000 0.296854 1.917961
4.026000 0.296417 1.918101
4.032000 0.295980 1.918242
4.038000 0.295546 1.918381
4.044000 0.295112 1.918521
4.050000 0.294679 1.918660
4.056000 0.294248 1.918798
4.062000 0.293818 1.918936
4.068000 0.293390 1.919074
4.074000 0.292962 1.919212
4.080000 0.292536 1.919348
4.086000 0.292111 1.919485
4.092000 0.291687 1.919621
4.098000 0.291265 1.919757
4.104000 0.290844 1.919892
4.110000 0.290423 1.920027
4.116000 0.290005 1.920162
4.122000 0.289587 1.920296
4.128000 0.289170 1.920430
4.134000 0.288755 1.920563
4.140000 0.288341 1.920696
4.146000 0.287928 1.920829
4.152000 0.287516 1.920961
4.158000 0.287106 1.921093
4.164000 0.286696 1.921224
4.170000 0.286288 1.921355
4.176000 0.285881 1.921486
4.182000 0.285475 1.921617
4.188000 0.285070 1.921747
4.194000 0.284666 1.921876
4.200000 0.284264 1.922006
4.206000 0.283863 1.922134
4.212000 0.283462 1.922263
4.218000 0.283063 1.922391
4.224000 0.282665 1.922519
4.230000 0.282268 1.922646
4.236000 0.281872 1.922773
4.242000 0.281478 1.922900
4.248000 0.281084 1.923027
4.254000 0.280691 1.923153
4.260000 0.280300 1.923278
4.266000 0.279910 1.923404
4.272000 0.279520 1.923529
4.278000 0.279132 1.923653
4.284000 0.278745 1.923777
4.290000 0.278359 1.923901
4.296000 0.277974 1.924025
4.302000 0.277590 1.924148
4.308000 0.277207 1.924271
4.314000 0.276825 1.924394
4.320000 0.276445 1.924516
4.326000 0.276065 1.924638
4.332000 0.275686 1.924759
4.338000 0.275308 1.924880
4.344000 0.274932 1.925001
4.350000 0.274556 1.925122
4.356000 0.274182 1.925242
4.362000 0.273808 1.925362
4.368000 0.273435 1.925481
4.374000 0.273064 1.925601
4.380000 0.272693 1.925720
4.386000 0.272324 1.925838
4.392000 0.271955 1.925956
4.398000 0.271588 1.926074
4.404000 0.271221 1.926192
4.410000 0.270855 1.926309
4.416000 0.270491 1.926426
4.422000 0.270127 1.926543
4.428000 0.269764 1.926659
4.434000 0.269403 1.926775
4.440000 0.269042 1.926891
4.446000 0.268682 1.927007
4.452000 0.268323 1.927122
4.458000 0.267965 1.927236
4.464000 0.267609 1.927351
4.470000 0.267253 1.927465
4.476000 0.266898 1.927579
4.482000 0.266543 1.927693
4.488000 0.266190 1.927806
4.494000 0.265838 1.927919
4.500000 0.265487 1.928031
4.506000 0.265136 1.928144
4.512000 0.264787 1.928256
4.518000 0.264438 1.928368
4.524000 0.264091 1.928479
4.530000 0.263744 1.928590
4.536000 0.263398 1.928701
4.542000 0.263053 1.928812
4.548000 0.262709 1.928922
4.554000 0.262366 1.929032
4.560000 0.262024 1.929142
4.566000 0.261682 1.929251
4.572000 0.261342 1.929361
4.578000 0.261002 1.929470
4.584000 0.260664 1.929578
4.590000 0.260326 1.929686
4.596000 0.259989 1.929794
4.602000 0.259653 1.929902
4.608000 0.259318 1.930010
4.614000 0.258983 1.930117
4.620000 0.258650 1.930224
4.626000 0.258317 1.930331
4.632000 0.257985 1.930437
4.638000 0.257654 1.930543
4.644000 0.257324 1.930649
4.650000 0.256995 1.930754
4.656000 0.256666 1.930860
4.662000 0.256339 1.930965
4.668000 0.256012 1.931069
4.674000 0.255686 1.931174
4.680000 0.255361 1.931278
4.686000 0.255037 1.931382
4.692000 0.254713 1.931486
4.698000 0.254391 1.931589
4.704000 0.254069 1.931692
4.710000 0.253748 1.931795
4.716000 0.253427 1.931898
4.722000 0.253108 1.932000
4.728000 0.252789 1.932102
4.734000 0.252472 1.932204
4.740000 0.252154 1.932306
4.746000 0.251838 1.932407
4.752000 0.251523 1.932508
4.758000 0.251208 1.932609
4.764000 0.250894 1.932710
4.770000 0.250581 1.932810
4.776000 0.250269 1.932910
4.782000 0.249957 1.933010
4.788000 0.249646 1.933109
4.794000 0.249336 1.933209
4.800000 0.249027 1.933308
4.806000 0.248719 1.933407
4.812000 0.248411 1.933505
4.818000 0.248104 1.933604
4.824000 0.247798 1.933702
4.830000 0.247492 1.933800
4.836000 0.247188 1.933897
4.842000 0.246884 1.933995
4.848000 0.246581 1.934092
4.854000 0.246278 1.934189
4.860000 0.245976 1.934285
4.866000 0.245675 1.934382
4.872000 0.245375 1.934478
4.878000 0.245076 1.934574
4.884000 0.244777 1.934670
4.890000 0.244479 1.934765
4.896000 0.244181 1.934860
4.902000 0.243885 1.934955
4.908000 0.243589 1.935050
4.914000 0.243293 1.935145
4.920000 0.242999 1.935239
4.926000 0.242705 1.935333
4.932000 0.242412 1.935427
4.938000 0.242120 1.935521
4.944000 0.241828 1.935614
4.950000 0.241537 1.935707
4.956000 0.241247 1.935800
4.962000 0.240957 1.935893
4.968000 0.240668 1.935985
4.974000 0.240380 1.936078
4.980000 0.240093 1.936170
4.986000 0.239806 1.936262
4.992000 0.239520 1.936353
4.998000 0.239234 1.936445
5.004000 0.238949 1.936536
5.010000 0.238665 1.936627
5.016000 0.238382 1.936718
5.022000 0.238099 1.936808
5.028000 0.237817 1.936899
5.034000 0.237535 1.936989
5.040000 0.237255 1.937079
5.046000 0.236975 1.937168
5.052000 0.236695 1.937258
5.058000 0.236416 1.937347
5.064000 0.236138 1.937436
5.070000 0.235861 1.937525
5.076000 0.235584 1.937614
5.082000 0.235308 1.937702
5.088000 0.235032 1.937790
5.094000 0.234757 1.937878
5.100000 0.234483 1.937966
5.106000 0.234209 1.938054
5.112000 0.233936 1.938141
5.118000 0.233664 1.938228
5.124000 0.233392 1.938315
5.130000 0.233121 1.938402
5.136000 0.232850 1.938489
5.142000 0.232581 1.938575
5.148000 0.232311 1.938661
5.154000 0.232043 1.938747
5.160000 0.231775 1.938833
5.166000 0.231507 1.938919
5.172000 0.231241 1.939004
5.178000 0.230974 1.939089
5.184000 0.230709 1.939174
5.190000 0.230444 1.939259
5.196000 0.230180 1.939344
5.202000 0.229916 1.939428
5.208000 0.229653 1.939512
5.214000 0.229390 1.939596
5.220000 0.229128 1.939680
5.226000 0.228867 1.939764
5.232000 0.228606 1.939847
5.238000 0.228346 1.939930
5.244000 0.228086 1.940013
5.250000 0.227828 1.940096
5.256000 0.227569 1.940179
5.262000 0.227311 1.940262
5.268000 0.227054 1.940344
5.274000 0.226797 1.940426
5.280000 0.226541 1.940508
5.286000 0.226286 1.940590
5.292000 0.226031 1.940671
5.298000 0.225777 1.940753
5.304000 0.225523 1.940834
5.310000 0.225270 1.940915
5.316000 0.225017 1.940996
5.322000 0.224765 1.941076
5.328000 0.224513 1.941157
5.334000 0.224262 1.941237
5.340000 0.224012 1.941317
5.346000 0.223762 1.941397
5.352000 0.223513 1.941477
5.358000 0.223264 1.941557
5.364000 0.223016 1.941636
5.370000 0.222768 1.941715
5.376000 0.222521 1.941794
5.382000 0.222275 1.941873
5.388000 0.222029 1.941952
5.394000 0.221783 1.942030
5.400000 0.221538 1.942109
5.406000 0.221294 1.942187
5.412000 0.221050 1.942265
5.418000 0.220807 1.942343
5.424000 0.220564 1.942420
5.430000 0.220322 1.942498
5.436000 0.220080 1.942575
5.442000 0.219839 1.942652
5.448000 0.219598 1.942729
5.454000 0.219358 1.942806
5.460000 0.219119 1.942883
5.466000 0.218880 1.942959
5.472000 0.218641 1.943036
5.478000 0.218403 1.943112
5.484000 0.218166 1.943188
5.490000 0.217928 1.943263
5.496000 0.217692 1.943339
5.502000 0.217456 1.943415
5.508000 0.217221 1.943490
5.514000 0.216986 1.943565
5.520000 0.216751 1.943640
5.526000 0.216517 1.943715
5.532000 0.216284 1.943790
5.538000 0.216051 1.943864
5.544000 0.215818 1.943938
5.550000 0.215586 1.944013
5.556000 0.215355 1.944087
5.562000 0.215124 1.944161
5.568000 0.214893 1.944234
5.574000 0.214663 1.944308
5.580000 0.214434 1.944381
5.586000 0.214205 1.944454
5.592000 0.213976 1.944527
5.598000 0.213748 1.944600
5.604000 0.213521 1.944673
5.610000 0.213294 1.944746
5.616000 0.213067 1.944818
5.622000 0.212841 1.944891
5.628000 0.212615 1.944963
5.634000 0.212390 1.945035
5.640000 0.212166 1.945107
5.646000 0.211941 1.945178
5.652000 0.211718 1.945250
5.658000 0.211494 1.945321
5.664000 0.211272 1.945392
5.670000 0.211049 1.945464
5.676000 0.210828 1.945534
5.682000 0.210606 1.945605
5.688000 0.210385 1.945676
5.694000 0.210165 1.945746
5.700000 0.209945 1.945817
5.706000 0.209725 1.945887
5.712000 0.209506 1.945957
5.718000 0.209287 1.946027
5.724000 0.209069 1.946097
5.730000 0.208852 1.946166
5.736000 0.208634 1.946236
5.742000 0.208417 1.946305
5.748000 0.208201 1.946374
5.754000 0.207985 1.946443
5.760000 0.207770 1.946512
5.766000 0.207555 1.946581
5.772000 0.207340 1.946649
5.778000 0.207126 1.946718
5.784000 0.206912 1.946786
5.790000 0.206699 1.946854
5.796000 0.206486 1.946922
5.802000 0.206274 1.946990
5.808000 0.206062 1.947058
5.814000 0.205850 1.947126
5.820000 0.205639 1.947193
5.826000 0.205429 1.947261
5.832000 0.205218 1.947328
5.838000 0.205008 1.947395
5.844000 0.204799 1.947462
5.850000 0.204590 1.947529
5.856000 0.204382 1.947595
5.862000 0.204174 1.947662
5.868000 0.203966 1.947728
5.874000 0.203759 1.947794
5.880000 0.203552 1.947861
5.886000 0.203345 1.947926
5.892000 0.203139 1.947992
5.898000 0.202934 1.948058
5.904000 0.202729 1.948124
5.910000 0.202524 1.948189
5.916000 0.202319 1.948254
5.922000 0.202116 1.948320
5.928000 0.201912 1.948385
5.934000 0.201709 1.948450
5.940000 0.201506 1.948514
5.946000 0.201304 1.948579
5.952000 0.201102 1.948644
5.958000 0.200901 1.948708
5.964000 0.200699 1.948772
5.970000 0.200499 1.948836
5.976000 0.200298 1.948900
5.982000 0.200099 1.948964
5.988000 0.199899 1.949028
5.994000 0.199700 1.949092
