-4.00000000 -0.01274250
-3.98000000 -0.01234249
-3.96000000 -0.01188608
-3.94000000 -0.01136828
-3.92000000 -0.01078376
-3.90000000 -0.01012681
-3.88000000 -0.00939129
-3.86000000 -0.00857066
-3.84000000 -0.00765792
-3.82000000 -0.00664560
-3.80000000 -0.00552573
-3.78000000 -0.00428984
-3.76000000 -0.00292889
-3.74000000 -0.00143331
-3.72000000 0.00020709
-3.70000000 0.00200308
-3.68000000 0.00396609
-3.66000000 0.00610817
-3.64000000 0.00844207
-3.62000000 0.01098124
-3.60000000 0.01373983
-3.58000000 0.01673270
-3.56000000 0.01997550
-3.54000000 0.02348460
-3.52000000 0.02727716
-3.50000000 0.03137109
-3.48000000 0.03578511
-3.46000000 0.04053871
-3.44000000 0.04565216
-3.42000000 0.05114649
-3.40000000 0.05704351
-3.38000000 0.06336577
-3.36000000 0.07013654
-3.34000000 0.07737980
-3.32000000 0.08512018
-3.30000000 0.09338296
-3.28000000 0.10219399
-3.26000000 0.11157964
-3.24000000 0.12156676
-3.22000000 0.13218262
-3.20000000 0.14345480
-3.18000000 0.15541112
-3.16000000 0.16807960
-3.14000000 0.18148827
-3.12000000 0.19566514
-3.10000000 0.21063806
-3.08000000 0.22643459
-3.06000000 0.24308188
-3.04000000 0.26060652
-3.02000000 0.27903442
-3.00000000 0.29839064
-2.98000000 0.31869922
-2.96000000 0.33998305
-2.94000000 0.36226368
-2.92000000 0.38556114
-2.90000000 0.40989378
-2.88000000 0.43527809
-2.86000000 0.46172851
-2.84000000 0.48925724
-2.82000000 0.51787410
-2.80000000 0.54758630
-2.78000000 0.57839831
-2.76000000 0.61031166
-2.74000000 0.64332478
-2.72000000 0.67743287
-2.70000000 0.71262772
-2.68000000 0.74889759
-2.66000000 0.78622708
-2.64000000 0.82459701
-2.62000000 0.86398435
-2.60000000 0.90436212
-2.58000000 0.94569931
-2.56000000 0.98796088
-2.54000000 1.03110769
-2.52000000 1.07509652
-2.50000000 1.11988008
-2.48000000 1.16540707
-2.46000000 1.21162219
-2.44000000 1.25846628
-2.42000000 1.30587641
-2.40000000 1.35378601
-2.38000000 1.40212502
-2.36000000 1.45082007
-2.34000000 1.49979471
-2.32000000 1.54896959
-2.30000000 1.59826273
-2.28000000 1.64758978
-2.26000000 1.69686430
-2.24000000 1.74599805
-2.22000000 1.79490132
-2.20000000 1.84348327
-2.18000000 1.89165221
-2.16000000 1.93931603
-2.14000000 1.98638251
-2.12000000 2.03275966
-2.10000000 2.07835614
-2.08000000 2.12308161
-2.06000000 2.16684705
-2.04000000 2.20956518
-2.02000000 2.25115078
-2.00000000 2.29152103
-1.98000000 2.33059588
-1.96000000 2.36829831
-1.94000000 2.40455471
-1.92000000 2.43929510
-1.90000000 2.47245347
-1.88000000 2.50396796
-1.86000000 2.53378113
-1.84000000 2.56184017
-1.82000000 2.58809706
-1.80000000 2.61250873
-1.78000000 2.63503723
-1.76000000 2.65564978
-1.74000000 2.67431889
-1.72000000 2.69102238
-1.70000000 2.70574345
-1.68000000 2.71847065
-1.66000000 2.72919787
-1.64000000 2.73792427
-1.62000000 2.74465426
-1.60000000 2.74939734
-1.58000000 2.75216802
-1.56000000 2.75298568
-1.54000000 2.75187441
-1.52000000 2.74886283
-1.50000000 2.74398390
-1.48000000 2.73727472
-1.46000000 2.72877631
-1.44000000 2.71853338
-1.42000000 2.70659408
-1.40000000 2.69300975
-1.38000000 2.67783469
-1.36000000 2.66112588
-1.34000000 2.64294269
-1.32000000 2.62334667
-1.30000000 2.60240125
-1.28000000 2.58017146
-1.26000000 2.55672371
-1.24000000 2.53212548
-1.22000000 2.50644513
-1.20000000 2.47975156
-1.18000000 2.45211406
-1.16000000 2.42360203
-1.14000000 2.39428474
-1.12000000 2.36423114
-1.10000000 2.33350966
-1.08000000 2.30218799
-1.06000000 2.27033289
-1.04000000 2.23801004
-1.02000000 2.20528388
-1.00000000 2.17221743
-0.98000000 2.13887216
-0.96000000 2.10530789
-0.94000000 2.07158263
-0.92000000 2.03775250
-0.90000000 2.00387167
-0.88000000 1.96999219
-0.86000000 1.93616402
-0.84000000 1.90243490
-0.82000000 1.86885033
-0.80000000 1.83545352
-0.78000000 1.80228540
-0.76000000 1.76938453
-0.74000000 1.73678714
-0.72000000 1.70452712
-0.70000000 1.67263602
-0.68000000 1.64114305
-0.66000000 1.61007514
-0.64000000 1.57945691
-0.62000000 1.54931077
-0.60000000 1.51965688
-0.58000000 1.49051327
-0.56000000 1.46189585
-0.54000000 1.43381847
-0.52000000 1.40629296
-0.50000000 1.37932924
-0.48000000 1.35293532
-0.46000000 1.32711744
-0.44000000 1.30188007
-0.42000000 1.27722602
-0.40000000 1.25315651
-0.38000000 1.22967125
-0.36000000 1.20676849
-0.34000000 1.18444513
-0.32000000 1.16269678
-0.30000000 1.14151786
-0.28000000 1.12090163
-0.26000000 1.10084031
-0.24000000 1.08132516
-0.22000000 1.06234654
-0.20000000 1.04389399
-0.18000000 1.02595628
-0.16000000 1.00852156
-0.14000000 0.99157735
-0.12000000 0.97511064
-0.10000000 0.95910799
-0.08000000 0.94355554
-0.06000000 0.92843915
-0.04000000 0.91374437
-0.02000000 0.89945659
0.00000000 0.88556105
0.02000000 0.87204290
0.04000000 0.85888728
0.06000000 0.84607933
0.08000000 0.83360428
0.10000000 0.82144748
0.12000000 0.80959443
0.14000000 0.79803084
0.16000000 0.78674267
0.18000000 0.77571614
0.20000000 0.76493778
0.22000000 0.75439448
0.24000000 0.74407347
0.26000000 0.73396239
0.28000000 0.72404926
0.30000000 0.71432258
0.32000000 0.70477124
0.34000000 0.69538464
0.36000000 0.68615260
0.38000000 0.67706548
0.40000000 0.66811407
0.42000000 0.65928967
0.44000000 0.65058409
0.46000000 0.64198962
0.48000000 0.63349902
0.50000000 0.62510556
0.52000000 0.61680299
0.54000000 0.60858553
0.56000000 0.60044786
0.58000000 0.59238512
0.60000000 0.58439289
0.62000000 0.57646719
0.64000000 0.56860444
0.66000000 0.56080149
0.68000000 0.55305556
0.70000000 0.54536423
0.72000000 0.53772546
0.74000000 0.53013754
0.76000000 0.52259908
0.78000000 0.51510899
0.80000000 0.50766646
0.82000000 0.50027096
0.84000000 0.49292220
0.86000000 0.48562012
0.88000000 0.47836488
0.90000000 0.47115682
0.92000000 0.46399647
0.94000000 0.45688452
0.96000000 0.44982180
0.98000000 0.44280926
1.00000000 0.43584796
1.02000000 0.42893908
1.04000000 0.42208384
1.06000000 0.41528357
1.08000000 0.40853962
1.10000000 0.40185339
1.12000000 0.39522631
1.14000000 0.38865983
1.16000000 0.38215539
1.18000000 0.37571443
1.20000000 0.36933839
1.22000000 0.36302866
1.24000000 0.35678661
1.26000000 0.35061358
1.28000000 0.34451085
1.30000000 0.33847964
1.32000000 0.33252113
1.34000000 0.32663642
1.36000000 0.32082654
1.38000000 0.31509247
1.40000000 0.30943509
1.42000000 0.30385521
1.44000000 0.29835356
1.46000000 0.29293078
1.48000000 0.28758744
1.50000000 0.28232401
1.52000000 0.27714089
1.54000000 0.27203838
1.56000000 0.26701671
1.58000000 0.26207601
1.60000000 0.25721635
1.62000000 0.25243768
1.64000000 0.24773991
1.66000000 0.24312285
1.68000000 0.23858624
1.70000000 0.23412974
1.72000000 0.22975296
1.74000000 0.22545540
1.76000000 0.22123654
1.78000000 0.21709576
1.80000000 0.21303241
1.82000000 0.20904575
1.84000000 0.20513503
1.86000000 0.20129940
1.88000000 0.19753800
1.90000000 0.19384992
1.92000000 0.19023418
1.94000000 0.18668980
1.96000000 0.18321575
1.98000000 0.17981097
2.00000000 0.17647437
2.02000000 0.17320483
2.04000000 0.17000122
2.06000000 0.16686239
2.08000000 0.16378716
2.10000000 0.16077436
2.12000000 0.15782280
2.14000000 0.15493127
2.16000000 0.15209857
2.18000000 0.14932349
2.20000000 0.14660482
2.22000000 0.14394137
2.24000000 0.14133192
2.26000000 0.13877529
2.28000000 0.13627029
2.30000000 0.13381574
2.32000000 0.13141048
2.34000000 0.12905335
2.36000000 0.12674322
2.38000000 0.12447897
2.40000000 0.12225948
2.42000000 0.12008369
2.44000000 0.11795051
2.46000000 0.11585891
2.48000000 0.11380785
2.50000000 0.11179633
2.52000000 0.10982337
2.54000000 0.10788800
2.56000000 0.10598929
2.58000000 0.10412633
2.60000000 0.10229822
2.62000000 0.10050410
2.64000000 0.09874311
2.66000000 0.09701444
2.68000000 0.09531730
2.70000000 0.09365091
2.72000000 0.09201451
2.74000000 0.09040738
2.76000000 0.08882881
2.78000000 0.08727812
2.80000000 0.08575465
2.82000000 0.08425776
2.84000000 0.08278682
2.86000000 0.08134125
2.88000000 0.07992045
2.90000000 0.07852388
2.92000000 0.07715098
2.94000000 0.07580124
2.96000000 0.07447416
2.98000000 0.07316924
3.00000000 0.07188601
3.02000000 0.07062402
3.04000000 0.06938284
3.06000000 0.06816203
3.08000000 0.06696118
3.10000000 0.06577991
3.12000000 0.06461782
3.14000000 0.06347454
3.16000000 0.06234971
3.18000000 0.06124300
3.20000000 0.06015405
3.22000000 0.05908255
3.24000000 0.05802818
3.26000000 0.05699063
3.28000000 0.05596961
3.30000000 0.05496482
3.32000000 0.05397599
3.34000000 0.05300285
3.36000000 0.05204512
3.38000000 0.05110255
3.40000000 0.05017489
3.42000000 0.04926190
3.44000000 0.04836334
3.46000000 0.04747897
3.48000000 0.04660857
3.50000000 0.04575191
3.52000000 0.04490879
3.54000000 0.04407899
3.56000000 0.04326230
3.58000000 0.04245853
3.60000000 0.04166747
3.62000000 0.04088894
3.64000000 0.04012274
3.66000000 0.03936869
3.68000000 0.03862661
3.70000000 0.03789632
3.72000000 0.03717765
3.74000000 0.03647043
3.76000000 0.03577449
3.78000000 0.03508966
3.80000000 0.03441580
3.82000000 0.03375274
3.84000000 0.03310033
3.86000000 0.03245841
3.88000000 0.03182685
3.90000000 0.03120548
3.92000000 0.03059418
3.94000000 0.02999279
3.96000000 0.02940119
3.98000000 0.02881924
