-0.666667 -5.985037 0.000000
-0.666000 -5.990999 0.000000
-0.665333 -5.996971 0.000000
-0.664667 -6.002956 0.000000
-0.664000 -6.008953 0.000000
-0.663333 -6.014962 0.000000
-0.662667 -6.020983 0.000000
-0.662000 -6.027015 0.000000
-0.661333 -6.033060 0.000000
-0.660667 -6.039117 0.000000
-0.660000 -6.045186 0.000000
-0.659333 -6.051268 0.000000
-0.658667 -6.057361 0.000000
-0.658000 -6.063467 0.000000
-0.657333 -6.069585 0.000000
-0.656667 -6.075715 0.000000
-0.656000 -6.081858 0.000000
-0.655333 -6.088013 0.000000
-0.654667 -6.094181 0.000000
-0.654000 -6.100361 0.000000
-0.653333 -6.106553 0.000000
-0.652667 -6.112758 0.000000
-0.652000 -6.118976 0.000000
-0.651333 -6.125206 0.000000
-0.650667 -6.131449 0.000000
-0.650000 -6.137705 0.000000
-0.649333 -6.143973 0.000000
-0.648667 -6.150255 0.000000
-0.648000 -6.156549 0.000000
-0.647333 -6.162856 0.000000
-0.646667 -6.169175 0.000000
-0.646000 -6.175508 0.000000
-0.645333 -6.181854 0.000000
-0.644667 -6.188213 0.000000
-0.644000 -6.194584 0.000000
-0.643333 -6.200969 0.000000
-0.642667 -6.207367 0.000000
-0.642000 -6.213778 0.000000
-0.641333 -6.220203 0.000000
-0.640667 -6.226641 0.000000
-0.640000 -6.233092 0.000000
-0.639333 -6.239556 0.000000
-0.638667 -6.246034 0.000000
-0.638000 -6.252525 0.000000
-0.637333 -6.259030 0.000000
-0.636667 -6.265548 0.000000
-0.636000 -6.272079 0.000000
-0.635333 -6.278625 0.000000
-0.634667 -6.285184 0.000000
-0.634000 -6.291756 0.000000
-0.633333 -6.298343 0.000000
-0.632667 -6.304943 0.000000
-0.632000 -6.311557 0.000000
-0.631333 -6.318184 0.000000
-0.630667 -6.324826 0.000000
-0.630000 -6.331482 0.000000
-0.629333 -6.338151 0.000000
-0.628667 -6.344835 0.000000
-0.628000 -6.351532 0.000000
-0.627333 -6.358244 0.000000
-0.626667 -6.364970 0.000000
-0.626000 -6.371710 0.000000
-0.625333 -6.378465 0.000000
-0.624667 -6.385233 0.000000
-0.624000 -6.392016 0.000000
-0.623333 -6.398814 0.000000
-0.622667 -6.405626 0.000000
-0.622000 -6.412452 0.000000
-0.621333 -6.419293 0.000000
-0.620667 -6.426148 0.000000
-0.620000 -6.433018 0.000000
-0.619333 -6.439903 0.000000
-0.618667 -6.446802 0.000000
-0.618000 -6.453716 0.000000
-0.617333 -6.460645 0.000000
-0.616667 -6.467589 0.000000
-0.616000 -6.474548 0.000000
-0.615333 -6.481522 0.000000
-0.614667 -6.488510 0.000000
-0.614000 -6.495514 0.000000
-0.613333 -6.502533 0.000000
-0.612667 -6.509567 0.000000
-0.612000 -6.516616 0.000000
-0.611333 -6.523680 0.000000
-0.610667 -6.530760 0.000000
-0.610000 -6.537855 0.000000
-0.609333 -6.544965 0.000000
-0.608667 -6.552091 0.000000
-0.608000 -6.559232 0.000000
-0.607333 -6.566389 0.000000
-0.606667 -6.573561 0.000000
-0.606000 -6.580749 0.000000
-0.605333 -6.587953 0.000000
-0.604667 -6.595173 0.000000
-0.604000 -6.602408 0.000000
-0.603333 -6.609659 0.000000
-0.602667 -6.616926 0.000000
-0.602000 -6.624209 0.000000
-0.601333 -6.631508 0.000000
-0.600667 -6.638823 0.000000
-0.600000 -6.646154 0.000000
-0.599333 -6.653501 0.000000
-0.598667 -6.660865 0.000000
-0.598000 -6.668244 0.000000
-0.597333 -6.675640 0.000000
-0.596667 -6.683053 0.000000
-0.596000 -6.690482 0.000000
-0.595333 -6.697927 0.000000
-0.594667 -6.705389 0.000000
-0.594000 -6.712867 0.000000
-0.593333 -6.720362 0.000000
-0.592667 -6.727874 0.000000
-0.592000 -6.735403 0.000000
-0.591333 -6.742948 0.000000
-0.590667 -6.750510 0.000000
-0.590000 -6.758090 0.000000
-0.589333 -6.765686 0.000000
-0.588667 -6.773299 0.000000
-0.588000 -6.780929 0.000000
-0.587333 -6.788577 0.000000
-0.586667 -6.796241 0.000000
-0.586000 -6.803923 0.000000
-0.585333 -6.811623 0.000000
-0.584667 -6.819339 0.000000
-0.584000 -6.827073 0.000000
-0.583333 -6.834825 0.000000
-0.582667 -6.842594 0.000000
-0.582000 -6.850381 0.000000
-0.581333 -6.858186 0.000000
-0.580667 -6.866008 0.000000
-0.580000 -6.873848 0.000000
-0.579333 -6.881706 0.000000
-0.578667 -6.889581 0.000000
-0.578000 -6.897475 0.000000
-0.577333 -6.905387 0.000000
-0.576667 -6.913317 0.000000
-0.576000 -6.921265 0.000000
-0.575333 -6.929232 0.000000
-0.574667 -6.937216 0.000000
-0.574000 -6.945219 0.000000
-0.573333 -6.953241 0.000000
-0.572667 -6.961281 0.000000
-0.572000 -6.969339 0.000000
-0.571333 -6.977416 0.000000
-0.570667 -6.985512 0.000000
-0.570000 -6.993627 0.000000
-0.569333 -7.001760 0.000000
-0.568667 -7.009912 0.000000
-0.568000 -7.018083 0.000000
-0.567333 -7.026274 0.000000
-0.566667 -7.034483 0.000000
-0.566000 -7.042711 0.000000
-0.565333 -7.050959 0.000000
-0.564667 -7.059226 0.000000
-0.564000 -7.067512 0.000000
-0.563333 -7.075817 0.000000
-0.562667 -7.084142 0.000000
-0.562000 -7.092487 0.000000
-0.561333 -7.100851 0.000000
-0.560667 -7.109235 0.000000
-0.560000 -7.117639 0.000000
-0.559333 -7.126062 0.000000
-0.558667 -7.134506 0.000000
-0.558000 -7.142969 0.000000
-0.557333 -7.151452 0.000000
-0.556667 -7.159956 0.000000
-0.556000 -7.168479 0.000000
-0.555333 -7.177023 0.000000
-0.554667 -7.185587 0.000000
-0.554000 -7.194172 0.000000
-0.553333 -7.202777 0.000000
-0.552667 -7.211403 0.000000
-0.552000 -7.220049 0.000000
-0.551333 -7.228716 0.000000
-0.550667 -7.237403 0.000000
-0.550000 -7.246112 0.000000
-0.549333 -7.254841 0.000000
-0.548667 -7.263591 0.000000
-0.548000 -7.272363 0.000000
-0.547333 -7.281155 0.000000
-0.546667 -7.289969 0.000000
-0.546000 -7.298804 0.000000
-0.545333 -7.307660 0.000000
-0.544667 -7.316538 0.000000
-0.544000 -7.325437 0.000000
-0.543333 -7.334358 0.000000
-0.542667 -7.343301 0.000000
-0.542000 -7.352265 0.000000
-0.541333 -7.361251 0.000000
-0.540667 -7.370259 0.000000
-0.540000 -7.379289 0.000000
-0.539333 -7.388342 0.000000
-0.538667 -7.397416 0.000000
-0.538000 -7.406512 0.000000
-0.537333 -7.415631 0.000000
-0.536667 -7.424772 0.000000
-0.536000 -7.433936 0.000000
-0.535333 -7.443122 0.000000
-0.534667 -7.452331 0.000000
-0.534000 -7.461563 0.000000
-0.533333 -7.470817 0.000000
-0.532667 -7.480094 0.000000
-0.532000 -7.489395 0.000000
-0.531333 -7.498718 0.000000
-0.530667 -7.508065 0.000000
-0.530000 -7.517434 0.000000
-0.529333 -7.526827 0.000000
-0.528667 -7.536244 0.000000
-0.528000 -7.545684 0.000000
-0.527333 -7.555147 0.000000
-0.526667 -7.564635 0.000000
-0.526000 -7.574146 0.000000
-0.525333 -7.583680 0.000000
-0.524667 -7.593239 0.000000
-0.524000 -7.602822 0.000000
-0.523333 -7.612429 0.000000
-0.522667 -7.622060 0.000000
-0.522000 -7.631715 0.000000
-0.521333 -7.641395 0.000000
-0.520667 -7.651099 0.000000
-0.520000 -7.660828 0.000000
-0.519333 -7.670582 0.000000
-0.518667 -7.680360 0.000000
-0.518000 -7.690163 0.000000
-0.517333 -7.699991 0.000000
-0.516667 -7.709845 0.000000
-0.516000 -7.719723 0.000000
-0.515333 -7.729626 0.000000
-0.514667 -7.739555 0.000000
-0.514000 -7.749510 0.000000
-0.513333 -7.759489 0.000000
-0.512667 -7.769495 0.000000
-0.512000 -7.779526 0.000000
-0.511333 -7.789583 0.000000
-0.510667 -7.799666 0.000000
-0.510000 -7.809775 0.000000
-0.509333 -7.819910 0.000000
-0.508667 -7.830071 0.000000
-0.508000 -7.840259 0.000000
-0.507333 -7.850473 0.000000
-0.506667 -7.860714 0.000000
-0.506000 -7.870981 0.000000
-0.505333 -7.881275 0.000000
-0.504667 -7.891596 0.000000
-0.504000 -7.901943 0.000000
-0.503333 -7.912318 0.000000
-0.502667 -7.922720 0.000000
-0.502000 -7.933149 0.000000
-0.501333 -7.943606 0.000000
-0.500667 -7.954090 0.000000
-0.500000 -7.964602 0.000000
-0.499333 -7.975141 0.000000
-0.498667 -7.985708 0.000000
-0.498000 -7.996303 0.000000
-0.497333 -8.006926 0.000000
-0.496667 -8.017578 0.000000
-0.496000 -8.028257 0.000000
-0.495333 -8.038965 0.000000
-0.494667 -8.049701 0.000000
-0.494000 -8.060466 0.000000
-0.493333 -8.071260 0.000000
-0.492667 -8.082082 0.000000
-0.492000 -8.092933 0.000000
-0.491333 -8.103814 0.000000
-0.490667 -8.114723 0.000000
-0.490000 -8.125662 0.000000
-0.489333 -8.136630 0.000000
-0.488667 -8.147628 0.000000
-0.488000 -8.158655 0.000000
-0.487333 -8.169712 0.000000
-0.486667 -8.180799 0.000000
-0.486000 -8.191916 0.000000
-0.485333 -8.203063 0.000000
-0.484667 -8.214241 0.000000
-0.484000 -8.225448 0.000000
-0.483333 -8.236686 0.000000
-0.482667 -8.247955 0.000000
-0.482000 -8.259255 0.000000
-0.481333 -8.270585 0.000000
-0.480667 -8.281946 0.000000
-0.480000 -8.293338 0.000000
-0.479333 -8.304762 0.000000
-0.478667 -8.316217 0.000000
-0.478000 -8.327703 0.000000
-0.477333 -8.339222 0.000000
-0.476667 -8.350771 0.000000
-0.476000 -8.362353 0.000000
-0.475333 -8.373967 0.000000
-0.474667 -8.385613 0.000000
-0.474000 -8.397291 0.000000
-0.473333 -8.409001 0.000000
-0.472667 -8.420744 0.000000
-0.472000 -8.432520 0.000000
-0.471333 -8.444329 0.000000
-0.470667 -8.456170 0.000000
-0.470000 -8.468045 0.000000
-0.469333 -8.479952 0.000000
-0.468667 -8.491894 0.000000
-0.468000 -8.503868 0.000000
-0.467333 -8.515877 0.000000
-0.466667 -8.527919 0.000000
-0.466000 -8.539995 0.000000
-0.465333 -8.552105 0.000000
-0.464667 -8.564249 0.000000
-0.464000 -8.576428 0.000000
-0.463333 -8.588641 0.000000
-0.462667 -8.600889 0.000000
-0.462000 -8.613172 0.000000
-0.461333 -8.625489 0.000000
-0.460667 -8.637842 0.000000
-0.460000 -8.650230 0.000000
-0.459333 -8.662653 0.000000
-0.458667 -8.675112 0.000000
-0.458000 -8.687607 0.000000
-0.457333 -8.700137 0.000000
-0.456667 -8.712703 0.000000
-0.456000 -8.725306 0.000000
-0.455333 -8.737945 0.000000
-0.454667 -8.750620 0.000000
-0.454000 -8.763332 0.000000
-0.453333 -8.776081 0.000000
-0.452667 -8.788867 0.000000
-0.452000 -8.801689 0.000000
-0.451333 -8.814549 0.000000
-0.450667 -8.827447 0.000000
-0.450000 -8.840382 0.000000
-0.449333 -8.853355 0.000000
-0.448667 -8.866366 0.000000
-0.448000 -8.879414 0.000000
-0.447333 -8.892501 0.000000
-0.446667 -8.905627 0.000000
-0.446000 -8.918791 0.000000
-0.445333 -8.931994 0.000000
-0.444667 -8.945236 0.000000
-0.444000 -8.958516 0.000000
-0.443333 -8.971837 0.000000
-0.442667 -8.985196 0.000000
-0.442000 -8.998595 0.000000
-0.441333 -9.012034 0.000000
-0.440667 -9.025513 0.000000
-0.440000 -9.039032 0.000000
-0.439333 -9.052592 0.000000
-0.438667 -9.066191 0.000000
-0.438000 -9.079832 0.000000
-0.437333 -9.093513 0.000000
-0.436667 -9.107236 0.000000
-0.436000 -9.121000 0.000000
-0.435333 -9.134805 0.000000
-0.434667 -9.148652 0.000000
-0.434000 -9.162540 0.000000
-0.433333 -9.176471 0.000000
-0.432667 -9.190443 0.000000
-0.432000 -9.204458 0.000000
-0.431333 -9.218516 0.000000
-0.430667 -9.232616 0.000000
-0.430000 -9.246759 0.000000
-0.429333 -9.260946 0.000000
-0.428667 -9.275176 0.000000
-0.428000 -9.289449 0.000000
-0.427333 -9.303766 0.000000
-0.426667 -9.318127 0.000000
-0.426000 -9.332532 0.000000
-0.425333 -9.346981 0.000000
-0.424667 -9.361475 0.000000
-0.424000 -9.376014 0.000000
-0.423333 -9.390597 0.000000
-0.422667 -9.405226 0.000000
-0.422000 -9.419900 0.000000
-0.421333 -9.434619 0.000000
-0.420667 -9.449385 0.000000
-0.420000 -9.464196 0.000000
-0.419333 -9.479054 0.000000
-0.418667 -9.493958 0.000000
-0.418000 -9.508909 0.000000
-0.417333 -9.523906 0.000000
-0.416667 -9.538951 0.000000
-0.416000 -9.554043 0.000000
-0.415333 -9.569182 0.000000
-0.414667 -9.584369 0.000000
-0.414000 -9.599604 0.000000
-0.413333 -9.614888 0.000000
-0.412667 -9.630219 0.000000
-0.412000 -9.645600 0.000000
-0.411333 -9.661029 0.000000
-0.410667 -9.676507 0.000000
-0.410000 -9.692035 0.000000
-0.409333 -9.707612 0.000000
-0.408667 -9.723239 0.000000
-0.408000 -9.738916 0.000000
-0.407333 -9.754644 0.000000
-0.406667 -9.770422 0.000000
-0.406000 -9.786251 0.000000
-0.405333 -9.802130 0.000000
-0.404667 -9.818061 0.000000
-0.404000 -9.834044 0.000000
-0.403333 -9.850078 0.000000
-0.402667 -9.866164 0.000000
-0.402000 -9.882303 0.000000
-0.401333 -9.898494 0.000000
-0.400667 -9.914738 0.000000
-0.400000 -9.931034 0.000000
-0.399333 -9.947385 0.000000
-0.398667 -9.963788 0.000000
-0.398000 -9.980246 0.000000
-0.397333 -9.996757 0.000000
-0.396667 -10.013323 0.000000
-0.396000 -10.029943 0.000000
-0.395333 -10.046619 0.000000
-0.394667 -10.063349 0.000000
-0.394000 -10.080135 0.000000
-0.393333 -10.096977 0.000000
-0.392667 -10.113874 0.000000
-0.392000 -10.130828 0.000000
-0.391333 -10.147838 0.000000
-0.390667 -10.164905 0.000000
-0.390000 -10.182029 0.000000
-0.389333 -10.199211 0.000000
-0.388667 -10.216450 0.000000
-0.388000 -10.233747 0.000000
-0.387333 -10.251102 0.000000
-0.386667 -10.268516 0.000000
-0.386000 -10.285988 0.000000
-0.385333 -10.303520 0.000000
-0.384667 -10.321111 0.000000
-0.384000 -10.338762 0.000000
-0.383333 -10.356473 0.000000
-0.382667 -10.374244 0.000000
-0.382000 -10.392076 0.000000
-0.381333 -10.409968 0.000000
-0.380667 -10.427922 0.000000
-0.380000 -10.445938 0.000000
-0.379333 -10.464015 0.000000
-0.378667 -10.482155 0.000000
-0.378000 -10.500356 0.000000
-0.377333 -10.518621 0.000000
-0.376667 -10.536949 0.000000
-0.376000 -10.555341 0.000000
-0.375333 -10.573796 0.000000
-0.374667 -10.592315 0.000000
-0.374000 -10.610899 0.000000
-0.373333 -10.629548 0.000000
-0.372667 -10.648261 0.000000
-0.372000 -10.667041 0.000000
-0.371333 -10.685885 0.000000
-0.370667 -10.704797 0.000000
-0.370000 -10.723774 0.000000
-0.369333 -10.742819 0.000000
-0.368667 -10.761930 0.000000
-0.368000 -10.781110 0.000000
-0.367333 -10.800357 0.000000
-0.366667 -10.819672 0.000000
-0.366000 -10.839056 0.000000
-0.365333 -10.858509 0.000000
-0.364667 -10.878031 0.000000
-0.364000 -10.897624 0.000000
-0.363333 -10.917286 0.000000
-0.362667 -10.937018 0.000000
-0.362000 -10.956822 0.000000
-0.361333 -10.976696 0.000000
-0.360667 -10.996643 0.000000
-0.360000 -11.016661 0.000000
-0.359333 -11.036752 0.000000
-0.358667 -11.056915 0.000000
-0.358000 -11.077152 0.000000
-0.357333 -11.097462 0.000000
-0.356667 -11.117846 0.000000
-0.356000 -11.138304 0.000000
-0.355333 -11.158837 0.000000
-0.354667 -11.179446 0.000000
-0.354000 -11.200129 0.000000
-0.353333 -11.220889 0.000000
-0.352667 -11.241725 0.000000
-0.352000 -11.262638 0.000000
-0.351333 -11.283629 0.000000
-0.350667 -11.304697 0.000000
-0.350000 -11.325843 0.000000
-0.349333 -11.347067 0.000000
-0.348667 -11.368371 0.000000
-0.348000 -11.389754 0.000000
-0.347333 -11.411216 0.000000
-0.346667 -11.432759 0.000000
-0.346000 -11.454383 0.000000
-0.345333 -11.476088 0.000000
-0.344667 -11.497874 0.000000
-0.344000 -11.519743 0.000000
-0.343333 -11.541694 0.000000
-0.342667 -11.563728 0.000000
-0.342000 -11.585846 0.000000
-0.341333 -11.608047 0.000000
-0.340667 -11.630333 0.000000
-0.340000 -11.652704 0.000000
-0.339333 -11.675160 0.000000
-0.338667 -11.697702 0.000000
-0.338000 -11.720330 0.000000
-0.337333 -11.743045 0.000000
-0.336667 -11.765848 0.000000
-0.336000 -11.788738 0.000000
-0.335333 -11.811717 0.000000
-0.334667 -11.834785 0.000000
-0.334000 -11.857941 0.000000
-0.333333 -11.881188 0.000000
-0.332667 -11.904525 0.000000
-0.332000 -11.927953 0.000000
-0.331333 -11.951473 0.000000
-0.330667 -11.975084 0.000000
-0.330000 -11.998788 0.000000
-0.329333 -12.022585 0.000000
-0.328667 -12.046475 0.000000
-0.328000 -12.070460 0.000000
-0.327333 -12.094539 0.000000
-0.326667 -12.118714 0.000000
-0.326000 -12.142984 0.000000
-0.325333 -12.167351 0.000000
-0.324667 -12.191815 0.000000
-0.324000 -12.216376 0.000000
-0.323333 -12.241035 0.000000
-0.322667 -12.265793 0.000000
-0.322000 -12.290650 0.000000
-0.321333 -12.315607 0.000000
-0.320667 -12.340664 0.000000
-0.320000 -12.365822 0.000000
-0.319333 -12.391082 0.000000
-0.318667 -12.416444 0.000000
-0.318000 -12.441909 0.000000
-0.317333 -12.467478 0.000000
-0.316667 -12.493151 0.000000
-0.316000 -12.518928 0.000000
-0.315333 -12.544811 0.000000
-0.314667 -12.570800 0.000000
-0.314000 -12.596895 0.000000
-0.313333 -12.623098 0.000000
-0.312667 -12.649408 0.000000
-0.312000 -12.675827 0.000000
-0.311333 -12.702356 0.000000
-0.310667 -12.728994 0.000000
-0.310000 -12.755744 0.000000
-0.309333 -12.782604 0.000000
-0.308667 -12.809576 0.000000
-0.308000 -12.836661 0.000000
-0.307333 -12.863860 0.000000
-0.306667 -12.891172 0.000000
-0.306000 -12.918600 0.000000
-0.305333 -12.946143 0.000000
-0.304667 -12.973802 0.000000
-0.304000 -13.001578 0.000000
-0.303333 -13.029471 0.000000
-0.302667 -13.057484 0.000000
-0.302000 -13.085615 0.000000
-0.301333 -13.113866 0.000000
-0.300667 -13.142238 0.000000
-0.300000 -13.170732 0.000000
-0.299333 -13.199347 0.000000
-0.298667 -13.228086 0.000000
-0.298000 -13.256949 0.000000
-0.297333 -13.285936 0.000000
-0.296667 -13.315048 0.000000
-0.296000 -13.344287 0.000000
-0.295333 -13.373652 0.000000
-0.294667 -13.403146 0.000000
-0.294000 -13.432768 0.000000
-0.293333 -13.462519 0.000000
-0.292667 -13.492401 0.000000
-0.292000 -13.522414 0.000000
-0.291333 -13.552559 0.000000
-0.290667 -13.582837 0.000000
-0.290000 -13.613248 0.000000
-0.289333 -13.643794 0.000000
-0.288667 -13.674476 0.000000
-0.288000 -13.705294 0.000000
-0.287333 -13.736249 0.000000
-0.286667 -13.767343 0.000000
-0.286000 -13.798575 0.000000
-0.285333 -13.829948 0.000000
-0.284667 -13.861461 0.000000
-0.284000 -13.893116 0.000000
-0.283333 -13.924915 0.000000
-0.282667 -13.956857 0.000000
-0.282000 -13.988943 0.000000
-0.281333 -14.021176 0.000000
-0.280667 -14.053555 0.000000
-0.280000 -14.086082 0.000000
-0.279333 -14.118757 0.000000
-0.278667 -14.151582 0.000000
-0.278000 -14.184558 0.000000
-0.277333 -14.217686 0.000000
-0.276667 -14.250966 0.000000
-0.276000 -14.284400 0.000000
-0.275333 -14.317989 0.000000
-0.274667 -14.351734 0.000000
-0.274000 -14.385635 0.000000
-0.273333 -14.419695 0.000000
-0.272667 -14.453914 0.000000
-0.272000 -14.488293 0.000000
-0.271333 -14.522834 0.000000
-0.270667 -14.557537 0.000000
-0.270000 -14.592404 0.000000
-0.269333 -14.627435 0.000000
-0.268667 -14.662632 0.000000
-0.268000 -14.697996 0.000000
-0.267333 -14.733529 0.000000
-0.266667 -14.769231 0.000000
-0.266000 -14.805103 0.000000
-0.265333 -14.841148 0.000000
-0.264667 -14.877365 0.000000
-0.264000 -14.913756 0.000000
-0.263333 -14.950323 0.000000
-0.262667 -14.987067 0.000000
-0.262000 -15.023989 0.000000
-0.261333 -15.061090 0.000000
-0.260667 -15.098371 0.000000
-0.260000 -15.135834 0.000000
-0.259333 -15.173481 0.000000
-0.258667 -15.211312 0.000000
-0.258000 -15.249328 0.000000
-0.257333 -15.287532 0.000000
-0.256667 -15.325925 0.000000
-0.256000 -15.364507 0.000000
-0.255333 -15.403280 0.000000
-0.254667 -15.442247 0.000000
-0.254000 -15.481407 0.000000
-0.253333 -15.520762 0.000000
-0.252667 -15.560315 0.000000
-0.252000 -15.600066 0.000000
-0.251333 -15.640017 0.000000
-0.250667 -15.680169 0.000000
-0.250000 -15.720524 0.000000
-0.249333 -15.761083 0.000000
-0.248667 -15.801848 0.000000
-0.248000 -15.842821 0.000000
-0.247333 -15.884003 0.000000
-0.246667 -15.925395 0.000000
-0.246000 -15.966999 0.000000
-0.245333 -16.008816 0.000000
-0.244667 -16.050850 0.000000
-0.244000 -16.093100 0.000000
-0.243333 -16.135568 0.000000
-0.242667 -16.178257 0.000000
-0.242000 -16.221168 0.000000
-0.241333 -16.264302 0.000000
-0.240667 -16.307662 0.000000
-0.240000 -16.351249 0.000000
-0.239333 -16.395065 0.000000
-0.238667 -16.439111 0.000000
-0.238000 -16.483390 0.000000
-0.237333 -16.527902 0.000000
-0.236667 -16.572651 0.000000
-0.236000 -16.617638 0.000000
-0.235333 -16.662864 0.000000
-0.234667 -16.708332 0.000000
-0.234000 -16.754043 0.000000
-0.233333 -16.800000 0.000000
-0.232667 -16.846204 0.000000
-0.232000 -16.892657 0.000000
-0.231333 -16.939362 0.000000
-0.230667 -16.986319 0.000000
-0.230000 -17.033532 0.000000
-0.229333 -17.081002 0.000000
-0.228667 -17.128732 0.000000
-0.228000 -17.176723 0.000000
-0.227333 -17.224977 0.000000
-0.226667 -17.273497 0.000000
-0.226000 -17.322285 0.000000
-0.225333 -17.371342 0.000000
-0.224667 -17.420672 0.000000
-0.224000 -17.470276 0.000000
-0.223333 -17.520157 0.000000
-0.222667 -17.570316 0.000000
-0.222000 -17.620757 0.000000
-0.221333 -17.671481 0.000000
-0.220667 -17.722490 0.000000
-0.220000 -17.773788 0.000000
-0.219333 -17.825376 0.000000
-0.218667 -17.877257 0.000000
-0.218000 -17.929434 0.000000
-0.217333 -17.981908 0.000000
-0.216667 -18.034682 0.000000
-0.216000 -18.087759 0.000000
-0.215333 -18.141141 0.000000
-0.214667 -18.194832 0.000000
-0.214000 -18.248832 0.000000
-0.213333 -18.303146 0.000000
-0.212667 -18.357775 0.000000
-0.212000 -18.412723 0.000000
-0.211333 -18.467992 0.000000
-0.210667 -18.523584 0.000000
-0.210000 -18.579504 0.000000
-0.209333 -18.635752 0.000000
-0.208667 -18.692333 0.000000
-0.208000 -18.749249 0.000000
-0.207333 -18.806503 0.000000
-0.206667 -18.864097 0.000000
-0.206000 -18.922036 0.000000
-0.205333 -18.980321 0.000000
-0.204667 -19.038956 0.000000
-0.204000 -19.097945 0.000000
-0.203333 -19.157289 0.000000
-0.202667 -19.216992 0.000000
-0.202000 -19.277057 0.000000
-0.201333 -19.337488 0.000000
-0.200667 -19.398288 0.000000
-0.200000 -19.459459 0.000000
-0.199333 -19.521006 0.000000
-0.198667 -19.582932 0.000000
-0.198000 -19.645239 0.000000
-0.197333 -19.707932 0.000000
-0.196667 -19.771014 0.000000
-0.196000 -19.834488 0.000000
-0.195333 -19.898358 0.000000
-0.194667 -19.962627 0.000000
-0.194000 -20.027300 0.000000
-0.193333 -20.092379 0.000000
-0.192667 -20.157868 0.000000
-0.192000 -20.223772 0.000000
-0.191333 -20.290094 0.000000
-0.190667 -20.356838 0.000000
-0.190000 -20.424007 0.000000
-0.189333 -20.491606 0.000000
-0.188667 -20.559639 0.000000
-0.188000 -20.628109 0.000000
-0.187333 -20.697021 0.000000
-0.186667 -20.766378 0.000000
-0.186000 -20.836186 0.000000
-0.185333 -20.906447 0.000000
-0.184667 -20.977167 0.000000
-0.184000 -21.048350 0.000000
-0.183333 -21.120000 0.000000
-0.182667 -21.192121 0.000000
-0.182000 -21.264718 0.000000
-0.181333 -21.337796 0.000000
-0.180667 -21.411359 0.000000
-0.180000 -21.485411 0.000000
-0.179333 -21.559958 0.000000
-0.178667 -21.635003 0.000000
-0.178000 -21.710553 0.000000
-0.177333 -21.786611 0.000000
-0.176667 -21.863183 0.000000
-0.176000 -21.940274 0.000000
-0.175333 -22.017888 0.000000
-0.174667 -22.096031 0.000000
-0.174000 -22.174707 0.000000
-0.173333 -22.253923 0.000000
-0.172667 -22.333683 0.000000
-0.172000 -22.413993 0.000000
-0.171333 -22.494858 0.000000
-0.170667 -22.576283 0.000000
-0.170000 -22.658275 0.000000
-0.169333 -22.740838 0.000000
-0.168667 -22.823979 0.000000
-0.168000 -22.907703 0.000000
-0.167333 -22.992015 0.000000
-0.166667 -23.076923 0.000000
-0.166000 -23.162432 0.000000
-0.165333 -23.248547 0.000000
-0.164667 -23.335275 0.000000
-0.164000 -23.422623 0.000000
-0.163333 -23.510596 0.000000
-0.162667 -23.599200 0.000000
-0.162000 -23.688443 0.000000
-0.161333 -23.778331 0.000000
-0.160667 -23.868870 0.000000
-0.160000 -23.960067 0.000000
-0.159333 -24.051928 0.000000
-0.158667 -24.144461 0.000000
-0.158000 -24.237672 0.000000
-0.157333 -24.331569 0.000000
-0.156667 -24.426159 0.000000
-0.156000 -24.521448 0.000000
-0.155333 -24.617444 0.000000
-0.154667 -24.714154 0.000000
-0.154000 -24.811586 0.000000
-0.153333 -24.909747 0.000000
-0.152667 -25.008646 0.000000
-0.152000 -25.108289 0.000000
-0.151333 -25.208684 0.000000
-0.150667 -25.309840 0.000000
-0.150000 -25.411765 0.000000
-0.149333 -25.514466 0.000000
-0.148667 -25.617952 0.000000
-0.148000 -25.722231 0.000000
-0.147333 -25.827312 0.000000
-0.146667 -25.933202 0.000000
-0.146000 -26.039912 0.000000
-0.145333 -26.147449 0.000000
-0.144667 -26.255823 0.000000
-0.144000 -26.365042 0.000000
-0.143333 -26.475115 0.000000
-0.142667 -26.586053 0.000000
-0.142000 -26.697863 0.000000
-0.141333 -26.810556 0.000000
-0.140667 -26.924140 0.000000
-0.140000 -27.038627 0.000000
-0.139333 -27.154024 0.000000
-0.138667 -27.270344 0.000000
-0.138000 -27.387594 0.000000
-0.137333 -27.505786 0.000000
-0.136667 -27.624930 0.000000
-0.136000 -27.745036 0.000000
-0.135333 -27.866115 0.000000
-0.134667 -27.988177 0.000000
-0.134000 -28.111233 0.000000
-0.133333 -28.235294 0.000000
-0.132667 -28.360371 0.000000
-0.132000 -28.486476 0.000000
-0.131333 -28.613619 0.000000
-0.130667 -28.741812 0.000000
-0.130000 -28.871067 0.000000
-0.129333 -29.001395 0.000000
-0.128667 -29.132808 0.000000
-0.128000 -29.265319 0.000000
-0.127333 -29.398938 0.000000
-0.126667 -29.533679 0.000000
-0.126000 -29.669553 0.000000
-0.125333 -29.806574 0.000000
-0.124667 -29.944754 0.000000
-0.124000 -30.084106 0.000000
-0.123333 -30.224643 0.000000
-0.122667 -30.366377 0.000000
-0.122000 -30.509322 0.000000
-0.121333 -30.653492 0.000000
-0.120667 -30.798900 0.000000
-0.120000 -30.945559 0.000000
-0.119333 -31.093483 0.000000
-0.118667 -31.242687 0.000000
-0.118000 -31.393183 0.000000
-0.117333 -31.544987 0.000000
-0.116667 -31.698113 0.000000
-0.116000 -31.852575 0.000000
-0.115333 -32.008388 0.000000
-0.114667 -32.165565 0.000000
-0.114000 -32.324123 0.000000
-0.113333 -32.484076 0.000000
-0.112667 -32.645440 0.000000
-0.112000 -32.808228 0.000000
-0.111333 -32.972457 0.000000
-0.110667 -33.138142 0.000000
-0.110000 -33.305299 0.000000
-0.109333 -33.473942 0.000000
-0.108667 -33.644088 0.000000
-0.108000 -33.815753 0.000000
-0.107333 -33.988952 0.000000
-0.106667 -34.163701 0.000000
-0.106000 -34.340017 0.000000
-0.105333 -34.517914 0.000000
-0.104667 -34.697411 0.000000
-0.104000 -34.878521 0.000000
-0.103333 -35.061263 0.000000
-0.102667 -35.245652 0.000000
-0.102000 -35.431703 0.000000
-0.101333 -35.619434 0.000000
-0.100667 -35.808861 0.000000
-0.100000 -36.000000 0.000000
-0.099333 -36.192867 0.000000
-0.098667 -36.387477 0.000000
-0.098000 -36.583848 0.000000
-0.097333 -36.781995 0.000000
-0.096667 -36.981934 0.000000
-0.096000 -37.183680 0.000000
-0.095333 -37.387250 0.000000
-0.094667 -37.592658 0.000000
-0.094000 -37.799920 0.000000
-0.093333 -38.009050 0.000000
-0.092667 -38.220063 0.000000
-0.092000 -38.432974 0.000000
-0.091333 -38.647797 0.000000
-0.090667 -38.864546 0.000000
-0.090000 -39.083233 0.000000
-0.089333 -39.303872 0.000000
-0.088667 -39.526475 0.000000
-0.088000 -39.751054 0.000000
-0.087333 -39.977621 0.000000
-0.086667 -40.206186 0.000000
-0.086000 -40.436759 0.000000
-0.085333 -40.669350 0.000000
-0.084667 -40.903967 0.000000
-0.084000 -41.140618 0.000000
-0.083333 -41.379310 0.000000
-0.082667 -41.620049 0.000000
-0.082000 -41.862840 0.000000
-0.081333 -42.107685 0.000000
-0.080667 -42.354588 0.000000
-0.080000 -42.603550 0.000000
-0.079333 -42.854571 0.000000
-0.078667 -43.107647 0.000000
-0.078000 -43.362777 0.000000
-0.077333 -43.619955 0.000000
-0.076667 -43.879173 0.000000
-0.076000 -44.140423 0.000000
-0.075333 -44.403694 0.000000
-0.074667 -44.668971 0.000000
-0.074000 -44.936239 0.000000
-0.073333 -45.205479 0.000000
-0.072667 -45.476671 0.000000
-0.072000 -45.749788 0.000000
-0.071333 -46.024805 0.000000
-0.070667 -46.301689 0.000000
-0.070000 -46.580407 0.000000
-0.069333 -46.860919 0.000000
-0.068667 -47.143184 0.000000
-0.068000 -47.427154 0.000000
-0.067333 -47.712779 0.000000
-0.066667 -48.000000 0.000000
-0.066000 -48.288757 0.000000
-0.065333 -48.578982 0.000000
-0.064667 -48.870602 0.000000
-0.064000 -49.163537 0.000000
-0.063333 -49.457701 0.000000
-0.062667 -49.752999 0.000000
-0.062000 -50.049332 0.000000
-0.061333 -50.346589 0.000000
-0.060667 -50.644653 0.000000
-0.060000 -50.943396 0.000000
-0.059333 -51.242683 0.000000
-0.058667 -51.542366 0.000000
-0.058000 -51.842288 0.000000
-0.057333 -52.142280 0.000000
-0.056667 -52.442159 0.000000
-0.056000 -52.741733 0.000000
-0.055333 -53.040792 0.000000
-0.054667 -53.339115 0.000000
-0.054000 -53.636464 0.000000
-0.053333 -53.932584 0.000000
-0.052667 -54.227205 0.000000
-0.052000 -54.520037 0.000000
-0.051333 -54.810772 0.000000
-0.050667 -55.099082 0.000000
-0.050000 -55.384615 0.000000
-0.049333 -55.667001 0.000000
-0.048667 -55.945842 0.000000
-0.048000 -56.220718 0.000000
-0.047333 -56.491182 0.000000
-0.046667 -56.756757 0.000000
-0.046000 -57.016940 0.000000
-0.045333 -57.271196 0.000000
-0.044667 -57.518958 0.000000
-0.044000 -57.759627 0.000000
-0.043333 -57.992565 0.000000
-0.042667 -58.217101 0.000000
-0.042000 -58.432524 0.000000
-0.041333 -58.638083 0.000000
-0.040667 -58.832985 0.000000
-0.040000 -59.016393 0.000000
-0.039333 -59.187427 0.000000
-0.038667 -59.345157 0.000000
-0.038000 -59.488607 0.000000
-0.037333 -59.616749 0.000000
-0.036667 -59.728507 0.000000
-0.036000 -59.822747 0.000000
-0.035333 -59.898286 0.000000
-0.034667 -59.953882 0.000000
-0.034000 -59.988238 0.000000
-0.033333 -60.000000 0.000000
-0.032667 -59.987758 0.000000
-0.032000 -59.950042 0.000000
-0.031333 -59.885326 0.000000
-0.030667 -59.792028 0.000000
-0.030000 -59.668508 0.000000
-0.029333 -59.513075 0.000000
-0.028667 -59.323983 0.000000
-0.028000 -59.099437 0.000000
-0.027333 -58.837599 0.000000
-0.026667 -58.536585 0.000000
-0.026000 -58.194479 0.000000
-0.025333 -57.809331 0.000000
-0.024667 -57.379168 0.000000
-0.024000 -56.902002 0.000000
-0.023333 -56.375839 0.000000
-0.022667 -55.798687 0.000000
-0.022000 -55.168571 0.000000
-0.021333 -54.483541 0.000000
-0.020667 -53.741693 0.000000
-0.020000 -52.941176 0.000000
-0.019333 -52.080216 0.000000
-0.018667 -51.157125 0.000000
-0.018000 -50.170331 0.000000
-0.017333 -49.118388 0.000000
-0.016667 -48.000000 0.000000
-0.016000 -46.814044 0.000000
-0.015333 -45.559591 0.000000
-0.014667 -44.235925 0.000000
-0.014000 -42.842571 0.000000
-0.013333 -41.379310 0.000000
-0.012667 -39.846208 0.000000
-0.012000 -38.243626 0.000000
-0.011333 -36.572248 0.000000
-0.010667 -34.833091 0.000000
-0.010000 -33.027523 0.000000
-0.009333 -31.157270 0.000000
-0.008667 -29.224429 0.000000
-0.008000 -27.231467 0.000000
-0.007333 -25.181229 0.000000
-0.006667 -23.076923 0.000000
-0.006000 -20.922123 0.000000
-0.005333 -18.720749 0.000000
-0.004667 -16.477050 0.000000
-0.004000 -14.195584 0.000000
-0.003333 -11.881188 0.000000
-0.002667 -9.538951 0.000000
-0.002000 -7.174173 0.000000
-0.001333 -4.792332 0.000000
-0.000667 -2.399040 0.000000
0.000000 0.000000 0.763944
0.000667 2.399040 1.527582
0.001333 4.792332 2.290305
0.002000 7.174173 3.051509
0.002667 9.538951 3.810594
0.003333 11.881188 4.566974
0.004000 14.195584 5.320073
0.004667 16.477050 6.069332
0.005333 18.720749 6.814207
0.006000 20.922123 7.554175
0.006667 23.076923 8.288737
0.007333 25.181229 9.017412
0.008000 27.231467 9.739750
0.008667 29.224429 10.455321
0.009333 31.157270 11.163725
0.010000 33.027523 11.864591
0.010667 34.833091 12.557574
0.011333 36.572248 13.242356
0.012000 38.243626 13.918652
0.012667 39.846208 14.586202
0.013333 41.379310 15.244774
0.014000 42.842571 15.894165
0.014667 44.235925 16.534198
0.015333 45.559591 17.164723
0.016000 46.814044 17.785614
0.016667 48.000000 18.396769
0.017333 49.118388 18.998110
0.018000 50.170331 19.589580
0.018667 51.157125 20.171145
0.019333 52.080216 20.742788
0.020000 52.941176 21.304512
0.020667 53.741693 21.856335
0.021333 54.483541 22.398293
0.022000 55.168571 22.930435
0.022667 55.798687 23.452825
0.023333 56.375839 23.965539
0.024000 56.902002 24.468664
0.024667 57.379168 24.962295
0.025333 57.809331 25.446539
0.026000 58.194479 25.921510
0.026667 58.536585 26.387330
0.027333 58.837599 26.844124
0.028000 59.099437 27.292028
0.028667 59.323983 27.731177
0.029333 59.513075 28.161713
0.030000 59.668508 28.583781
0.030667 59.792028 28.997529
0.031333 59.885326 29.403106
0.032000 59.950042 29.800662
0.032667 59.987758 30.190349
0.033333 60.000000 30.572321
0.034000 59.988238 30.946730
0.034667 59.953882 31.313728
0.035333 59.898286 31.673468
0.036000 59.822747 32.026101
0.036667 59.728507 32.371777
0.037333 59.616749 32.710645
0.038000 59.488607 33.042852
0.038667 59.345157 33.368544
0.039333 59.187427 33.687865
0.040000 59.016393 34.000957
0.040667 58.832985 34.307959
0.041333 58.638083 34.609009
0.042000 58.432524 34.904241
0.042667 58.217101 35.193789
0.043333 57.992565 35.477783
0.044000 57.759627 35.756351
0.044667 57.518958 36.029617
0.045333 57.271196 36.297705
0.046000 57.016940 36.560735
0.046667 56.756757 36.818824
0.047333 56.491182 37.072088
0.048000 56.220718 37.320638
0.048667 55.945842 37.564585
0.049333 55.667001 37.804035
0.050000 55.384615 38.039095
0.050667 55.099082 38.269866
0.051333 54.810772 38.496448
0.052000 54.520037 38.718938
0.052667 54.227205 38.937433
0.053333 53.932584 39.152024
0.054000 53.636464 39.362802
0.054667 53.339115 39.569855
0.055333 53.040792 39.773270
0.056000 52.741733 39.973129
0.056667 52.442159 40.169516
0.057333 52.142280 40.362509
0.058000 51.842288 40.552186
0.058667 51.542366 40.738623
0.059333 51.242683 40.921893
0.060000 50.943396 41.102069
0.060667 50.644653 41.279219
0.061333 50.346589 41.453413
0.062000 50.049332 41.624716
0.062667 49.752999 41.793193
0.063333 49.457701 41.958908
0.064000 49.163537 42.121921
0.064667 48.870602 42.282292
0.065333 48.578982 42.440079
0.066000 48.288757 42.595340
0.066667 48.000000 42.748128
0.067333 47.712779 42.898499
0.068000 47.427154 43.046504
0.068667 47.143184 43.192195
0.069333 46.860919 43.335621
0.070000 46.580407 43.476831
0.070667 46.301689 43.615871
0.071333 46.024805 43.752788
0.072000 45.749788 43.887627
0.072667 45.476671 44.020432
0.073333 45.205479 44.151244
0.074000 44.936239 44.280106
0.074667 44.668971 44.407057
0.075333 44.403694 44.532138
0.076000 44.140423 44.655387
0.076667 43.879173 44.776840
0.077333 43.619955 44.896536
0.078000 43.362777 45.014508
0.078667 43.107647 45.130793
0.079333 42.854571 45.245423
0.080000 42.603550 45.358433
0.080667 42.354588 45.469853
0.081333 42.107685 45.579716
0.082000 41.862840 45.688053
0.082667 41.620049 45.794892
0.083333 41.379310 45.900264
0.084000 41.140618 46.004196
0.084667 40.903967 46.106717
0.085333 40.669350 46.207853
0.086000 40.436759 46.307631
0.086667 40.206186 46.406078
0.087333 39.977621 46.503217
0.088000 39.751054 46.599074
0.088667 39.526475 46.693673
0.089333 39.303872 46.787038
0.090000 39.083233 46.879190
0.090667 38.864546 46.970153
0.091333 38.647797 47.059949
0.092000 38.432974 47.148598
0.092667 38.220063 47.236122
0.093333 38.009050 47.322541
0.094000 37.799920 47.407875
0.094667 37.592658 47.492143
0.095333 37.387250 47.575365
0.096000 37.183680 47.657559
0.096667 36.981934 47.738743
0.097333 36.781995 47.818936
0.098000 36.583848 47.898153
0.098667 36.387477 47.976413
0.099333 36.192867 48.053732
0.100000 36.000000 48.130127
0.100667 35.808861 48.205612
0.101333 35.619434 48.280205
0.102000 35.431703 48.353919
0.102667 35.245652 48.426770
0.103333 35.061263 48.498772
0.104000 34.878521 48.569940
0.104667 34.697411 48.640287
0.105333 34.517914 48.709827
0.106000 34.340017 48.778574
0.106667 34.163701 48.846541
0.107333 33.988952 48.913740
0.108000 33.815753 48.980184
0.108667 33.644088 49.045884
0.109333 33.473942 49.110854
0.110000 33.305299 49.175105
0.110667 33.138142 49.238649
0.111333 32.972457 49.301496
0.112000 32.808228 49.363658
0.112667 32.645440 49.425145
0.113333 32.484076 49.485969
0.114000 32.324123 49.546139
0.114667 32.165565 49.605665
0.115333 32.008388 49.664559
0.116000 31.852575 49.722829
0.116667 31.698113 49.780485
0.117333 31.544987 49.837537
0.118000 31.393183 49.893993
0.118667 31.242687 49.949863
0.119333 31.093483 50.005156
0.120000 30.945559 50.059879
0.120667 30.798900 50.114043
0.121333 30.653492 50.167654
0.122000 30.509322 50.220722
0.122667 30.366377 50.273254
0.123333 30.224643 50.325259
0.124000 30.084106 50.376743
0.124667 29.944754 50.427715
0.125333 29.806574 50.478181
0.126000 29.669553 50.528150
0.126667 29.533679 50.577628
0.127333 29.398938 50.626623
0.128000 29.265319 50.675141
0.128667 29.132808 50.723189
0.129333 29.001395 50.770774
0.130000 28.871067 50.817902
0.130667 28.741812 50.864579
0.131333 28.613619 50.910813
0.132000 28.486476 50.956608
0.132667 28.360371 51.001972
0.133333 28.235294 51.046910
0.134000 28.111233 51.091428
0.134667 27.988177 51.135531
0.135333 27.866115 51.179226
0.136000 27.745036 51.222518
0.136667 27.624930 51.265412
0.137333 27.505786 51.307914
0.138000 27.387594 51.350028
0.138667 27.270344 51.391761
0.139333 27.154024 51.433117
0.140000 27.038627 51.474101
0.140667 26.924140 51.514718
0.141333 26.810556 51.554973
0.142000 26.697863 51.594871
0.142667 26.586053 51.634416
0.143333 26.475115 51.673613
0.144000 26.365042 51.712466
0.144667 26.255823 51.750979
0.145333 26.147449 51.789158
0.146000 26.039912 51.827007
0.146667 25.933202 51.864528
0.147333 25.827312 51.901728
0.148000 25.722231 51.938609
0.148667 25.617952 51.975176
0.149333 25.514466 52.011433
0.150000 25.411765 52.047383
0.150667 25.309840 52.083031
0.151333 25.208684 52.118380
0.152000 25.108289 52.153433
0.152667 25.008646 52.188195
0.153333 24.909747 52.222669
0.154000 24.811586 52.256859
0.154667 24.714154 52.290767
0.155333 24.617444 52.324398
0.156000 24.521448 52.357754
0.156667 24.426159 52.390840
0.157333 24.331569 52.423658
0.158000 24.237672 52.456211
0.158667 24.144461 52.488502
0.159333 24.051928 52.520536
0.160000 23.960067 52.552314
0.160667 23.868870 52.583839
0.161333 23.778331 52.615116
0.162000 23.688443 52.646146
0.162667 23.599200 52.676932
0.163333 23.510596 52.707478
0.164000 23.422623 52.737785
0.164667 23.335275 52.767857
0.165333 23.248547 52.797697
0.166000 23.162432 52.827307
0.166667 23.076923 52.856689
0.167333 22.992015 52.885847
0.168000 22.907703 52.914782
0.168667 22.823979 52.943498
0.169333 22.740838 52.971997
0.170000 22.658275 53.000281
0.170667 22.576283 53.028352
0.171333 22.494858 53.056213
0.172000 22.413993 53.083867
0.172667 22.333683 53.111315
0.173333 22.253923 53.138559
0.174000 22.174707 53.165603
0.174667 22.096031 53.192448
0.175333 22.017888 53.219096
0.176000 21.940274 53.245550
0.176667 21.863183 53.271812
0.177333 21.786611 53.297883
0.178000 21.710553 53.323765
0.178667 21.635003 53.349462
0.179333 21.559958 53.374974
0.180000 21.485411 53.400304
0.180667 21.411359 53.425453
0.181333 21.337796 53.450424
0.182000 21.264718 53.475218
0.182667 21.192121 53.499837
0.183333 21.120000 53.524283
0.184000 21.048350 53.548558
0.184667 20.977167 53.572664
0.185333 20.906447 53.596601
0.186000 20.836186 53.620373
0.186667 20.766378 53.643981
0.187333 20.697021 53.667426
0.188000 20.628109 53.690710
0.188667 20.559639 53.713835
0.189333 20.491606 53.736802
0.190000 20.424007 53.759613
0.190667 20.356838 53.782270
0.191333 20.290094 53.804774
0.192000 20.223772 53.827126
0.192667 20.157868 53.849328
0.193333 20.092379 53.871382
0.194000 20.027300 53.893289
0.194667 19.962627 53.915050
0.195333 19.898358 53.936667
0.196000 19.834488 53.958142
0.196667 19.771014 53.979475
0.197333 19.707932 54.000668
0.198000 19.645239 54.021723
0.198667 19.582932 54.042641
0.199333 19.521006 54.063422
0.200000 19.459459 54.084069
0.200667 19.398288 54.104583
0.201333 19.337488 54.124965
0.202000 19.277057 54.145216
0.202667 19.216992 54.165338
0.203333 19.157289 54.185331
0.204000 19.097945 54.205197
0.204667 19.038956 54.224938
0.205333 18.980321 54.244553
0.206000 18.922036 54.264045
0.206667 18.864097 54.283415
0.207333 18.806503 54.302664
0.208000 18.749249 54.321792
0.208667 18.692333 54.340802
0.209333 18.635752 54.359693
0.210000 18.579504 54.378468
0.210667 18.523584 54.397127
0.211333 18.467992 54.415671
0.212000 18.412723 54.434102
0.212667 18.357775 54.452420
0.213333 18.303146 54.470626
0.214000 18.248832 54.488722
0.214667 18.194832 54.506709
0.215333 18.141141 54.524586
0.216000 18.087759 54.542356
0.216667 18.034682 54.560020
0.217333 17.981908 54.577578
0.218000 17.929434 54.595031
0.218667 17.877257 54.612380
0.219333 17.825376 54.629626
0.220000 17.773788 54.646770
0.220667 17.722490 54.663813
0.221333 17.671481 54.680756
0.222000 17.620757 54.697599
0.222667 17.570316 54.714344
0.223333 17.520157 54.730991
0.224000 17.470276 54.747542
0.224667 17.420672 54.763996
0.225333 17.371342 54.780356
0.226000 17.322285 54.796621
0.226667 17.273497 54.812792
0.227333 17.224977 54.828871
0.228000 17.176723 54.844858
0.228667 17.128732 54.860754
0.229333 17.081002 54.876559
0.230000 17.033532 54.892275
0.230667 16.986319 54.907902
0.231333 16.939362 54.923441
0.232000 16.892657 54.938892
0.232667 16.846204 54.954257
0.233333 16.800000 54.969536
0.234000 16.754043 54.984730
0.234667 16.708332 54.999839
0.235333 16.662864 55.014864
0.236000 16.617638 55.029806
0.236667 16.572651 55.044666
0.237333 16.527902 55.059444
0.238000 16.483390 55.074141
0.238667 16.439111 55.088758
0.239333 16.395065 55.103295
0.240000 16.351249 55.117752
0.240667 16.307662 55.132132
0.241333 16.264302 55.146433
0.242000 16.221168 55.160657
0.242667 16.178257 55.174805
0.243333 16.135568 55.188876
0.244000 16.093100 55.202872
0.244667 16.050850 55.216794
0.245333 16.008816 55.230641
0.246000 15.966999 55.244414
0.246667 15.925395 55.258115
0.247333 15.884003 55.271743
0.248000 15.842821 55.285299
0.248667 15.801848 55.298784
0.249333 15.761083 55.312198
0.250000 15.720524 55.325542
0.250667 15.680169 55.338817
0.251333 15.640017 55.352022
0.252000 15.600066 55.365159
0.252667 15.560315 55.378227
0.253333 15.520762 55.391228
0.254000 15.481407 55.404162
0.254667 15.442247 55.417030
0.255333 15.403280 55.429832
0.256000 15.364507 55.442568
0.256667 15.325925 55.455239
0.257333 15.287532 55.467846
0.258000 15.249328 55.480388
0.258667 15.211312 55.492867
0.259333 15.173481 55.505284
0.260000 15.135834 55.517637
0.260667 15.098371 55.529929
0.261333 15.061090 55.542158
0.262000 15.023989 55.554327
0.262667 14.987067 55.566435
0.263333 14.950323 55.578483
0.264000 14.913756 55.590471
0.264667 14.877365 55.602399
0.265333 14.841148 55.614269
0.266000 14.805103 55.626080
0.266667 14.769231 55.637833
0.267333 14.733529 55.649528
0.268000 14.697996 55.661166
0.268667 14.662632 55.672747
0.269333 14.627435 55.684272
0.270000 14.592404 55.695741
0.270667 14.557537 55.707154
0.271333 14.522834 55.718513
0.272000 14.488293 55.729816
0.272667 14.453914 55.741065
0.273333 14.419695 55.752260
0.274000 14.385635 55.763401
0.274667 14.351734 55.774489
0.275333 14.317989 55.785525
0.276000 14.284400 55.796507
0.276667 14.250966 55.807438
0.277333 14.217686 55.818317
0.278000 14.184558 55.829144
0.278667 14.151582 55.839921
0.279333 14.118757 55.850647
0.280000 14.086082 55.861322
0.280667 14.053555 55.871948
0.281333 14.021176 55.882524
0.282000 13.988943 55.893051
0.282667 13.956857 55.903529
0.283333 13.924915 55.913958
0.284000 13.893116 55.924339
0.284667 13.861461 55.934672
0.285333 13.829948 55.944958
0.286000 13.798575 55.955196
0.286667 13.767343 55.965387
0.287333 13.736249 55.975532
0.288000 13.705294 55.985630
0.288667 13.674476 55.995683
0.289333 13.643794 56.005690
0.290000 13.613248 56.015651
0.290667 13.582837 56.025568
0.291333 13.552559 56.035439
0.292000 13.522414 56.045266
0.292667 13.492401 56.055049
0.293333 13.462519 56.064789
0.294000 13.432768 56.074484
0.294667 13.403146 56.084137
0.295333 13.373652 56.093746
0.296000 13.344287 56.103313
0.296667 13.315048 56.112837
0.297333 13.285936 56.122319
0.298000 13.256949 56.131760
0.298667 13.228086 56.141158
0.299333 13.199347 56.150516
0.300000 13.170732 56.159832
0.300667 13.142238 56.169108
0.301333 13.113866 56.178343
0.302000 13.085615 56.187538
0.302667 13.057484 56.196693
0.303333 13.029471 56.205808
0.304000 13.001578 56.214884
0.304667 12.973802 56.223920
0.305333 12.946143 56.232918
0.306000 12.918600 56.241877
0.306667 12.891172 56.250797
0.307333 12.863860 56.259679
0.308000 12.836661 56.268523
0.308667 12.809576 56.277330
0.309333 12.782604 56.286099
0.310000 12.755744 56.294831
0.310667 12.728994 56.303525
0.311333 12.702356 56.312183
0.312000 12.675827 56.320805
0.312667 12.649408 56.329390
0.313333 12.623098 56.337939
0.314000 12.596895 56.346452
0.314667 12.570800 56.354930
0.315333 12.544811 56.363372
0.316000 12.518928 56.371779
0.316667 12.493151 56.380151
0.317333 12.467478 56.388488
0.318000 12.441909 56.396791
0.318667 12.416444 56.405059
0.319333 12.391082 56.413294
0.320000 12.365822 56.421494
0.320667 12.340664 56.429660
0.321333 12.315607 56.437794
0.322000 12.290650 56.445894
0.322667 12.265793 56.453960
0.323333 12.241035 56.461994
0.324000 12.216376 56.469995
0.324667 12.191815 56.477964
0.325333 12.167351 56.485901
0.326000 12.142984 56.493805
0.326667 12.118714 56.501677
0.327333 12.094539 56.509518
0.328000 12.070460 56.517327
0.328667 12.046475 56.525105
0.329333 12.022585 56.532852
0.330000 11.998788 56.540568
0.330667 11.975084 56.548253
0.331333 11.951473 56.555907
0.332000 11.927953 56.563532
0.332667 11.904525 56.571125
0.333333 11.881188 56.578689
0.334000 11.857941 56.586223
0.334667 11.834785 56.593727
0.335333 11.811717 56.601202
0.336000 11.788738 56.608647
0.336667 11.765848 56.616064
0.337333 11.743045 56.623451
0.338000 11.720330 56.630809
0.338667 11.697702 56.638139
0.339333 11.675160 56.645440
0.340000 11.652704 56.652713
0.340667 11.630333 56.659958
0.341333 11.608047 56.667174
0.342000 11.585846 56.674363
0.342667 11.563728 56.681525
0.343333 11.541694 56.688658
0.344000 11.519743 56.695764
0.344667 11.497874 56.702844
0.345333 11.476088 56.709896
0.346000 11.454383 56.716921
0.346667 11.432759 56.723919
0.347333 11.411216 56.730891
0.348000 11.389754 56.737836
0.348667 11.368371 56.744755
0.349333 11.347067 56.751648
0.350000 11.325843 56.758515
0.350667 11.304697 56.765356
0.351333 11.283629 56.772172
0.352000 11.262638 56.778961
0.352667 11.241725 56.785726
0.353333 11.220889 56.792465
0.354000 11.200129 56.799179
0.354667 11.179446 56.805868
0.355333 11.158837 56.812532
0.356000 11.138304 56.819171
0.356667 11.117846 56.825786
0.357333 11.097462 56.832376
0.358000 11.077152 56.838942
0.358667 11.056915 56.845484
0.359333 11.036752 56.852002
0.360000 11.016661 56.858496
0.360667 10.996643 56.864966
0.361333 10.976696 56.871413
0.362000 10.956822 56.877836
0.362667 10.937018 56.884235
0.363333 10.917286 56.890611
0.364000 10.897624 56.896965
0.364667 10.878031 56.903295
0.365333 10.858509 56.909602
0.366000 10.839056 56.915886
0.366667 10.819672 56.922148
0.367333 10.800357 56.928388
0.368000 10.781110 56.934605
0.368667 10.761930 56.940799
0.369333 10.742819 56.946972
0.370000 10.723774 56.953122
0.370667 10.704797 56.959251
0.371333 10.685885 56.965357
0.372000 10.667041 56.971442
0.372667 10.648261 56.977506
0.373333 10.629548 56.983548
0.374000 10.610899 56.989568
0.374667 10.592315 56.995568
0.375333 10.573796 57.001546
0.376000 10.555341 57.007503
0.376667 10.536949 57.013439
0.377333 10.518621 57.019355
0.378000 10.500356 57.025250
0.378667 10.482155 57.031124
0.379333 10.464015 57.036978
0.380000 10.445938 57.042811
0.380667 10.427922 57.048624
0.381333 10.409968 57.054417
0.382000 10.392076 57.060190
0.382667 10.374244 57.065943
0.383333 10.356473 57.071676
0.384000 10.338762 57.077390
0.384667 10.321111 57.083084
0.385333 10.303520 57.088758
0.386000 10.285988 57.094413
0.386667 10.268516 57.100048
0.387333 10.251102 57.105664
0.388000 10.233747 57.111261
0.388667 10.216450 57.116839
0.389333 10.199211 57.122398
0.390000 10.182029 57.127939
0.390667 10.164905 57.133460
0.391333 10.147838 57.138963
0.392000 10.130828 57.144447
0.392667 10.113874 57.149913
0.393333 10.096977 57.155360
0.394000 10.080135 57.160790
0.394667 10.063349 57.166200
0.395333 10.046619 57.171593
0.396000 10.029943 57.176968
0.396667 10.013323 57.182325
0.397333 9.996757 57.187664
0.398000 9.980246 57.192985
0.398667 9.963788 57.198289
0.399333 9.947385 57.203575
0.400000 9.931034 57.208844
0.400667 9.914738 57.214095
0.401333 9.898494 57.219329
0.402000 9.882303 57.224545
0.402667 9.866164 57.229745
0.403333 9.850078 57.234927
0.404000 9.834044 57.240093
0.404667 9.818061 57.245241
0.405333 9.802130 57.250373
0.406000 9.786251 57.255488
0.406667 9.770422 57.260586
0.407333 9.754644 57.265668
0.408000 9.738916 57.270734
0.408667 9.723239 57.275783
0.409333 9.707612 57.280815
0.410000 9.692035 57.285832
0.410667 9.676507 57.290832
0.411333 9.661029 57.295816
0.412000 9.645600 57.300784
0.412667 9.630219 57.305736
0.413333 9.614888 57.310672
0.414000 9.599604 57.315593
0.414667 9.584369 57.320498
0.415333 9.569182 57.325387
0.416000 9.554043 57.330261
0.416667 9.538951 57.335119
0.417333 9.523906 57.339962
0.418000 9.508909 57.344789
0.418667 9.493958 57.349601
0.419333 9.479054 57.354398
0.420000 9.464196 57.359180
0.420667 9.449385 57.363947
0.421333 9.434619 57.368698
0.422000 9.419900 57.373435
0.422667 9.405226 57.378157
0.423333 9.390597 57.382865
0.424000 9.376014 57.387557
0.424667 9.361475 57.392235
0.425333 9.346981 57.396899
0.426000 9.332532 57.401547
0.426667 9.318127 57.406182
0.427333 9.303766 57.410802
0.428000 9.289449 57.415408
0.428667 9.275176 57.419999
0.429333 9.260946 57.424577
0.430000 9.246759 57.429140
0.430667 9.232616 57.433689
0.431333 9.218516 57.438225
0.432000 9.204458 57.442746
0.432667 9.190443 57.447254
0.433333 9.176471 57.451747
0.434000 9.162540 57.456227
0.434667 9.148652 57.460694
0.435333 9.134805 57.465147
0.436000 9.121000 57.469586
0.436667 9.107236 57.474012
0.437333 9.093513 57.478424
0.438000 9.079832 57.482823
0.438667 9.066191 57.487209
0.439333 9.052592 57.491582
0.440000 9.039032 57.495941
0.440667 9.025513 57.500287
0.441333 9.012034 57.504621
0.442000 8.998595 57.508941
0.442667 8.985196 57.513248
0.443333 8.971837 57.517543
0.444000 8.958516 57.521824
0.444667 8.945236 57.526093
0.445333 8.931994 57.530350
0.446000 8.918791 57.534593
0.446667 8.905627 57.538824
0.447333 8.892501 57.543043
0.448000 8.879414 57.547248
0.448667 8.866366 57.551442
0.449333 8.853355 57.555623
0.450000 8.840382 57.559792
0.450667 8.827447 57.563949
0.451333 8.814549 57.568093
0.452000 8.801689 57.572225
0.452667 8.788867 57.576345
0.453333 8.776081 57.580454
0.454000 8.763332 57.584550
0.454667 8.750620 57.588634
0.455333 8.737945 57.592706
0.456000 8.725306 57.596767
0.456667 8.712703 57.600815
0.457333 8.700137 57.604852
0.458000 8.687607 57.608877
0.458667 8.675112 57.612891
0.459333 8.662653 57.616893
0.460000 8.650230 57.620884
0.460667 8.637842 57.624863
0.461333 8.625489 57.628830
0.462000 8.613172 57.632787
0.462667 8.600889 57.636731
0.463333 8.588641 57.640665
0.464000 8.576428 57.644587
0.464667 8.564249 57.648499
0.465333 8.552105 57.652399
0.466000 8.539995 57.656287
0.466667 8.527919 57.660165
0.467333 8.515877 57.664032
0.468000 8.503868 57.667888
0.468667 8.491894 57.671733
0.469333 8.479952 57.675567
0.470000 8.468045 57.679391
0.470667 8.456170 57.683203
0.471333 8.444329 57.687005
0.472000 8.432520 57.690796
0.472667 8.420744 57.694577
0.473333 8.409001 57.698347
0.474000 8.397291 57.702106
0.474667 8.385613 57.705855
0.475333 8.373967 57.709594
0.476000 8.362353 57.713322
0.476667 8.350771 57.717039
0.477333 8.339222 57.720747
0.478000 8.327703 57.724444
0.478667 8.316217 57.728131
0.479333 8.304762 57.731807
0.480000 8.293338 57.735474
0.480667 8.281946 57.739130
0.481333 8.270585 57.742776
0.482000 8.259255 57.746412
0.482667 8.247955 57.750039
0.483333 8.236686 57.753655
0.484000 8.225448 57.757261
0.484667 8.214241 57.760858
0.485333 8.203063 57.764445
0.486000 8.191916 57.768022
0.486667 8.180799 57.771589
0.487333 8.169712 57.775146
0.488000 8.158655 57.778694
0.488667 8.147628 57.782232
0.489333 8.136630 57.785761
0.490000 8.125662 57.789280
0.490667 8.114723 57.792789
0.491333 8.103814 57.796289
0.492000 8.092933 57.799780
0.492667 8.082082 57.803261
0.493333 8.071260 57.806733
0.494000 8.060466 57.810195
0.494667 8.049701 57.813649
0.495333 8.038965 57.817093
0.496000 8.028257 57.820527
0.496667 8.017578 57.823953
0.497333 8.006926 57.827369
0.498000 7.996303 57.830777
0.498667 7.985708 57.834175
0.499333 7.975141 57.837564
0.500000 7.964602 57.840945
0.500667 7.954090 57.844316
0.501333 7.943606 57.847678
0.502000 7.933149 57.851032
0.502667 7.922720 57.854377
0.503333 7.912318 57.857712
0.504000 7.901943 57.861040
0.504667 7.891596 57.864358
0.505333 7.881275 57.867667
0.506000 7.870981 57.870968
0.506667 7.860714 57.874261
0.507333 7.850473 57.877544
0.508000 7.840259 57.880820
0.508667 7.830071 57.884086
0.509333 7.819910 57.887344
0.510000 7.809775 57.890594
0.510667 7.799666 57.893835
0.511333 7.789583 57.897068
0.512000 7.779526 57.900292
0.512667 7.769495 57.903508
0.513333 7.759489 57.906716
0.514000 7.749510 57.909915
0.514667 7.739555 57.913106
0.515333 7.729626 57.916289
0.516000 7.719723 57.919464
0.516667 7.709845 57.922630
0.517333 7.699991 57.925789
0.518000 7.690163 57.928939
0.518667 7.680360 57.932082
0.519333 7.670582 57.935216
0.520000 7.660828 57.938342
0.520667 7.651099 57.941461
0.521333 7.641395 57.944571
0.522000 7.631715 57.947674
0.522667 7.622060 57.950768
0.523333 7.612429 57.953855
0.524000 7.602822 57.956934
0.524667 7.593239 57.960005
0.525333 7.583680 57.963068
0.526000 7.574146 57.966124
0.526667 7.564635 57.969172
0.527333 7.555147 57.972212
0.528000 7.545684 57.975245
0.528667 7.536244 57.978270
0.529333 7.526827 57.981288
0.530000 7.517434 57.984297
0.530667 7.508065 57.987300
0.531333 7.498718 57.990295
0.532000 7.489395 57.993282
0.532667 7.480094 57.996262
0.533333 7.470817 57.999235
0.534000 7.461563 58.002200
0.534667 7.452331 58.005158
0.535333 7.443122 58.008108
0.536000 7.433936 58.011051
0.536667 7.424772 58.013987
0.537333 7.415631 58.016916
0.538000 7.406512 58.019837
0.538667 7.397416 58.022751
0.539333 7.388342 58.025658
0.540000 7.379289 58.028558
0.540667 7.370259 58.031451
0.541333 7.361251 58.034337
0.542000 7.352265 58.037215
0.542667 7.343301 58.040087
0.543333 7.334358 58.042951
0.544000 7.325437 58.045809
0.544667 7.316538 58.048659
0.545333 7.307660 58.051503
0.546000 7.298804 58.054340
0.546667 7.289969 58.057170
0.547333 7.281155 58.059993
0.548000 7.272363 58.062809
0.548667 7.263591 58.065618
0.549333 7.254841 58.068421
0.550000 7.246112 58.071216
0.550667 7.237403 58.074005
0.551333 7.228716 58.076788
0.552000 7.220049 58.079563
0.552667 7.211403 58.082332
0.553333 7.202777 58.085095
0.554000 7.194172 58.087850
0.554667 7.185587 58.090599
0.555333 7.177023 58.093342
0.556000 7.168479 58.096078
0.556667 7.159956 58.098807
0.557333 7.151452 58.101530
0.558000 7.142969 58.104247
0.558667 7.134506 58.106957
0.559333 7.126062 58.109660
0.560000 7.117639 58.112357
0.560667 7.109235 58.115048
0.561333 7.100851 58.117733
0.562000 7.092487 58.120411
0.562667 7.084142 58.123082
0.563333 7.075817 58.125748
0.564000 7.067512 58.128407
0.564667 7.059226 58.131060
0.565333 7.050959 58.133707
0.566000 7.042711 58.136347
0.566667 7.034483 58.138981
0.567333 7.026274 58.141610
0.568000 7.018083 58.144231
0.568667 7.009912 58.146847
0.569333 7.001760 58.149457
0.570000 6.993627 58.152061
0.570667 6.985512 58.154658
0.571333 6.977416 58.157250
0.572000 6.969339 58.159836
0.572667 6.961281 58.162415
0.573333 6.953241 58.164989
0.574000 6.945219 58.167556
0.574667 6.937216 58.170118
0.575333 6.929232 58.172674
0.576000 6.921265 58.175224
0.576667 6.913317 58.177768
0.577333 6.905387 58.180306
0.578000 6.897475 58.182838
0.578667 6.889581 58.185365
0.579333 6.881706 58.187885
0.580000 6.873848 58.190400
0.580667 6.866008 58.192910
0.581333 6.858186 58.195413
0.582000 6.850381 58.197911
0.582667 6.842594 58.200403
0.583333 6.834825 58.202889
0.584000 6.827073 58.205370
0.584667 6.819339 58.207845
0.585333 6.811623 58.210315
0.586000 6.803923 58.212779
0.586667 6.796241 58.215237
0.587333 6.788577 58.217690
0.588000 6.780929 58.220137
0.588667 6.773299 58.222578
0.589333 6.765686 58.225015
0.590000 6.758090 58.227445
0.590667 6.750510 58.229871
0.591333 6.742948 58.232290
0.592000 6.735403 58.234705
0.592667 6.727874 58.237114
0.593333 6.720362 58.239517
0.594000 6.712867 58.241915
0.594667 6.705389 58.244308
0.595333 6.697927 58.246696
0.596000 6.690482 58.249078
0.596667 6.683053 58.251455
0.597333 6.675640 58.253826
0.598000 6.668244 58.256193
0.598667 6.660865 58.258554
0.599333 6.653501 58.260909
0.600000 6.646154 58.263260
0.600667 6.638823 58.265605
0.601333 6.631508 58.267946
0.602000 6.624209 58.270281
0.602667 6.616926 58.272611
0.603333 6.609659 58.274935
0.604000 6.602408 58.277255
0.604667 6.595173 58.279570
0.605333 6.587953 58.281879
0.606000 6.580749 58.284183
0.606667 6.573561 58.286483
0.607333 6.566389 58.288777
0.608000 6.559232 58.291066
0.608667 6.552091 58.293351
0.609333 6.544965 58.295630
0.610000 6.537855 58.297905
0.610667 6.530760 58.300174
0.611333 6.523680 58.302439
0.612000 6.516616 58.304698
0.612667 6.509567 58.306953
0.613333 6.502533 58.309203
0.614000 6.495514 58.311448
0.614667 6.488510 58.313688
0.615333 6.481522 58.315923
0.616000 6.474548 58.318153
0.616667 6.467589 58.320379
0.617333 6.460645 58.322600
0.618000 6.453716 58.324816
0.618667 6.446802 58.327027
0.619333 6.439903 58.329234
0.620000 6.433018 58.331435
0.620667 6.426148 58.333633
0.621333 6.419293 58.335825
0.622000 6.412452 58.338013
0.622667 6.405626 58.340196
0.623333 6.398814 58.342374
0.624000 6.392016 58.344548
0.624667 6.385233 58.346717
0.625333 6.378465 58.348882
0.626000 6.371710 58.351042
0.626667 6.364970 58.353197
0.627333 6.358244 58.355348
0.628000 6.351532 58.357494
0.628667 6.344835 58.359636
0.629333 6.338151 58.361773
0.630000 6.331482 58.363905
0.630667 6.324826 58.366034
0.631333 6.318184 58.368157
0.632000 6.311557 58.370277
0.632667 6.304943 58.372391
0.633333 6.298343 58.374502
0.634000 6.291756 58.376608
0.634667 6.285184 58.378709
0.635333 6.278625 58.380806
0.636000 6.272079 58.382899
0.636667 6.265548 58.384987
0.637333 6.259030 58.387071
0.638000 6.252525 58.389151
0.638667 6.246034 58.391226
0.639333 6.239556 58.393297
0.640000 6.233092 58.395364
0.640667 6.226641 58.397426
0.641333 6.220203 58.399485
0.642000 6.213778 58.401539
0.642667 6.207367 58.403588
0.643333 6.200969 58.405634
0.644000 6.194584 58.407675
0.644667 6.188213 58.409712
0.645333 6.181854 58.411745
0.646000 6.175508 58.413773
0.646667 6.169175 58.415798
0.647333 6.162856 58.417818
0.648000 6.156549 58.419834
0.648667 6.150255 58.421846
0.649333 6.143973 58.423854
0.650000 6.137705 58.425858
0.650667 6.131449 58.427857
0.651333 6.125206 58.429853
0.652000 6.118976 58.431845
0.652667 6.112758 58.433832
0.653333 6.106553 58.435816
0.654000 6.100361 58.437795
0.654667 6.094181 58.439770
0.655333 6.088013 58.441742
0.656000 6.081858 58.443709
0.656667 6.075715 58.445673
0.657333 6.069585 58.447632
0.658000 6.063467 58.449587
0.658667 6.057361 58.451539
0.659333 6.051268 58.453487
0.660000 6.045186 58.455430
0.660667 6.039117 58.457370
0.661333 6.033060 58.459306
0.662000 6.027015 58.461238
0.662667 6.020983 58.463166
0.663333 6.014962 58.465090
0.664000 6.008953 58.467011
0.664667 6.002956 58.468927
0.665333 5.996971 58.470840
0.666000 5.990999 58.472749
