-4.00000000 -0.01042451
-3.98000000 -0.00841479
-3.96000000 -0.00338830
-3.94000000 0.00605595
-3.92000000 0.02010944
-3.90000000 0.03729826
-3.88000000 0.05464630
-3.86000000 0.06846858
-3.84000000 0.07555799
-3.82000000 0.07435366
-3.80000000 0.06564598
-3.78000000 0.05250669
-3.76000000 0.03939310
-3.74000000 0.03067661
-3.72000000 0.02907906
-3.70000000 0.03457614
-3.68000000 0.04420512
-3.66000000 0.05292552
-3.64000000 0.05531717
-3.62000000 0.04758467
-3.60000000 0.02918689
-3.58000000 0.00348773
-3.56000000 -0.02288162
-3.54000000 -0.04183728
-3.52000000 -0.04631212
-3.50000000 -0.03260067
-3.48000000 -0.00179357
-3.46000000 0.04022533
-3.44000000 0.08429471
-3.42000000 0.12058182
-3.40000000 0.14147646
-3.38000000 0.14384473
-3.36000000 0.12989391
-3.34000000 0.10633753
-3.32000000 0.08210690
-3.30000000 0.06534783
-3.28000000 0.06070104
-3.26000000 0.06779453
-3.24000000 0.08148975
-3.22000000 0.09383964
-3.20000000 0.09712817
-3.18000000 0.08696646
-3.16000000 0.06436134
-3.14000000 0.03598022
-3.12000000 0.01241981
-3.10000000 0.00495904
-3.08000000 0.02181281
-3.06000000 0.06511938
-3.04000000 0.12970435
-3.02000000 0.20411919
-3.00000000 0.27372168
-2.98000000 0.32488704
-2.96000000 0.34903916
-2.94000000 0.34521163
-2.92000000 0.32029286
-2.90000000 0.28684213
-2.88000000 0.25914833
-2.86000000 0.24878267
-2.84000000 0.26107466
-2.82000000 0.29365093
-2.80000000 0.33750690
-2.78000000 0.38024718
-2.76000000 0.41040743
-2.74000000 0.42140040
-2.72000000 0.41374220
-2.70000000 0.39478293
-2.68000000 0.37600554
-2.66000000 0.36879366
-2.64000000 0.38011946
-2.62000000 0.40967572
-2.60000000 0.44953382
-2.58000000 0.48658443
-2.56000000 0.50707603
-2.54000000 0.50181599
-2.52000000 0.47029733
-2.50000000 0.42227409
-2.48000000 0.37606514
-2.46000000 0.35388848
-2.44000000 0.37549633
-2.42000000 0.45198170
-2.40000000 0.58166162
-2.38000000 0.74938424
-2.36000000 0.92962118
-2.34000000 1.09258929
-2.32000000 1.21174089
-2.30000000 1.27054423
-2.28000000 1.26667306
-2.26000000 1.21247265
-2.24000000 1.13163692
-2.22000000 1.05309463
-2.20000000 1.00384483
-2.18000000 1.00269526
-2.16000000 1.05650007
-2.14000000 1.15969936
-2.12000000 1.29699201
-2.10000000 1.44812402
-2.08000000 1.59329091
-2.06000000 1.71764838
-2.04000000 1.81385930
-2.02000000 1.88230061
-2.00000000 1.92927107
-1.98000000 1.96405452
-1.96000000 1.99586762
-1.94000000 2.03154836
-1.92000000 2.07443043
-1.90000000 2.12437628
-1.88000000 2.17858685
-1.86000000 2.23267817
-1.84000000 2.28162440
-1.82000000 2.32042468
-1.80000000 2.34461396
-1.78000000 2.35086998
-1.76000000 2.33789913
-1.74000000 2.30754083
-1.72000000 2.26572883
-1.70000000 2.22274669
-1.68000000 2.19224647
-1.66000000 2.18881249
-1.64000000 2.22437383
-1.62000000 2.30432609
-1.60000000 2.42459159
-1.58000000 2.57083915
-1.56000000 2.72062574
-1.54000000 2.84839374
-1.52000000 2.93229204
-1.50000000 2.96100225
-1.48000000 2.93844220
-1.46000000 2.88456237
-1.44000000 2.83142219
-1.42000000 2.81509495
-1.40000000 2.86530862
-1.38000000 2.99565115
-1.36000000 3.19731454
-1.34000000 3.43860195
-1.32000000 3.67092547
-1.30000000 3.84017569
-1.28000000 3.90068338
-1.26000000 3.82803214
-1.24000000 3.62705523
-1.22000000 3.33249821
-1.20000000 3.00177102
-1.18000000 2.70141406
-1.16000000 2.49072954
-1.14000000 2.40693537
-1.12000000 2.45589140
-1.10000000 2.61098462
-1.08000000 2.82053837
-1.06000000 3.02175772
-1.04000000 3.15741268
-1.02000000 3.19071494
-1.00000000 3.11437694
-0.98000000 2.95149850
-0.96000000 2.74822421
-0.94000000 2.56039226
-0.92000000 2.43800269
-0.90000000 2.41182697
-0.88000000 2.48574710
-0.86000000 2.63669540
-0.84000000 2.82188768
-0.82000000 2.99103869
-0.80000000 3.09998452
-0.78000000 3.12193776
-0.76000000 3.05347170
-0.74000000 2.91396248
-0.72000000 2.73910168
-0.70000000 2.57067138
-0.68000000 2.44561739
-0.66000000 2.38737757
-0.64000000 2.40151723
-0.62000000 2.47632681
-0.60000000 2.58760031
-0.58000000 2.70576182
-0.56000000 2.80311226
-0.54000000 2.85927445
-0.52000000 2.86374657
-0.50000000 2.81551105
-0.48000000 2.72053542
-0.46000000 2.58847741
-0.44000000 2.42986614
-0.42000000 2.25455666
-0.40000000 2.07156823
-0.38000000 1.88979291
-0.36000000 1.71872705
-0.34000000 1.56844000
-0.32000000 1.44840054
-0.30000000 1.36535752
-0.28000000 1.32098317
-0.26000000 1.31023020
-0.24000000 1.32122837
-0.22000000 1.33708725
-0.20000000 1.33934063
-0.18000000 1.31218574
-0.16000000 1.24634606
-0.14000000 1.14143779
-0.12000000 1.00613597
-0.10000000 0.85608171
-0.08000000 0.71013418
-0.06000000 0.58603567
-0.04000000 0.49667870
-0.02000000 0.44791571
0.00000000 0.43832807
0.02000000 0.46075824
0.04000000 0.50490918
0.06000000 0.56008784
0.08000000 0.61726699
0.10000000 0.67000410
0.12000000 0.71423644
0.14000000 0.74738641
0.16000000 0.76741167
0.18000000 0.77235971
0.20000000 0.76068001
0.22000000 0.73214192
0.24000000 0.68886950
0.26000000 0.63587793
0.28000000 0.58063768
0.30000000 0.53155736
0.32000000 0.49572973
0.34000000 0.47665110
0.36000000 0.47275123
0.38000000 0.47738964
0.40000000 0.48052613
0.42000000 0.47170253
0.44000000 0.44347585
0.46000000 0.39420401
0.48000000 0.32920636
0.50000000 0.25978506
0.52000000 0.20026253
0.54000000 0.16384930
0.56000000 0.15858447
0.58000000 0.18463316
0.60000000 0.23385219
0.62000000 0.29185221
0.64000000 0.34200480
0.66000000 0.37021558
0.68000000 0.36901700
0.70000000 0.33971911
0.72000000 0.29194348
0.74000000 0.24067065
0.76000000 0.20170181
0.78000000 0.18692503
0.80000000 0.20082923
0.82000000 0.23931020
0.84000000 0.29109047
0.86000000 0.34126108
0.88000000 0.37580709
0.90000000 0.38570299
0.92000000 0.36933879
0.94000000 0.33259830
0.96000000 0.28666940
0.98000000 0.24437364
1.00000000 0.21623522
1.02000000 0.20753456
1.04000000 0.21721623
1.06000000 0.23887941
1.08000000 0.26339119
1.10000000 0.28215607
1.12000000 0.28991031
1.14000000 0.28612990
1.16000000 0.27465832
1.18000000 0.26179104
1.20000000 0.25357986
1.22000000 0.25336568
1.24000000 0.26043571
1.26000000 0.27027828
1.28000000 0.27632742
1.30000000 0.27255368
1.32000000 0.25595379
1.34000000 0.22802264
1.36000000 0.19464366
1.38000000 0.16438566
1.40000000 0.14575384
1.42000000 0.14431716
1.44000000 0.16069525
1.46000000 0.19011272
1.48000000 0.22371047
1.50000000 0.25121670
1.52000000 0.26412263
1.54000000 0.25833312
1.56000000 0.23542910
1.58000000 0.20213105
1.60000000 0.16813962
1.62000000 0.14305655
1.64000000 0.13338248
1.66000000 0.14055353
1.68000000 0.16063051
1.70000000 0.18571103
1.72000000 0.20657625
1.74000000 0.21569369
1.76000000 0.20960009
1.78000000 0.18991007
1.80000000 0.16265834
1.82000000 0.13623010
1.84000000 0.11858467
1.86000000 0.11468794
1.88000000 0.12497607
1.90000000 0.14531657
1.92000000 0.16843499
1.94000000 0.18630429
1.96000000 0.19270079
1.98000000 0.18510564
2.00000000 0.16537197
2.02000000 0.13899681
2.04000000 0.11329012
2.06000000 0.09507153
2.08000000 0.08864370
2.10000000 0.09466152
2.12000000 0.11019316
2.14000000 0.12986918
2.16000000 0.14767436
2.18000000 0.15876398
2.20000000 0.16072815
2.22000000 0.15395762
2.24000000 0.14109200
2.26000000 0.12583976
2.28000000 0.11164294
2.30000000 0.10066499
2.32000000 0.09341587
2.34000000 0.08906525
2.36000000 0.08623234
2.38000000 0.08387606
2.40000000 0.08189668
2.42000000 0.08119921
2.44000000 0.08320012
2.46000000 0.08899345
2.48000000 0.09853888
2.50000000 0.11023798
2.52000000 0.12112338
2.54000000 0.12765168
2.56000000 0.12685146
2.58000000 0.11742354
2.60000000 0.10038089
2.62000000 0.07895870
2.64000000 0.05777257
2.66000000 0.04146888
2.68000000 0.03330040
2.70000000 0.03410315
2.72000000 0.04202899
2.74000000 0.05314063
2.76000000 0.06268623
2.78000000 0.06663889
2.80000000 0.06299217
2.82000000 0.05238120
2.84000000 0.03782369
2.86000000 0.02367052
2.88000000 0.01412131
2.90000000 0.01180563
2.92000000 0.01690590
2.94000000 0.02711221
2.96000000 0.03841659
2.98000000 0.04647006
3.00000000 0.04803839
3.02000000 0.04206392
3.04000000 0.02998000
3.06000000 0.01518266
3.08000000 0.00185196
3.10000000 -0.00646585
3.12000000 -0.00802819
3.14000000 -0.00342280
3.16000000 0.00471829
3.18000000 0.01270512
3.20000000 0.01712474
3.22000000 0.01605676
3.24000000 0.00974783
3.26000000 0.00051464
3.28000000 -0.00808594
3.30000000 -0.01252778
3.32000000 -0.01058463
3.34000000 -0.00215725
3.36000000 0.01062738
3.38000000 0.02407959
3.40000000 0.03414662
3.42000000 0.03773991
3.44000000 0.03374082
3.46000000 0.02334863
3.48000000 0.00966078
3.50000000 -0.00336367
3.52000000 -0.01220014
3.54000000 -0.01487552
3.56000000 -0.01153607
3.58000000 -0.00429017
3.60000000 0.00360036
3.62000000 0.00888677
3.64000000 0.00944919
3.66000000 0.00498119
3.68000000 -0.00297944
3.70000000 -0.01166446
3.72000000 -0.01810107
3.74000000 -0.02017910
3.76000000 -0.01738252
3.78000000 -0.01093416
3.80000000 -0.00331374
3.82000000 0.00266796
3.84000000 0.00490169
3.86000000 0.00274747
3.88000000 -0.00273624
3.90000000 -0.00918195
3.92000000 -0.01378070
3.94000000 -0.01431717
3.96000000 -0.01000239
3.98000000 -0.00180495
