-4.00000000 -0.00011047
-3.98000000 -0.01002396
-3.96000000 -0.01527655
-3.94000000 -0.01434347
-3.92000000 -0.00733669
-3.90000000 0.00409112
-3.88000000 0.01723892
-3.86000000 0.02908503
-3.84000000 0.03704066
-3.82000000 0.03953370
-3.80000000 0.03629445
-3.78000000 0.02830733
-3.76000000 0.01748223
-3.74000000 0.00615983
-3.72000000 -0.00341415
-3.70000000 -0.00952732
-3.68000000 -0.01127498
-3.66000000 -0.00864287
-3.64000000 -0.00241247
-3.62000000 0.00606917
-3.60000000 0.01520020
-3.58000000 0.02345664
-3.56000000 0.02968950
-3.54000000 0.03333279
-3.52000000 0.03447851
-3.50000000 0.03379480
-3.48000000 0.03229577
-3.46000000 0.03101369
-3.44000000 0.03066276
-3.42000000 0.03140480
-3.40000000 0.03281408
-3.38000000 0.03408703
-3.36000000 0.03446064
-3.34000000 0.03371548
-3.32000000 0.03257686
-3.30000000 0.03282275
-3.28000000 0.03697275
-3.26000000 0.04756159
-3.24000000 0.06615724
-3.22000000 0.09241540
-3.20000000 0.12351695
-3.18000000 0.15427593
-3.16000000 0.17803579
-3.14000000 0.18822849
-3.12000000 0.18022978
-3.10000000 0.15298617
-3.08000000 0.10988175
-3.06000000 0.05848031
-3.04000000 0.00908551
-3.02000000 -0.02757470
-3.00000000 -0.04292893
-2.98000000 -0.03266078
-2.96000000 0.00233143
-2.94000000 0.05645557
-2.92000000 0.12131762
-2.90000000 0.18842234
-2.88000000 0.25181925
-2.86000000 0.30979393
-2.84000000 0.36496939
-2.82000000 0.42268360
-2.80000000 0.48810031
-2.78000000 0.56299801
-2.76000000 0.64339247
-2.74000000 0.71898567
-2.72000000 0.77491691
-2.70000000 0.79556227
-2.68000000 0.76940674
-2.66000000 0.69354142
-2.64000000 0.57629053
-2.62000000 0.43690485
-2.60000000 0.30206981
-2.58000000 0.19993839
-2.56000000 0.15321812
-2.54000000 0.17324705
-2.52000000 0.25683123
-2.50000000 0.38689975
-2.48000000 0.53695466
-2.46000000 0.67816550
-2.44000000 0.78713080
-2.42000000 0.85206893
-2.40000000 0.87561232
-2.38000000 0.87335940
-2.36000000 0.86860249
-2.34000000 0.88481425
-2.32000000 0.93817635
-2.30000000 1.03244122
-2.28000000 1.15771559
-2.26000000 1.29354698
-2.24000000 1.41535291
-2.22000000 1.50217685
-2.20000000 1.54332379
-2.18000000 1.54176743
-2.16000000 1.51323402
-2.14000000 1.48123991
-2.12000000 1.46965792
-2.10000000 1.49519188
-2.08000000 1.56218452
-2.06000000 1.66144566
-2.04000000 1.77349318
-2.02000000 1.87516118
-2.00000000 1.94741453
-1.98000000 1.98178611
-1.96000000 1.98327236
-1.94000000 1.96866346
-1.92000000 1.96078460
-1.90000000 1.98050017
-1.88000000 2.03912691
-1.86000000 2.13384088
-1.84000000 2.24774557
-1.82000000 2.35477408
-1.80000000 2.42800282
-1.78000000 2.44877728
-1.76000000 2.41368820
-1.74000000 2.33702941
-1.72000000 2.24774851
-1.70000000 2.18164114
-1.68000000 2.17108472
-1.66000000 2.23545399
-1.64000000 2.37521942
-1.62000000 2.57162582
-1.60000000 2.79211731
-1.58000000 2.99986173
-1.56000000 3.16441398
-1.54000000 3.27017421
-1.52000000 3.31998090
-1.50000000 3.33272606
-1.48000000 3.33580269
-1.46000000 3.35487757
-1.44000000 3.40437660
-1.42000000 3.48187367
-1.40000000 3.56833336
-1.38000000 3.63425884
-1.36000000 3.64984317
-1.34000000 3.59584960
-1.32000000 3.47160996
-1.30000000 3.29736160
-1.28000000 3.10989737
-1.26000000 2.95263424
-1.24000000 2.86303665
-1.22000000 2.86126706
-1.20000000 2.94366022
-1.18000000 3.08319370
-1.16000000 3.23698643
-1.14000000 3.35866456
-1.12000000 3.41188307
-1.10000000 3.38087979
-1.08000000 3.27481042
-1.06000000 3.12451022
-1.04000000 2.97266444
-1.02000000 2.86041817
-1.00000000 2.81457244
-0.98000000 2.83934352
-0.96000000 2.91525193
-0.94000000 3.00549354
-0.92000000 3.06781441
-0.90000000 3.06819239
-0.88000000 2.99205578
-0.86000000 2.84952351
-0.84000000 2.67299528
-0.82000000 2.50778015
-0.80000000 2.39859606
-0.78000000 2.37603688
-0.76000000 2.44710416
-0.74000000 2.59264602
-0.72000000 2.77243418
-0.70000000 2.93630040
-0.68000000 3.03795728
-0.66000000 3.04738858
-0.64000000 2.95821814
-0.62000000 2.78806795
-0.60000000 2.57207948
-0.58000000 2.35181950
-0.56000000 2.16309614
-0.54000000 2.02639257
-0.52000000 1.94266241
-0.50000000 1.89545833
-0.48000000 1.85835991
-0.46000000 1.80506300
-0.44000000 1.71877724
-0.42000000 1.59794544
-0.40000000 1.45659475
-0.38000000 1.31941297
-0.36000000 1.21333235
-0.34000000 1.15846427
-0.32000000 1.16134456
-0.30000000 1.21261430
-0.28000000 1.28977257
-0.26000000 1.36399243
-0.24000000 1.40872072
-0.22000000 1.40728259
-0.20000000 1.35711785
-0.18000000 1.26943139
-0.16000000 1.16454968
-0.14000000 1.06464322
-0.12000000 0.98626695
-0.10000000 0.93514823
-0.08000000 0.90484795
-0.06000000 0.87961618
-0.04000000 0.84039417
-0.02000000 0.77192086
0.00000000 0.66859324
0.02000000 0.53718307
0.04000000 0.39555989
0.06000000 0.26785802
0.08000000 0.17763598
0.10000000 0.14116208
0.12000000 0.16285526
0.14000000 0.23417469
0.16000000 0.33614544
0.18000000 0.44459647
0.20000000 0.53642305
0.22000000 0.59499181
0.24000000 0.61321148
0.26000000 0.59363156
0.28000000 0.54590651
0.30000000 0.48275112
0.32000000 0.41586848
0.34000000 0.35316792
0.36000000 0.29799839
0.38000000 0.25033137
0.40000000 0.20912320
0.42000000 0.17470983
0.44000000 0.15015301
0.46000000 0.14092425
0.48000000 0.15299753
0.50000000 0.19007119
0.52000000 0.25101768
0.54000000 0.32863288
0.56000000 0.41033266
0.58000000 0.48077410
0.60000000 0.52569514
0.62000000 0.53580921
0.64000000 0.50951978
0.66000000 0.45356160
0.68000000 0.38131816
0.70000000 0.30929415
0.72000000 0.25279637
0.74000000 0.22210842
0.76000000 0.22026332
0.78000000 0.24298879
0.80000000 0.28070477
0.82000000 0.32182179
0.84000000 0.35622623
0.86000000 0.37785508
0.88000000 0.38563669
0.90000000 0.38266740
0.92000000 0.37409845
0.94000000 0.36461657
0.96000000 0.35648427
0.98000000 0.34884349
1.00000000 0.33848331
1.02000000 0.32171175
1.04000000 0.29655418
1.06000000 0.26437438
1.08000000 0.23022055
1.10000000 0.20166539
1.12000000 0.18646944
1.14000000 0.18985162
1.16000000 0.21233718
1.18000000 0.24899988
1.20000000 0.29046814
1.22000000 0.32547308
1.24000000 0.34417957
1.26000000 0.34124501
1.28000000 0.31759904
1.30000000 0.28032318
1.32000000 0.24060921
1.34000000 0.21039438
1.36000000 0.19870767
1.38000000 0.20886843
1.40000000 0.23742059
1.42000000 0.27514296
1.44000000 0.30982346
1.46000000 0.32993209
1.48000000 0.32805151
1.50000000 0.30301071
1.52000000 0.26008742
1.54000000 0.20925916
1.56000000 0.16209433
1.58000000 0.12828741
1.60000000 0.11292869
1.62000000 0.11533695
1.64000000 0.12976377
1.66000000 0.14767267
1.68000000 0.16079981
1.70000000 0.16397337
1.72000000 0.15677331
1.74000000 0.14351118
1.76000000 0.13156751
1.78000000 0.12865931
1.80000000 0.13995091
1.82000000 0.16596372
1.84000000 0.20197552
1.86000000 0.23911901
1.88000000 0.26684937
1.90000000 0.27602274
1.92000000 0.26164399
1.94000000 0.22445431
1.96000000 0.17089349
1.98000000 0.11146829
2.00000000 0.05802994
2.02000000 0.02076648
2.04000000 0.00576451
2.06000000 0.01378702
2.08000000 0.04052518
2.10000000 0.07814081
2.12000000 0.11755962
2.14000000 0.15080570
2.16000000 0.17272386
2.18000000 0.18168345
2.20000000 0.17920447
2.22000000 0.16877776
2.24000000 0.15436368
2.26000000 0.13909184
2.28000000 0.12455094
2.30000000 0.11081184
2.32000000 0.09705865
2.34000000 0.08250281
2.36000000 0.06718524
2.38000000 0.05234506
2.40000000 0.04021496
2.42000000 0.03332422
2.44000000 0.03357149
2.46000000 0.04141192
2.48000000 0.05546166
2.50000000 0.07267863
2.52000000 0.08908203
2.54000000 0.10079409
2.56000000 0.10508322
2.58000000 0.10109009
2.60000000 0.09002180
2.62000000 0.07476689
2.64000000 0.05905959
2.66000000 0.04644939
2.68000000 0.03937616
2.70000000 0.03860204
2.72000000 0.04313224
2.74000000 0.05060800
2.76000000 0.05802433
2.78000000 0.06254964
2.80000000 0.06222053
2.82000000 0.05634606
2.84000000 0.04555556
2.86000000 0.03152782
2.88000000 0.01651687
2.90000000 0.00282137
2.92000000 -0.00766962
2.94000000 -0.01376928
2.96000000 -0.01509857
2.98000000 -0.01202981
3.00000000 -0.00552221
3.02000000 0.00309249
3.04000000 0.01233029
3.06000000 0.02075652
3.08000000 0.02715975
3.10000000 0.03069341
3.12000000 0.03097640
3.14000000 0.02813696
3.16000000 0.02278295
3.18000000 0.01589055
3.20000000 0.00862242
3.22000000 0.00210871
3.24000000 -0.00275965
3.26000000 -0.00547371
3.28000000 -0.00594950
3.30000000 -0.00446475
3.32000000 -0.00151630
3.34000000 0.00234980
3.36000000 0.00667651
3.38000000 0.01115793
3.40000000 0.01561233
3.42000000 0.01988965
3.44000000 0.02376460
3.46000000 0.02687378
3.48000000 0.02873859
3.50000000 0.02888059
3.52000000 0.02699503
3.54000000 0.02311811
3.56000000 0.01771681
3.58000000 0.01165057
3.60000000 0.00599726
3.62000000 0.00178536
3.64000000 -0.00028671
3.66000000 -0.00005163
3.68000000 0.00207786
3.70000000 0.00523590
3.72000000 0.00837127
3.74000000 0.01057071
3.76000000 0.01133073
3.78000000 0.01068587
3.80000000 0.00914923
3.82000000 0.00748700
3.84000000 0.00640737
3.86000000 0.00627719
3.88000000 0.00697149
3.90000000 0.00791511
3.92000000 0.00830658
3.94000000 0.00744608
3.96000000 0.00504755
3.98000000 0.00141479
