-3.000000 -0.035657 0.000000
-2.997000 -0.035907 0.000000
-2.994000 -0.036160 0.000000
-2.991000 -0.036413 0.000000
-2.988000 -0.036669 0.000000
-2.985000 -0.036926 0.000000
-2.982000 -0.037184 0.000000
-2.979000 -0.037445 0.000000
-2.976000 -0.037707 0.000000
-2.973000 -0.037971 0.000000
-2.970000 -0.038237 0.000000
-2.967000 -0.038504 0.000000
-2.964000 -0.038773 0.000000
-2.961000 -0.039044 0.000000
-2.958000 -0.039317 0.000000
-2.955000 -0.039591 0.000000
-2.952000 -0.039867 0.000000
-2.949000 -0.040145 0.000000
-2.946000 -0.040425 0.000000
-2.943000 -0.040707 0.000000
-2.940000 -0.040990 0.000000
-2.937000 -0.041276 0.000000
-2.934000 -0.041563 0.000000
-2.931000 -0.041852 0.000000
-2.928000 -0.042143 0.000000
-2.925000 -0.042436 0.000000
-2.922000 -0.042731 0.000000
-2.919000 -0.043027 0.000000
-2.916000 -0.043326 0.000000
-2.913000 -0.043626 0.000000
-2.910000 -0.043929 0.000000
-2.907000 -0.044233 0.000000
-2.904000 -0.044540 0.000000
-2.901000 -0.044848 0.000000
-2.898000 -0.045158 0.000000
-2.895000 -0.045471 0.000000
-2.892000 -0.045785 0.000000
-2.889000 -0.046101 0.000000
-2.886000 -0.046420 0.000000
-2.883000 -0.046740 0.000000
-2.880000 -0.047063 0.000000
-2.877000 -0.047387 0.000000
-2.874000 -0.047714 0.000000
-2.871000 -0.048043 0.000000
-2.868000 -0.048374 0.000000
-2.865000 -0.048707 0.000000
-2.862000 -0.049042 0.000000
-2.859000 -0.049379 0.000000
-2.856000 -0.049718 0.000000
-2.853000 -0.050060 0.000000
-2.850000 -0.050404 0.000000
-2.847000 -0.050750 0.000000
-2.844000 -0.051098 0.000000
-2.841000 -0.051448 0.000000
-2.838000 -0.051801 0.000000
-2.835000 -0.052156 0.000000
-2.832000 -0.052513 0.000000
-2.829000 -0.052872 0.000000
-2.826000 -0.053234 0.000000
-2.823000 -0.053598 0.000000
-2.820000 -0.053964 0.000000
-2.817000 -0.054333 0.000000
-2.814000 -0.054704 0.000000
-2.811000 -0.055077 0.000000
-2.808000 -0.055452 0.000000
-2.805000 -0.055830 0.000000
-2.802000 -0.056211 0.000000
-2.799000 -0.056594 0.000000
-2.796000 -0.056979 0.000000
-2.793000 -0.057366 0.000000
-2.790000 -0.057756 0.000000
-2.787000 -0.058149 0.000000
-2.784000 -0.058544 0.000000
-2.781000 -0.058941 0.000000
-2.778000 -0.059341 0.000000
-2.775000 -0.059744 0.000000
-2.772000 -0.060148 0.000000
-2.769000 -0.060556 0.000000
-2.766000 -0.060966 0.000000
-2.763000 -0.061379 0.000000
-2.760000 -0.061794 0.000000
-2.757000 -0.062211 0.000000
-2.754000 -0.062632 0.000000
-2.751000 -0.063055 0.000000
-2.748000 -0.063480 0.000000
-2.745000 -0.063909 0.000000
-2.742000 -0.064339 0.000000
-2.739000 -0.064773 0.000000
-2.736000 -0.065209 0.000000
-2.733000 -0.065648 0.000000
-2.730000 -0.066090 0.000000
-2.727000 -0.066534 0.000000
-2.724000 -0.066981 0.000000
-2.721000 -0.067431 0.000000
-2.718000 -0.067884 0.000000
-2.715000 -0.068339 0.000000
-2.712000 -0.068798 0.000000
-2.709000 -0.069259 0.000000
-2.706000 -0.069723 0.000000
-2.703000 -0.070189 0.000000
-2.700000 -0.070659 0.000000
-2.697000 -0.071131 0.000000
-2.694000 -0.071607 0.000000
-2.691000 -0.072085 0.000000
-2.688000 -0.072566 0.000000
-2.685000 -0.073051 0.000000
-2.682000 -0.073538 0.000000
-2.679000 -0.074028 0.000000
-2.676000 -0.074521 0.000000
-2.673000 -0.075017 0.000000
-2.670000 -0.075516 0.000000
-2.667000 -0.076018 0.000000
-2.664000 -0.076523 0.000000
-2.661000 -0.077032 0.000000
-2.658000 -0.077543 0.000000
-2.655000 -0.078057 0.000000
-2.652000 -0.078575 0.000000
-2.649000 -0.079095 0.000000
-2.646000 -0.079619 0.000000
-2.643000 -0.080146 0.000000
-2.640000 -0.080676 0.000000
-2.637000 -0.081210 0.000000
-2.634000 -0.081746 0.000000
-2.631000 -0.082286 0.000000
-2.628000 -0.082829 0.000000
-2.625000 -0.083375 0.000000
-2.622000 -0.083925 0.000000
-2.619000 -0.084478 0.000000
-2.616000 -0.085034 0.000000
-2.613000 -0.085593 0.000000
-2.610000 -0.086156 0.000000
-2.607000 -0.086722 0.000000
-2.604000 -0.087292 0.000000
-2.601000 -0.087865 0.000000
-2.598000 -0.088441 0.000000
-2.595000 -0.089021 0.000000
-2.592000 -0.089604 0.000000
-2.589000 -0.090191 0.000000
-2.586000 -0.090781 0.000000
-2.583000 -0.091374 0.000000
-2.580000 -0.091971 0.000000
-2.577000 -0.092572 0.000000
-2.574000 -0.093176 0.000000
-2.571000 -0.093784 0.000000
-2.568000 -0.094395 0.000000
-2.565000 -0.095010 0.000000
-2.562000 -0.095629 0.000000
-2.559000 -0.096251 0.000000
-2.556000 -0.096877 0.000000
-2.553000 -0.097506 0.000000
-2.550000 -0.098139 0.000000
-2.547000 -0.098776 0.000000
-2.544000 -0.099417 0.000000
-2.541000 -0.100061 0.000000
-2.538000 -0.100709 0.000000
-2.535000 -0.101361 0.000000
-2.532000 -0.102017 0.000000
-2.529000 -0.102676 0.000000
-2.526000 -0.103340 0.000000
-2.523000 -0.104007 0.000000
-2.520000 -0.104678 0.000000
-2.517000 -0.105353 0.000000
-2.514000 -0.106031 0.000000
-2.511000 -0.106714 0.000000
-2.508000 -0.107401 0.000000
-2.505000 -0.108091 0.000000
-2.502000 -0.108786 0.000000
-2.499000 -0.109484 0.000000
-2.496000 -0.110187 0.000000
-2.493000 -0.110893 0.000000
-2.490000 -0.111604 0.000000
-2.487000 -0.112319 0.000000
-2.484000 -0.113038 0.000000
-2.481000 -0.113760 0.000000
-2.478000 -0.114487 0.000000
-2.475000 -0.115219 0.000000
-2.472000 -0.115954 0.000000
-2.469000 -0.116693 0.000000
-2.466000 -0.117437 0.000000
-2.463000 -0.118185 0.000000
-2.460000 -0.118937 0.000000
-2.457000 -0.119693 0.000000
-2.454000 -0.120454 0.000000
-2.451000 -0.121219 0.000000
-2.448000 -0.121988 0.000000
-2.445000 -0.122762 0.000000
-2.442000 -0.123540 0.000000
-2.439000 -0.124322 0.000000
-2.436000 -0.125108 0.000000
-2.433000 -0.125900 0.000000
-2.430000 -0.126695 0.000000
-2.427000 -0.127495 0.000000
-2.424000 -0.128299 0.000000
-2.421000 -0.129108 0.000000
-2.418000 -0.129922 0.000000
-2.415000 -0.130740 0.000000
-2.412000 -0.131562 0.000000
-2.409000 -0.132389 0.000000
-2.406000 -0.133221 0.000000
-2.403000 -0.134057 0.000000
-2.400000 -0.134898 0.000000
-2.397000 -0.135743 0.000000
-2.394000 -0.136593 0.000000
-2.391000 -0.137448 0.000000
-2.388000 -0.138307 0.000000
-2.385000 -0.139171 0.000000
-2.382000 -0.140040 0.000000
-2.379000 -0.140914 0.000000
-2.376000 -0.141792 0.000000
-2.373000 -0.142676 0.000000
-2.370000 -0.143564 0.000000
-2.367000 -0.144457 0.000000
-2.364000 -0.145354 0.000000
-2.361000 -0.146257 0.000000
-2.358000 -0.147164 0.000000
-2.355000 -0.148077 0.000000
-2.352000 -0.148994 0.000000
-2.349000 -0.149916 0.000000
-2.346000 -0.150844 0.000000
-2.343000 -0.151776 0.000000
-2.340000 -0.152713 0.000000
-2.337000 -0.153656 0.000000
-2.334000 -0.154603 0.000000
-2.331000 -0.155555 0.000000
-2.328000 -0.156513 0.000000
-2.325000 -0.157475 0.000000
-2.322000 -0.158443 0.000000
-2.319000 -0.159416 0.000000
-2.316000 -0.160394 0.000000
-2.313000 -0.161377 0.000000
-2.310000 -0.162366 0.000000
-2.307000 -0.163359 0.000000
-2.304000 -0.164358 0.000000
-2.301000 -0.165363 0.000000
-2.298000 -0.166372 0.000000
-2.295000 -0.167387 0.000000
-2.292000 -0.168407 0.000000
-2.289000 -0.169432 0.000000
-2.286000 -0.170463 0.000000
-2.283000 -0.171499 0.000000
-2.280000 -0.172541 0.000000
-2.277000 -0.173588 0.000000
-2.274000 -0.174641 0.000000
-2.271000 -0.175699 0.000000
-2.268000 -0.176762 0.000000
-2.265000 -0.177831 0.000000
-2.262000 -0.178905 0.000000
-2.259000 -0.179985 0.000000
-2.256000 -0.181071 0.000000
-2.253000 -0.182162 0.000000
-2.250000 -0.183259 0.000000
-2.247000 -0.184361 0.000000
-2.244000 -0.185469 0.000000
-2.241000 -0.186583 0.000000
-2.238000 -0.187702 0.000000
-2.235000 -0.188827 0.000000
-2.232000 -0.189958 0.000000
-2.229000 -0.191095 0.000000
-2.226000 -0.192237 0.000000
-2.223000 -0.193385 0.000000
-2.220000 -0.194539 0.000000
-2.217000 -0.195698 0.000000
-2.214000 -0.196864 0.000000
-2.211000 -0.198035 0.000000
-2.208000 -0.199212 0.000000
-2.205000 -0.200395 0.000000
-2.202000 -0.201584 0.000000
-2.199000 -0.202779 0.000000
-2.196000 -0.203980 0.000000
-2.193000 -0.205187 0.000000
-2.190000 -0.206400 0.000000
-2.187000 -0.207618 0.000000
-2.184000 -0.208843 0.000000
-2.181000 -0.210074 0.000000
-2.178000 -0.211311 0.000000
-2.175000 -0.212554 0.000000
-2.172000 -0.213803 0.000000
-2.169000 -0.215058 0.000000
-2.166000 -0.216319 0.000000
-2.163000 -0.217587 0.000000
-2.160000 -0.218860 0.000000
-2.157000 -0.220140 0.000000
-2.154000 -0.221426 0.000000
-2.151000 -0.222718 0.000000
-2.148000 -0.224017 0.000000
-2.145000 -0.225321 0.000000
-2.142000 -0.226632 0.000000
-2.139000 -0.227950 0.000000
-2.136000 -0.229273 0.000000
-2.133000 -0.230603 0.000000
-2.130000 -0.231939 0.000000
-2.127000 -0.233282 0.000000
-2.124000 -0.234631 0.000000
-2.121000 -0.235986 0.000000
-2.118000 -0.237348 0.000000
-2.115000 -0.238716 0.000000
-2.112000 -0.240090 0.000000
-2.109000 -0.241471 0.000000
-2.106000 -0.242859 0.000000
-2.103000 -0.244253 0.000000
-2.100000 -0.245653 0.000000
-2.097000 -0.247060 0.000000
-2.094000 -0.248474 0.000000
-2.091000 -0.249894 0.000000
-2.088000 -0.251321 0.000000
-2.085000 -0.252754 0.000000
-2.082000 -0.254194 0.000000
-2.079000 -0.255640 0.000000
-2.076000 -0.257093 0.000000
-2.073000 -0.258553 0.000000
-2.070000 -0.260019 0.000000
-2.067000 -0.261492 0.000000
-2.064000 -0.262972 0.000000
-2.061000 -0.264458 0.000000
-2.058000 -0.265951 0.000000
-2.055000 -0.267451 0.000000
-2.052000 -0.268958 0.000000
-2.049000 -0.270471 0.000000
-2.046000 -0.271991 0.000000
-2.043000 -0.273518 0.000000
-2.040000 -0.275052 0.000000
-2.037000 -0.276592 0.000000
-2.034000 -0.278139 0.000000
-2.031000 -0.279693 0.000000
-2.028000 -0.281254 0.000000
-2.025000 -0.282822 0.000000
-2.022000 -0.284397 0.000000
-2.019000 -0.285978 0.000000
-2.016000 -0.287567 0.000000
-2.013000 -0.289162 0.000000
-2.010000 -0.290764 0.000000
-2.007000 -0.292374 0.000000
-2.004000 -0.293990 0.000000
-2.001000 -0.295613 0.000000
-1.998000 -0.297243 0.000000
-1.995000 -0.298880 0.000000
-1.992000 -0.300524 0.000000
-1.989000 -0.302175 0.000000
-1.986000 -0.303833 0.000000
-1.983000 -0.305498 0.000000
-1.980000 -0.307170 0.000000
-1.977000 -0.308848 0.000000
-1.974000 -0.310535 0.000000
-1.971000 -0.312228 0.000000
-1.968000 -0.313928 0.000000
-1.965000 -0.315635 0.000000
-1.962000 -0.317349 0.000000
-1.959000 -0.319070 0.000000
-1.956000 -0.320799 0.000000
-1.953000 -0.322534 0.000000
-1.950000 -0.324277 0.000000
-1.947000 -0.326026 0.000000
-1.944000 -0.327783 0.000000
-1.941000 -0.329547 0.000000
-1.938000 -0.331318 0.000000
-1.935000 -0.333096 0.000000
-1.932000 -0.334881 0.000000
-1.929000 -0.336674 0.000000
-1.926000 -0.338473 0.000000
-1.923000 -0.340280 0.000000
-1.920000 -0.342094 0.000000
-1.917000 -0.343915 0.000000
-1.914000 -0.345743 0.000000
-1.911000 -0.347578 0.000000
-1.908000 -0.349420 0.000000
-1.905000 -0.351270 0.000000
-1.902000 -0.353127 0.000000
-1.899000 -0.354991 0.000000
-1.896000 -0.356862 0.000000
-1.893000 -0.358740 0.000000
-1.890000 -0.360625 0.000000
-1.887000 -0.362518 0.000000
-1.884000 -0.364418 0.000000
-1.881000 -0.366325 0.000000
-1.878000 -0.368239 0.000000
-1.875000 -0.370160 0.000000
-1.872000 -0.372088 0.000000
-1.869000 -0.374024 0.000000
-1.866000 -0.375967 0.000000
-1.863000 -0.377917 0.000000
-1.860000 -0.379874 0.000000
-1.857000 -0.381838 0.000000
-1.854000 -0.383809 0.000000
-1.851000 -0.385788 0.000000
-1.848000 -0.387773 0.000000
-1.845000 -0.389766 0.000000
-1.842000 -0.391766 0.000000
-1.839000 -0.393773 0.000000
-1.836000 -0.395787 0.000000
-1.833000 -0.397809 0.000000
-1.830000 -0.399837 0.000000
-1.827000 -0.401873 0.000000
-1.824000 -0.403915 0.000000
-1.821000 -0.405965 0.000000
-1.818000 -0.408022 0.000000
-1.815000 -0.410085 0.000000
-1.812000 -0.412156 0.000000
-1.809000 -0.414234 0.000000
-1.806000 -0.416319 0.000000
-1.803000 -0.418411 0.000000
-1.800000 -0.420510 0.000000
-1.797000 -0.422616 0.000000
-1.794000 -0.424730 0.000000
-1.791000 -0.426850 0.000000
-1.788000 -0.428977 0.000000
-1.785000 -0.431111 0.000000
-1.782000 -0.433251 0.000000
-1.779000 -0.435399 0.000000
-1.776000 -0.437554 0.000000
-1.773000 -0.439716 0.000000
-1.770000 -0.441884 0.000000
-1.767000 -0.444060 0.000000
-1.764000 -0.446242 0.000000
-1.761000 -0.448431 0.000000
-1.758000 -0.450627 0.000000
-1.755000 -0.452830 0.000000
-1.752000 -0.455039 0.000000
-1.749000 -0.457255 0.000000
-1.746000 -0.459478 0.000000
-1.743000 -0.461708 0.000000
-1.740000 -0.463944 0.000000
-1.737000 -0.466187 0.000000
-1.734000 -0.468437 0.000000
-1.731000 -0.470693 0.000000
-1.728000 -0.472956 0.000000
-1.725000 -0.475226 0.000000
-1.722000 -0.477502 0.000000
-1.719000 -0.479785 0.000000
-1.716000 -0.482074 0.000000
-1.713000 -0.484369 0.000000
-1.710000 -0.486671 0.000000
-1.707000 -0.488980 0.000000
-1.704000 -0.491295 0.000000
-1.701000 -0.493616 0.000000
-1.698000 -0.495944 0.000000
-1.695000 -0.498278 0.000000
-1.692000 -0.500618 0.000000
-1.689000 -0.502964 0.000000
-1.686000 -0.505317 0.000000
-1.683000 -0.507676 0.000000
-1.680000 -0.510041 0.000000
-1.677000 -0.512412 0.000000
-1.674000 -0.514789 0.000000
-1.671000 -0.517172 0.000000
-1.668000 -0.519561 0.000000
-1.665000 -0.521957 0.000000
-1.662000 -0.524358 0.000000
-1.659000 -0.526765 0.000000
-1.656000 -0.529178 0.000000
-1.653000 -0.531596 0.000000
-1.650000 -0.534021 0.000000
-1.647000 -0.536451 0.000000
-1.644000 -0.538887 0.000000
-1.641000 -0.541329 0.000000
-1.638000 -0.543776 0.000000
-1.635000 -0.546229 0.000000
-1.632000 -0.548687 0.000000
-1.629000 -0.551151 0.000000
-1.626000 -0.553620 0.000000
-1.623000 -0.556094 0.000000
-1.620000 -0.558574 0.000000
-1.617000 -0.561059 0.000000
-1.614000 -0.563550 0.000000
-1.611000 -0.566046 0.000000
-1.608000 -0.568546 0.000000
-1.605000 -0.571052 0.000000
-1.602000 -0.573563 0.000000
-1.599000 -0.576079 0.000000
-1.596000 -0.578600 0.000000
-1.593000 -0.581125 0.000000
-1.590000 -0.583656 0.000000
-1.587000 -0.586191 0.000000
-1.584000 -0.588731 0.000000
-1.581000 -0.591275 0.000000
-1.578000 -0.593825 0.000000
-1.575000 -0.596378 0.000000
-1.572000 -0.598936 0.000000
-1.569000 -0.601499 0.000000
-1.566000 -0.604066 0.000000
-1.563000 -0.606637 0.000000
-1.560000 -0.609212 0.000000
-1.557000 -0.611792 0.000000
-1.554000 -0.614375 0.000000
-1.551000 -0.616963 0.000000
-1.548000 -0.619554 0.000000
-1.545000 -0.622150 0.000000
-1.542000 -0.624749 0.000000
-1.539000 -0.627352 0.000000
-1.536000 -0.629959 0.000000
-1.533000 -0.632569 0.000000
-1.530000 -0.635183 0.000000
-1.527000 -0.637800 0.000000
-1.524000 -0.640420 0.000000
-1.521000 -0.643044 0.000000
-1.518000 -0.645671 0.000000
-1.515000 -0.648301 0.000000
-1.512000 -0.650935 0.000000
-1.509000 -0.653571 0.000000
-1.506000 -0.656210 0.000000
-1.503000 -0.658852 0.000000
-1.500000 -0.661496 0.000000
-1.497000 -0.664144 0.000000
-1.494000 -0.666794 0.000000
-1.491000 -0.669446 0.000000
-1.488000 -0.672101 0.000000
-1.485000 -0.674758 0.000000
-1.482000 -0.677417 0.000000
-1.479000 -0.680078 0.000000
-1.476000 -0.682742 0.000000
-1.473000 -0.685407 0.000000
-1.470000 -0.688074 0.000000
-1.467000 -0.690743 0.000000
-1.464000 -0.693413 0.000000
-1.461000 -0.696086 0.000000
-1.458000 -0.698759 0.000000
-1.455000 -0.701434 0.000000
-1.452000 -0.704110 0.000000
-1.449000 -0.706788 0.000000
-1.446000 -0.709466 0.000000
-1.443000 -0.712145 0.000000
-1.440000 -0.714826 0.000000
-1.437000 -0.717507 0.000000
-1.434000 -0.720188 0.000000
-1.431000 -0.722870 0.000000
-1.428000 -0.725553 0.000000
-1.425000 -0.728236 0.000000
-1.422000 -0.730919 0.000000
-1.419000 -0.733602 0.000000
-1.416000 -0.736285 0.000000
-1.413000 -0.738968 0.000000
-1.410000 -0.741651 0.000000
-1.407000 -0.744333 0.000000
-1.404000 -0.747015 0.000000
-1.401000 -0.749696 0.000000
-1.398000 -0.752377 0.000000
-1.395000 -0.755056 0.000000
-1.392000 -0.757735 0.000000
-1.389000 -0.760413 0.000000
-1.386000 -0.763089 0.000000
-1.383000 -0.765764 0.000000
-1.380000 -0.768438 0.000000
-1.377000 -0.771110 0.000000
-1.374000 -0.773780 0.000000
-1.371000 -0.776449 0.000000
-1.368000 -0.779115 0.000000
-1.365000 -0.781779 0.000000
-1.362000 -0.784441 0.000000
-1.359000 -0.787101 0.000000
-1.356000 -0.789758 0.000000
-1.353000 -0.792413 0.000000
-1.350000 -0.795064 0.000000
-1.347000 -0.797713 0.000000
-1.344000 -0.800359 0.000000
-1.341000 -0.803001 0.000000
-1.338000 -0.805640 0.000000
-1.335000 -0.808276 0.000000
-1.332000 -0.810907 0.000000
-1.329000 -0.813535 0.000000
-1.326000 -0.816160 0.000000
-1.323000 -0.818780 0.000000
-1.320000 -0.821395 0.000000
-1.317000 -0.824007 0.000000
-1.314000 -0.826613 0.000000
-1.311000 -0.829215 0.000000
-1.308000 -0.831812 0.000000
-1.305000 -0.834405 0.000000
-1.302000 -0.836991 0.000000
-1.299000 -0.839573 0.000000
-1.296000 -0.842149 0.000000
-1.293000 -0.844719 0.000000
-1.290000 -0.847284 0.000000
-1.287000 -0.849842 0.000000
-1.284000 -0.852395 0.000000
-1.281000 -0.854941 0.000000
-1.278000 -0.857480 0.000000
-1.275000 -0.860013 0.000000
-1.272000 -0.862539 0.000000
-1.269000 -0.865058 0.000000
-1.266000 -0.867570 0.000000
-1.263000 -0.870074 0.000000
-1.260000 -0.872571 0.000000
-1.257000 -0.875060 0.000000
-1.254000 -0.877542 0.000000
-1.251000 -0.880015 0.000000
-1.248000 -0.882480 0.000000
-1.245000 -0.884936 0.000000
-1.242000 -0.887384 0.000000
-1.239000 -0.889823 0.000000
-1.236000 -0.892254 0.000000
-1.233000 -0.894674 0.000000
-1.230000 -0.897086 0.000000
-1.227000 -0.899488 0.000000
-1.224000 -0.901880 0.000000
-1.221000 -0.904263 0.000000
-1.218000 -0.906635 0.000000
-1.215000 -0.908997 0.000000
-1.212000 -0.911348 0.000000
-1.209000 -0.913689 0.000000
-1.206000 -0.916018 0.000000
-1.203000 -0.918337 0.000000
-1.200000 -0.920644 0.000000
-1.197000 -0.922940 0.000000
-1.194000 -0.925224 0.000000
-1.191000 -0.927497 0.000000
-1.188000 -0.929757 0.000000
-1.185000 -0.932004 0.000000
-1.182000 -0.934240 0.000000
-1.179000 -0.936462 0.000000
-1.176000 -0.938672 0.000000
-1.173000 -0.940868 0.000000
-1.170000 -0.943051 0.000000
-1.167000 -0.945221 0.000000
-1.164000 -0.947376 0.000000
-1.161000 -0.949518 0.000000
-1.158000 -0.951645 0.000000
-1.155000 -0.953758 0.000000
-1.152000 -0.955857 0.000000
-1.149000 -0.957940 0.000000
-1.146000 -0.960008 0.000000
-1.143000 -0.962061 0.000000
-1.140000 -0.964099 0.000000
-1.137000 -0.966121 0.000000
-1.134000 -0.968127 0.000000
-1.131000 -0.970116 0.000000
-1.128000 -0.972089 0.000000
-1.125000 -0.974046 0.000000
-1.122000 -0.975985 0.000000
-1.119000 -0.977908 0.000000
-1.116000 -0.979813 0.000000
-1.113000 -0.981701 0.000000
-1.110000 -0.983570 0.000000
-1.107000 -0.985422 0.000000
-1.104000 -0.987256 0.000000
-1.101000 -0.989071 0.000000
-1.098000 -0.990867 0.000000
-1.095000 -0.992644 0.000000
-1.092000 -0.994402 0.000000
-1.089000 -0.996141 0.000000
-1.086000 -0.997860 0.000000
-1.083000 -0.999559 0.000000
-1.080000 -1.001238 0.000000
-1.077000 -1.002896 0.000000
-1.074000 -1.004534 0.000000
-1.071000 -1.006151 0.000000
-1.068000 -1.007747 0.000000
-1.065000 -1.009322 0.000000
-1.062000 -1.010874 0.000000
-1.059000 -1.012405 0.000000
-1.056000 -1.013914 0.000000
-1.053000 -1.015401 0.000000
-1.050000 -1.016865 0.000000
-1.047000 -1.018306 0.000000
-1.044000 -1.019724 0.000000
-1.041000 -1.021119 0.000000
-1.038000 -1.022490 0.000000
-1.035000 -1.023838 0.000000
-1.032000 -1.025161 0.000000
-1.029000 -1.026460 0.000000
-1.026000 -1.027735 0.000000
-1.023000 -1.028985 0.000000
-1.020000 -1.030209 0.000000
-1.017000 -1.031408 0.000000
-1.014000 -1.032582 0.000000
-1.011000 -1.033730 0.000000
-1.008000 -1.034852 0.000000
-1.005000 -1.035948 0.000000
-1.002000 -1.037017 0.000000
-0.999000 -1.038059 0.000000
-0.996000 -1.039074 0.000000
-0.993000 -1.040062 0.000000
-0.990000 -1.041022 0.000000
-0.987000 -1.041954 0.000000
-0.984000 -1.042859 0.000000
-0.981000 -1.043735 0.000000
-0.978000 -1.044582 0.000000
-0.975000 -1.045401 0.000000
-0.972000 -1.046191 0.000000
-0.969000 -1.046951 0.000000
-0.966000 -1.047681 0.000000
-0.963000 -1.048382 0.000000
-0.960000 -1.049053 0.000000
-0.957000 -1.049694 0.000000
-0.954000 -1.050303 0.000000
-0.951000 -1.050883 0.000000
-0.948000 -1.051430 0.000000
-0.945000 -1.051947 0.000000
-0.942000 -1.052432 0.000000
-0.939000 -1.052886 0.000000
-0.936000 -1.053307 0.000000
-0.933000 -1.053696 0.000000
-0.930000 -1.054052 0.000000
-0.927000 -1.054376 0.000000
-0.924000 -1.054666 0.000000
-0.921000 -1.054923 0.000000
-0.918000 -1.055147 0.000000
-0.915000 -1.055337 0.000000
-0.912000 -1.055493 0.000000
-0.909000 -1.055615 0.000000
-0.906000 -1.055702 0.000000
-0.903000 -1.055755 0.000000
-0.900000 -1.055772 0.000000
-0.897000 -1.055755 0.000000
-0.894000 -1.055701 0.000000
-0.891000 -1.055613 0.000000
-0.888000 -1.055488 0.000000
-0.885000 -1.055327 0.000000
-0.882000 -1.055130 0.000000
-0.879000 -1.054897 0.000000
-0.876000 -1.054626 0.000000
-0.873000 -1.054319 0.000000
-0.870000 -1.053974 0.000000
-0.867000 -1.053592 0.000000
-0.864000 -1.053172 0.000000
-0.861000 -1.052714 0.000000
-0.858000 -1.052218 0.000000
-0.855000 -1.051684 0.000000
-0.852000 -1.051111 0.000000
-0.849000 -1.050499 0.000000
-0.846000 -1.049849 0.000000
-0.843000 -1.049159 0.000000
-0.840000 -1.048430 0.000000
-0.837000 -1.047661 0.000000
-0.834000 -1.046853 0.000000
-0.831000 -1.046004 0.000000
-0.828000 -1.045116 0.000000
-0.825000 -1.044187 0.000000
-0.822000 -1.043217 0.000000
-0.819000 -1.042207 0.000000
-0.816000 -1.041156 0.000000
-0.813000 -1.040063 0.000000
-0.810000 -1.038929 0.000000
-0.807000 -1.037754 0.000000
-0.804000 -1.036538 0.000000
-0.801000 -1.035279 0.000000
-0.798000 -1.033978 0.000000
-0.795000 -1.032636 0.000000
-0.792000 -1.031251 0.000000
-0.789000 -1.029823 0.000000
-0.786000 -1.028353 0.000000
-0.783000 -1.026840 0.000000
-0.780000 -1.025284 0.000000
-0.777000 -1.023685 0.000000
-0.774000 -1.022043 0.000000
-0.771000 -1.020358 0.000000
-0.768000 -1.018629 0.000000
-0.765000 -1.016856 0.000000
-0.762000 -1.015040 0.000000
-0.759000 -1.013180 0.000000
-0.756000 -1.011275 0.000000
-0.753000 -1.009327 0.000000
-0.750000 -1.007334 0.000000
-0.747000 -1.005298 0.000000
-0.744000 -1.003216 0.000000
-0.741000 -1.001091 0.000000
-0.738000 -0.998920 0.000000
-0.735000 -0.996705 0.000000
-0.732000 -0.994445 0.000000
-0.729000 -0.992140 0.000000
-0.726000 -0.989791 0.000000
-0.723000 -0.987396 0.000000
-0.720000 -0.984956 0.000000
-0.717000 -0.982471 0.000000
-0.714000 -0.979941 0.000000
-0.711000 -0.977365 0.000000
-0.708000 -0.974745 0.000000
-0.705000 -0.972079 0.000000
-0.702000 -0.969367 0.000000
-0.699000 -0.966610 0.000000
-0.696000 -0.963808 0.000000
-0.693000 -0.960961 0.000000
-0.690000 -0.958067 0.000000
-0.687000 -0.955129 0.000000
-0.684000 -0.952145 0.000000
-0.681000 -0.949115 0.000000
-0.678000 -0.946040 0.000000
-0.675000 -0.942920 0.000000
-0.672000 -0.939754 0.000000
-0.669000 -0.936543 0.000000
-0.666000 -0.933287 0.000000
-0.663000 -0.929985 0.000000
-0.660000 -0.926638 0.000000
-0.657000 -0.923246 0.000000
-0.654000 -0.919808 0.000000
-0.651000 -0.916326 0.000000
-0.648000 -0.912799 0.000000
-0.645000 -0.909227 0.000000
-0.642000 -0.905610 0.000000
-0.639000 -0.901948 0.000000
-0.636000 -0.898242 0.000000
-0.633000 -0.894491 0.000000
-0.630000 -0.890696 0.000000
-0.627000 -0.886856 0.000000
-0.624000 -0.882973 0.000000
-0.621000 -0.879045 0.000000
-0.618000 -0.875074 0.000000
-0.615000 -0.871059 0.000000
-0.612000 -0.867001 0.000000
-0.609000 -0.862899 0.000000
-0.606000 -0.858755 0.000000
-0.603000 -0.854567 0.000000
-0.600000 -0.850337 0.000000
-0.597000 -0.846064 0.000000
-0.594000 -0.841749 0.000000
-0.591000 -0.837391 0.000000
-0.588000 -0.832992 0.000000
-0.585000 -0.828551 0.000000
-0.582000 -0.824069 0.000000
-0.579000 -0.819546 0.000000
-0.576000 -0.814982 0.000000
-0.573000 -0.810378 0.000000
-0.570000 -0.805733 0.000000
-0.567000 -0.801048 0.000000
-0.564000 -0.796324 0.000000
-0.561000 -0.791560 0.000000
-0.558000 -0.786758 0.000000
-0.555000 -0.781916 0.000000
-0.552000 -0.777037 0.000000
-0.549000 -0.772119 0.000000
-0.546000 -0.767164 0.000000
-0.543000 -0.762171 0.000000
-0.540000 -0.757142 0.000000
-0.537000 -0.752076 0.000000
-0.534000 -0.746974 0.000000
-0.531000 -0.741837 0.000000
-0.528000 -0.736664 0.000000
-0.525000 -0.731457 0.000000
-0.522000 -0.726215 0.000000
-0.519000 -0.720939 0.000000
-0.516000 -0.715630 0.000000
-0.513000 -0.710288 0.000000
-0.510000 -0.704914 0.000000
-0.507000 -0.699507 0.000000
-0.504000 -0.694070 0.000000
-0.501000 -0.688601 0.000000
-0.498000 -0.683102 0.000000
-0.495000 -0.677573 0.000000
-0.492000 -0.672014 0.000000
-0.489000 -0.666427 0.000000
-0.486000 -0.660812 0.000000
-0.483000 -0.655169 0.000000
-0.480000 -0.649499 0.000000
-0.477000 -0.643803 0.000000
-0.474000 -0.638081 0.000000
-0.471000 -0.632334 0.000000
-0.468000 -0.626562 0.000000
-0.465000 -0.620767 0.000000
-0.462000 -0.614948 0.000000
-0.459000 -0.609107 0.000000
-0.456000 -0.603244 0.000000
-0.453000 -0.597360 0.000000
-0.450000 -0.591455 0.000000
-0.447000 -0.585531 0.000000
-0.444000 -0.579588 0.000000
-0.441000 -0.573626 0.000000
-0.438000 -0.567647 0.000000
-0.435000 -0.561651 0.000000
-0.432000 -0.555640 0.000000
-0.429000 -0.549613 0.000000
-0.426000 -0.543572 0.000000
-0.423000 -0.537517 0.000000
-0.420000 -0.531449 0.000000
-0.417000 -0.525370 0.000000
-0.414000 -0.519279 0.000000
-0.411000 -0.513178 0.000000
-0.408000 -0.507068 0.000000
-0.405000 -0.500949 0.000000
-0.402000 -0.494823 0.000000
-0.399000 -0.488690 0.000000
-0.396000 -0.482551 0.000000
-0.393000 -0.476407 0.000000
-0.390000 -0.470259 0.000000
-0.387000 -0.464108 0.000000
-0.384000 -0.457955 0.000000
-0.381000 -0.451801 0.000000
-0.378000 -0.445646 0.000000
-0.375000 -0.439493 0.000000
-0.372000 -0.433341 0.000000
-0.369000 -0.427192 0.000000
-0.366000 -0.421047 0.000000
-0.363000 -0.414906 0.000000
-0.360000 -0.408771 0.000000
-0.357000 -0.402643 0.000000
-0.354000 -0.396523 0.000000
-0.351000 -0.390412 0.000000
-0.348000 -0.384310 0.000000
-0.345000 -0.378220 0.000000
-0.342000 -0.372142 0.000000
-0.339000 -0.366077 0.000000
-0.336000 -0.360026 0.000000
-0.333000 -0.353991 0.000000
-0.330000 -0.347972 0.000000
-0.327000 -0.341970 0.000000
-0.324000 -0.335987 0.000000
-0.321000 -0.330024 0.000000
-0.318000 -0.324082 0.000000
-0.315000 -0.318162 0.000000
-0.312000 -0.312265 0.000000
-0.309000 -0.306393 0.000000
-0.306000 -0.300545 0.000000
-0.303000 -0.294725 0.000000
-0.300000 -0.288932 0.000000
-0.297000 -0.283168 0.000000
-0.294000 -0.277434 0.000000
-0.291000 -0.271731 0.000000
-0.288000 -0.266061 0.000000
-0.285000 -0.260424 0.000000
-0.282000 -0.254822 0.000000
-0.279000 -0.249256 0.000000
-0.276000 -0.243726 0.000000
-0.273000 -0.238235 0.000000
-0.270000 -0.232784 0.000000
-0.267000 -0.227372 0.000000
-0.264000 -0.222003 0.000000
-0.261000 -0.216676 0.000000
-0.258000 -0.211394 0.000000
-0.255000 -0.206156 0.000000
-0.252000 -0.200965 0.000000
-0.249000 -0.195821 0.000000
-0.246000 -0.190726 0.000000
-0.243000 -0.185681 0.000000
-0.240000 -0.180686 0.000000
-0.237000 -0.175743 0.000000
-0.234000 -0.170854 0.000000
-0.231000 -0.166018 0.000000
-0.228000 -0.161238 0.000000
-0.225000 -0.156514 0.000000
-0.222000 -0.151847 0.000000
-0.219000 -0.147239 0.000000
-0.216000 -0.142691 0.000000
-0.213000 -0.138202 0.000000
-0.210000 -0.133776 0.000000
-0.207000 -0.129412 0.000000
-0.204000 -0.125111 0.000000
-0.201000 -0.120875 0.000000
-0.198000 -0.116704 0.000000
-0.195000 -0.112600 0.000000
-0.192000 -0.108563 0.000000
-0.189000 -0.104594 0.000000
-0.186000 -0.100694 0.000000
-0.183000 -0.096863 0.000000
-0.180000 -0.093104 0.000000
-0.177000 -0.089415 0.000000
-0.174000 -0.085799 0.000000
-0.171000 -0.082256 0.000000
-0.168000 -0.078786 0.000000
-0.165000 -0.075390 0.000000
-0.162000 -0.072070 0.000000
-0.159000 -0.068824 0.000000
-0.156000 -0.065655 0.000000
-0.153000 -0.062562 0.000000
-0.150000 -0.059546 0.000000
-0.147000 -0.056607 0.000000
-0.144000 -0.053747 0.000000
-0.141000 -0.050964 0.000000
-0.138000 -0.048260 0.000000
-0.135000 -0.045635 0.000000
-0.132000 -0.043088 0.000000
-0.129000 -0.040621 0.000000
-0.126000 -0.038233 0.000000
-0.123000 -0.035924 0.000000
-0.120000 -0.033694 0.000000
-0.117000 -0.031543 0.000000
-0.114000 -0.029472 0.000000
-0.111000 -0.027479 0.000000
-0.108000 -0.025565 0.000000
-0.105000 -0.023730 0.000000
-0.102000 -0.021972 0.000000
-0.099000 -0.020292 0.000000
-0.096000 -0.018688 0.000000
-0.093000 -0.017161 0.000000
-0.090000 -0.015710 0.000000
-0.087000 -0.014333 0.000000
-0.084000 -0.013031 0.000000
-0.081000 -0.011801 0.000000
-0.078000 -0.010644 0.000000
-0.075000 -0.009557 0.000000
-0.072000 -0.008541 0.000000
-0.069000 -0.007593 0.000000
-0.066000 -0.006711 0.000000
-0.063000 -0.005896 0.000000
-0.060000 -0.005144 0.000000
-0.057000 -0.004455 0.000000
-0.054000 -0.003826 0.000000
-0.051000 -0.003255 0.000000
-0.048000 -0.002741 0.000000
-0.045000 -0.002281 0.000000
-0.042000 -0.001874 0.000000
-0.039000 -0.001515 0.000000
-0.036000 -0.001204 0.000000
-0.033000 -0.000936 0.000000
-0.030000 -0.000711 0.000000
-0.027000 -0.000523 0.000000
-0.024000 -0.000371 0.000000
-0.021000 -0.000251 0.000000
-0.018000 -0.000160 0.000000
-0.015000 -0.000093 0.000000
-0.012000 -0.000048 0.000000
-0.009000 -0.000021 0.000000
-0.006000 -0.000006 0.000000
-0.003000 -0.000001 0.000000
0.000000 0.000000 0.000000
0.003000 0.000001 0.000000
0.006000 0.000006 0.000001
0.009000 0.000021 0.000003
0.012000 0.000048 0.000007
0.015000 0.000093 0.000013
0.018000 0.000160 0.000022
0.021000 0.000251 0.000033
0.024000 0.000371 0.000048
0.027000 0.000523 0.000066
0.030000 0.000711 0.000089
0.033000 0.000936 0.000116
0.036000 0.001204 0.000148
0.039000 0.001515 0.000185
0.042000 0.001874 0.000228
0.045000 0.002281 0.000276
0.048000 0.002741 0.000331
0.051000 0.003255 0.000392
0.054000 0.003826 0.000459
0.057000 0.004455 0.000534
0.060000 0.005144 0.000616
0.063000 0.005896 0.000705
0.066000 0.006711 0.000802
0.069000 0.007593 0.000907
0.072000 0.008541 0.001021
0.075000 0.009557 0.001142
0.078000 0.010644 0.001273
0.081000 0.011801 0.001412
0.084000 0.013031 0.001560
0.087000 0.014333 0.001717
0.090000 0.015710 0.001884
0.093000 0.017161 0.002060
0.096000 0.018688 0.002246
0.099000 0.020292 0.002442
0.102000 0.021972 0.002647
0.105000 0.023730 0.002863
0.108000 0.025565 0.003089
0.111000 0.027479 0.003326
0.114000 0.029472 0.003573
0.117000 0.031543 0.003830
0.120000 0.033694 0.004098
0.123000 0.035924 0.004377
0.126000 0.038233 0.004667
0.129000 0.040621 0.004967
0.132000 0.043088 0.005279
0.135000 0.045635 0.005602
0.138000 0.048260 0.005936
0.141000 0.050964 0.006281
0.144000 0.053747 0.006638
0.147000 0.056607 0.007005
0.150000 0.059546 0.007384
0.153000 0.062562 0.007775
0.156000 0.065655 0.008177
0.159000 0.068824 0.008590
0.162000 0.072070 0.009015
0.165000 0.075390 0.009451
0.168000 0.078786 0.009899
0.171000 0.082256 0.010358
0.174000 0.085799 0.010829
0.177000 0.089415 0.011312
0.180000 0.093104 0.011806
0.183000 0.096863 0.012311
0.186000 0.100694 0.012828
0.189000 0.104594 0.013356
0.192000 0.108563 0.013896
0.195000 0.112600 0.014448
0.198000 0.116704 0.015011
0.201000 0.120875 0.015585
0.204000 0.125111 0.016171
0.207000 0.129412 0.016768
0.210000 0.133776 0.017376
0.213000 0.138202 0.017995
0.216000 0.142691 0.018626
0.219000 0.147239 0.019268
0.222000 0.151847 0.019922
0.225000 0.156514 0.020586
0.228000 0.161238 0.021261
0.231000 0.166018 0.021947
0.234000 0.170854 0.022645
0.237000 0.175743 0.023353
0.240000 0.180686 0.024072
0.243000 0.185681 0.024801
0.246000 0.190726 0.025542
0.249000 0.195821 0.026293
0.252000 0.200965 0.027054
0.255000 0.206156 0.027826
0.258000 0.211394 0.028609
0.261000 0.216676 0.029401
0.264000 0.222003 0.030204
0.267000 0.227372 0.031018
0.270000 0.232784 0.031841
0.273000 0.238235 0.032674
0.276000 0.243726 0.033518
0.279000 0.249256 0.034371
0.282000 0.254822 0.035234
0.285000 0.260424 0.036106
0.288000 0.266061 0.036988
0.291000 0.271731 0.037880
0.294000 0.277434 0.038781
0.297000 0.283168 0.039692
0.300000 0.288932 0.040611
0.303000 0.294725 0.041540
0.306000 0.300545 0.042478
0.309000 0.306393 0.043425
0.312000 0.312265 0.044381
0.315000 0.318162 0.045345
0.318000 0.324082 0.046318
0.321000 0.330024 0.047300
0.324000 0.335987 0.048290
0.327000 0.341970 0.049289
0.330000 0.347972 0.050296
0.333000 0.353991 0.051311
0.336000 0.360026 0.052334
0.339000 0.366077 0.053366
0.342000 0.372142 0.054405
0.345000 0.378220 0.055452
0.348000 0.384310 0.056506
0.351000 0.390412 0.057568
0.354000 0.396523 0.058638
0.357000 0.402643 0.059715
0.360000 0.408771 0.060799
0.363000 0.414906 0.061891
0.366000 0.421047 0.062989
0.369000 0.427192 0.064095
0.372000 0.433341 0.065207
0.375000 0.439493 0.066326
0.378000 0.445646 0.067452
0.381000 0.451801 0.068585
0.384000 0.457955 0.069723
0.387000 0.464108 0.070869
0.390000 0.470259 0.072020
0.393000 0.476407 0.073178
0.396000 0.482551 0.074341
0.399000 0.488690 0.075511
0.402000 0.494823 0.076686
0.405000 0.500949 0.077867
0.408000 0.507068 0.079054
0.411000 0.513178 0.080247
0.414000 0.519279 0.081444
0.417000 0.525370 0.082647
0.420000 0.531449 0.083856
0.423000 0.537517 0.085069
0.426000 0.543572 0.086288
0.429000 0.549613 0.087511
0.432000 0.555640 0.088739
0.435000 0.561651 0.089972
0.438000 0.567647 0.091210
0.441000 0.573626 0.092452
0.444000 0.579588 0.093699
0.447000 0.585531 0.094949
0.450000 0.591455 0.096204
0.453000 0.597360 0.097464
0.456000 0.603244 0.098727
0.459000 0.609107 0.099994
0.462000 0.614948 0.101265
0.465000 0.620767 0.102540
0.468000 0.626562 0.103819
0.471000 0.632334 0.105101
0.474000 0.638081 0.106386
0.477000 0.643803 0.107675
0.480000 0.649499 0.108967
0.483000 0.655169 0.110262
0.486000 0.660812 0.111561
0.489000 0.666427 0.112862
0.492000 0.672014 0.114167
0.495000 0.677573 0.115474
0.498000 0.683102 0.116784
0.501000 0.688601 0.118096
0.504000 0.694070 0.119411
0.507000 0.699507 0.120729
0.510000 0.704914 0.122049
0.513000 0.710288 0.123371
0.516000 0.715630 0.124695
0.519000 0.720939 0.126022
0.522000 0.726215 0.127350
0.525000 0.731457 0.128681
0.528000 0.736664 0.130013
0.531000 0.741837 0.131347
0.534000 0.746974 0.132683
0.537000 0.752076 0.134020
0.540000 0.757142 0.135359
0.543000 0.762171 0.136699
0.546000 0.767164 0.138041
0.549000 0.772119 0.139384
0.552000 0.777037 0.140728
0.555000 0.781916 0.142074
0.558000 0.786758 0.143420
0.561000 0.791560 0.144768
0.564000 0.796324 0.146116
0.567000 0.801048 0.147465
0.570000 0.805733 0.148815
0.573000 0.810378 0.150165
0.576000 0.814982 0.151516
0.579000 0.819546 0.152868
0.582000 0.824069 0.154220
0.585000 0.828551 0.155573
0.588000 0.832992 0.156926
0.591000 0.837391 0.158279
0.594000 0.841749 0.159632
0.597000 0.846064 0.160985
0.600000 0.850337 0.162338
0.603000 0.854567 0.163692
0.606000 0.858755 0.165045
0.609000 0.862899 0.166398
0.612000 0.867001 0.167751
0.615000 0.871059 0.169103
0.618000 0.875074 0.170456
0.621000 0.879045 0.171807
0.624000 0.882973 0.173159
0.627000 0.886856 0.174509
0.630000 0.890696 0.175859
0.633000 0.894491 0.177209
0.636000 0.898242 0.178557
0.639000 0.901948 0.179905
0.642000 0.905610 0.181252
0.645000 0.909227 0.182598
0.648000 0.912799 0.183944
0.651000 0.916326 0.185288
0.654000 0.919808 0.186631
0.657000 0.923246 0.187973
0.660000 0.926638 0.189313
0.663000 0.929985 0.190653
0.666000 0.933287 0.191991
0.669000 0.936543 0.193328
0.672000 0.939754 0.194663
0.675000 0.942920 0.195997
0.678000 0.946040 0.197330
0.681000 0.949115 0.198661
0.684000 0.952145 0.199990
0.687000 0.955129 0.201317
0.690000 0.958067 0.202643
0.693000 0.960961 0.203968
0.696000 0.963808 0.205290
0.699000 0.966610 0.206610
0.702000 0.969367 0.207929
0.705000 0.972079 0.209246
0.708000 0.974745 0.210560
0.711000 0.977365 0.211873
0.714000 0.979941 0.213184
0.717000 0.982471 0.214492
0.720000 0.984956 0.215799
0.723000 0.987396 0.217103
0.726000 0.989791 0.218405
0.729000 0.992140 0.219704
0.732000 0.994445 0.221002
0.735000 0.996705 0.222297
0.738000 0.998920 0.223589
0.741000 1.001091 0.224879
0.744000 1.003216 0.226167
0.747000 1.005298 0.227452
0.750000 1.007334 0.228735
0.753000 1.009327 0.230015
0.756000 1.011275 0.231292
0.759000 1.013180 0.232567
0.762000 1.015040 0.233839
0.765000 1.016856 0.235108
0.768000 1.018629 0.236375
0.771000 1.020358 0.237638
0.774000 1.022043 0.238899
0.777000 1.023685 0.240157
0.780000 1.025284 0.241413
0.783000 1.026840 0.242665
0.786000 1.028353 0.243914
0.789000 1.029823 0.245161
0.792000 1.031251 0.246404
0.795000 1.032636 0.247644
0.798000 1.033978 0.248882
0.801000 1.035279 0.250116
0.804000 1.036538 0.251347
0.807000 1.037754 0.252575
0.810000 1.038929 0.253800
0.813000 1.040063 0.255022
0.816000 1.041156 0.256240
0.819000 1.042207 0.257455
0.822000 1.043217 0.258667
0.825000 1.044187 0.259876
0.828000 1.045116 0.261081
0.831000 1.046004 0.262283
0.834000 1.046853 0.263482
0.837000 1.047661 0.264677
0.840000 1.048430 0.265869
0.843000 1.049159 0.267057
0.846000 1.049849 0.268242
0.849000 1.050499 0.269424
0.852000 1.051111 0.270602
0.855000 1.051684 0.271777
0.858000 1.052218 0.272948
0.861000 1.052714 0.274115
0.864000 1.053172 0.275279
0.867000 1.053592 0.276440
0.870000 1.053974 0.277597
0.873000 1.054319 0.278750
0.876000 1.054626 0.279899
0.879000 1.054897 0.281045
0.882000 1.055130 0.282188
0.885000 1.055327 0.283327
0.888000 1.055488 0.284462
0.891000 1.055613 0.285593
0.894000 1.055701 0.286721
0.897000 1.055755 0.287845
0.900000 1.055772 0.288965
0.903000 1.055755 0.290081
0.906000 1.055702 0.291194
0.909000 1.055615 0.292303
0.912000 1.055493 0.293408
0.915000 1.055337 0.294509
0.918000 1.055147 0.295607
0.921000 1.054923 0.296701
0.924000 1.054666 0.297791
0.927000 1.054376 0.298877
0.930000 1.054052 0.299959
0.933000 1.053696 0.301038
0.936000 1.053307 0.302112
0.939000 1.052886 0.303183
0.942000 1.052432 0.304250
0.945000 1.051947 0.305313
0.948000 1.051430 0.306372
0.951000 1.050883 0.307427
0.954000 1.050303 0.308479
0.957000 1.049694 0.309526
0.960000 1.049053 0.310570
0.963000 1.048382 0.311609
0.966000 1.047681 0.312645
0.969000 1.046951 0.313677
0.972000 1.046191 0.314704
0.975000 1.045401 0.315728
0.978000 1.044582 0.316748
0.981000 1.043735 0.317764
0.984000 1.042859 0.318776
0.987000 1.041954 0.319784
0.990000 1.041022 0.320789
0.993000 1.040062 0.321789
0.996000 1.039074 0.322785
0.999000 1.038059 0.323777
1.002000 1.037017 0.324765
1.005000 1.035948 0.325750
1.008000 1.034852 0.326730
1.011000 1.033730 0.327707
1.014000 1.032582 0.328679
1.017000 1.031408 0.329647
1.020000 1.030209 0.330612
1.023000 1.028985 0.331572
1.026000 1.027735 0.332529
1.029000 1.026460 0.333482
1.032000 1.025161 0.334430
1.035000 1.023838 0.335375
1.038000 1.022490 0.336315
1.041000 1.021119 0.337252
1.044000 1.019724 0.338185
1.047000 1.018306 0.339114
1.050000 1.016865 0.340038
1.053000 1.015401 0.340959
1.056000 1.013914 0.341876
1.059000 1.012405 0.342789
1.062000 1.010874 0.343698
1.065000 1.009322 0.344603
1.068000 1.007747 0.345504
1.071000 1.006151 0.346401
1.074000 1.004534 0.347294
1.077000 1.002896 0.348184
1.080000 1.001238 0.349069
1.083000 0.999559 0.349950
1.086000 0.997860 0.350828
1.089000 0.996141 0.351701
1.092000 0.994402 0.352571
1.095000 0.992644 0.353436
1.098000 0.990867 0.354298
1.101000 0.989071 0.355156
1.104000 0.987256 0.356010
1.107000 0.985422 0.356860
1.110000 0.983570 0.357706
1.113000 0.981701 0.358548
1.116000 0.979813 0.359387
1.119000 0.977908 0.360221
1.122000 0.975985 0.361052
1.125000 0.974046 0.361879
1.128000 0.972089 0.362702
1.131000 0.970116 0.363521
1.134000 0.968127 0.364336
1.137000 0.966121 0.365148
1.140000 0.964099 0.365955
1.143000 0.962061 0.366759
1.146000 0.960008 0.367559
1.149000 0.957940 0.368355
1.152000 0.955857 0.369147
1.155000 0.953758 0.369936
1.158000 0.951645 0.370721
1.161000 0.949518 0.371502
1.164000 0.947376 0.372279
1.167000 0.945221 0.373052
1.170000 0.943051 0.373822
1.173000 0.940868 0.374588
1.176000 0.938672 0.375350
1.179000 0.936462 0.376109
1.182000 0.934240 0.376863
1.185000 0.932004 0.377614
1.188000 0.929757 0.378362
1.191000 0.927497 0.379105
1.194000 0.925224 0.379845
1.197000 0.922940 0.380582
1.200000 0.920644 0.381314
1.203000 0.918337 0.382043
1.206000 0.916018 0.382769
1.209000 0.913689 0.383490
1.212000 0.911348 0.384208
1.215000 0.908997 0.384923
1.218000 0.906635 0.385634
1.221000 0.904263 0.386341
1.224000 0.901880 0.387044
1.227000 0.899488 0.387744
1.230000 0.897086 0.388441
1.233000 0.894674 0.389134
1.236000 0.892254 0.389823
1.239000 0.889823 0.390509
1.242000 0.887384 0.391191
1.245000 0.884936 0.391870
1.248000 0.882480 0.392545
1.251000 0.880015 0.393217
1.254000 0.877542 0.393885
1.257000 0.875060 0.394550
1.260000 0.872571 0.395211
1.263000 0.870074 0.395869
1.266000 0.867570 0.396524
1.269000 0.865058 0.397175
1.272000 0.862539 0.397822
1.275000 0.860013 0.398466
1.278000 0.857480 0.399107
1.281000 0.854941 0.399744
1.284000 0.852395 0.400378
1.287000 0.849842 0.401009
1.290000 0.847284 0.401636
1.293000 0.844719 0.402260
1.296000 0.842149 0.402880
1.299000 0.839573 0.403498
1.302000 0.836991 0.404111
1.305000 0.834405 0.404722
1.308000 0.831812 0.405329
1.311000 0.829215 0.405933
1.314000 0.826613 0.406534
1.317000 0.824007 0.407131
1.320000 0.821395 0.407726
1.323000 0.818780 0.408317
1.326000 0.816160 0.408904
1.329000 0.813535 0.409489
1.332000 0.810907 0.410070
1.335000 0.808276 0.410649
1.338000 0.805640 0.411223
1.341000 0.803001 0.411795
1.344000 0.800359 0.412364
1.347000 0.797713 0.412930
1.350000 0.795064 0.413492
1.353000 0.792413 0.414051
1.356000 0.789758 0.414607
1.359000 0.787101 0.415160
1.362000 0.784441 0.415710
1.365000 0.781779 0.416257
1.368000 0.779115 0.416801
1.371000 0.776449 0.417342
1.374000 0.773780 0.417880
1.377000 0.771110 0.418415
1.380000 0.768438 0.418946
1.383000 0.765764 0.419475
1.386000 0.763089 0.420001
1.389000 0.760413 0.420524
1.392000 0.757735 0.421043
1.395000 0.755056 0.421560
1.398000 0.752377 0.422074
1.401000 0.749696 0.422585
1.404000 0.747015 0.423093
1.407000 0.744333 0.423598
1.410000 0.741651 0.424101
1.413000 0.738968 0.424600
1.416000 0.736285 0.425097
1.419000 0.733602 0.425590
1.422000 0.730919 0.426081
1.425000 0.728236 0.426569
1.428000 0.725553 0.427054
1.431000 0.722870 0.427537
1.434000 0.720188 0.428016
1.437000 0.717507 0.428493
1.440000 0.714826 0.428967
1.443000 0.712145 0.429438
1.446000 0.709466 0.429907
1.449000 0.706788 0.430373
1.452000 0.704110 0.430836
1.455000 0.701434 0.431296
1.458000 0.698759 0.431754
1.461000 0.696086 0.432209
1.464000 0.693413 0.432661
1.467000 0.690743 0.433111
1.470000 0.688074 0.433558
1.473000 0.685407 0.434002
1.476000 0.682742 0.434444
1.479000 0.680078 0.434883
1.482000 0.677417 0.435319
1.485000 0.674758 0.435753
1.488000 0.672101 0.436185
1.491000 0.669446 0.436613
1.494000 0.666794 0.437040
1.497000 0.664144 0.437463
1.500000 0.661496 0.437884
1.503000 0.658852 0.438303
1.506000 0.656210 0.438719
1.509000 0.653571 0.439133
1.512000 0.650935 0.439544
1.515000 0.648301 0.439952
1.518000 0.645671 0.440359
1.521000 0.643044 0.440762
1.524000 0.640420 0.441164
1.527000 0.637800 0.441562
1.530000 0.635183 0.441959
1.533000 0.632569 0.442353
1.536000 0.629959 0.442745
1.539000 0.627352 0.443134
1.542000 0.624749 0.443521
1.545000 0.622150 0.443905
1.548000 0.619554 0.444287
1.551000 0.616963 0.444667
1.554000 0.614375 0.445045
1.557000 0.611792 0.445420
1.560000 0.609212 0.445793
1.563000 0.606637 0.446164
1.566000 0.604066 0.446532
1.569000 0.601499 0.446898
1.572000 0.598936 0.447262
1.575000 0.596378 0.447623
1.578000 0.593825 0.447983
1.581000 0.591275 0.448340
1.584000 0.588731 0.448695
1.587000 0.586191 0.449048
1.590000 0.583656 0.449398
1.593000 0.581125 0.449746
1.596000 0.578600 0.450093
1.599000 0.576079 0.450437
1.602000 0.573563 0.450779
1.605000 0.571052 0.451118
1.608000 0.568546 0.451456
1.611000 0.566046 0.451791
1.614000 0.563550 0.452125
1.617000 0.561059 0.452456
1.620000 0.558574 0.452786
1.623000 0.556094 0.453113
1.626000 0.553620 0.453438
1.629000 0.551151 0.453761
1.632000 0.548687 0.454082
1.635000 0.546229 0.454401
1.638000 0.543776 0.454718
1.641000 0.541329 0.455033
1.644000 0.538887 0.455346
1.647000 0.536451 0.455657
1.650000 0.534021 0.455966
1.653000 0.531596 0.456273
1.656000 0.529178 0.456578
1.659000 0.526765 0.456882
1.662000 0.524358 0.457183
1.665000 0.521957 0.457482
1.668000 0.519561 0.457780
1.671000 0.517172 0.458075
1.674000 0.514789 0.458369
1.677000 0.512412 0.458661
1.680000 0.510041 0.458951
1.683000 0.507676 0.459239
1.686000 0.505317 0.459525
1.689000 0.502964 0.459809
1.692000 0.500618 0.460092
1.695000 0.498278 0.460372
1.698000 0.495944 0.460651
1.701000 0.493616 0.460929
1.704000 0.491295 0.461204
1.707000 0.488980 0.461477
1.710000 0.486671 0.461749
1.713000 0.484369 0.462019
1.716000 0.482074 0.462287
1.719000 0.479785 0.462554
1.722000 0.477502 0.462819
1.725000 0.475226 0.463082
1.728000 0.472956 0.463343
1.731000 0.470693 0.463603
1.734000 0.468437 0.463861
1.737000 0.466187 0.464117
1.740000 0.463944 0.464372
1.743000 0.461708 0.464625
1.746000 0.459478 0.464876
1.749000 0.457255 0.465126
1.752000 0.455039 0.465374
1.755000 0.452830 0.465620
1.758000 0.450627 0.465865
1.761000 0.448431 0.466108
1.764000 0.446242 0.466350
1.767000 0.444060 0.466590
1.770000 0.441884 0.466828
1.773000 0.439716 0.467065
1.776000 0.437554 0.467300
1.779000 0.435399 0.467534
1.782000 0.433251 0.467766
1.785000 0.431111 0.467997
1.788000 0.428977 0.468226
1.791000 0.426850 0.468453
1.794000 0.424730 0.468679
1.797000 0.422616 0.468904
1.800000 0.420510 0.469127
1.803000 0.418411 0.469349
1.806000 0.416319 0.469569
1.809000 0.414234 0.469787
1.812000 0.412156 0.470005
1.815000 0.410085 0.470220
1.818000 0.408022 0.470435
1.821000 0.405965 0.470648
1.824000 0.403915 0.470859
1.827000 0.401873 0.471069
1.830000 0.399837 0.471278
1.833000 0.397809 0.471485
1.836000 0.395787 0.471691
1.839000 0.393773 0.471895
1.842000 0.391766 0.472098
1.845000 0.389766 0.472300
1.848000 0.387773 0.472501
1.851000 0.385788 0.472700
1.854000 0.383809 0.472897
1.857000 0.381838 0.473094
1.860000 0.379874 0.473289
1.863000 0.377917 0.473482
1.866000 0.375967 0.473675
1.869000 0.374024 0.473866
1.872000 0.372088 0.474056
1.875000 0.370160 0.474244
1.878000 0.368239 0.474431
1.881000 0.366325 0.474617
1.884000 0.364418 0.474802
1.887000 0.362518 0.474986
1.890000 0.360625 0.475168
1.893000 0.358740 0.475349
1.896000 0.356862 0.475528
1.899000 0.354991 0.475707
1.902000 0.353127 0.475884
1.905000 0.351270 0.476060
1.908000 0.349420 0.476235
1.911000 0.347578 0.476409
1.914000 0.345743 0.476581
1.917000 0.343915 0.476753
1.920000 0.342094 0.476923
1.923000 0.340280 0.477092
1.926000 0.338473 0.477260
1.929000 0.336674 0.477426
1.932000 0.334881 0.477592
1.935000 0.333096 0.477756
1.938000 0.331318 0.477919
1.941000 0.329547 0.478082
1.944000 0.327783 0.478243
1.947000 0.326026 0.478403
1.950000 0.324277 0.478561
1.953000 0.322534 0.478719
1.956000 0.320799 0.478876
1.959000 0.319070 0.479031
1.962000 0.317349 0.479186
1.965000 0.315635 0.479339
1.968000 0.313928 0.479491
1.971000 0.312228 0.479643
1.974000 0.310535 0.479793
1.977000 0.308848 0.479942
1.980000 0.307170 0.480090
1.983000 0.305498 0.480237
1.986000 0.303833 0.480383
1.989000 0.302175 0.480528
1.992000 0.300524 0.480673
1.995000 0.298880 0.480816
1.998000 0.297243 0.480958
2.001000 0.295613 0.481099
2.004000 0.293990 0.481239
2.007000 0.292374 0.481378
2.010000 0.290764 0.481516
2.013000 0.289162 0.481653
2.016000 0.287567 0.481789
2.019000 0.285978 0.481925
2.022000 0.284397 0.482059
2.025000 0.282822 0.482192
2.028000 0.281254 0.482325
2.031000 0.279693 0.482456
2.034000 0.278139 0.482587
2.037000 0.276592 0.482717
2.040000 0.275052 0.482845
2.043000 0.273518 0.482973
2.046000 0.271991 0.483100
2.049000 0.270471 0.483226
2.052000 0.268958 0.483351
2.055000 0.267451 0.483476
2.058000 0.265951 0.483599
2.061000 0.264458 0.483722
2.064000 0.262972 0.483843
2.067000 0.261492 0.483964
2.070000 0.260019 0.484084
2.073000 0.258553 0.484203
2.076000 0.257093 0.484321
2.079000 0.255640 0.484439
2.082000 0.254194 0.484555
2.085000 0.252754 0.484671
2.088000 0.251321 0.484786
2.091000 0.249894 0.484900
2.094000 0.248474 0.485013
2.097000 0.247060 0.485126
2.100000 0.245653 0.485238
2.103000 0.244253 0.485349
2.106000 0.242859 0.485459
2.109000 0.241471 0.485568
2.112000 0.240090 0.485677
2.115000 0.238716 0.485784
2.118000 0.237348 0.485891
2.121000 0.235986 0.485998
2.124000 0.234631 0.486103
2.127000 0.233282 0.486208
2.130000 0.231939 0.486312
2.133000 0.230603 0.486415
2.136000 0.229273 0.486518
2.139000 0.227950 0.486619
2.142000 0.226632 0.486720
2.145000 0.225321 0.486821
2.148000 0.224017 0.486920
2.151000 0.222718 0.487019
2.154000 0.221426 0.487117
2.157000 0.220140 0.487215
2.160000 0.218860 0.487312
2.163000 0.217587 0.487408
2.166000 0.216319 0.487503
2.169000 0.215058 0.487598
2.172000 0.213803 0.487692
2.175000 0.212554 0.487785
2.178000 0.211311 0.487878
2.181000 0.210074 0.487970
2.184000 0.208843 0.488061
2.187000 0.207618 0.488152
2.190000 0.206400 0.488242
2.193000 0.205187 0.488331
2.196000 0.203980 0.488420
2.199000 0.202779 0.488508
2.202000 0.201584 0.488595
2.205000 0.200395 0.488682
2.208000 0.199212 0.488768
2.211000 0.198035 0.488854
2.214000 0.196864 0.488939
2.217000 0.195698 0.489023
2.220000 0.194539 0.489106
2.223000 0.193385 0.489190
2.226000 0.192237 0.489272
2.229000 0.191095 0.489354
2.232000 0.189958 0.489435
2.235000 0.188827 0.489516
2.238000 0.187702 0.489596
2.241000 0.186583 0.489675
2.244000 0.185469 0.489754
2.247000 0.184361 0.489833
2.250000 0.183259 0.489910
2.253000 0.182162 0.489988
2.256000 0.181071 0.490064
2.259000 0.179985 0.490140
2.262000 0.178905 0.490216
2.265000 0.177831 0.490291
2.268000 0.176762 0.490365
2.271000 0.175699 0.490439
2.274000 0.174641 0.490513
2.277000 0.173588 0.490585
2.280000 0.172541 0.490658
2.283000 0.171499 0.490729
2.286000 0.170463 0.490801
2.289000 0.169432 0.490871
2.292000 0.168407 0.490941
2.295000 0.167387 0.491011
2.298000 0.166372 0.491080
2.301000 0.165363 0.491149
2.304000 0.164358 0.491217
2.307000 0.163359 0.491285
2.310000 0.162366 0.491352
2.313000 0.161377 0.491418
2.316000 0.160394 0.491484
2.319000 0.159416 0.491550
2.322000 0.158443 0.491615
2.325000 0.157475 0.491680
2.328000 0.156513 0.491744
2.331000 0.155555 0.491808
2.334000 0.154603 0.491871
2.337000 0.153656 0.491934
2.340000 0.152713 0.491996
2.343000 0.151776 0.492058
2.346000 0.150844 0.492119
2.349000 0.149916 0.492180
2.352000 0.148994 0.492241
2.355000 0.148077 0.492301
2.358000 0.147164 0.492361
2.361000 0.146257 0.492420
2.364000 0.145354 0.492478
2.367000 0.144457 0.492537
2.370000 0.143564 0.492595
2.373000 0.142676 0.492652
2.376000 0.141792 0.492709
2.379000 0.140914 0.492766
2.382000 0.140040 0.492822
2.385000 0.139171 0.492877
2.388000 0.138307 0.492933
2.391000 0.137448 0.492988
2.394000 0.136593 0.493042
2.397000 0.135743 0.493096
2.400000 0.134898 0.493150
2.403000 0.134057 0.493203
2.406000 0.133221 0.493256
2.409000 0.132389 0.493308
2.412000 0.131562 0.493361
2.415000 0.130740 0.493412
2.418000 0.129922 0.493464
2.421000 0.129108 0.493514
2.424000 0.128299 0.493565
2.427000 0.127495 0.493615
2.430000 0.126695 0.493665
2.433000 0.125900 0.493714
2.436000 0.125108 0.493763
2.439000 0.124322 0.493812
2.442000 0.123540 0.493860
2.445000 0.122762 0.493908
2.448000 0.121988 0.493956
2.451000 0.121219 0.494003
2.454000 0.120454 0.494050
2.457000 0.119693 0.494097
2.460000 0.118937 0.494143
2.463000 0.118185 0.494189
2.466000 0.117437 0.494234
2.469000 0.116693 0.494279
2.472000 0.115954 0.494324
2.475000 0.115219 0.494368
2.478000 0.114487 0.494413
2.481000 0.113760 0.494456
2.484000 0.113038 0.494500
2.487000 0.112319 0.494543
2.490000 0.111604 0.494586
2.493000 0.110893 0.494628
2.496000 0.110187 0.494670
2.499000 0.109484 0.494712
2.502000 0.108786 0.494754
2.505000 0.108091 0.494795
2.508000 0.107401 0.494836
2.511000 0.106714 0.494876
2.514000 0.106031 0.494917
2.517000 0.105353 0.494957
2.520000 0.104678 0.494996
2.523000 0.104007 0.495036
2.526000 0.103340 0.495075
2.529000 0.102676 0.495113
2.532000 0.102017 0.495152
2.535000 0.101361 0.495190
2.538000 0.100709 0.495228
2.541000 0.100061 0.495266
2.544000 0.099417 0.495303
2.547000 0.098776 0.495340
2.550000 0.098139 0.495377
2.553000 0.097506 0.495413
2.556000 0.096877 0.495449
2.559000 0.096251 0.495485
2.562000 0.095629 0.495521
2.565000 0.095010 0.495556
2.568000 0.094395 0.495591
2.571000 0.093784 0.495626
2.574000 0.093176 0.495661
2.577000 0.092572 0.495695
2.580000 0.091971 0.495729
2.583000 0.091374 0.495763
2.586000 0.090781 0.495796
2.589000 0.090191 0.495830
2.592000 0.089604 0.495863
2.595000 0.089021 0.495896
2.598000 0.088441 0.495928
2.601000 0.087865 0.495960
2.604000 0.087292 0.495992
2.607000 0.086722 0.496024
2.610000 0.086156 0.496056
2.613000 0.085593 0.496087
2.616000 0.085034 0.496118
2.619000 0.084478 0.496149
2.622000 0.083925 0.496179
2.625000 0.083375 0.496210
2.628000 0.082829 0.496240
2.631000 0.082286 0.496270
2.634000 0.081746 0.496299
2.637000 0.081210 0.496329
2.640000 0.080676 0.496358
2.643000 0.080146 0.496387
2.646000 0.079619 0.496415
2.649000 0.079095 0.496444
2.652000 0.078575 0.496472
2.655000 0.078057 0.496500
2.658000 0.077543 0.496528
2.661000 0.077032 0.496556
2.664000 0.076523 0.496583
2.667000 0.076018 0.496611
2.670000 0.075516 0.496638
2.673000 0.075017 0.496664
2.676000 0.074521 0.496691
2.679000 0.074028 0.496717
2.682000 0.073538 0.496743
2.685000 0.073051 0.496769
2.688000 0.072566 0.496795
2.691000 0.072085 0.496821
2.694000 0.071607 0.496846
2.697000 0.071131 0.496871
2.700000 0.070659 0.496896
2.703000 0.070189 0.496921
2.706000 0.069723 0.496946
2.709000 0.069259 0.496970
2.712000 0.068798 0.496994
2.715000 0.068339 0.497018
2.718000 0.067884 0.497042
2.721000 0.067431 0.497066
2.724000 0.066981 0.497089
2.727000 0.066534 0.497113
2.730000 0.066090 0.497136
2.733000 0.065648 0.497159
2.736000 0.065209 0.497182
2.739000 0.064773 0.497204
2.742000 0.064339 0.497227
2.745000 0.063909 0.497249
2.748000 0.063480 0.497271
2.751000 0.063055 0.497293
2.754000 0.062632 0.497314
2.757000 0.062211 0.497336
2.760000 0.061794 0.497357
2.763000 0.061379 0.497379
2.766000 0.060966 0.497400
2.769000 0.060556 0.497421
2.772000 0.060148 0.497441
2.775000 0.059744 0.497462
2.778000 0.059341 0.497482
2.781000 0.058941 0.497502
2.784000 0.058544 0.497523
2.787000 0.058149 0.497542
2.790000 0.057756 0.497562
2.793000 0.057366 0.497582
2.796000 0.056979 0.497601
2.799000 0.056594 0.497621
2.802000 0.056211 0.497640
2.805000 0.055830 0.497659
2.808000 0.055452 0.497678
2.811000 0.055077 0.497696
2.814000 0.054704 0.497715
2.817000 0.054333 0.497733
2.820000 0.053964 0.497752
2.823000 0.053598 0.497770
2.826000 0.053234 0.497788
2.829000 0.052872 0.497806
2.832000 0.052513 0.497823
2.835000 0.052156 0.497841
2.838000 0.051801 0.497858
2.841000 0.051448 0.497876
2.844000 0.051098 0.497893
2.847000 0.050750 0.497910
2.850000 0.050404 0.497927
2.853000 0.050060 0.497943
2.856000 0.049718 0.497960
2.859000 0.049379 0.497976
2.862000 0.049042 0.497993
2.865000 0.048707 0.498009
2.868000 0.048374 0.498025
2.871000 0.048043 0.498041
2.874000 0.047714 0.498057
2.877000 0.047387 0.498073
2.880000 0.047063 0.498088
2.883000 0.046740 0.498104
2.886000 0.046420 0.498119
2.889000 0.046101 0.498134
2.892000 0.045785 0.498150
2.895000 0.045471 0.498165
2.898000 0.045158 0.498179
2.901000 0.044848 0.498194
2.904000 0.044540 0.498209
2.907000 0.044233 0.498223
2.910000 0.043929 0.498238
2.913000 0.043626 0.498252
2.916000 0.043326 0.498266
2.919000 0.043027 0.498280
2.922000 0.042731 0.498294
2.925000 0.042436 0.498308
2.928000 0.042143 0.498322
2.931000 0.041852 0.498336
2.934000 0.041563 0.498349
2.937000 0.041276 0.498363
2.940000 0.040990 0.498376
2.943000 0.040707 0.498389
2.946000 0.040425 0.498402
2.949000 0.040145 0.498415
2.952000 0.039867 0.498428
2.955000 0.039591 0.498441
2.958000 0.039317 0.498454
2.961000 0.039044 0.498466
2.964000 0.038773 0.498479
2.967000 0.038504 0.498491
2.970000 0.038237 0.498503
2.973000 0.037971 0.498515
2.976000 0.037707 0.498528
2.979000 0.037445 0.498540
2.982000 0.037184 0.498551
2.985000 0.036926 0.498563
2.988000 0.036669 0.498575
2.991000 0.036413 0.498587
2.994000 0.036160 0.498598
2.997000 0.035907 0.498610
