-4.00000000 0.04000151
-3.98000000 0.03976419
-3.96000000 0.04711214
-3.94000000 0.06054744
-3.92000000 0.07554955
-3.90000000 0.08613522
-3.88000000 0.08705569
-3.86000000 0.07586520
-3.84000000 0.05411313
-3.82000000 0.02719519
-3.80000000 0.00285155
-3.78000000 -0.01122878
-3.76000000 -0.00991444
-3.74000000 0.00759648
-3.72000000 0.03735719
-3.70000000 0.07177904
-3.68000000 0.10192559
-3.66000000 0.12024990
-3.64000000 0.12287441
-3.62000000 0.11066165
-3.60000000 0.08873109
-3.58000000 0.06460502
-3.56000000 0.04563268
-3.54000000 0.03658596
-3.52000000 0.03825370
-3.50000000 0.04750667
-3.48000000 0.05878289
-3.46000000 0.06643508
-3.44000000 0.06706927
-3.42000000 0.06099843
-3.40000000 0.05224547
-3.38000000 0.04705121
-3.36000000 0.05139359
-3.34000000 0.06840828
-3.32000000 0.09667645
-3.30000000 0.13007627
-3.28000000 0.15936425
-3.26000000 0.17504147
-3.24000000 0.17057905
-3.22000000 0.14490239
-3.20000000 0.10323561
-3.18000000 0.05592938
-3.16000000 0.01556756
-3.14000000 -0.00675819
-3.12000000 -0.00480668
-3.10000000 0.02093109
-3.08000000 0.06346785
-3.06000000 0.11161796
-3.04000000 0.15360994
-3.02000000 0.18081609
-3.00000000 0.19035216
-2.98000000 0.18567530
-2.96000000 0.17498813
-2.94000000 0.16801134
-2.92000000 0.17225894
-2.90000000 0.19013696
-2.88000000 0.21791615
-2.86000000 0.24698674
-2.84000000 0.26700231
-2.82000000 0.26983699
-2.80000000 0.25295512
-2.78000000 0.22094878
-2.76000000 0.18459595
-2.74000000 0.15763648
-2.72000000 0.15226903
-2.70000000 0.17486129
-2.68000000 0.22335808
-2.66000000 0.28735468
-2.64000000 0.35093733
-2.62000000 0.39746227
-2.60000000 0.41476555
-2.58000000 0.39910345
-2.56000000 0.35649784
-2.54000000 0.30098926
-2.52000000 0.25031498
-2.50000000 0.22039312
-2.48000000 0.22041253
-2.46000000 0.25015222
-2.44000000 0.30043163
-2.42000000 0.35655629
-2.40000000 0.40361613
-2.38000000 0.43185458
-2.36000000 0.44027793
-2.34000000 0.43724068
-2.32000000 0.43774488
-2.30000000 0.45829784
-2.28000000 0.51101325
-2.26000000 0.59892948
-2.24000000 0.71414932
-2.22000000 0.83949499
-2.20000000 0.95321725
-2.18000000 1.03528439
-2.16000000 1.07324477
-2.14000000 1.06578921
-2.12000000 1.02289479
-2.10000000 0.96255996
-2.08000000 0.90526174
-2.06000000 0.86800103
-2.04000000 0.85990019
-2.02000000 0.88074498
-2.00000000 0.92281505
-1.98000000 0.97518675
-1.96000000 1.02882214
-1.94000000 1.08048968
-1.92000000 1.13399663
-1.90000000 1.19821126
-1.88000000 1.28256890
-1.86000000 1.39176031
-1.84000000 1.52172244
-1.82000000 1.65871271
-1.80000000 1.78223082
-1.78000000 1.87118286
-1.76000000 1.91142571
-1.74000000 1.90213649
-1.72000000 1.85860118
-1.70000000 1.81001400
-1.68000000 1.79244094
-1.66000000 1.83873438
-1.64000000 1.96834912
-1.62000000 2.18028634
-1.60000000 2.45163604
-1.58000000 2.74258725
-1.56000000 3.00679964
-1.54000000 3.20429469
-1.52000000 3.31309307
-1.50000000 3.33602828
-1.48000000 3.30048687
-1.46000000 3.25089148
-1.44000000 3.23593656
-1.42000000 3.29423235
-1.40000000 3.44258776
-1.38000000 3.67046551
-1.36000000 3.94236201
-1.34000000 4.20752589
-1.32000000 4.41423799
-1.30000000 4.52449986
-1.28000000 4.52483958
-1.26000000 4.43009000
-1.24000000 4.27907742
-1.22000000 4.12354907
-1.20000000 4.01363928
-1.18000000 3.98413942
-1.16000000 4.04551421
-1.14000000 4.18211554
-1.12000000 4.35785500
-1.10000000 4.52738462
-1.08000000 4.64927212
-1.06000000 4.69719995
-1.04000000 4.66597462
-1.02000000 4.57083818
-1.00000000 4.44067531
-0.98000000 4.30755040
-0.96000000 4.19602988
-0.94000000 4.11565918
-0.92000000 4.05883424
-0.90000000 4.00452084
-0.88000000 3.92640992
-0.86000000 3.80273750
-0.84000000 3.62455166
-0.82000000 3.39978573
-0.80000000 3.15188285
-0.78000000 2.91345342
-0.76000000 2.71698182
-0.74000000 2.58546227
-0.72000000 2.52579195
-0.70000000 2.52683373
-0.68000000 2.56259666
-0.66000000 2.59944322
-0.64000000 2.60509349
-0.62000000 2.55678530
-0.60000000 2.44635373
-0.58000000 2.28104158
-0.56000000 2.08018449
-0.54000000 1.86910306
-0.52000000 1.67222447
-0.50000000 1.50747250
-0.48000000 1.38335528
-0.46000000 1.29918865
-0.44000000 1.24786589
-0.42000000 1.21985502
-0.40000000 1.20688274
-0.38000000 1.20407853
-0.36000000 1.21005250
-0.34000000 1.22519664
-0.32000000 1.24914234
-0.30000000 1.27856569
-0.28000000 1.30633883
-0.26000000 1.32247396
-0.24000000 1.31660775
-0.22000000 1.28118140
-0.20000000 1.21419148
-0.18000000 1.12050780
-0.16000000 1.01122650
-0.14000000 0.90117783
-0.12000000 0.80531395
-0.10000000 0.73505910
-0.08000000 0.69570099
-0.06000000 0.68555115
-0.04000000 0.69703179
-0.02000000 0.71925202
0.00000000 0.74121297
0.02000000 0.75465484
0.04000000 0.75575363
0.06000000 0.74530463
0.08000000 0.72753692
0.10000000 0.70811511
0.12000000 0.69207388
0.14000000 0.68235320
0.16000000 0.67931023
0.18000000 0.68119695
0.20000000 0.68525633
0.22000000 0.68891777
0.24000000 0.69061187
0.26000000 0.68994112
0.28000000 0.68723980
0.30000000 0.68281356
0.32000000 0.67626730
0.34000000 0.66627135
0.36000000 0.65090982
0.38000000 0.62849026
0.40000000 0.59847881
0.42000000 0.56214738
0.44000000 0.52261224
0.46000000 0.48417229
0.48000000 0.45113146
0.50000000 0.42650607
0.52000000 0.41108617
0.54000000 0.40320987
0.56000000 0.39935669
0.58000000 0.39536309
0.60000000 0.38782434
0.62000000 0.37516533
0.64000000 0.35797495
0.66000000 0.33847024
0.68000000 0.31928937
0.70000000 0.30208460
0.72000000 0.28649107
0.74000000 0.26993673
0.76000000 0.24846325
0.78000000 0.21834683
0.80000000 0.17797738
0.82000000 0.12930059
0.84000000 0.07821553
0.86000000 0.03363635
0.88000000 0.00537038
0.90000000 0.00138922
0.92000000 0.02532424
0.94000000 0.07500645
0.96000000 0.14258358
0.98000000 0.21626784
1.00000000 0.28325050
1.02000000 0.33293394
1.04000000 0.35951068
1.06000000 0.36310972
1.08000000 0.34917582
1.10000000 0.32630720
1.12000000 0.30326731
1.14000000 0.28614615
1.16000000 0.27658814
1.18000000 0.27164389
1.20000000 0.26526014
1.22000000 0.25087484
1.24000000 0.22421364
1.26000000 0.18531528
1.28000000 0.13906848
1.30000000 0.09403998
1.32000000 0.05994673
1.34000000 0.04458499
1.36000000 0.05122238
1.38000000 0.07732092
1.40000000 0.11503412
1.42000000 0.15335012
1.44000000 0.18122201
1.46000000 0.19071048
1.48000000 0.17916529
1.50000000 0.14978651
1.52000000 0.11043034
1.54000000 0.07108214
1.56000000 0.04083079
1.58000000 0.02530962
1.60000000 0.02538521
1.62000000 0.03744101
1.64000000 0.05506895
1.66000000 0.07152599
1.68000000 0.08208544
1.70000000 0.08548341
1.72000000 0.08399967
1.74000000 0.08219900
1.76000000 0.08482621
1.78000000 0.09463705
1.80000000 0.11096320
1.82000000 0.12954886
1.84000000 0.14375203
1.86000000 0.14672697
1.88000000 0.13385743
1.90000000 0.10461074
1.92000000 0.06316233
1.94000000 0.01753913
1.96000000 -0.02248617
1.98000000 -0.04810949
2.00000000 -0.05397868
2.02000000 -0.03967999
2.04000000 -0.00978068
2.06000000 0.02756180
2.08000000 0.06296901
2.10000000 0.08844404
2.12000000 0.09941806
2.14000000 0.09565745
2.16000000 0.08083183
2.18000000 0.06097219
2.20000000 0.04238358
2.22000000 0.02971257
2.24000000 0.02477162
2.26000000 0.02643322
2.28000000 0.03153136
2.30000000 0.03637506
2.32000000 0.03829707
2.34000000 0.03668463
2.36000000 0.03315049
2.38000000 0.03082071
2.40000000 0.03302878
2.42000000 0.04190600
2.44000000 0.05738179
2.46000000 0.07695303
2.48000000 0.09630775
2.50000000 0.11059324
2.52000000 0.11590295
2.54000000 0.11049111
2.56000000 0.09532561
2.58000000 0.07381751
2.60000000 0.05083819
2.62000000 0.03135863
2.64000000 0.01914762
2.66000000 0.01591888
2.68000000 0.02114429
2.70000000 0.03251941
2.72000000 0.04685852
2.74000000 0.06108085
2.76000000 0.07295927
2.78000000 0.08142651
2.80000000 0.08641692
2.82000000 0.08839633
2.84000000 0.08783202
2.86000000 0.08484971
2.88000000 0.07922034
2.90000000 0.07066346
2.92000000 0.05930794
2.94000000 0.04607391
2.96000000 0.03276173
2.98000000 0.02174683
3.00000000 0.01534006
3.02000000 0.01501935
3.04000000 0.02081260
3.06000000 0.03108202
3.08000000 0.04283332
3.10000000 0.05249356
3.12000000 0.05693143
3.14000000 0.05439702
3.16000000 0.04507101
3.18000000 0.03103418
3.20000000 0.01565725
3.22000000 0.00260314
3.24000000 -0.00523770
3.26000000 -0.00653877
3.28000000 -0.00181154
3.30000000 0.00690455
3.32000000 0.01680485
3.34000000 0.02525607
3.36000000 0.03057998
3.38000000 0.03242622
3.40000000 0.03163377
3.42000000 0.02967085
3.44000000 0.02789452
3.46000000 0.02693140
3.48000000 0.02642634
3.50000000 0.02525840
3.52000000 0.02213688
3.54000000 0.01633500
3.56000000 0.00825361
3.58000000 -0.00044075
3.60000000 -0.00720635
3.62000000 -0.00944755
3.64000000 -0.00549448
3.66000000 0.00461475
3.68000000 0.01886168
3.70000000 0.03363694
3.72000000 0.04471813
3.74000000 0.04854956
3.76000000 0.04341293
3.78000000 0.03009009
3.80000000 0.01176857
3.82000000 -0.00681709
3.84000000 -0.02076170
3.86000000 -0.02645661
3.88000000 -0.02267845
3.90000000 -0.01094292
3.92000000 0.00499905
3.94000000 0.02036627
3.96000000 0.03086596
3.98000000 0.03403282
