-4.00000000 0.01675633
-3.98000000 0.02251215
-3.96000000 0.03607527
-3.94000000 0.05562928
-3.92000000 0.07758875
-3.90000000 0.09752545
-3.88000000 0.11135337
-3.86000000 0.11641341
-3.84000000 0.11213280
-3.82000000 0.10007362
-3.80000000 0.08338000
-3.78000000 0.06582104
-3.76000000 0.05074329
-3.74000000 0.04025742
-3.72000000 0.03488702
-3.70000000 0.03374155
-3.68000000 0.03509797
-3.66000000 0.03714886
-3.64000000 0.03863942
-3.62000000 0.03918130
-3.60000000 0.03916804
-3.58000000 0.03937398
-3.56000000 0.04043655
-3.54000000 0.04245767
-3.52000000 0.04490296
-3.50000000 0.04684949
-3.48000000 0.04748476
-3.46000000 0.04664785
-3.44000000 0.04517309
-3.42000000 0.04486047
-3.40000000 0.04803354
-3.38000000 0.05680530
-3.36000000 0.07229455
-3.34000000 0.09407273
-3.32000000 0.12005610
-3.30000000 0.14691058
-3.28000000 0.17085818
-3.26000000 0.18862991
-3.24000000 0.19825328
-3.22000000 0.19941812
-3.20000000 0.19331419
-3.18000000 0.18202528
-3.16000000 0.16772812
-3.14000000 0.15201627
-3.12000000 0.13562086
-3.10000000 0.11864268
-3.08000000 0.10119981
-3.06000000 0.08420935
-3.04000000 0.06993344
-3.02000000 0.06197111
-3.00000000 0.06456021
-2.98000000 0.08131086
-2.96000000 0.11373500
-2.94000000 0.16007419
-2.92000000 0.21490051
-2.90000000 0.26976682
-2.88000000 0.31486625
-2.86000000 0.34132592
-2.84000000 0.34351740
-2.82000000 0.32070555
-2.80000000 0.27750862
-2.78000000 0.22297055
-2.76000000 0.16845253
-2.74000000 0.12490947
-2.72000000 0.10031019
-2.70000000 0.09792311
-2.68000000 0.11592874
-2.66000000 0.14841584
-2.64000000 0.18739972
-2.62000000 0.22520072
-2.60000000 0.25643786
-2.58000000 0.27905044
-2.56000000 0.29410669
-2.54000000 0.30457562
-2.52000000 0.31358578
-2.50000000 0.32285523
-2.48000000 0.33189600
-2.46000000 0.33830258
-2.44000000 0.33902771
-2.42000000 0.33217189
-2.40000000 0.31859810
-2.38000000 0.30270848
-2.36000000 0.29198360
-2.34000000 0.29530086
-2.32000000 0.32047911
-2.30000000 0.37179293
-2.28000000 0.44825895
-2.26000000 0.54329063
-2.24000000 0.64591021
-2.22000000 0.74322702
-2.20000000 0.82349680
-2.18000000 0.87889610
-2.16000000 0.90723725
-2.14000000 0.91218208
-2.12000000 0.90197499
-2.10000000 0.88715515
-2.08000000 0.87798185
-2.06000000 0.88233133
-2.04000000 0.90460057
-2.02000000 0.94577061
-2.00000000 1.00437764
-1.98000000 1.07785857
-1.96000000 1.16367371
-1.94000000 1.25977709
-1.92000000 1.36433395
-1.90000000 1.47494261
-1.88000000 1.58786341
-1.86000000 1.69778783
-1.84000000 1.79847840
-1.82000000 1.88424285
-1.80000000 1.95181385
-1.78000000 2.00194428
-1.76000000 2.04001449
-1.74000000 2.07521300
-1.72000000 2.11832381
-1.70000000 2.17867433
-1.68000000 2.26118100
-1.66000000 2.36451858
-1.64000000 2.48117243
-1.62000000 2.59956890
-1.60000000 2.70778779
-1.58000000 2.79776952
-1.56000000 2.86865118
-1.54000000 2.92802187
-1.52000000 2.99046184
-1.50000000 3.07356424
-1.48000000 3.19247592
-1.46000000 3.35456018
-1.44000000 3.55587659
-1.42000000 3.78073012
-1.40000000 4.00467455
-1.38000000 4.20031402
-1.36000000 4.34435369
-1.34000000 4.42389202
-1.32000000 4.44008498
-1.30000000 4.40802589
-1.28000000 4.35277156
-1.26000000 4.30258101
-1.24000000 4.28127038
-1.22000000 4.30186511
-1.20000000 4.36335694
-1.18000000 4.45145814
-1.16000000 4.54306652
-1.14000000 4.61307206
-1.12000000 4.64147861
-1.10000000 4.61877738
-1.08000000 4.54809317
-1.06000000 4.44363690
-1.04000000 4.32611539
-1.02000000 4.21662343
-1.00000000 4.13090938
-0.98000000 4.07567052
-0.96000000 4.04779568
-0.94000000 4.03649111
-0.92000000 4.02732712
-0.90000000 4.00671834
-0.88000000 3.96535343
-0.86000000 3.89959331
-0.84000000 3.81066384
-0.82000000 3.70228492
-0.80000000 3.57791238
-0.78000000 3.43883832
-0.76000000 3.28398340
-0.74000000 3.11147948
-0.72000000 2.92135950
-0.70000000 2.71813967
-0.68000000 2.51200832
-0.66000000 2.31777378
-0.64000000 2.15153413
-0.62000000 2.02593416
-0.60000000 1.94554310
-0.58000000 1.90405734
-0.56000000 1.88460483
-0.54000000 1.86350453
-0.52000000 1.81669703
-0.50000000 1.72708404
-0.48000000 1.59053805
-0.46000000 1.41856235
-0.44000000 1.23647277
-0.42000000 1.07728635
-0.40000000 0.97284311
-0.38000000 0.94462824
-0.36000000 0.99698804
-0.34000000 1.11484173
-0.32000000 1.26673596
-0.30000000 1.41253443
-0.28000000 1.51365168
-0.26000000 1.54295347
-0.24000000 1.49150830
-0.22000000 1.37027684
-0.20000000 1.20630388
-0.18000000 1.03458579
-0.16000000 0.88803974
-0.14000000 0.78852144
-0.12000000 0.74147241
-0.10000000 0.73564652
-0.08000000 0.74781878
-0.06000000 0.75089360
-0.04000000 0.72285424
-0.02000000 0.65381516
0.00000000 0.54909273
0.02000000 0.42747676
0.04000000 0.31536353
0.06000000 0.23864421
0.08000000 0.21486095
0.10000000 0.24797818
0.12000000 0.32724670
0.14000000 0.43035481
0.16000000 0.52977250
0.18000000 0.60029621
0.20000000 0.62554928
0.22000000 0.60163185
0.24000000 0.53707252
0.26000000 0.44938769
0.28000000 0.35953509
0.30000000 0.28606316
0.32000000 0.24067940
0.34000000 0.22635589
0.36000000 0.23819246
0.38000000 0.26637614
0.40000000 0.29999548
0.42000000 0.33035450
0.44000000 0.35278126
0.46000000 0.36658389
0.48000000 0.37351785
0.50000000 0.37563951
0.52000000 0.37356166
0.54000000 0.36586913
0.56000000 0.34991351
0.58000000 0.32359977
0.60000000 0.28733835
0.62000000 0.24523053
0.64000000 0.20482413
0.66000000 0.17532228
0.68000000 0.16474842
0.70000000 0.17703213
0.72000000 0.21010491
0.74000000 0.25581936
0.76000000 0.30191382
0.78000000 0.33553329
0.80000000 0.34723578
0.82000000 0.33417093
0.84000000 0.30131471
0.86000000 0.26023235
0.88000000 0.22563598
0.90000000 0.21074450
0.92000000 0.22289090
0.94000000 0.26080071
0.96000000 0.31447989
0.98000000 0.36784559
1.00000000 0.40336557
1.02000000 0.40731966
1.04000000 0.37407248
1.06000000 0.30802894
1.08000000 0.22264563
1.10000000 0.13677320
1.12000000 0.06942139
1.14000000 0.03451311
1.16000000 0.03718045
1.18000000 0.07266218
1.20000000 0.12805269
1.22000000 0.18628376
1.24000000 0.23106836
1.26000000 0.25129713
1.28000000 0.24361656
1.30000000 0.21254166
1.32000000 0.16825330
1.34000000 0.12294098
1.36000000 0.08695200
1.38000000 0.06598101
1.40000000 0.06010896
1.42000000 0.06483289
1.44000000 0.07354958
1.46000000 0.08049404
1.48000000 0.08303411
1.50000000 0.08250737
1.52000000 0.08334500
1.54000000 0.09086131
1.56000000 0.10857438
1.58000000 0.13609777
1.60000000 0.16844620
1.62000000 0.19710089
1.64000000 0.21255420
1.66000000 0.20751459
1.68000000 0.17968705
1.70000000 0.13314441
1.72000000 0.07774184
1.74000000 0.02665777
1.76000000 -0.00723858
1.78000000 -0.01509337
1.80000000 0.00530141
1.82000000 0.04878325
1.84000000 0.10424495
1.86000000 0.15779034
1.88000000 0.19666687
1.90000000 0.21279023
1.92000000 0.20481474
1.94000000 0.17816426
1.96000000 0.14307197
1.98000000 0.11128207
2.00000000 0.09245447
2.02000000 0.09136946
2.04000000 0.10674619
2.06000000 0.13196371
2.08000000 0.15737994
2.10000000 0.17346702
2.12000000 0.17376596
2.14000000 0.15676480
2.16000000 0.12617756
2.18000000 0.08961756
2.20000000 0.05615130
2.22000000 0.03353610
2.24000000 0.02599710
2.26000000 0.03318522
2.28000000 0.05055947
2.30000000 0.07098809
2.32000000 0.08700728
2.34000000 0.09301628
2.36000000 0.08676054
2.38000000 0.06972018
2.40000000 0.04638275
2.42000000 0.02271633
2.44000000 0.00436971
2.46000000 -0.00484464
2.48000000 -0.00377354
2.50000000 0.00610335
2.52000000 0.02142950
2.54000000 0.03813141
2.56000000 0.05257890
2.58000000 0.06240187
2.60000000 0.06678108
2.62000000 0.06622780
2.64000000 0.06203012
2.66000000 0.05562171
2.68000000 0.04810673
2.70000000 0.04007302
2.72000000 0.03169289
2.74000000 0.02299877
2.76000000 0.01416914
2.78000000 0.00568180
2.80000000 -0.00173116
2.82000000 -0.00729543
2.84000000 -0.01046713
2.86000000 -0.01113646
2.88000000 -0.00966710
2.90000000 -0.00675136
2.92000000 -0.00314367
2.94000000 0.00061103
2.96000000 0.00433449
2.98000000 0.00818794
3.00000000 0.01247194
3.02000000 0.01734406
3.04000000 0.02258749
3.06000000 0.02755075
3.08000000 0.03131141
3.10000000 0.03302165
3.12000000 0.03230707
3.14000000 0.02954996
3.16000000 0.02591338
3.18000000 0.02304979
3.20000000 0.02255684
3.22000000 0.02535164
3.24000000 0.03118893
3.26000000 0.03852396
3.28000000 0.04481918
3.30000000 0.04724627
3.32000000 0.04359053
3.34000000 0.03307583
3.36000000 0.01682917
3.38000000 -0.00219958
3.40000000 -0.01988210
3.42000000 -0.03195916
3.44000000 -0.03519319
3.46000000 -0.02828249
3.48000000 -0.01225699
3.50000000 0.00976975
3.52000000 0.03342050
3.54000000 0.05419895
3.56000000 0.06861436
3.58000000 0.07495513
3.60000000 0.07349896
3.62000000 0.06613210
3.64000000 0.05553936
3.66000000 0.04425746
3.68000000 0.03391452
3.70000000 0.02489964
3.72000000 0.01654702
3.74000000 0.00773490
3.76000000 -0.00234668
3.78000000 -0.01356237
3.80000000 -0.02458555
3.82000000 -0.03315315
3.84000000 -0.03675332
3.86000000 -0.03351845
3.88000000 -0.02301312
3.90000000 -0.00662974
3.92000000 0.01257303
3.94000000 0.03057274
3.96000000 0.04343103
3.98000000 0.04837339
