0.00000000 1.00000000 0.00000000
2.00000000 0.99716741 0.00283259
4.00000000 0.98877957 0.01122043
6.00000000 0.97506091 0.02493909
8.00000000 0.95631099 0.04368901
10.00000000 0.93289856 0.06710144
12.00000000 0.90525444 0.09474556
14.00000000 0.87386359 0.12613641
16.00000000 0.83925633 0.16074367
18.00000000 0.80199908 0.19800092
20.00000000 0.76268462 0.23731538
22.00000000 0.72192213 0.27807787
24.00000000 0.68032721 0.31967279
26.00000000 0.63851200 0.36148800
28.00000000 0.59707562 0.40292438
30.00000000 0.55659505 0.44340495
32.00000000 0.51761671 0.48238329
34.00000000 0.48064866 0.51935134
36.00000000 0.44615377 0.55384623
38.00000000 0.41454377 0.58545623
40.00000000 0.38617441 0.61382559
42.00000000 0.36134161 0.63865839
44.00000000 0.34027877 0.65972123
46.00000000 0.32315521 0.67684479
48.00000000 0.31007563 0.68992437
50.00000000 0.30108071 0.69891929
52.00000000 0.29614870 0.70385130
54.00000000 0.29519792 0.70480208
56.00000000 0.29809020 0.70190980
58.00000000 0.30463499 0.69536501
60.00000000 0.31459422 0.68540578
62.00000000 0.32768766 0.67231234
64.00000000 0.34359879 0.65640121
66.00000000 0.36198092 0.63801908
68.00000000 0.38246361 0.61753639
70.00000000 0.40465912 0.59534088
72.00000000 0.42816889 0.57183111
74.00000000 0.45258993 0.54741007
76.00000000 0.47752099 0.52247901
78.00000000 0.50256842 0.49743158
80.00000000 0.52735169 0.47264831
82.00000000 0.55150849 0.44849151
84.00000000 0.57469931 0.42530069
86.00000000 0.59661147 0.40338853
88.00000000 0.61696267 0.38303733
90.00000000 0.63550383 0.36449617
92.00000000 0.65202137 0.34797863
94.00000000 0.66633893 0.33366107
96.00000000 0.67831838 0.32168162
98.00000000 0.68786031 0.31213969
100.00000000 0.69490395 0.30509605
102.00000000 0.69942649 0.30057351
104.00000000 0.70144191 0.29855809
106.00000000 0.70099941 0.29900059
108.00000000 0.69818130 0.30181870
110.00000000 0.69310059 0.30689941
112.00000000 0.68589818 0.31410182
114.00000000 0.67673989 0.32326011
116.00000000 0.66581310 0.33418690
118.00000000 0.65332335 0.34667665
120.00000000 0.63949073 0.36050927
122.00000000 0.62454630 0.37545370
124.00000000 0.60872836 0.39127164
126.00000000 0.59227888 0.40772112
128.00000000 0.57543995 0.42456005
130.00000000 0.55845035 0.44154965
132.00000000 0.54154234 0.45845766
134.00000000 0.52493860 0.47506140
136.00000000 0.50884945 0.49115055
138.00000000 0.49347036 0.50652964
140.00000000 0.47897972 0.52102028
142.00000000 0.46553697 0.53446303
144.00000000 0.45328105 0.54671895
146.00000000 0.44232922 0.55767078
148.00000000 0.43277618 0.56722382
150.00000000 0.42469366 0.57530634
152.00000000 0.41813021 0.58186979
154.00000000 0.41311144 0.58688856
156.00000000 0.40964053 0.59035947
158.00000000 0.40769905 0.59230095
160.00000000 0.40724808 0.59275192
162.00000000 0.40822950 0.59177050
164.00000000 0.41056762 0.58943238
166.00000000 0.41417088 0.58582912
168.00000000 0.41893379 0.58106621
170.00000000 0.42473888 0.57526112
172.00000000 0.43145888 0.56854112
174.00000000 0.43895881 0.56104119
176.00000000 0.44709817 0.55290183
178.00000000 0.45573308 0.54426692
180.00000000 0.46471839 0.53528161
182.00000000 0.47390969 0.52609031
184.00000000 0.48316529 0.51683471
186.00000000 0.49234798 0.50765202
188.00000000 0.50132678 0.49867322
190.00000000 0.50997839 0.49002161
192.00000000 0.51818863 0.48181137
194.00000000 0.52585354 0.47414646
196.00000000 0.53288048 0.46711952
198.00000000 0.53918884 0.46081116
200.00000000 0.54471074 0.45528926
202.00000000 0.54939141 0.45060859
204.00000000 0.55318947 0.44681053
206.00000000 0.55607695 0.44392305
208.00000000 0.55803921 0.44196079
210.00000000 0.55907463 0.44092537
212.00000000 0.55919415 0.44080585
214.00000000 0.55842073 0.44157927
216.00000000 0.55678858 0.44321142
218.00000000 0.55434235 0.44565765
220.00000000 0.55113614 0.44886386
222.00000000 0.54723251 0.45276749
224.00000000 0.54270134 0.45729866
226.00000000 0.53761863 0.46238137
228.00000000 0.53206537 0.46793463
230.00000000 0.52612620 0.47387380
232.00000000 0.51988824 0.48011176
234.00000000 0.51343979 0.48656021
236.00000000 0.50686917 0.49313083
238.00000000 0.50026344 0.49973656
240.00000000 0.49370738 0.50629262
242.00000000 0.48728232 0.51271768
244.00000000 0.48106520 0.51893480
246.00000000 0.47512764 0.52487236
248.00000000 0.46953515 0.53046485
250.00000000 0.46434640 0.53565360
252.00000000 0.45961267 0.54038733
254.00000000 0.45537735 0.54462265
256.00000000 0.45167563 0.54832437
258.00000000 0.44853425 0.55146575
260.00000000 0.44597144 0.55402856
262.00000000 0.44399694 0.55600306
264.00000000 0.44261215 0.55738785
266.00000000 0.44181038 0.55818962
268.00000000 0.44157728 0.55842272
270.00000000 0.44189123 0.55810877
272.00000000 0.44272396 0.55727604
274.00000000 0.44404113 0.55595887
276.00000000 0.44580302 0.55419698
278.00000000 0.44796532 0.55203468
280.00000000 0.45047981 0.54952019
282.00000000 0.45329524 0.54670476
284.00000000 0.45635806 0.54364194
286.00000000 0.45961326 0.54038674
288.00000000 0.46300515 0.53699485
290.00000000 0.46647810 0.53352190
292.00000000 0.46997730 0.53002270
294.00000000 0.47344943 0.52655057
296.00000000 0.47684331 0.52315669
298.00000000 0.48011050 0.51988950
300.00000000 0.48320583 0.51679417
302.00000000 0.48608787 0.51391213
304.00000000 0.48871937 0.51128063
306.00000000 0.49106759 0.50893241
308.00000000 0.49310461 0.50689539
310.00000000 0.49480751 0.50519249
312.00000000 0.49615855 0.50384145
314.00000000 0.49714527 0.50285473
316.00000000 0.49776046 0.50223954
318.00000000 0.49800215 0.50199785
320.00000000 0.49787347 0.50212653
322.00000000 0.49738252 0.50261748
324.00000000 0.49654206 0.50345794
326.00000000 0.49536928 0.50463072
328.00000000 0.49388546 0.50611454
330.00000000 0.49211553 0.50788447
332.00000000 0.49008768 0.50991232
334.00000000 0.48783289 0.51216711
336.00000000 0.48538443 0.51461557
338.00000000 0.48277738 0.51722262
340.00000000 0.48004805 0.51995195
342.00000000 0.47723351 0.52276649
344.00000000 0.47437103 0.52562897
346.00000000 0.47149756 0.52850244
348.00000000 0.46864926 0.53135074
350.00000000 0.46586100 0.53413900
352.00000000 0.46316591 0.53683409
354.00000000 0.46059497 0.53940503
356.00000000 0.45817665 0.54182335
358.00000000 0.45593655 0.54406345
360.00000000 0.45389711 0.54610289
362.00000000 0.45207740 0.54792260
364.00000000 0.45049291 0.54950709
366.00000000 0.44915538 0.55084462
368.00000000 0.44807277 0.55192723
370.00000000 0.44724920 0.55275080
372.00000000 0.44668498 0.55331502
374.00000000 0.44637665 0.55362335
376.00000000 0.44631717 0.55368283
378.00000000 0.44649603 0.55350397
380.00000000 0.44689953 0.55310047
382.00000000 0.44751102 0.55248898
384.00000000 0.44831122 0.55168878
386.00000000 0.44927859 0.55072141
388.00000000 0.45038966 0.54961034
390.00000000 0.45161950 0.54838050
392.00000000 0.45294209 0.54705791
394.00000000 0.45433080 0.54566920
396.00000000 0.45575880 0.54424120
398.00000000 0.45719950 0.54280050
400.00000000 0.45862699 0.54137301
402.00000000 0.46001644 0.53998356
404.00000000 0.46134444 0.53865556
406.00000000 0.46258940 0.53741060
408.00000000 0.46373178 0.53626822
410.00000000 0.46475442 0.53524558
412.00000000 0.46564267 0.53435733
414.00000000 0.46638459 0.53361541
416.00000000 0.46697103 0.53302897
418.00000000 0.46739569 0.53260431
420.00000000 0.46765506 0.53234494
422.00000000 0.46774842 0.53225158
424.00000000 0.46767769 0.53232231
426.00000000 0.46744728 0.53255272
428.00000000 0.46706391 0.53293609
430.00000000 0.46653638 0.53346362
432.00000000 0.46587529 0.53412471
434.00000000 0.46509282 0.53490718
436.00000000 0.46420238 0.53579762
438.00000000 0.46321836 0.53678164
440.00000000 0.46215584 0.53784416
442.00000000 0.46103026 0.53896974
444.00000000 0.45985719 0.54014281
446.00000000 0.45865204 0.54134796
448.00000000 0.45742984 0.54257016
450.00000000 0.45620506 0.54379494
452.00000000 0.45499134 0.54500866
454.00000000 0.45380144 0.54619856
456.00000000 0.45264706 0.54735294
458.00000000 0.45153878 0.54846122
460.00000000 0.45048597 0.54951403
462.00000000 0.44949680 0.55050320
464.00000000 0.44857819 0.55142181
466.00000000 0.44773587 0.55226413
468.00000000 0.44697438 0.55302562
470.00000000 0.44629713 0.55370287
472.00000000 0.44570647 0.55429353
474.00000000 0.44520371 0.55479629
476.00000000 0.44478923 0.55521077
478.00000000 0.44446253 0.55553747
480.00000000 0.44422224 0.55577776
482.00000000 0.44406625 0.55593375
484.00000000 0.44399169 0.55600831
486.00000000 0.44399501 0.55600499
488.00000000 0.44407197 0.55592803
490.00000000 0.44421773 0.55578227
492.00000000 0.44442682 0.55557318
494.00000000 0.44469321 0.55530679
496.00000000 0.44501032 0.55498968
498.00000000 0.44537110 0.55462890
500.00000000 0.44576802 0.55423198
502.00000000 0.44619318 0.55380682
504.00000000 0.44663838 0.55336162
506.00000000 0.44709518 0.55290482
508.00000000 0.44755503 0.55244497
510.00000000 0.44800936 0.55199064
512.00000000 0.44844968 0.55155032
514.00000000 0.44886774 0.55113226
516.00000000 0.44925563 0.55074437
518.00000000 0.44960592 0.55039408
520.00000000 0.44991174 0.55008826
522.00000000 0.45016693 0.54983307
524.00000000 0.45036610 0.54963390
526.00000000 0.45050473 0.54949527
528.00000000 0.45057925 0.54942075
530.00000000 0.45058704 0.54941296
532.00000000 0.45052650 0.54947350
534.00000000 0.45039705 0.54960295
536.00000000 0.45019911 0.54980089
538.00000000 0.44993410 0.55006590
540.00000000 0.44960438 0.55039562
542.00000000 0.44921321 0.55078679
544.00000000 0.44876473 0.55123527
546.00000000 0.44826382 0.55173618
548.00000000 0.44771609 0.55228391
550.00000000 0.44712778 0.55287222
552.00000000 0.44650564 0.55349436
554.00000000 0.44585691 0.55414309
556.00000000 0.44518917 0.55481083
558.00000000 0.44451023 0.55548977
560.00000000 0.44382808 0.55617192
562.00000000 0.44315072 0.55684928
564.00000000 0.44248607 0.55751393
566.00000000 0.44184185 0.55815815
568.00000000 0.44122544 0.55877456
570.00000000 0.44064377 0.55935623
572.00000000 0.44010319 0.55989681
574.00000000 0.43960936 0.56039064
576.00000000 0.43916712 0.56083288
578.00000000 0.43878042 0.56121958
580.00000000 0.43845221 0.56154779
582.00000000 0.43818440 0.56181560
584.00000000 0.43797781 0.56202219
586.00000000 0.43783216 0.56216784
588.00000000 0.43774606 0.56225394
590.00000000 0.43771707 0.56228293
592.00000000 0.43774175 0.56225825
594.00000000 0.43781575 0.56218425
596.00000000 0.43793392 0.56206608
598.00000000 0.43809041 0.56190959
600.00000000 0.43827887 0.56172113
602.00000000 0.43849252 0.56150748
604.00000000 0.43872437 0.56127563
606.00000000 0.43896733 0.56103267
608.00000000 0.43921438 0.56078562
610.00000000 0.43945868 0.56054132
612.00000000 0.43969375 0.56030625
614.00000000 0.43991350 0.56008650
616.00000000 0.44011241 0.55988759
618.00000000 0.44028553 0.55971447
620.00000000 0.44042859 0.55957141
622.00000000 0.44053799 0.55946201
624.00000000 0.44061088 0.55938912
626.00000000 0.44064513 0.55935487
628.00000000 0.44063932 0.55936068
630.00000000 0.44059277 0.55940723
632.00000000 0.44050545 0.55949455
634.00000000 0.44037802 0.55962198
636.00000000 0.44021174 0.55978826
638.00000000 0.44000842 0.55999158
640.00000000 0.43977044 0.56022956
642.00000000 0.43950061 0.56049939
644.00000000 0.43920219 0.56079781
646.00000000 0.43887878 0.56112122
648.00000000 0.43853428 0.56146572
650.00000000 0.43817282 0.56182718
652.00000000 0.43779869 0.56220131
654.00000000 0.43741629 0.56258371
656.00000000 0.43703003 0.56296997
658.00000000 0.43664426 0.56335574
660.00000000 0.43626323 0.56373677
662.00000000 0.43589101 0.56410899
664.00000000 0.43553141 0.56446859
666.00000000 0.43518794 0.56481206
668.00000000 0.43486376 0.56513624
670.00000000 0.43456166 0.56543834
672.00000000 0.43428398 0.56571602
674.00000000 0.43403261 0.56596739
676.00000000 0.43380897 0.56619103
678.00000000 0.43361404 0.56638596
680.00000000 0.43344830 0.56655170
682.00000000 0.43331175 0.56668825
684.00000000 0.43320396 0.56679604
686.00000000 0.43312405 0.56687595
688.00000000 0.43307074 0.56692926
690.00000000 0.43304233 0.56695767
692.00000000 0.43303677 0.56696323
694.00000000 0.43305168 0.56694832
696.00000000 0.43308435 0.56691565
698.00000000 0.43313182 0.56686818
700.00000000 0.43319090 0.56680910
702.00000000 0.43325821 0.56674179
704.00000000 0.43333023 0.56666977
706.00000000 0.43340336 0.56659664
708.00000000 0.43347398 0.56652602
710.00000000 0.43353852 0.56646148
712.00000000 0.43359350 0.56640650
714.00000000 0.43363566 0.56636434
716.00000000 0.43366197 0.56633803
718.00000000 0.43366975 0.56633025
720.00000000 0.43365674 0.56634326
722.00000000 0.43362112 0.56637888
724.00000000 0.43356163 0.56643837
726.00000000 0.43347756 0.56652244
728.00000000 0.43336878 0.56663122
730.00000000 0.43323581 0.56676419
732.00000000 0.43307974 0.56692026
734.00000000 0.43290225 0.56709775
736.00000000 0.43270556 0.56729444
738.00000000 0.43249235 0.56750765
740.00000000 0.43226571 0.56773429
742.00000000 0.43202904 0.56797096
744.00000000 0.43178592 0.56821408
746.00000000 0.43154008 0.56845992
748.00000000 0.43129520 0.56870480
750.00000000 0.43105488 0.56894512
752.00000000 0.43082250 0.56917750
754.00000000 0.43060113 0.56939887
756.00000000 0.43039347 0.56960653
758.00000000 0.43020176 0.56979824
760.00000000 0.43002777 0.56997223
762.00000000 0.42987272 0.57012728
764.00000000 0.42973730 0.57026270
766.00000000 0.42962167 0.57037833
768.00000000 0.42952547 0.57047453
770.00000000 0.42944787 0.57055213
772.00000000 0.42938758 0.57061242
774.00000000 0.42934295 0.57065705
776.00000000 0.42931200 0.57068800
778.00000000 0.42929250 0.57070750
780.00000000 0.42928203 0.57071797
782.00000000 0.42927808 0.57072192
784.00000000 0.42927806 0.57072194
786.00000000 0.42927941 0.57072059
788.00000000 0.42927966 0.57072034
790.00000000 0.42927647 0.57072353
792.00000000 0.42926765 0.57073235
794.00000000 0.42925126 0.57074874
796.00000000 0.42922559 0.57077441
798.00000000 0.42918922 0.57081078
800.00000000 0.42914101 0.57085899
802.00000000 0.42908016 0.57091984
804.00000000 0.42900614 0.57099386
806.00000000 0.42891878 0.57108122
808.00000000 0.42881819 0.57118181
810.00000000 0.42870478 0.57129522
812.00000000 0.42857925 0.57142075
814.00000000 0.42844256 0.57155744
816.00000000 0.42829591 0.57170409
818.00000000 0.42814072 0.57185928
820.00000000 0.42797858 0.57202142
822.00000000 0.42781123 0.57218877
824.00000000 0.42764053 0.57235947
826.00000000 0.42746843 0.57253157
828.00000000 0.42729690 0.57270310
830.00000000 0.42712792 0.57287208
832.00000000 0.42696346 0.57303654
834.00000000 0.42680538 0.57319462
836.00000000 0.42665544 0.57334456
838.00000000 0.42651526 0.57348474
840.00000000 0.42638624 0.57361376
842.00000000 0.42626960 0.57373040
844.00000000 0.42616627 0.57383373
846.00000000 0.42607692 0.57392308
848.00000000 0.42600190 0.57399810
850.00000000 0.42594123 0.57405877
852.00000000 0.42589462 0.57410538
854.00000000 0.42586142 0.57413858
856.00000000 0.42584064 0.57415936
858.00000000 0.42583099 0.57416901
860.00000000 0.42583085 0.57416915
862.00000000 0.42583836 0.57416164
864.00000000 0.42585141 0.57414859
866.00000000 0.42586773 0.57413227
868.00000000 0.42588490 0.57411510
870.00000000 0.42590048 0.57409952
872.00000000 0.42591201 0.57408799
874.00000000 0.42591710 0.57408290
876.00000000 0.42591353 0.57408647
878.00000000 0.42589927 0.57410073
880.00000000 0.42587258 0.57412742
882.00000000 0.42583202 0.57416798
884.00000000 0.42577654 0.57422346
886.00000000 0.42570549 0.57429451
888.00000000 0.42561863 0.57438137
890.00000000 0.42551616 0.57448384
892.00000000 0.42539868 0.57460132
894.00000000 0.42526723 0.57473277
896.00000000 0.42512320 0.57487680
898.00000000 0.42496831 0.57503169
900.00000000 0.42480456 0.57519544
902.00000000 0.42463417 0.57536583
904.00000000 0.42445953 0.57554047
906.00000000 0.42428311 0.57571689
908.00000000 0.42410741 0.57589259
910.00000000 0.42393488 0.57606512
912.00000000 0.42376789 0.57623211
914.00000000 0.42360864 0.57639136
916.00000000 0.42345912 0.57654088
918.00000000 0.42332108 0.57667892
920.00000000 0.42319595 0.57680405
922.00000000 0.42308487 0.57691513
924.00000000 0.42298862 0.57701138
926.00000000 0.42290763 0.57709237
928.00000000 0.42284197 0.57715803
930.00000000 0.42279133 0.57720867
932.00000000 0.42275506 0.57724494
934.00000000 0.42273216 0.57726784
936.00000000 0.42272135 0.57727865
938.00000000 0.42272101 0.57727899
940.00000000 0.42272932 0.57727068
942.00000000 0.42274423 0.57725577
944.00000000 0.42276355 0.57723645
946.00000000 0.42278499 0.57721501
948.00000000 0.42280621 0.57719379
950.00000000 0.42282491 0.57717509
952.00000000 0.42283887 0.57716113
954.00000000 0.42284602 0.57715398
956.00000000 0.42284450 0.57715550
958.00000000 0.42283273 0.57716727
960.00000000 0.42280941 0.57719059
962.00000000 0.42277364 0.57722636
964.00000000 0.42272486 0.57727514
966.00000000 0.42266293 0.57733707
968.00000000 0.42258810 0.57741190
970.00000000 0.42250102 0.57749898
972.00000000 0.42240270 0.57759730
974.00000000 0.42229447 0.57770553
976.00000000 0.42217795 0.57782205
978.00000000 0.42205496 0.57794504
980.00000000 0.42192751 0.57807249
982.00000000 0.42179766 0.57820234
984.00000000 0.42166750 0.57833250
986.00000000 0.42153906 0.57846094
988.00000000 0.42141426 0.57858574
990.00000000 0.42129480 0.57870520
992.00000000 0.42118219 0.57881781
994.00000000 0.42107762 0.57892238
996.00000000 0.42098200 0.57901800
998.00000000 0.42089589 0.57910411
1000.00000000 0.42081954 0.57918046
1002.00000000 0.42075283 0.57924717
1004.00000000 0.42069536 0.57930464
1006.00000000 0.42064642 0.57935358
1008.00000000 0.42060505 0.57939495
1010.00000000 0.42057006 0.57942994
1012.00000000 0.42054011 0.57945989
1014.00000000 0.42051371 0.57948629
1016.00000000 0.42048933 0.57951067
1018.00000000 0.42046540 0.57953460
1020.00000000 0.42044042 0.57955958
1022.00000000 0.42041294 0.57958706
1024.00000000 0.42038167 0.57961833
1026.00000000 0.42034551 0.57965449
1028.00000000 0.42030357 0.57969643
1030.00000000 0.42025520 0.57974480
1032.00000000 0.42020007 0.57979993
1034.00000000 0.42013810 0.57986190
1036.00000000 0.42006953 0.57993047
1038.00000000 0.41999491 0.58000509
1040.00000000 0.41991504 0.58008496
1042.00000000 0.41983099 0.58016901
1044.00000000 0.41974406 0.58025594
1046.00000000 0.41965569 0.58034431
1048.00000000 0.41956745 0.58043255
1050.00000000 0.41948097 0.58051903
1052.00000000 0.41939782 0.58060218
1054.00000000 0.41931953 0.58068047
1056.00000000 0.41924743 0.58075257
1058.00000000 0.41918264 0.58081736
1060.00000000 0.41912600 0.58087400
1062.00000000 0.41907800 0.58092200
1064.00000000 0.41903880 0.58096120
1066.00000000 0.41900814 0.58099186
1068.00000000 0.41898539 0.58101461
1070.00000000 0.41896956 0.58103044
1072.00000000 0.41895930 0.58104070
1074.00000000 0.41895301 0.58104699
1076.00000000 0.41894885 0.58105115
1078.00000000 0.41894485 0.58105515
1080.00000000 0.41893896 0.58106104
1082.00000000 0.41892918 0.58107082
1084.00000000 0.41891364 0.58108636
1086.00000000 0.41889065 0.58110935
1088.00000000 0.41885881 0.58114119
1090.00000000 0.41881707 0.58118293
1092.00000000 0.41876476 0.58123524
1094.00000000 0.41870164 0.58129836
1096.00000000 0.41862788 0.58137212
1098.00000000 0.41854409 0.58145591
1100.00000000 0.41845127 0.58154873
1102.00000000 0.41835079 0.58164921
1104.00000000 0.41824429 0.58175571
1106.00000000 0.41813365 0.58186635
1108.00000000 0.41802090 0.58197910
1110.00000000 0.41790815 0.58209185
1112.00000000 0.41779747 0.58220253
1114.00000000 0.41769086 0.58230914
1116.00000000 0.41759015 0.58240985
1118.00000000 0.41749693 0.58250307
1120.00000000 0.41741253 0.58258747
1122.00000000 0.41733792 0.58266208
1124.00000000 0.41727375 0.58272625
1126.00000000 0.41722030 0.58277970
1128.00000000 0.41717746 0.58282254
1130.00000000 0.41714479 0.58285521
1132.00000000 0.41712153 0.58287847
1134.00000000 0.41710661 0.58289339
1136.00000000 0.41709871 0.58290129
1138.00000000 0.41709632 0.58290368
1140.00000000 0.41709778 0.58290222
1142.00000000 0.41710137 0.58289863
1144.00000000 0.41710532 0.58289468
1146.00000000 0.41710791 0.58289209
1148.00000000 0.41710752 0.58289248
1150.00000000 0.41710267 0.58289733
1152.00000000 0.41709211 0.58290789
1154.00000000 0.41707479 0.58292521
1156.00000000 0.41704997 0.58295003
1158.00000000 0.41701719 0.58298281
1160.00000000 0.41697630 0.58302370
1162.00000000 0.41692748 0.58307252
1164.00000000 0.41687119 0.58312881
1166.00000000 0.41680817 0.58319183
1168.00000000 0.41673942 0.58326058
1170.00000000 0.41666612 0.58333388
1172.00000000 0.41658960 0.58341040
1174.00000000 0.41651130 0.58348870
1176.00000000 0.41643266 0.58356734
1178.00000000 0.41635508 0.58364492
1180.00000000 0.41627989 0.58372011
1182.00000000 0.41620822 0.58379178
1184.00000000 0.41614101 0.58385899
1186.00000000 0.41607898 0.58392102
1188.00000000 0.41602253 0.58397747
1190.00000000 0.41597181 0.58402819
1192.00000000 0.41592666 0.58407334
1194.00000000 0.41588667 0.58411333
1196.00000000 0.41585118 0.58414882
1198.00000000 0.41581933 0.58418067
1200.00000000 0.41579011 0.58420989
1202.00000000 0.41576244 0.58423756
1204.00000000 0.41573517 0.58426483
1206.00000000 0.41570720 0.58429280
1208.00000000 0.41567753 0.58432247
1210.00000000 0.41564527 0.58435473
1212.00000000 0.41560972 0.58439028
1214.00000000 0.41557038 0.58442962
1216.00000000 0.41552700 0.58447300
1218.00000000 0.41547955 0.58452045
1220.00000000 0.41542822 0.58457178
1222.00000000 0.41537341 0.58462659
1224.00000000 0.41531573 0.58468427
1226.00000000 0.41525590 0.58474410
1228.00000000 0.41519478 0.58480522
1230.00000000 0.41513327 0.58486673
1232.00000000 0.41507230 0.58492770
1234.00000000 0.41501277 0.58498723
1236.00000000 0.41495555 0.58504445
1238.00000000 0.41490138 0.58509862
1240.00000000 0.41485091 0.58514909
1242.00000000 0.41480466 0.58519534
1244.00000000 0.41476297 0.58523703
1246.00000000 0.41472605 0.58527395
1248.00000000 0.41469396 0.58530604
1250.00000000 0.41466658 0.58533342
1252.00000000 0.41464367 0.58535633
1254.00000000 0.41462485 0.58537515
1256.00000000 0.41460961 0.58539039
1258.00000000 0.41459733 0.58540267
1260.00000000 0.41458728 0.58541272
1262.00000000 0.41457868 0.58542132
1264.00000000 0.41457066 0.58542934
1266.00000000 0.41456229 0.58543771
1268.00000000 0.41455264 0.58544736
1270.00000000 0.41454074 0.58545926
1272.00000000 0.41452568 0.58547432
1274.00000000 0.41450655 0.58549345
1276.00000000 0.41448254 0.58551746
1278.00000000 0.41445294 0.58554706
1280.00000000 0.41441718 0.58558282
1282.00000000 0.41437485 0.58562515
1284.00000000 0.41432574 0.58567426
1286.00000000 0.41426986 0.58573014
1288.00000000 0.41420743 0.58579257
1290.00000000 0.41413895 0.58586105
1292.00000000 0.41406513 0.58593487
1294.00000000 0.41398690 0.58601310
1296.00000000 0.41390542 0.58609458
1298.00000000 0.41382201 0.58617799
1300.00000000 0.41373810 0.58626190
1302.00000000 0.41365521 0.58634479
1304.00000000 0.41357487 0.58642513
1306.00000000 0.41349856 0.58650144
1308.00000000 0.41342765 0.58657235
1310.00000000 0.41336335 0.58663665
1312.00000000 0.41330665 0.58669335
1314.00000000 0.41325827 0.58674173
1316.00000000 0.41321866 0.58678134
1318.00000000 0.41318791 0.58681209
1320.00000000 0.41316584 0.58683416
1322.00000000 0.41315192 0.58684808
1324.00000000 0.41314537 0.58685463
1326.00000000 0.41314511 0.58685489
1328.00000000 0.41314991 0.58685009
1330.00000000 0.41315836 0.58684164
1332.00000000 0.41316897 0.58683103
1334.00000000 0.41318021 0.58681979
1336.00000000 0.41319061 0.58680939
1338.00000000 0.41319877 0.58680123
1340.00000000 0.41320344 0.58679656
1342.00000000 0.41320357 0.58679643
1344.00000000 0.41319828 0.58680172
1346.00000000 0.41318698 0.58681302
1348.00000000 0.41316927 0.58683073
1350.00000000 0.41314502 0.58685498
1352.00000000 0.41311432 0.58688568
1354.00000000 0.41307746 0.58692254
1356.00000000 0.41303488 0.58696512
1358.00000000 0.41298721 0.58701279
1360.00000000 0.41293514 0.58706486
1362.00000000 0.41287944 0.58712056
1364.00000000 0.41282091 0.58717909
1366.00000000 0.41276034 0.58723966
1368.00000000 0.41269852 0.58730148
1370.00000000 0.41263614 0.58736386
1372.00000000 0.41257385 0.58742615
1374.00000000 0.41251221 0.58748779
1376.00000000 0.41245169 0.58754831
1378.00000000 0.41239267 0.58760733
1380.00000000 0.41233545 0.58766455
1382.00000000 0.41228026 0.58771974
1384.00000000 0.41222726 0.58777274
1386.00000000 0.41217656 0.58782344
1388.00000000 0.41212823 0.58787177
1390.00000000 0.41208231 0.58791769
1392.00000000 0.41203884 0.58796116
1394.00000000 0.41199786 0.58800214
1396.00000000 0.41195938 0.58804062
1398.00000000 0.41192346 0.58807654
1400.00000000 0.41189016 0.58810984
1402.00000000 0.41185952 0.58814048
1404.00000000 0.41183162 0.58816838
1406.00000000 0.41180651 0.58819349
1408.00000000 0.41178426 0.58821574
1410.00000000 0.41176489 0.58823511
1412.00000000 0.41174839 0.58825161
1414.00000000 0.41173471 0.58826529
1416.00000000 0.41172374 0.58827626
1418.00000000 0.41171529 0.58828471
1420.00000000 0.41170910 0.58829090
1422.00000000 0.41170484 0.58829516
1424.00000000 0.41170209 0.58829791
1426.00000000 0.41170033 0.58829967
1428.00000000 0.41169900 0.58830100
1430.00000000 0.41169745 0.58830255
1432.00000000 0.41169501 0.58830499
1434.00000000 0.41169095 0.58830905
1436.00000000 0.41168456 0.58831544
1438.00000000 0.41167514 0.58832486
1440.00000000 0.41166203 0.58833797
1442.00000000 0.41164465 0.58835535
1444.00000000 0.41162251 0.58837749
1446.00000000 0.41159521 0.58840479
1448.00000000 0.41156251 0.58843749
1450.00000000 0.41152432 0.58847568
1452.00000000 0.41148067 0.58851933
1454.00000000 0.41143179 0.58856821
1456.00000000 0.41137802 0.58862198
1458.00000000 0.41131988 0.58868012
1460.00000000 0.41125799 0.58874201
1462.00000000 0.41119312 0.58880688
1464.00000000 0.41112609 0.58887391
1466.00000000 0.41105782 0.58894218
1468.00000000 0.41098925 0.58901075
1470.00000000 0.41092134 0.58907866
1472.00000000 0.41085503 0.58914497
1474.00000000 0.41079124 0.58920876
1476.00000000 0.41073080 0.58926920
1478.00000000 0.41067448 0.58932552
1480.00000000 0.41062294 0.58937706
1482.00000000 0.41057673 0.58942327
1484.00000000 0.41053629 0.58946371
1486.00000000 0.41050190 0.58949810
1488.00000000 0.41047373 0.58952627
1490.00000000 0.41045179 0.58954821
1492.00000000 0.41043596 0.58956404
1494.00000000 0.41042600 0.58957400
1496.00000000 0.41042150 0.58957850
1498.00000000 0.41042198 0.58957802
