-4.00000000 0.00498904
-3.98000000 0.00504055
-3.96000000 0.00509291
-3.94000000 0.00514612
-3.92000000 0.00520023
-3.90000000 0.00525524
-3.88000000 0.00531118
-3.86000000 0.00536808
-3.84000000 0.00542595
-3.82000000 0.00548482
-3.80000000 0.00554473
-3.78000000 0.00560568
-3.76000000 0.00566773
-3.74000000 0.00573088
-3.72000000 0.00579518
-3.70000000 0.00586066
-3.68000000 0.00592734
-3.66000000 0.00599527
-3.64000000 0.00606448
-3.62000000 0.00613500
-3.60000000 0.00620688
-3.58000000 0.00628016
-3.56000000 0.00635488
-3.54000000 0.00643109
-3.52000000 0.00650883
-3.50000000 0.00658816
-3.48000000 0.00666912
-3.46000000 0.00675178
-3.44000000 0.00683619
-3.42000000 0.00692241
-3.40000000 0.00701051
-3.38000000 0.00710056
-3.36000000 0.00719263
-3.34000000 0.00728680
-3.32000000 0.00738314
-3.30000000 0.00748176
-3.28000000 0.00758273
-3.26000000 0.00768617
-3.24000000 0.00779217
-3.22000000 0.00790085
-3.20000000 0.00801233
-3.18000000 0.00812673
-3.16000000 0.00824421
-3.14000000 0.00836490
-3.12000000 0.00848896
-3.10000000 0.00861658
-3.08000000 0.00874793
-3.06000000 0.00888321
-3.04000000 0.00902265
-3.02000000 0.00916648
-3.00000000 0.00931496
-2.98000000 0.00946837
-2.96000000 0.00962700
-2.94000000 0.00979120
-2.92000000 0.00996132
-2.90000000 0.01013776
-2.88000000 0.01032095
-2.86000000 0.01051138
-2.84000000 0.01070955
-2.82000000 0.01091606
-2.80000000 0.01113153
-2.78000000 0.01135668
-2.76000000 0.01159226
-2.74000000 0.01183916
-2.72000000 0.01209832
-2.70000000 0.01237081
-2.68000000 0.01265781
-2.66000000 0.01296064
-2.64000000 0.01328078
-2.62000000 0.01361987
-2.60000000 0.01397976
-2.58000000 0.01436252
-2.56000000 0.01477049
-2.54000000 0.01520629
-2.52000000 0.01567287
-2.50000000 0.01617356
-2.48000000 0.01671214
-2.46000000 0.01729288
-2.44000000 0.01792062
-2.42000000 0.01860085
-2.40000000 0.01933983
-2.38000000 0.02014467
-2.36000000 0.02102347
-2.34000000 0.02198552
-2.32000000 0.02304140
-2.30000000 0.02420324
-2.28000000 0.02548493
-2.26000000 0.02690246
-2.24000000 0.02847415
-2.22000000 0.03022114
-2.20000000 0.03216773
-2.18000000 0.03434202
-2.16000000 0.03677641
-2.14000000 0.03950841
-2.12000000 0.04258143
-2.10000000 0.04604577
-2.08000000 0.04995981
-2.06000000 0.05439134
-2.04000000 0.05941917
-2.02000000 0.06513498
-2.00000000 0.07164556
-1.98000000 0.07907536
-1.96000000 0.08756952
-1.94000000 0.09729744
-1.92000000 0.10845691
-1.90000000 0.12127901
-1.88000000 0.13603380
-1.86000000 0.15303694
-1.84000000 0.17265746
-1.82000000 0.19532675
-1.80000000 0.22154894
-1.78000000 0.25191292
-1.76000000 0.28710615
-1.74000000 0.32793027
-1.72000000 0.37531895
-1.70000000 0.43035768
-1.68000000 0.49430577
-1.66000000 0.56862020
-1.64000000 0.65498078
-1.62000000 0.75531608
-1.60000000 0.87182846
-1.58000000 1.00701624
-1.56000000 1.16368995
-1.54000000 1.34497801
-1.52000000 1.55431572
-1.50000000 1.79540907
-1.48000000 2.07216225
-1.46000000 2.38855506
-1.44000000 2.74845371
-1.42000000 3.15533674
-1.40000000 3.61191889
-1.38000000 4.11966064
-1.36000000 4.67816370
-1.34000000 5.28447515
-1.32000000 5.93235754
-1.30000000 6.61162759
-1.28000000 7.30771520
-1.26000000 8.00163086
-1.24000000 8.67052944
-1.22000000 9.28899530
-1.20000000 9.83103592
-1.18000000 10.27257719
-1.16000000 10.59406150
-1.14000000 10.78264225
-1.12000000 10.83351143
-1.10000000 10.75009503
-1.08000000 10.54313566
-1.06000000 10.22894260
-1.04000000 9.82723522
-1.02000000 9.35900678
-1.00000000 8.84472648
-0.98000000 8.30304316
-0.96000000 7.75001347
-0.94000000 7.19878278
-0.92000000 6.65960376
-0.90000000 6.14007247
-0.88000000 5.64548070
-0.86000000 5.17920893
-0.84000000 4.74311115
-0.82000000 4.33786316
-0.80000000 3.96326199
-0.78000000 3.61847320
-0.76000000 3.30222914
-0.74000000 3.01298377
-0.72000000 2.74903076
-0.70000000 2.50859156
-0.68000000 2.28987944
-0.66000000 2.09114475
-0.64000000 1.91070562
-0.62000000 1.74696781
-0.60000000 1.59843629
-0.58000000 1.46372087
-0.56000000 1.34153748
-0.54000000 1.23070645
-0.52000000 1.13014876
-0.50000000 1.03888091
-0.48000000 0.95600907
-0.46000000 0.88072279
-0.44000000 0.81228863
-0.42000000 0.75004385
-0.40000000 0.69339033
-0.38000000 0.64178876
-0.36000000 0.59475327
-0.34000000 0.55184633
-0.32000000 0.51267408
-0.30000000 0.47688209
-0.28000000 0.44415145
-0.26000000 0.41419517
-0.24000000 0.38675503
-0.22000000 0.36159860
-0.20000000 0.33851666
-0.18000000 0.31732082
-0.16000000 0.29784136
-0.14000000 0.27992540
-0.12000000 0.26343510
-0.10000000 0.24824619
-0.08000000 0.23424653
-0.06000000 0.22133495
-0.04000000 0.20942010
-0.02000000 0.19841948
0.00000000 0.18825854
0.02000000 0.17886991
0.04000000 0.17019268
0.06000000 0.16217178
0.08000000 0.15475740
0.10000000 0.14790449
0.12000000 0.14157228
0.14000000 0.13572392
0.16000000 0.13032605
0.18000000 0.12534852
0.20000000 0.12076405
0.22000000 0.11654801
0.24000000 0.11267809
0.26000000 0.10913415
0.28000000 0.10589800
0.30000000 0.10295315
0.32000000 0.10028470
0.34000000 0.09787915
0.36000000 0.09572420
0.38000000 0.09380866
0.40000000 0.09212224
0.42000000 0.09065544
0.44000000 0.08939940
0.46000000 0.08834574
0.48000000 0.08748643
0.50000000 0.08681363
0.52000000 0.08631955
0.54000000 0.08599630
0.56000000 0.08583574
0.58000000 0.08582936
0.60000000 0.08596810
0.62000000 0.08624225
0.64000000 0.08664133
0.66000000 0.08715399
0.68000000 0.08776791
0.70000000 0.08846975
0.72000000 0.08924519
0.74000000 0.09007886
0.76000000 0.09095445
0.78000000 0.09185482
0.80000000 0.09276215
0.82000000 0.09365810
0.84000000 0.09452411
0.86000000 0.09534165
0.88000000 0.09609255
0.90000000 0.09675930
0.92000000 0.09732543
0.94000000 0.09777581
0.96000000 0.09809698
0.98000000 0.09827742
1.00000000 0.09830778
1.02000000 0.09818105
1.04000000 0.09789266
1.06000000 0.09744049
1.08000000 0.09682489
1.10000000 0.09604854
1.12000000 0.09511627
1.14000000 0.09403489
1.16000000 0.09281291
1.18000000 0.09146026
1.20000000 0.08998800
1.22000000 0.08840805
1.24000000 0.08673286
1.26000000 0.08497515
1.28000000 0.08314768
1.30000000 0.08126303
1.32000000 0.07933336
1.34000000 0.07737033
1.36000000 0.07538492
1.38000000 0.07338737
1.40000000 0.07138708
1.42000000 0.06939263
1.44000000 0.06741170
1.46000000 0.06545114
1.48000000 0.06351693
1.50000000 0.06161424
1.52000000 0.05974749
1.54000000 0.05792035
1.56000000 0.05613585
1.58000000 0.05439640
1.60000000 0.05270383
1.62000000 0.05105952
1.64000000 0.04946435
1.66000000 0.04791884
1.68000000 0.04642315
1.70000000 0.04497715
1.72000000 0.04358045
1.74000000 0.04223244
1.76000000 0.04093232
1.78000000 0.03967916
1.80000000 0.03847188
1.82000000 0.03730932
1.84000000 0.03619024
1.86000000 0.03511335
1.88000000 0.03407730
1.90000000 0.03308075
1.92000000 0.03212231
1.94000000 0.03120061
1.96000000 0.03031429
1.98000000 0.02946200
2.00000000 0.02864241
2.02000000 0.02785421
2.04000000 0.02709614
2.06000000 0.02636696
2.08000000 0.02566547
2.10000000 0.02499050
2.12000000 0.02434093
2.14000000 0.02371568
2.16000000 0.02311370
2.18000000 0.02253400
2.20000000 0.02197560
2.22000000 0.02143758
2.24000000 0.02091906
2.26000000 0.02041920
2.28000000 0.01993718
2.30000000 0.01947222
2.32000000 0.01902359
2.34000000 0.01859059
2.36000000 0.01817253
2.38000000 0.01776877
2.40000000 0.01737871
2.42000000 0.01700176
2.44000000 0.01663735
2.46000000 0.01628497
2.48000000 0.01594410
2.50000000 0.01561426
2.52000000 0.01529500
2.54000000 0.01498587
2.56000000 0.01468646
2.58000000 0.01439637
2.60000000 0.01411522
2.62000000 0.01384265
2.64000000 0.01357833
2.66000000 0.01332191
2.68000000 0.01307310
2.70000000 0.01283158
2.72000000 0.01259708
2.74000000 0.01236933
2.76000000 0.01214806
2.78000000 0.01193304
2.80000000 0.01172402
2.82000000 0.01152078
2.84000000 0.01132311
2.86000000 0.01113080
2.88000000 0.01094366
2.90000000 0.01076149
2.92000000 0.01058413
2.94000000 0.01041139
2.96000000 0.01024312
2.98000000 0.01007916
3.00000000 0.00991936
3.02000000 0.00976357
3.04000000 0.00961166
3.06000000 0.00946350
3.08000000 0.00931896
3.10000000 0.00917792
3.12000000 0.00904026
3.14000000 0.00890588
3.16000000 0.00877466
3.18000000 0.00864651
3.20000000 0.00852133
3.22000000 0.00839902
3.24000000 0.00827950
3.26000000 0.00816266
3.28000000 0.00804845
3.30000000 0.00793676
3.32000000 0.00782753
3.34000000 0.00772068
3.36000000 0.00761614
3.38000000 0.00751385
3.40000000 0.00741372
3.42000000 0.00731571
3.44000000 0.00721975
3.46000000 0.00712578
3.48000000 0.00703375
3.50000000 0.00694359
3.52000000 0.00685527
3.54000000 0.00676871
3.56000000 0.00668389
3.58000000 0.00660074
3.60000000 0.00651923
3.62000000 0.00643931
3.64000000 0.00636094
3.66000000 0.00628407
3.68000000 0.00620866
3.70000000 0.00613469
3.72000000 0.00606210
3.74000000 0.00599087
3.76000000 0.00592096
3.78000000 0.00585233
3.80000000 0.00578496
3.82000000 0.00571880
3.84000000 0.00565384
3.86000000 0.00559005
3.88000000 0.00552738
3.90000000 0.00546582
3.92000000 0.00540534
3.94000000 0.00534591
3.96000000 0.00528751
3.98000000 0.00523011
