-4.00000000 0.00068214
-3.98000000 0.00097349
-3.96000000 0.00129134
-3.94000000 0.00163778
-3.92000000 0.00201506
-3.90000000 0.00242560
-3.88000000 0.00287198
-3.86000000 0.00335694
-3.84000000 0.00388337
-3.82000000 0.00445432
-3.80000000 0.00507308
-3.78000000 0.00574311
-3.76000000 0.00646820
-3.74000000 0.00725240
-3.72000000 0.00810009
-3.70000000 0.00901600
-3.68000000 0.01000517
-3.66000000 0.01107298
-3.64000000 0.01222516
-3.62000000 0.01346776
-3.60000000 0.01480725
-3.58000000 0.01625051
-3.56000000 0.01780490
-3.54000000 0.01947836
-3.52000000 0.02127938
-3.50000000 0.02321701
-3.48000000 0.02530088
-3.46000000 0.02754102
-3.44000000 0.02994784
-3.42000000 0.03253199
-3.40000000 0.03530430
-3.38000000 0.03827572
-3.36000000 0.04145739
-3.34000000 0.04486067
-3.32000000 0.04849730
-3.30000000 0.05237958
-3.28000000 0.05652044
-3.26000000 0.06093364
-3.24000000 0.06563380
-3.22000000 0.07063644
-3.20000000 0.07595790
-3.18000000 0.08161527
-3.16000000 0.08762629
-3.14000000 0.09400918
-3.12000000 0.10078244
-3.10000000 0.10796469
-3.08000000 0.11557443
-3.06000000 0.12362971
-3.04000000 0.13214792
-3.02000000 0.14114544
-3.00000000 0.15063744
-2.98000000 0.16063777
-2.96000000 0.17115899
-2.94000000 0.18221268
-2.92000000 0.19380997
-2.90000000 0.20596231
-2.88000000 0.21868240
-2.86000000 0.23198521
-2.84000000 0.24588895
-2.82000000 0.26041586
-2.80000000 0.27559271
-2.78000000 0.29145100
-2.76000000 0.30802670
-2.74000000 0.32535968
-2.72000000 0.34349283
-2.70000000 0.36247092
-2.68000000 0.38233942
-2.66000000 0.40314317
-2.64000000 0.42492514
-2.62000000 0.44772522
-2.60000000 0.47157914
-2.58000000 0.49651747
-2.56000000 0.52256484
-2.54000000 0.54973928
-2.52000000 0.57805194
-2.50000000 0.60750708
-2.48000000 0.63810244
-2.46000000 0.66983007
-2.44000000 0.70267748
-2.42000000 0.73662909
-2.40000000 0.77166773
-2.38000000 0.80777618
-2.36000000 0.84493832
-2.34000000 0.88313998
-2.32000000 0.92236915
-2.30000000 0.96261567
-2.28000000 1.00387036
-2.26000000 1.04612380
-2.24000000 1.08936486
-2.22000000 1.13357923
-2.20000000 1.17874808
-2.18000000 1.22484710
-2.16000000 1.27184581
-2.14000000 1.31970747
-2.12000000 1.36838925
-2.10000000 1.41784288
-2.08000000 1.46801557
-2.06000000 1.51885113
-2.04000000 1.57029135
-2.02000000 1.62227725
-2.00000000 1.67475045
-1.98000000 1.72765413
-1.96000000 1.78093375
-1.94000000 1.83453704
-1.92000000 1.88841331
-1.90000000 1.94251196
-1.88000000 1.99678017
-1.86000000 2.05115991
-1.84000000 2.10558473
-1.82000000 2.15997660
-1.80000000 2.21424334
-1.78000000 2.26827719
-1.76000000 2.32195478
-1.74000000 2.37513869
-1.72000000 2.42768069
-1.70000000 2.47942611
-1.68000000 2.53021911
-1.66000000 2.57990800
-1.64000000 2.62835002
-1.62000000 2.67541507
-1.60000000 2.72098802
-1.58000000 2.76496935
-1.56000000 2.80727443
-1.54000000 2.84783180
-1.52000000 2.88658072
-1.50000000 2.92346883
-1.48000000 2.95845008
-1.46000000 2.99148317
-1.44000000 3.02253076
-1.42000000 3.05155899
-1.40000000 3.07853717
-1.38000000 3.10343738
-1.36000000 3.12623351
-1.34000000 3.14689993
-1.32000000 3.16540968
-1.30000000 3.18173264
-1.28000000 3.19583397
-1.26000000 3.20767343
-1.24000000 3.21720581
-1.22000000 3.22438270
-1.20000000 3.22915552
-1.18000000 3.23147935
-1.16000000 3.23131722
-1.14000000 3.22864386
-1.12000000 3.22344869
-1.10000000 3.21573711
-1.08000000 3.20553021
-1.06000000 3.19286275
-1.04000000 3.17777984
-1.02000000 3.16033283
-1.00000000 3.14057515
-0.98000000 3.11855866
-0.96000000 3.09433122
-0.94000000 3.06793549
-0.92000000 3.03940939
-0.90000000 3.00878777
-0.88000000 2.97610506
-0.86000000 2.94139847
-0.84000000 2.90471126
-0.82000000 2.86609569
-0.80000000 2.82561536
-0.78000000 2.78334681
-0.76000000 2.73938027
-0.74000000 2.69381967
-0.72000000 2.64678185
-0.70000000 2.59839518
-0.68000000 2.54879756
-0.66000000 2.49813391
-0.64000000 2.44655327
-0.62000000 2.39420561
-0.60000000 2.34123854
-0.58000000 2.28779409
-0.56000000 2.23400596
-0.54000000 2.17999724
-0.52000000 2.12587915
-0.50000000 2.07175050
-0.48000000 2.01769831
-0.46000000 1.96379915
-0.44000000 1.91012114
-0.42000000 1.85672638
-0.40000000 1.80367336
-0.38000000 1.75101921
-0.36000000 1.69882151
-0.34000000 1.64713952
-0.32000000 1.59603487
-0.30000000 1.54557161
-0.28000000 1.49581583
-0.26000000 1.44683482
-0.24000000 1.39869604
-0.22000000 1.35146577
-0.20000000 1.30520772
-0.18000000 1.25998146
-0.16000000 1.21584091
-0.14000000 1.17283276
-0.12000000 1.13099515
-0.10000000 1.09035653
-0.08000000 1.05093492
-0.06000000 1.01273769
-0.04000000 0.97576188
-0.02000000 0.93999513
0.00000000 0.90541720
0.02000000 0.87200182
0.04000000 0.83971892
0.06000000 0.80853687
0.08000000 0.77842462
0.10000000 0.74935351
0.12000000 0.72129862
0.14000000 0.69423965
0.16000000 0.66816119
0.18000000 0.64305248
0.20000000 0.61890685
0.22000000 0.59572067
0.24000000 0.57349231
0.26000000 0.55222089
0.28000000 0.53190514
0.30000000 0.51254233
0.32000000 0.49412744
0.34000000 0.47665246
0.36000000 0.46010590
0.38000000 0.44447250
0.40000000 0.42973310
0.42000000 0.41586459
0.44000000 0.40284008
0.46000000 0.39062907
0.48000000 0.37919783
0.50000000 0.36850988
0.52000000 0.35852656
0.54000000 0.34920786
0.56000000 0.34051326
0.58000000 0.33240270
0.60000000 0.32483759
0.62000000 0.31778171
0.64000000 0.31120191
0.66000000 0.30506864
0.68000000 0.29935602
0.70000000 0.29404169
0.72000000 0.28910623
0.74000000 0.28453240
0.76000000 0.28030418
0.78000000 0.27640588
0.80000000 0.27282129
0.82000000 0.26953314
0.84000000 0.26652284
0.86000000 0.26377050
0.88000000 0.26125528
0.90000000 0.25895589
0.92000000 0.25685122
0.94000000 0.25492090
0.96000000 0.25314580
0.98000000 0.25150829
1.00000000 0.24999243
1.02000000 0.24858380
1.04000000 0.24726933
1.06000000 0.24603705
1.08000000 0.24487570
1.10000000 0.24377453
1.12000000 0.24272305
1.14000000 0.24171093
1.16000000 0.24072794
1.18000000 0.23976395
1.20000000 0.23880899
1.22000000 0.23785327
1.24000000 0.23688730
1.26000000 0.23590190
1.28000000 0.23488829
1.30000000 0.23383813
1.32000000 0.23274359
1.34000000 0.23159741
1.36000000 0.23039298
1.38000000 0.22912438
1.40000000 0.22778641
1.42000000 0.22637464
1.44000000 0.22488535
1.46000000 0.22331551
1.48000000 0.22166272
1.50000000 0.21992512
1.52000000 0.21810134
1.54000000 0.21619041
1.56000000 0.21419171
1.58000000 0.21210499
1.60000000 0.20993029
1.62000000 0.20766801
1.64000000 0.20531890
1.66000000 0.20288409
1.68000000 0.20036512
1.70000000 0.19776395
1.72000000 0.19508295
1.74000000 0.19232495
1.76000000 0.18949321
1.78000000 0.18659138
1.80000000 0.18362350
1.82000000 0.18059394
1.84000000 0.17750741
1.86000000 0.17436885
1.88000000 0.17118338
1.90000000 0.16795629
1.92000000 0.16469294
1.94000000 0.16139871
1.96000000 0.15807894
1.98000000 0.15473890
2.00000000 0.15138374
2.02000000 0.14801843
2.04000000 0.14464775
2.06000000 0.14127626
2.08000000 0.13790827
2.10000000 0.13454785
2.12000000 0.13119877
2.14000000 0.12786458
2.16000000 0.12454853
2.18000000 0.12125366
2.20000000 0.11798278
2.22000000 0.11473850
2.24000000 0.11152327
2.26000000 0.10833944
2.28000000 0.10518921
2.30000000 0.10207476
2.32000000 0.09899818
2.34000000 0.09596154
2.36000000 0.09296686
2.38000000 0.09001614
2.40000000 0.08711131
2.42000000 0.08425423
2.44000000 0.08144664
2.46000000 0.07869019
2.48000000 0.07598635
2.50000000 0.07333646
2.52000000 0.07074165
2.54000000 0.06820291
2.56000000 0.06572106
2.58000000 0.06329676
2.60000000 0.06093056
2.62000000 0.05862286
2.64000000 0.05637397
2.66000000 0.05418409
2.68000000 0.05205331
2.70000000 0.04998159
2.72000000 0.04796879
2.74000000 0.04601463
2.76000000 0.04411868
2.78000000 0.04228039
2.80000000 0.04049908
2.82000000 0.03877393
2.84000000 0.03710404
2.86000000 0.03548843
2.88000000 0.03392605
2.90000000 0.03241582
2.92000000 0.03095664
2.94000000 0.02954741
2.96000000 0.02818705
2.98000000 0.02687446
3.00000000 0.02560860
3.02000000 0.02438843
3.04000000 0.02321291
3.06000000 0.02208105
3.08000000 0.02099186
3.10000000 0.01994432
3.12000000 0.01893747
3.14000000 0.01797030
3.16000000 0.01704180
3.18000000 0.01615099
3.20000000 0.01529683
3.22000000 0.01447832
3.24000000 0.01369445
3.26000000 0.01294421
3.28000000 0.01222659
3.30000000 0.01154060
3.32000000 0.01088525
3.34000000 0.01025955
3.36000000 0.00966252
3.38000000 0.00909317
3.40000000 0.00855053
3.42000000 0.00803361
3.44000000 0.00754142
3.46000000 0.00707299
3.48000000 0.00662734
3.50000000 0.00620350
3.52000000 0.00580055
3.54000000 0.00541754
3.56000000 0.00505358
3.58000000 0.00470780
3.60000000 0.00437936
3.62000000 0.00406746
3.64000000 0.00377131
3.66000000 0.00349020
3.68000000 0.00322343
3.70000000 0.00297034
3.72000000 0.00273030
3.74000000 0.00250271
3.76000000 0.00228702
3.78000000 0.00208267
3.80000000 0.00188914
3.82000000 0.00170593
3.84000000 0.00153254
3.86000000 0.00136851
3.88000000 0.00121338
3.90000000 0.00106673
3.92000000 0.00092813
3.94000000 0.00079721
3.96000000 0.00067357
3.98000000 0.00055688
