-4.00000000 0.09067876
-3.98000000 0.09697553
-3.96000000 0.10337892
-3.94000000 0.10972963
-3.92000000 0.11587741
-3.90000000 0.12170601
-3.88000000 0.12715651
-3.86000000 0.13224419
-3.84000000 0.13706477
-3.82000000 0.14178772
-3.80000000 0.14663642
-3.78000000 0.15185769
-3.76000000 0.15768519
-3.74000000 0.16430294
-3.72000000 0.17181516
-3.70000000 0.18022805
-3.68000000 0.18944666
-3.66000000 0.19928760
-3.64000000 0.20950531
-3.62000000 0.21982685
-3.60000000 0.22998920
-3.58000000 0.23977224
-3.56000000 0.24902217
-3.54000000 0.25766184
-3.52000000 0.26568767
-3.50000000 0.27315509
-3.48000000 0.28015684
-3.46000000 0.28679925
-3.44000000 0.29318156
-3.42000000 0.29938184
-3.40000000 0.30545124
-3.38000000 0.31141594
-3.36000000 0.31728474
-3.34000000 0.32305900
-3.32000000 0.32874225
-3.30000000 0.33434739
-3.28000000 0.33990118
-3.26000000 0.34544706
-3.24000000 0.35104782
-3.22000000 0.35679005
-3.20000000 0.36279048
-3.18000000 0.36920303
-3.16000000 0.37622354
-3.14000000 0.38408775
-3.12000000 0.39305874
-3.10000000 0.40340147
-3.08000000 0.41534531
-3.06000000 0.42903927
-3.04000000 0.44450844
-3.02000000 0.46162194
-3.00000000 0.48008314
-2.98000000 0.49944945
-2.96000000 0.51918418
-2.94000000 0.53873564
-2.92000000 0.55763175
-2.90000000 0.57557323
-2.88000000 0.59250588
-2.86000000 0.60865471
-2.84000000 0.62450846
-2.82000000 0.64075242
-2.80000000 0.65815794
-2.78000000 0.67744683
-2.76000000 0.69915519
-2.74000000 0.72352309
-2.72000000 0.75043263
-2.70000000 0.77940829
-2.68000000 0.80968158
-2.66000000 0.84030931
-2.64000000 0.87032450
-2.62000000 0.89889236
-2.60000000 0.92544356
-2.58000000 0.94976179
-2.56000000 0.97201266
-2.54000000 0.99271251
-2.52000000 1.01264752
-2.50000000 1.03276137
-2.48000000 1.05403404
-2.46000000 1.07737228
-2.44000000 1.10352671
-2.42000000 1.13304176
-2.40000000 1.16623614
-2.38000000 1.20320482
-2.36000000 1.24383081
-2.34000000 1.28779641
-2.32000000 1.33458848
-2.30000000 1.38349895
-2.28000000 1.43362811
-2.26000000 1.48390178
-2.24000000 1.53311289
-2.22000000 1.57999402
-2.20000000 1.62331902
-2.18000000 1.66202364
-2.16000000 1.69532697
-2.14000000 1.72283192
-2.12000000 1.74458363
-2.10000000 1.76107118
-2.08000000 1.77316809
-2.06000000 1.78201908
-2.04000000 1.78889159
-2.02000000 1.79501775
-2.00000000 1.80145404
-1.98000000 1.80898213
-1.96000000 1.81806438
-1.94000000 1.82885616
-1.92000000 1.84126475
-1.90000000 1.85503560
-1.88000000 1.86984273
-1.86000000 1.88536190
-1.84000000 1.90131176
-1.82000000 1.91745870
-1.80000000 1.93359151
-1.78000000 1.94948041
-1.76000000 1.96483909
-1.74000000 1.97930710
-1.72000000 1.99246364
-1.70000000 2.00387452
-1.68000000 2.01316390
-1.66000000 2.02009455
-1.64000000 2.02463621
-1.62000000 2.02700316
-1.60000000 2.02764824
-1.58000000 2.02721040
-1.56000000 2.02642346
-1.54000000 2.02600323
-1.52000000 2.02653552
-1.50000000 2.02838785
-1.48000000 2.03166294
-1.46000000 2.03620331
-1.44000000 2.04164528
-1.42000000 2.04751048
-1.40000000 2.05331539
-1.38000000 2.05867623
-1.36000000 2.06338810
-1.34000000 2.06746351
-1.32000000 2.07112412
-1.30000000 2.07474919
-1.28000000 2.07879269
-1.26000000 2.08368643
-1.24000000 2.08974813
-1.22000000 2.09711099
-1.20000000 2.10568600
-1.18000000 2.11516105
-1.16000000 2.12503376
-1.14000000 2.13466914
-1.12000000 2.14336988
-1.10000000 2.15044647
-1.08000000 2.15527662
-1.06000000 2.15734729
-1.04000000 2.15627734
-1.02000000 2.15182347
-1.00000000 2.14387469
-0.98000000 2.13244234
-0.96000000 2.11765137
-0.94000000 2.09973659
-0.92000000 2.07904404
-0.90000000 2.05603464
-0.88000000 2.03128439
-0.86000000 2.00547496
-0.84000000 1.97936912
-0.82000000 1.95376826
-0.80000000 1.92945307
-0.78000000 1.90711296
-0.76000000 1.88727320
-0.74000000 1.87023122
-0.72000000 1.85601347
-0.70000000 1.84436191
-0.68000000 1.83475479
-0.66000000 1.82646070
-0.64000000 1.81861896
-0.62000000 1.81033449
-0.60000000 1.80077268
-0.58000000 1.78923986
-0.56000000 1.77523771
-0.54000000 1.75848560
-0.52000000 1.73891085
-0.50000000 1.71661358
-0.48000000 1.69181686
-0.46000000 1.66481553
-0.44000000 1.63593511
-0.42000000 1.60550896
-0.40000000 1.57387553
-0.38000000 1.54139197
-0.36000000 1.50845509
-0.34000000 1.47551853
-0.32000000 1.44309554
-0.30000000 1.41174066
-0.28000000 1.38200908
-0.26000000 1.35439900
-0.24000000 1.32928755
-0.22000000 1.30687349
-0.20000000 1.28713961
-0.18000000 1.26984411
-0.16000000 1.25454416
-0.14000000 1.24064790
-0.12000000 1.22748520
-0.10000000 1.21438379
-0.08000000 1.20073660
-0.06000000 1.18604927
-0.04000000 1.16996199
-0.02000000 1.15224618
0.00000000 1.13278266
0.02000000 1.11153141
0.04000000 1.08850427
0.06000000 1.06374938
0.08000000 1.03735167
0.10000000 1.00944790
0.12000000 0.98024996
0.14000000 0.95006659
0.16000000 0.91931370
0.18000000 0.88850602
0.20000000 0.85822732
0.22000000 0.82908240
0.24000000 0.80163860
0.26000000 0.77636770
0.28000000 0.75359903
0.30000000 0.73349212
0.32000000 0.71603243
0.34000000 0.70104849
0.36000000 0.68824425
0.38000000 0.67723783
0.40000000 0.66759799
0.42000000 0.65887212
0.44000000 0.65060381
0.46000000 0.64234252
0.48000000 0.63365109
0.50000000 0.62411808
0.52000000 0.61338055
0.54000000 0.60115860
0.56000000 0.58729844
0.58000000 0.57181534
0.60000000 0.55492519
0.62000000 0.53705272
0.64000000 0.51880803
0.66000000 0.50092854
0.68000000 0.48419150
0.70000000 0.46930904
0.72000000 0.45682348
0.74000000 0.44702208
0.76000000 0.43988845
0.78000000 0.43510129
0.80000000 0.43208274
0.82000000 0.43008889
0.84000000 0.42832661
0.86000000 0.42607618
0.88000000 0.42279766
0.90000000 0.41820305
0.92000000 0.41228266
0.94000000 0.40528367
0.96000000 0.39764767
0.98000000 0.38992112
1.00000000 0.38265690
1.02000000 0.37632495
1.04000000 0.37124660
1.06000000 0.36756110
1.08000000 0.36522567
1.10000000 0.36404382
1.12000000 0.36371225
1.14000000 0.36387441
1.16000000 0.36417018
1.18000000 0.36427362
1.20000000 0.36391583
1.22000000 0.36289331
1.24000000 0.36106613
1.26000000 0.35835113
1.28000000 0.35471518
1.30000000 0.35017144
1.32000000 0.34477921
1.34000000 0.33864537
1.36000000 0.33192404
1.38000000 0.32481114
1.40000000 0.31753181
1.42000000 0.31032062
1.44000000 0.30339747
1.46000000 0.29694341
1.48000000 0.29108171
1.50000000 0.28586857
1.52000000 0.28129584
1.54000000 0.27730536
1.56000000 0.27381152
1.58000000 0.27072660
1.60000000 0.26798274
1.62000000 0.26554489
1.64000000 0.26341196
1.66000000 0.26160578
1.68000000 0.26015135
1.70000000 0.25905386
1.72000000 0.25827925
1.74000000 0.25774419
1.76000000 0.25731935
1.78000000 0.25684613
1.80000000 0.25616413
1.82000000 0.25514298
1.84000000 0.25371141
1.86000000 0.25187639
1.88000000 0.24972699
1.90000000 0.24742149
1.92000000 0.24515945
1.94000000 0.24314414
1.96000000 0.24154293
1.98000000 0.24045366
2.00000000 0.23988380
2.02000000 0.23974653
2.04000000 0.23987432
2.06000000 0.24004694
2.08000000 0.24002826
2.10000000 0.23960444
2.12000000 0.23861664
2.14000000 0.23698242
2.16000000 0.23470306
2.18000000 0.23185675
2.20000000 0.22857999
2.22000000 0.22504210
2.24000000 0.22141764
2.26000000 0.21786183
2.28000000 0.21449238
2.30000000 0.21137974
2.32000000 0.20854554
2.34000000 0.20596813
2.36000000 0.20359270
2.38000000 0.20134365
2.40000000 0.19913697
2.42000000 0.19689104
2.44000000 0.19453500
2.46000000 0.19201426
2.48000000 0.18929336
2.50000000 0.18635631
2.52000000 0.18320473
2.54000000 0.17985417
2.56000000 0.17632914
2.58000000 0.17265748
2.60000000 0.16886516
2.62000000 0.16497245
2.64000000 0.16099265
2.66000000 0.15693383
2.68000000 0.15280378
2.70000000 0.14861721
2.72000000 0.14440368
2.74000000 0.14021408
2.76000000 0.13612348
2.78000000 0.13222877
2.80000000 0.12864022
2.82000000 0.12546772
2.84000000 0.12280371
2.86000000 0.12070577
2.88000000 0.11918236
2.90000000 0.11818500
2.92000000 0.11760881
2.94000000 0.11730212
2.96000000 0.11708379
2.98000000 0.11676544
3.00000000 0.11617469
3.02000000 0.11517549
3.04000000 0.11368198
3.06000000 0.11166400
3.08000000 0.10914393
3.10000000 0.10618630
3.12000000 0.10288295
3.14000000 0.09933721
3.16000000 0.09565018
3.18000000 0.09191152
3.20000000 0.08819572
3.22000000 0.08456331
3.24000000 0.08106532
3.26000000 0.07774874
3.28000000 0.07466057
3.30000000 0.07184885
3.32000000 0.06935990
3.34000000 0.06723246
3.36000000 0.06549011
3.38000000 0.06413402
3.40000000 0.06313812
3.42000000 0.06244797
3.44000000 0.06198424
3.46000000 0.06165001
3.48000000 0.06134089
3.50000000 0.06095612
3.52000000 0.06040867
3.54000000 0.05963304
3.56000000 0.05858976
3.58000000 0.05726658
3.60000000 0.05567665
3.62000000 0.05385483
3.64000000 0.05185274
3.66000000 0.04973357
3.68000000 0.04756684
3.70000000 0.04542332
3.72000000 0.04337001
3.74000000 0.04146503
3.76000000 0.03975258
3.78000000 0.03825854
3.80000000 0.03698727
3.82000000 0.03592074
3.84000000 0.03502046
3.86000000 0.03423260
3.88000000 0.03349600
3.90000000 0.03275187
3.92000000 0.03195363
3.94000000 0.03107504
3.96000000 0.03011490
3.98000000 0.02909717
