-4.00000000 0.37686979
-3.98000000 0.38223617
-3.96000000 0.38843387
-3.94000000 0.39564477
-3.92000000 0.40393039
-3.90000000 0.41321771
-3.88000000 0.42330819
-3.86000000 0.43390841
-3.84000000 0.44467701
-3.82000000 0.45527892
-3.80000000 0.46543686
-3.78000000 0.47497078
-3.76000000 0.48381868
-3.74000000 0.49203612
-3.72000000 0.49977623
-3.70000000 0.50725557
-3.68000000 0.51471355
-3.66000000 0.52237360
-3.64000000 0.53041290
-3.62000000 0.53894499
-3.60000000 0.54801623
-3.58000000 0.55761406
-3.56000000 0.56768298
-3.54000000 0.57814317
-3.52000000 0.58890722
-3.50000000 0.59989194
-3.48000000 0.61102416
-3.46000000 0.62224125
-3.44000000 0.63348850
-3.42000000 0.64471588
-3.40000000 0.65587607
-3.38000000 0.66692495
-3.36000000 0.67782419
-3.34000000 0.68854497
-3.32000000 0.69907106
-3.30000000 0.70940018
-3.28000000 0.71954279
-3.26000000 0.72951898
-3.24000000 0.73935451
-3.22000000 0.74907776
-3.20000000 0.75871890
-3.18000000 0.76831191
-3.16000000 0.77789896
-3.14000000 0.78753542
-3.12000000 0.79729346
-3.10000000 0.80726185
-3.08000000 0.81754045
-3.06000000 0.82822951
-3.04000000 0.83941486
-3.02000000 0.85115196
-3.00000000 0.86345221
-2.98000000 0.87627488
-2.96000000 0.88952693
-2.94000000 0.90307138
-2.92000000 0.91674293
-2.90000000 0.93036792
-2.88000000 0.94378472
-2.86000000 0.95686049
-2.84000000 0.96950149
-2.82000000 0.98165549
-2.80000000 0.99330690
-2.78000000 1.00446687
-2.76000000 1.01516187
-2.74000000 1.02542397
-2.72000000 1.03528564
-2.70000000 1.04477999
-2.68000000 1.05394584
-2.66000000 1.06283524
-2.64000000 1.07152038
-2.62000000 1.08009671
-2.60000000 1.08868024
-2.58000000 1.09739845
-2.56000000 1.10637633
-2.54000000 1.11572051
-2.52000000 1.12550517
-2.50000000 1.13576355
-2.48000000 1.14648733
-2.46000000 1.15763464
-2.44000000 1.16914495
-2.42000000 1.18095734
-2.40000000 1.19302785
-2.38000000 1.20534099
-2.36000000 1.21791219
-2.34000000 1.23077976
-2.32000000 1.24398723
-2.30000000 1.25755953
-2.28000000 1.27147812
-2.26000000 1.28566045
-2.24000000 1.29994897
-2.22000000 1.31411291
-2.20000000 1.32786372
-2.18000000 1.34088252
-2.16000000 1.35285551
-2.14000000 1.36351186
-2.12000000 1.37265828
-2.10000000 1.38020478
-2.08000000 1.38617805
-2.06000000 1.39072061
-2.04000000 1.39407616
-2.02000000 1.39656346
-2.00000000 1.39854238
-1.98000000 1.40037628
-1.96000000 1.40239518
-1.94000000 1.40486345
-1.92000000 1.40795521
-1.90000000 1.41173951
-1.88000000 1.41617672
-1.86000000 1.42112639
-1.84000000 1.42636610
-1.82000000 1.43161980
-1.80000000 1.43659300
-1.78000000 1.44101129
-1.76000000 1.44465766
-1.74000000 1.44740374
-1.72000000 1.44923032
-1.70000000 1.45023320
-1.68000000 1.45061266
-1.66000000 1.45064680
-1.64000000 1.45065198
-1.62000000 1.45093587
-1.60000000 1.45175035
-1.58000000 1.45325207
-1.56000000 1.45547743
-1.54000000 1.45833661
-1.52000000 1.46162808
-1.50000000 1.46507112
-1.48000000 1.46835087
-1.46000000 1.47116777
-1.44000000 1.47328259
-1.42000000 1.47454909
-1.40000000 1.47492860
-1.38000000 1.47448438
-1.36000000 1.47335759
-1.34000000 1.47172975
-1.32000000 1.46977945
-1.30000000 1.46764138
-1.28000000 1.46537540
-1.26000000 1.46295096
-1.24000000 1.46024916
-1.22000000 1.45708146
-1.20000000 1.45322130
-1.18000000 1.44844264
-1.16000000 1.44255898
-1.14000000 1.43545684
-1.12000000 1.42711873
-1.10000000 1.41763328
-1.08000000 1.40719157
-1.06000000 1.39607118
-1.04000000 1.38461035
-1.02000000 1.37317574
-1.00000000 1.36212738
-0.98000000 1.35178432
-0.96000000 1.34239422
-0.94000000 1.33410973
-0.92000000 1.32697393
-0.90000000 1.32091662
-0.88000000 1.31576253
-0.86000000 1.31125107
-0.84000000 1.30706657
-0.82000000 1.30287577
-0.80000000 1.29836873
-0.78000000 1.29329774
-0.76000000 1.28750914
-0.74000000 1.28096300
-0.72000000 1.27373761
-0.70000000 1.26601743
-0.68000000 1.25806592
-0.66000000 1.25018706
-0.64000000 1.24268092
-0.62000000 1.23579998
-0.60000000 1.22971230
-0.58000000 1.22447677
-0.56000000 1.22003339
-0.54000000 1.21620938
-0.52000000 1.21273941
-0.50000000 1.20929660
-0.48000000 1.20552961
-0.46000000 1.20110105
-0.44000000 1.19572276
-0.42000000 1.18918438
-0.40000000 1.18137285
-0.38000000 1.17228160
-0.36000000 1.16200898
-0.34000000 1.15074673
-0.32000000 1.13875922
-0.30000000 1.12635558
-0.28000000 1.11385687
-0.26000000 1.10156160
-0.24000000 1.08971304
-0.22000000 1.07847261
-0.20000000 1.06790302
-0.18000000 1.05796411
-0.16000000 1.04852297
-0.14000000 1.03937760
-0.12000000 1.03029099
-0.10000000 1.02103066
-0.08000000 1.01140714
-0.06000000 1.00130458
-0.04000000 0.99069792
-0.02000000 0.97965309
0.00000000 0.96831007
0.02000000 0.95685164
0.04000000 0.94546384
0.06000000 0.93429581
0.08000000 0.92342675
0.10000000 0.91284688
0.12000000 0.90245601
0.14000000 0.89208022
0.16000000 0.88150360
0.18000000 0.87050865
0.20000000 0.85891808
0.22000000 0.84662989
0.24000000 0.83363977
0.26000000 0.82004714
0.28000000 0.80604439
0.30000000 0.79189204
0.32000000 0.77788471
0.34000000 0.76431406
0.36000000 0.75143457
0.38000000 0.73943689
0.40000000 0.72843166
0.42000000 0.71844443
0.44000000 0.70942052
0.46000000 0.70123767
0.48000000 0.69372344
0.50000000 0.68667491
0.52000000 0.67987867
0.54000000 0.67312965
0.56000000 0.66624831
0.58000000 0.65909533
0.60000000 0.65158354
0.62000000 0.64368592
0.64000000 0.63543868
0.66000000 0.62693830
0.68000000 0.61833180
0.70000000 0.60980038
0.72000000 0.60153793
0.74000000 0.59372642
0.76000000 0.58651194
0.78000000 0.57998458
0.80000000 0.57416555
0.82000000 0.56900366
0.84000000 0.56438171
0.86000000 0.56013183
0.88000000 0.55605714
0.90000000 0.55195612
0.92000000 0.54764607
0.94000000 0.54298201
0.96000000 0.53786896
0.98000000 0.53226647
1.00000000 0.52618602
1.02000000 0.51968265
1.04000000 0.51284327
1.06000000 0.50577372
1.08000000 0.49858665
1.10000000 0.49139152
1.12000000 0.48428725
1.14000000 0.47735753
1.16000000 0.47066841
1.18000000 0.46426768
1.20000000 0.45818557
1.22000000 0.45243662
1.24000000 0.44702235
1.26000000 0.44193481
1.28000000 0.43716040
1.30000000 0.43268357
1.32000000 0.42848969
1.34000000 0.42456627
1.36000000 0.42090208
1.38000000 0.41748424
1.40000000 0.41429361
1.42000000 0.41129987
1.44000000 0.40845752
1.46000000 0.40570444
1.48000000 0.40296416
1.50000000 0.40015195
1.52000000 0.39718450
1.54000000 0.39399122
1.56000000 0.39052530
1.58000000 0.38677201
1.60000000 0.38275216
1.62000000 0.37851978
1.64000000 0.37415399
1.66000000 0.36974643
1.68000000 0.36538671
1.70000000 0.36114869
1.72000000 0.35708033
1.74000000 0.35319915
1.76000000 0.34949397
1.78000000 0.34593243
1.80000000 0.34247224
1.82000000 0.33907367
1.84000000 0.33571018
1.86000000 0.33237502
1.88000000 0.32908215
1.90000000 0.32586160
1.92000000 0.32275038
1.94000000 0.31978115
1.96000000 0.31697142
1.98000000 0.31431565
2.00000000 0.31178236
2.02000000 0.30931678
2.04000000 0.30684867
2.06000000 0.30430384
2.08000000 0.30161687
2.10000000 0.29874281
2.12000000 0.29566535
2.14000000 0.29240020
2.16000000 0.28899297
2.18000000 0.28551217
2.20000000 0.28203857
2.22000000 0.27865303
2.24000000 0.27542476
2.26000000 0.27240197
2.28000000 0.26960641
2.30000000 0.26703235
2.32000000 0.26465002
2.34000000 0.26241262
2.36000000 0.26026564
2.38000000 0.25815680
2.40000000 0.25604499
2.42000000 0.25390670
2.44000000 0.25173906
2.46000000 0.24955898
2.48000000 0.24739858
2.50000000 0.24529779
2.52000000 0.24329542
2.54000000 0.24142008
2.56000000 0.23968281
2.58000000 0.23807244
2.60000000 0.23655492
2.62000000 0.23507654
2.64000000 0.23357079
2.66000000 0.23196782
2.68000000 0.23020481
2.70000000 0.22823569
2.72000000 0.22603846
2.74000000 0.22361900
2.76000000 0.22101066
2.78000000 0.21826978
2.80000000 0.21546788
2.82000000 0.21268187
2.84000000 0.20998388
2.86000000 0.20743210
2.88000000 0.20506426
2.90000000 0.20289426
2.92000000 0.20091229
2.94000000 0.19908813
2.96000000 0.19737689
2.98000000 0.19572605
3.00000000 0.19408274
3.02000000 0.19240037
3.04000000 0.19064373
3.06000000 0.18879225
3.08000000 0.18684114
3.10000000 0.18480066
3.12000000 0.18269373
3.14000000 0.18055220
3.16000000 0.17841244
3.18000000 0.17631049
3.20000000 0.17427754
3.22000000 0.17233608
3.24000000 0.17049720
3.26000000 0.16875952
3.28000000 0.16710985
3.30000000 0.16552564
3.32000000 0.16397877
3.34000000 0.16244024
3.36000000 0.16088488
3.38000000 0.15929529
3.40000000 0.15766418
3.42000000 0.15599464
3.44000000 0.15429828
3.46000000 0.15259148
3.48000000 0.15089072
3.50000000 0.14920774
3.52000000 0.14754584
3.54000000 0.14589816
3.56000000 0.14424833
3.58000000 0.14257353
3.60000000 0.14084943
3.62000000 0.13905576
3.64000000 0.13718149
3.66000000 0.13522834
3.68000000 0.13321174
3.70000000 0.13115897
3.72000000 0.12910480
3.74000000 0.12708555
3.76000000 0.12513263
3.78000000 0.12326721
3.80000000 0.12149690
3.82000000 0.11981515
3.84000000 0.11820362
3.86000000 0.11663662
3.88000000 0.11508695
3.90000000 0.11353150
3.92000000 0.11195567
3.94000000 0.11035553
3.96000000 0.10873749
3.98000000 0.10711561
