-4.00000000 -0.00188249
-3.98000000 -0.00168318
-3.96000000 -0.00146589
-3.94000000 -0.00122930
-3.92000000 -0.00097198
-3.90000000 -0.00069241
-3.88000000 -0.00038894
-3.86000000 -0.00005980
-3.84000000 0.00029697
-3.82000000 0.00068344
-3.80000000 0.00110189
-3.78000000 0.00155470
-3.76000000 0.00204441
-3.74000000 0.00257370
-3.72000000 0.00314541
-3.70000000 0.00376257
-3.68000000 0.00442842
-3.66000000 0.00514646
-3.64000000 0.00592045
-3.62000000 0.00675448
-3.60000000 0.00765291
-3.58000000 0.00862040
-3.56000000 0.00966187
-3.54000000 0.01078254
-3.52000000 0.01198791
-3.50000000 0.01328378
-3.48000000 0.01467632
-3.46000000 0.01617214
-3.44000000 0.01777829
-3.42000000 0.01950237
-3.40000000 0.02135251
-3.38000000 0.02333736
-3.36000000 0.02546613
-3.34000000 0.02774849
-3.32000000 0.03019465
-3.30000000 0.03281529
-3.28000000 0.03562166
-3.26000000 0.03862561
-3.24000000 0.04183970
-3.22000000 0.04527723
-3.20000000 0.04895237
-3.18000000 0.05288014
-3.16000000 0.05707644
-3.14000000 0.06155806
-3.12000000 0.06634265
-3.10000000 0.07144871
-3.08000000 0.07689560
-3.06000000 0.08270354
-3.04000000 0.08889365
-3.02000000 0.09548793
-3.00000000 0.10250922
-2.98000000 0.10998122
-2.96000000 0.11792839
-2.94000000 0.12637597
-2.92000000 0.13534999
-2.90000000 0.14487742
-2.88000000 0.15498635
-2.86000000 0.16570628
-2.84000000 0.17706839
-2.82000000 0.18910570
-2.80000000 0.20185311
-2.78000000 0.21534723
-2.76000000 0.22962588
-2.74000000 0.24472757
-2.72000000 0.26069077
-2.70000000 0.27755342
-2.68000000 0.29535254
-2.66000000 0.31412431
-2.64000000 0.33390451
-2.62000000 0.35472911
-2.60000000 0.37663513
-2.58000000 0.39966117
-2.56000000 0.42384756
-2.54000000 0.44923590
-2.52000000 0.47586790
-2.50000000 0.50378378
-2.48000000 0.53302046
-2.46000000 0.56360999
-2.44000000 0.59557867
-2.42000000 0.62894724
-2.40000000 0.66373215
-2.38000000 0.69994784
-2.36000000 0.73760951
-2.34000000 0.77673572
-2.32000000 0.81735012
-2.30000000 0.85948161
-2.28000000 0.90316267
-2.26000000 0.94842569
-2.24000000 0.99529795
-2.22000000 1.04379599
-2.20000000 1.09392031
-2.18000000 1.14565157
-2.16000000 1.19894901
-2.14000000 1.25375139
-2.12000000 1.30998057
-2.10000000 1.36754669
-2.08000000 1.42635443
-2.06000000 1.48630869
-2.04000000 1.54731900
-2.02000000 1.60930172
-2.00000000 1.67217974
-1.98000000 1.73588003
-1.96000000 1.80032958
-1.94000000 1.86545085
-1.92000000 1.93115750
-1.90000000 1.99735148
-1.88000000 2.06392165
-1.86000000 2.13074417
-1.84000000 2.19768422
-1.82000000 2.26459841
-1.80000000 2.33133715
-1.78000000 2.39774647
-1.76000000 2.46366887
-1.74000000 2.52894315
-1.72000000 2.59340361
-1.70000000 2.65687910
-1.68000000 2.71919250
-1.66000000 2.78016109
-1.64000000 2.83959820
-1.62000000 2.89731614
-1.60000000 2.95313016
-1.58000000 3.00686295
-1.56000000 3.05834923
-1.54000000 3.10743966
-1.52000000 3.15400383
-1.50000000 3.19793161
-1.48000000 3.23913304
-1.46000000 3.27753632
-1.44000000 3.31308434
-1.42000000 3.34572984
-1.40000000 3.37542961
-1.38000000 3.40213850
-1.36000000 3.42580369
-1.34000000 3.44636032
-1.32000000 3.46372910
-1.30000000 3.47781667
-1.28000000 3.48851921
-1.26000000 3.49572907
-1.24000000 3.49934406
-1.22000000 3.49927821
-1.20000000 3.49547262
-1.18000000 3.48790464
-1.16000000 3.47659390
-1.14000000 3.46160400
-1.12000000 3.44303950
-1.10000000 3.42103850
-1.08000000 3.39576204
-1.06000000 3.36738204
-1.04000000 3.33606986
-1.02000000 3.30198731
-1.00000000 3.26528155
-0.98000000 3.22608436
-0.96000000 3.18451551
-0.94000000 3.14068901
-0.92000000 3.09472056
-0.90000000 3.04673437
-0.88000000 2.99686773
-0.86000000 2.94527234
-0.84000000 2.89211232
-0.82000000 2.83755941
-0.80000000 2.78178668
-0.78000000 2.72496233
-0.76000000 2.66724489
-0.74000000 2.60878091
-0.72000000 2.54970554
-0.70000000 2.49014544
-0.68000000 2.43022330
-0.66000000 2.37006241
-0.64000000 2.30979032
-0.62000000 2.24954028
-0.60000000 2.18945029
-0.58000000 2.12965991
-0.56000000 2.07030546
-0.54000000 2.01151476
-0.52000000 1.95340261
-0.50000000 1.89606781
-0.48000000 1.83959224
-0.46000000 1.78404208
-0.44000000 1.72947057
-0.42000000 1.67592173
-0.40000000 1.62343382
-0.38000000 1.57204219
-0.36000000 1.52178068
-0.34000000 1.47268178
-0.32000000 1.42477556
-0.30000000 1.37808811
-0.28000000 1.33263988
-0.26000000 1.28844463
-0.24000000 1.24550918
-0.22000000 1.20383406
-0.20000000 1.16341490
-0.18000000 1.12424409
-0.16000000 1.08631242
-0.14000000 1.04961021
-0.12000000 1.01412778
-0.10000000 0.97985528
-0.08000000 0.94678200
-0.06000000 0.91489533
-0.04000000 0.88417997
-0.02000000 0.85461735
0.00000000 0.82618550
0.02000000 0.79885947
0.04000000 0.77261210
0.06000000 0.74741486
0.08000000 0.72323877
0.10000000 0.70005503
0.12000000 0.67783542
0.14000000 0.65655234
0.16000000 0.63617866
0.18000000 0.61668750
0.20000000 0.59805193
0.22000000 0.58024487
0.24000000 0.56323899
0.26000000 0.54700687
0.28000000 0.53152106
0.30000000 0.51675434
0.32000000 0.50267976
0.34000000 0.48927073
0.36000000 0.47650104
0.38000000 0.46434486
0.40000000 0.45277670
0.42000000 0.44177154
0.44000000 0.43130487
0.46000000 0.42135283
0.48000000 0.41189238
0.50000000 0.40290134
0.52000000 0.39435841
0.54000000 0.38624314
0.56000000 0.37853573
0.58000000 0.37121693
0.60000000 0.36426785
0.62000000 0.35766984
0.64000000 0.35140453
0.66000000 0.34545384
0.68000000 0.33980012
0.70000000 0.33442630
0.72000000 0.32931597
0.74000000 0.32445343
0.76000000 0.31982370
0.78000000 0.31541241
0.80000000 0.31120563
0.82000000 0.30718980
0.84000000 0.30335158
0.86000000 0.29967782
0.88000000 0.29615556
0.90000000 0.29277217
0.92000000 0.28951535
0.94000000 0.28637334
0.96000000 0.28333490
0.98000000 0.28038937
1.00000000 0.27752663
1.02000000 0.27473699
1.04000000 0.27201116
1.06000000 0.26934009
1.08000000 0.26671499
1.10000000 0.26412731
1.12000000 0.26156879
1.14000000 0.25903154
1.16000000 0.25650812
1.18000000 0.25399166
1.20000000 0.25147589
1.22000000 0.24895517
1.24000000 0.24642449
1.26000000 0.24387943
1.28000000 0.24131611
1.30000000 0.23873110
1.32000000 0.23612140
1.34000000 0.23348435
1.36000000 0.23081764
1.38000000 0.22811923
1.40000000 0.22538736
1.42000000 0.22262054
1.44000000 0.21981753
1.46000000 0.21697736
1.48000000 0.21409935
1.50000000 0.21118309
1.52000000 0.20822852
1.54000000 0.20523595
1.56000000 0.20220607
1.58000000 0.19914000
1.60000000 0.19603928
1.62000000 0.19290585
1.64000000 0.18974205
1.66000000 0.18655057
1.68000000 0.18333438
1.70000000 0.18009670
1.72000000 0.17684093
1.74000000 0.17357061
1.76000000 0.17028933
1.78000000 0.16700072
1.80000000 0.16370840
1.82000000 0.16041593
1.84000000 0.15712676
1.86000000 0.15384424
1.88000000 0.15057157
1.90000000 0.14731182
1.92000000 0.14406792
1.94000000 0.14084267
1.96000000 0.13763877
1.98000000 0.13445882
2.00000000 0.13130533
2.02000000 0.12818074
2.04000000 0.12508737
2.06000000 0.12202746
2.08000000 0.11900309
2.10000000 0.11601623
2.12000000 0.11306868
2.14000000 0.11016210
2.16000000 0.10729800
2.18000000 0.10447776
2.20000000 0.10170265
2.22000000 0.09897382
2.24000000 0.09629233
2.26000000 0.09365913
2.28000000 0.09107508
2.30000000 0.08854092
2.32000000 0.08605728
2.34000000 0.08362465
2.36000000 0.08124342
2.38000000 0.07891383
2.40000000 0.07663606
2.42000000 0.07441014
2.44000000 0.07223604
2.46000000 0.07011366
2.48000000 0.06804279
2.50000000 0.06602319
2.52000000 0.06405452
2.54000000 0.06213637
2.56000000 0.06026828
2.58000000 0.05844971
2.60000000 0.05668008
2.62000000 0.05495874
2.64000000 0.05328500
2.66000000 0.05165815
2.68000000 0.05007742
2.70000000 0.04854202
2.72000000 0.04705111
2.74000000 0.04560385
2.76000000 0.04419935
2.78000000 0.04283669
2.80000000 0.04151495
2.82000000 0.04023320
2.84000000 0.03899049
2.86000000 0.03778588
2.88000000 0.03661846
2.90000000 0.03548728
2.92000000 0.03439142
2.94000000 0.03332998
2.96000000 0.03230203
2.98000000 0.03130665
3.00000000 0.03034294
3.02000000 0.02940999
3.04000000 0.02850691
3.06000000 0.02763282
3.08000000 0.02678686
3.10000000 0.02596816
3.12000000 0.02517592
3.14000000 0.02440931
3.16000000 0.02366753
3.18000000 0.02294980
3.20000000 0.02225535
3.22000000 0.02158342
3.24000000 0.02093327
3.26000000 0.02030420
3.28000000 0.01969549
3.30000000 0.01910647
3.32000000 0.01853648
3.34000000 0.01798489
3.36000000 0.01745108
3.38000000 0.01693443
3.40000000 0.01643436
3.42000000 0.01595028
3.44000000 0.01548165
3.46000000 0.01502791
3.48000000 0.01458855
3.50000000 0.01416306
3.52000000 0.01375095
3.54000000 0.01335175
3.56000000 0.01296501
3.58000000 0.01259029
3.60000000 0.01222716
3.62000000 0.01187519
3.64000000 0.01153400
3.66000000 0.01120319
3.68000000 0.01088238
3.70000000 0.01057122
3.72000000 0.01026935
3.74000000 0.00997645
3.76000000 0.00969219
3.78000000 0.00941627
3.80000000 0.00914839
3.82000000 0.00888825
3.84000000 0.00863557
3.86000000 0.00839009
3.88000000 0.00815154
3.90000000 0.00791968
3.92000000 0.00769426
3.94000000 0.00747506
3.96000000 0.00726186
3.98000000 0.00705446
