-4.00000000 0.08205346
-3.98000000 0.08564953
-3.96000000 0.08913025
-3.94000000 0.09252964
-3.92000000 0.09593186
-3.90000000 0.09946427
-3.88000000 0.10328136
-3.86000000 0.10754130
-3.84000000 0.11237886
-3.82000000 0.11787984
-3.80000000 0.12406280
-3.78000000 0.13087263
-3.76000000 0.13818881
-3.74000000 0.14584774
-3.72000000 0.15367578
-3.70000000 0.16152667
-3.68000000 0.16931548
-3.66000000 0.17704172
-3.64000000 0.18479561
-3.62000000 0.19274518
-3.60000000 0.20110545
-3.58000000 0.21009493
-3.56000000 0.21988746
-3.54000000 0.23056845
-3.52000000 0.24210434
-3.50000000 0.25433121
-3.48000000 0.26696539
-3.46000000 0.27963471
-3.44000000 0.29192541
-3.42000000 0.30343737
-3.40000000 0.31383904
-3.38000000 0.32291419
-3.36000000 0.33059407
-3.34000000 0.33697149
-3.32000000 0.34229573
-3.30000000 0.34695014
-3.28000000 0.35141588
-3.26000000 0.35622661
-3.24000000 0.36191931
-3.22000000 0.36898617
-3.20000000 0.37783205
-3.18000000 0.38874128
-3.16000000 0.40185628
-3.14000000 0.41716973
-3.12000000 0.43453052
-3.10000000 0.45366227
-3.08000000 0.47419211
-3.06000000 0.49568600
-3.04000000 0.51768652
-3.02000000 0.53974892
-3.00000000 0.56147213
-2.98000000 0.58252261
-2.96000000 0.60265080
-2.94000000 0.62170091
-2.92000000 0.63961611
-2.90000000 0.65644067
-2.88000000 0.67231992
-2.86000000 0.68749732
-2.84000000 0.70230632
-2.82000000 0.71715412
-2.80000000 0.73249431
-2.78000000 0.74878767
-2.76000000 0.76645281
-2.74000000 0.78581228
-2.72000000 0.80704263
-2.70000000 0.83013856
-2.68000000 0.85490065
-2.66000000 0.88095301
-2.64000000 0.90779168
-2.62000000 0.93485841
-2.60000000 0.96162813
-2.58000000 0.98769451
-2.56000000 1.01283696
-2.54000000 1.03705530
-2.52000000 1.06056437
-2.50000000 1.08374904
-2.48000000 1.10708854
-2.46000000 1.13106546
-2.44000000 1.15607825
-2.42000000 1.18237458
-2.40000000 1.21001823
-2.38000000 1.23889404
-2.36000000 1.26874670
-2.34000000 1.29924192
-2.32000000 1.33003422
-2.30000000 1.36082515
-2.28000000 1.39140009
-2.26000000 1.42163773
-2.24000000 1.45149453
-2.22000000 1.48097250
-2.20000000 1.51008225
-2.18000000 1.53881328
-2.16000000 1.56711990
-2.14000000 1.59492548
-2.12000000 1.62214166
-2.10000000 1.64869440
-2.08000000 1.67454741
-2.06000000 1.69971464
-2.04000000 1.72425823
-2.02000000 1.74827360
-2.00000000 1.77186856
-1.98000000 1.79514534
-1.96000000 1.81819416
-1.94000000 1.84110246
-1.92000000 1.86397760
-1.90000000 1.88697474
-1.88000000 1.91031712
-1.86000000 1.93429520
-1.84000000 1.95923551
-1.82000000 1.98543741
-1.80000000 2.01308602
-1.78000000 2.04215863
-1.76000000 2.07234775
-1.74000000 2.10302404
-1.72000000 2.13325675
-1.70000000 2.16189774
-1.68000000 2.18772111
-1.66000000 2.20959661
-1.64000000 2.22666520
-1.62000000 2.23848142
-1.60000000 2.24509230
-1.58000000 2.24703359
-1.56000000 2.24524103
-1.54000000 2.24089189
-1.52000000 2.23520689
-1.50000000 2.22925106
-1.48000000 2.22377266
-1.46000000 2.21911118
-1.44000000 2.21519063
-1.42000000 2.21159665
-1.40000000 2.20771839
-1.38000000 2.20292331
-1.36000000 2.19672704
-1.34000000 2.18892261
-1.32000000 2.17964304
-1.30000000 2.16934574
-1.28000000 2.15872378
-1.26000000 2.14856373
-1.24000000 2.13958020
-1.22000000 2.13226080
-1.20000000 2.12675253
-1.18000000 2.12281168
-1.16000000 2.11982677
-1.14000000 2.11691032
-1.12000000 2.11304258
-1.10000000 2.10724177
-1.08000000 2.09873075
-1.06000000 2.08707175
-1.04000000 2.07224629
-1.02000000 2.05466701
-1.00000000 2.03511983
-0.98000000 2.01464584
-0.96000000 1.99438257
-0.94000000 1.97539051
-0.92000000 1.95849322
-0.90000000 1.94415718
-0.88000000 1.93243072
-0.86000000 1.92295183
-0.84000000 1.91502253
-0.82000000 1.90773634
-0.80000000 1.90013572
-0.78000000 1.89137126
-0.76000000 1.88083384
-0.74000000 1.86823638
-0.72000000 1.85363105
-0.70000000 1.83736067
-0.68000000 1.81995553
-0.66000000 1.80199780
-0.64000000 1.78398203
-0.62000000 1.76620057
-0.60000000 1.74867754
-0.58000000 1.73116444
-0.56000000 1.71319744
-0.54000000 1.69420337
-0.52000000 1.67363128
-0.50000000 1.65108099
-0.48000000 1.62640138
-0.46000000 1.59973772
-0.44000000 1.57151837
-0.42000000 1.54238441
-0.40000000 1.51307727
-0.38000000 1.48430793
-0.36000000 1.45663439
-0.34000000 1.43037133
-0.32000000 1.40554836
-0.30000000 1.38192264
-0.28000000 1.35904039
-0.26000000 1.33633251
-0.24000000 1.31322347
-0.22000000 1.28923217
-0.20000000 1.26404646
-0.18000000 1.23756034
-0.16000000 1.20987141
-0.14000000 1.18124407
-0.12000000 1.15205050
-0.10000000 1.12270398
-0.08000000 1.09359863
-0.06000000 1.06506593
-0.04000000 1.03735317
-0.02000000 1.01062303
0.00000000 0.98496887
0.02000000 0.96043749
0.04000000 0.93705098
0.06000000 0.91482093
0.08000000 0.89375183
0.10000000 0.87383425
0.12000000 0.85503161
0.14000000 0.83726642
0.16000000 0.82041193
0.18000000 0.80429366
0.20000000 0.78870259
0.22000000 0.77341853
0.24000000 0.75823940
0.26000000 0.74301029
0.28000000 0.72764602
0.30000000 0.71214189
0.32000000 0.69656997
0.34000000 0.68106138
0.36000000 0.66577807
0.38000000 0.65087993
0.40000000 0.63649416
0.42000000 0.62269345
0.44000000 0.60948745
0.46000000 0.59682941
0.48000000 0.58463628
0.50000000 0.57281777
0.52000000 0.56130772
0.54000000 0.55009040
0.56000000 0.53921552
0.58000000 0.52879766
0.60000000 0.51899935
0.62000000 0.51000036
0.64000000 0.50195884
0.66000000 0.49497193
0.68000000 0.48904374
0.70000000 0.48406779
0.72000000 0.47982792
0.74000000 0.47601869
0.76000000 0.47228239
0.78000000 0.46825655
0.80000000 0.46362413
0.82000000 0.45815756
0.84000000 0.45174956
0.86000000 0.44442534
0.88000000 0.43633482
0.90000000 0.42772646
0.92000000 0.41890788
0.94000000 0.41020012
0.96000000 0.40189343
0.98000000 0.39421163
1.00000000 0.38729029
1.02000000 0.38117121
1.04000000 0.37581257
1.06000000 0.37111171
1.08000000 0.36693509
1.10000000 0.36314958
1.12000000 0.35964907
1.14000000 0.35637185
1.16000000 0.35330623
1.18000000 0.35048419
1.20000000 0.34796506
1.22000000 0.34581287
1.24000000 0.34407226
1.26000000 0.34274754
1.28000000 0.34178888
1.30000000 0.34108835
1.32000000 0.34048621
1.34000000 0.33978672
1.36000000 0.33878051
1.38000000 0.33727008
1.40000000 0.33509429
1.42000000 0.33214839
1.44000000 0.32839669
1.46000000 0.32387652
1.48000000 0.31869348
1.50000000 0.31300906
1.52000000 0.30702293
1.54000000 0.30095242
1.56000000 0.29501211
1.58000000 0.28939561
1.60000000 0.28426152
1.62000000 0.27972435
1.64000000 0.27585056
1.66000000 0.27265942
1.68000000 0.27012761
1.70000000 0.26819644
1.72000000 0.26678058
1.74000000 0.26577706
1.76000000 0.26507377
1.78000000 0.26455677
1.80000000 0.26411611
1.82000000 0.26365006
1.84000000 0.26306799
1.86000000 0.26229218
1.88000000 0.26125900
1.90000000 0.25991987
1.92000000 0.25824222
1.94000000 0.25621054
1.96000000 0.25382721
1.98000000 0.25111281
2.00000000 0.24810525
2.02000000 0.24485726
2.04000000 0.24143200
2.06000000 0.23789692
2.08000000 0.23431639
2.10000000 0.23074435
2.12000000 0.22721796
2.14000000 0.22375383
2.16000000 0.22034761
2.18000000 0.21697742
2.20000000 0.21361058
2.22000000 0.21021269
2.24000000 0.20675708
2.26000000 0.20323285
2.28000000 0.19964971
2.30000000 0.19603840
2.32000000 0.19244656
2.34000000 0.18893082
2.36000000 0.18554673
2.38000000 0.18233856
2.40000000 0.17933139
2.42000000 0.17652686
2.44000000 0.17390375
2.46000000 0.17142292
2.48000000 0.16903568
2.50000000 0.16669345
2.52000000 0.16435690
2.54000000 0.16200239
2.56000000 0.15962460
2.58000000 0.15723504
2.60000000 0.15485693
2.62000000 0.15251777
2.64000000 0.15024149
2.66000000 0.14804159
2.68000000 0.14591690
2.70000000 0.14385040
2.72000000 0.14181116
2.74000000 0.13975884
2.76000000 0.13764948
2.78000000 0.13544160
2.80000000 0.13310163
2.82000000 0.13060777
2.84000000 0.12795233
2.86000000 0.12514231
2.88000000 0.12219873
2.90000000 0.11915498
2.92000000 0.11605447
2.94000000 0.11294781
2.96000000 0.10988955
2.98000000 0.10693448
3.00000000 0.10413355
3.02000000 0.10152968
3.04000000 0.09915371
3.06000000 0.09702112
3.08000000 0.09512991
3.10000000 0.09346032
3.12000000 0.09197636
3.14000000 0.09062940
3.16000000 0.08936317
3.18000000 0.08811981
3.20000000 0.08684592
3.22000000 0.08549799
3.24000000 0.08404641
3.26000000 0.08247766
3.28000000 0.08079448
3.30000000 0.07901414
3.32000000 0.07716512
3.34000000 0.07528287
3.36000000 0.07340499
3.38000000 0.07156659
3.40000000 0.06979632
3.42000000 0.06811340
3.44000000 0.06652598
3.46000000 0.06503104
3.48000000 0.06361568
3.50000000 0.06225979
3.52000000 0.06093951
3.54000000 0.05963131
3.56000000 0.05831574
3.58000000 0.05698058
3.60000000 0.05562257
3.62000000 0.05424762
3.64000000 0.05286928
3.66000000 0.05150582
3.68000000 0.05017634
3.70000000 0.04889680
3.72000000 0.04767662
3.74000000 0.04651661
3.76000000 0.04540868
3.78000000 0.04433745
3.80000000 0.04328340
3.82000000 0.04222699
3.84000000 0.04115292
3.86000000 0.04005364
3.88000000 0.03893144
3.90000000 0.03779863
3.92000000 0.03667578
3.94000000 0.03558846
3.96000000 0.03456295
3.98000000 0.03362181
