-4.00000000 0.06111522
-3.98000000 0.06443547
-3.96000000 0.06789564
-3.94000000 0.07150229
-3.92000000 0.07526258
-3.90000000 0.07918402
-3.88000000 0.08327423
-3.86000000 0.08754069
-3.84000000 0.09199052
-3.82000000 0.09663038
-3.80000000 0.10146654
-3.78000000 0.10650498
-3.76000000 0.11175164
-3.74000000 0.11721275
-3.72000000 0.12289511
-3.70000000 0.12880631
-3.68000000 0.13495483
-3.66000000 0.14135000
-3.64000000 0.14800178
-3.62000000 0.15492041
-3.60000000 0.16211593
-3.58000000 0.16959774
-3.56000000 0.17737409
-3.54000000 0.18545182
-3.52000000 0.19383614
-3.50000000 0.20253068
-3.48000000 0.21153770
-3.46000000 0.22085853
-3.44000000 0.23049400
-3.42000000 0.24044501
-3.40000000 0.25071301
-3.38000000 0.26130037
-3.36000000 0.27221062
-3.34000000 0.28344851
-3.32000000 0.29501991
-3.30000000 0.30693170
-3.28000000 0.31919155
-3.26000000 0.33180787
-3.24000000 0.34478980
-3.22000000 0.35814738
-3.20000000 0.37189178
-3.18000000 0.38603554
-3.16000000 0.40059270
-3.14000000 0.41557862
-3.12000000 0.43100945
-3.10000000 0.44690117
-3.08000000 0.46326818
-3.06000000 0.48012170
-3.04000000 0.49746811
-3.02000000 0.51530756
-3.00000000 0.53363322
-2.98000000 0.55243125
-2.96000000 0.57168185
-2.94000000 0.59136118
-2.92000000 0.61144395
-2.90000000 0.63190647
-2.88000000 0.65272950
-2.86000000 0.67390060
-2.84000000 0.69541542
-2.82000000 0.71727780
-2.80000000 0.73949867
-2.78000000 0.76209372
-2.76000000 0.78508057
-2.74000000 0.80847551
-2.72000000 0.83229069
-2.70000000 0.85653189
-2.68000000 0.88119732
-2.66000000 0.90627743
-2.64000000 0.93175556
-2.62000000 0.95760929
-2.60000000 0.98381202
-2.58000000 1.01033451
-2.56000000 1.03714620
-2.54000000 1.06421608
-2.52000000 1.09151334
-2.50000000 1.11900781
-2.48000000 1.14667038
-2.46000000 1.17447361
-2.44000000 1.20239244
-2.42000000 1.23040509
-2.40000000 1.25849383
-2.38000000 1.28664541
-2.36000000 1.31485097
-2.34000000 1.34310530
-2.32000000 1.37140529
-2.30000000 1.39974798
-2.28000000 1.42812821
-2.26000000 1.45653639
-2.24000000 1.48495666
-2.22000000 1.51336555
-2.20000000 1.54173157
-2.18000000 1.57001532
-2.16000000 1.59817039
-2.14000000 1.62614451
-2.12000000 1.65388120
-2.10000000 1.68132146
-2.08000000 1.70840575
-2.06000000 1.73507624
-2.04000000 1.76127931
-2.02000000 1.78696822
-2.00000000 1.81210588
-1.98000000 1.83666717
-1.96000000 1.86064045
-1.94000000 1.88402774
-1.92000000 1.90684302
-1.90000000 1.92910878
-1.88000000 1.95085084
-1.86000000 1.97209208
-1.84000000 1.99284608
-1.82000000 2.01311178
-1.80000000 2.03287004
-1.78000000 2.05208298
-1.76000000 2.07069627
-1.74000000 2.08864404
-1.72000000 2.10585559
-1.70000000 2.12226256
-1.68000000 2.13780531
-1.66000000 2.15243731
-1.64000000 2.16612684
-1.62000000 2.17885599
-1.60000000 2.19061745
-1.58000000 2.20141013
-1.56000000 2.21123496
-1.54000000 2.22009193
-1.52000000 2.22797913
-1.50000000 2.23489395
-1.48000000 2.24083598
-1.46000000 2.24581041
-1.44000000 2.24983093
-1.42000000 2.25292071
-1.40000000 2.25511096
-1.38000000 2.25643690
-1.36000000 2.25693190
-1.34000000 2.25662100
-1.32000000 2.25551539
-1.30000000 2.25360934
-1.28000000 2.25088053
-1.26000000 2.24729401
-1.24000000 2.24280914
-1.22000000 2.23738813
-1.20000000 2.23100442
-1.18000000 2.22364892
-1.16000000 2.21533280
-1.14000000 2.20608611
-1.12000000 2.19595256
-1.10000000 2.18498149
-1.08000000 2.17321899
-1.06000000 2.16070010
-1.04000000 2.14744384
-1.02000000 2.13345221
-1.00000000 2.11871343
-0.98000000 2.10320869
-0.96000000 2.08692090
-0.94000000 2.06984362
-0.92000000 2.05198826
-0.90000000 2.03338810
-0.88000000 2.01409835
-0.86000000 1.99419237
-0.84000000 1.97375488
-0.82000000 1.95287355
-0.80000000 1.93163051
-0.78000000 1.91009531
-0.76000000 1.88832024
-0.74000000 1.86633854
-0.72000000 1.84416530
-0.70000000 1.82180053
-0.68000000 1.79923357
-0.66000000 1.77644793
-0.64000000 1.75342595
-0.62000000 1.73015285
-0.60000000 1.70661998
-0.58000000 1.68282734
-0.56000000 1.65878549
-0.54000000 1.63451679
-0.52000000 1.61005602
-0.50000000 1.58545000
-0.48000000 1.56075618
-0.46000000 1.53603978
-0.44000000 1.51136965
-0.42000000 1.48681311
-0.40000000 1.46243030
-0.38000000 1.43826896
-0.36000000 1.41436037
-0.34000000 1.39071735
-0.32000000 1.36733465
-0.30000000 1.34419188
-0.28000000 1.32125841
-0.26000000 1.29849953
-0.24000000 1.27588282
-0.22000000 1.25338356
-0.20000000 1.23098850
-0.18000000 1.20869736
-0.16000000 1.18652205
-0.14000000 1.16448413
-0.12000000 1.14261100
-0.10000000 1.12093196
-0.08000000 1.09947467
-0.06000000 1.07826281
-0.04000000 1.05731506
-0.02000000 1.03664540
0.00000000 1.01626438
0.02000000 0.99618072
0.04000000 0.97640293
0.06000000 0.95694029
0.08000000 0.93780321
0.10000000 0.91900286
0.12000000 0.90055029
0.14000000 0.88245541
0.16000000 0.86472611
0.18000000 0.84736780
0.20000000 0.83038346
0.22000000 0.81377402
0.24000000 0.79753921
0.26000000 0.78167824
0.28000000 0.76619040
0.30000000 0.75107534
0.32000000 0.73633286
0.34000000 0.72196252
0.36000000 0.70796303
0.38000000 0.69433167
0.40000000 0.68106399
0.42000000 0.66815369
0.44000000 0.65559288
0.46000000 0.64337257
0.48000000 0.63148323
0.50000000 0.61991536
0.52000000 0.60865989
0.54000000 0.59770840
0.56000000 0.58705312
0.58000000 0.57668686
0.60000000 0.56660281
0.62000000 0.55679442
0.64000000 0.54725534
0.66000000 0.53797949
0.68000000 0.52896114
0.70000000 0.52019497
0.72000000 0.51167614
0.74000000 0.50340009
0.76000000 0.49536238
0.78000000 0.48755833
0.80000000 0.47998265
0.82000000 0.47262921
0.84000000 0.46549091
0.86000000 0.45855977
0.88000000 0.45182716
0.90000000 0.44528428
0.92000000 0.43892260
0.94000000 0.43273424
0.96000000 0.42671234
0.98000000 0.42085104
1.00000000 0.41514543
1.02000000 0.40959125
1.04000000 0.40418447
1.06000000 0.39892092
1.08000000 0.39379601
1.10000000 0.38880448
1.12000000 0.38394045
1.14000000 0.37919754
1.16000000 0.37456908
1.18000000 0.37004841
1.20000000 0.36562913
1.22000000 0.36130521
1.24000000 0.35707117
1.26000000 0.35292198
1.28000000 0.34885303
1.30000000 0.34486001
1.32000000 0.34093879
1.34000000 0.33708537
1.36000000 0.33329582
1.38000000 0.32956630
1.40000000 0.32589309
1.42000000 0.32227264
1.44000000 0.31870155
1.46000000 0.31517661
1.48000000 0.31169477
1.50000000 0.30825309
1.52000000 0.30484873
1.54000000 0.30147890
1.56000000 0.29814086
1.58000000 0.29483195
1.60000000 0.29154963
1.62000000 0.28829149
1.64000000 0.28505529
1.66000000 0.28183899
1.68000000 0.27864077
1.70000000 0.27545898
1.72000000 0.27229214
1.74000000 0.26913889
1.76000000 0.26599802
1.78000000 0.26286839
1.80000000 0.25974902
1.82000000 0.25663904
1.84000000 0.25353773
1.86000000 0.25044455
1.88000000 0.24735914
1.90000000 0.24428128
1.92000000 0.24121092
1.94000000 0.23814810
1.96000000 0.23509296
1.98000000 0.23204568
2.00000000 0.22900649
2.02000000 0.22597564
2.04000000 0.22295339
2.06000000 0.21994006
2.08000000 0.21693602
2.10000000 0.21394168
2.12000000 0.21095750
2.14000000 0.20798403
2.16000000 0.20502180
2.18000000 0.20207142
2.20000000 0.19913347
2.22000000 0.19620855
2.24000000 0.19329725
2.26000000 0.19040015
2.28000000 0.18751787
2.30000000 0.18465102
2.32000000 0.18180028
2.34000000 0.17896636
2.36000000 0.17615007
2.38000000 0.17335222
2.40000000 0.17057370
2.42000000 0.16781539
2.44000000 0.16507813
2.46000000 0.16236272
2.48000000 0.15966983
2.50000000 0.15700001
2.52000000 0.15435368
2.54000000 0.15173110
2.56000000 0.14913241
2.58000000 0.14655767
2.60000000 0.14400692
2.62000000 0.14148018
2.64000000 0.13897754
2.66000000 0.13649921
2.68000000 0.13404547
2.70000000 0.13161673
2.72000000 0.12921346
2.74000000 0.12683620
2.76000000 0.12448547
2.78000000 0.12216173
2.80000000 0.11986537
2.82000000 0.11759667
2.84000000 0.11535576
2.86000000 0.11314270
2.88000000 0.11095743
2.90000000 0.10879986
2.92000000 0.10666990
2.94000000 0.10456747
2.96000000 0.10249257
2.98000000 0.10044525
3.00000000 0.09842566
3.02000000 0.09643398
3.04000000 0.09447044
3.06000000 0.09253524
3.08000000 0.09062858
3.10000000 0.08875055
3.12000000 0.08690121
3.14000000 0.08508047
3.16000000 0.08328821
3.18000000 0.08152420
3.20000000 0.07978821
3.22000000 0.07807998
3.24000000 0.07639930
3.26000000 0.07474597
3.28000000 0.07311988
3.30000000 0.07152096
3.32000000 0.06994919
3.34000000 0.06840458
3.36000000 0.06688712
3.38000000 0.06539679
3.40000000 0.06393351
3.42000000 0.06249712
3.44000000 0.06108743
3.46000000 0.05970416
3.48000000 0.05834700
3.50000000 0.05701559
3.52000000 0.05570958
3.54000000 0.05442862
3.56000000 0.05317237
3.58000000 0.05194051
3.60000000 0.05073274
3.62000000 0.04954877
3.64000000 0.04838832
3.66000000 0.04725111
3.68000000 0.04613687
3.70000000 0.04504530
3.72000000 0.04397610
3.74000000 0.04292898
3.76000000 0.04190362
3.78000000 0.04089971
3.80000000 0.03991691
3.82000000 0.03895488
3.84000000 0.03801331
3.86000000 0.03709183
3.88000000 0.03619012
3.90000000 0.03530782
3.92000000 0.03444463
3.94000000 0.03360020
3.96000000 0.03277422
3.98000000 0.03196640
