-4.00000000 0.06203117
-3.98000000 0.06538843
-3.96000000 0.06889463
-3.94000000 0.07255475
-3.92000000 0.07637395
-3.90000000 0.08035759
-3.88000000 0.08451131
-3.86000000 0.08884109
-3.84000000 0.09335321
-3.82000000 0.09805428
-3.80000000 0.10295118
-3.78000000 0.10805097
-3.76000000 0.11336090
-3.74000000 0.11888826
-3.72000000 0.12464037
-3.70000000 0.13062457
-3.68000000 0.13684824
-3.66000000 0.14331880
-3.64000000 0.15004382
-3.62000000 0.15703100
-3.60000000 0.16428826
-3.58000000 0.17182369
-3.56000000 0.17964554
-3.54000000 0.18776209
-3.52000000 0.19618161
-3.50000000 0.20491222
-3.48000000 0.21396183
-3.46000000 0.22333813
-3.44000000 0.23304862
-3.42000000 0.24310071
-3.40000000 0.25350183
-3.38000000 0.26425953
-3.36000000 0.27538158
-3.34000000 0.28687593
-3.32000000 0.29875069
-3.30000000 0.31101387
-3.28000000 0.32367318
-3.26000000 0.33673576
-3.24000000 0.35020790
-3.22000000 0.36409493
-3.20000000 0.37840116
-3.18000000 0.39312995
-3.16000000 0.40828392
-3.14000000 0.42386523
-3.12000000 0.43987581
-3.10000000 0.45631761
-3.08000000 0.47319263
-3.06000000 0.49050292
-3.04000000 0.50825034
-3.02000000 0.52643630
-3.00000000 0.54506145
-2.98000000 0.56412541
-2.96000000 0.58362664
-2.94000000 0.60356252
-2.92000000 0.62392945
-2.90000000 0.64472327
-2.88000000 0.66593955
-2.86000000 0.68757389
-2.84000000 0.70962206
-2.82000000 0.73207992
-2.80000000 0.75494309
-2.78000000 0.77820644
-2.76000000 0.80186348
-2.74000000 0.82590572
-2.72000000 0.85032232
-2.70000000 0.87509985
-2.68000000 0.90022255
-2.66000000 0.92567280
-2.64000000 0.95143192
-2.62000000 0.97748114
-2.60000000 1.00380243
-2.58000000 1.03037924
-2.56000000 1.05719682
-2.54000000 1.08424218
-2.52000000 1.11150361
-2.50000000 1.13896986
-2.48000000 1.16662916
-2.46000000 1.19446814
-2.44000000 1.22247100
-2.42000000 1.25061882
-2.40000000 1.27888932
-2.38000000 1.30725696
-2.36000000 1.33569336
-2.34000000 1.36416793
-2.32000000 1.39264855
-2.30000000 1.42110236
-2.28000000 1.44949633
-2.26000000 1.47779776
-2.24000000 1.50597460
-2.22000000 1.53399571
-2.20000000 1.56183099
-2.18000000 1.58945155
-2.16000000 1.61682983
-2.14000000 1.64393969
-2.12000000 1.67075644
-2.10000000 1.69725681
-2.08000000 1.72341861
-2.06000000 1.74922039
-2.04000000 1.77464088
-2.02000000 1.79965828
-2.00000000 1.82424977
-1.98000000 1.84839105
-1.96000000 1.87205623
-1.94000000 1.89521811
-1.92000000 1.91784868
-1.90000000 1.93992008
-1.88000000 1.96140548
-1.86000000 1.98228007
-1.84000000 2.00252167
-1.82000000 2.02211090
-1.80000000 2.04103096
-1.78000000 2.05926680
-1.76000000 2.07680397
-1.74000000 2.09362738
-1.72000000 2.10971999
-1.70000000 2.12506205
-1.68000000 2.13963067
-1.66000000 2.15340018
-1.64000000 2.16634292
-1.62000000 2.17843064
-1.60000000 2.18963604
-1.58000000 2.19993427
-1.56000000 2.20930418
-1.54000000 2.21772910
-1.52000000 2.22519697
-1.50000000 2.23170008
-1.48000000 2.23723419
-1.46000000 2.24179764
-1.44000000 2.24539033
-1.42000000 2.24801295
-1.40000000 2.24966654
-1.38000000 2.25035247
-1.36000000 2.25007276
-1.34000000 2.24883054
-1.32000000 2.24663069
-1.30000000 2.24348031
-1.28000000 2.23938896
-1.26000000 2.23436870
-1.24000000 2.22843378
-1.22000000 2.22160025
-1.20000000 2.21388543
-1.18000000 2.20530752
-1.16000000 2.19588535
-1.14000000 2.18563841
-1.12000000 2.17458697
-1.10000000 2.16275242
-1.08000000 2.15015756
-1.06000000 2.13682682
-1.04000000 2.12278620
-1.02000000 2.10806300
-1.00000000 2.09268532
-0.98000000 2.07668136
-0.96000000 2.06007873
-0.94000000 2.04290388
-0.92000000 2.02518177
-0.90000000 2.00693585
-0.88000000 1.98818839
-0.86000000 1.96896114
-0.84000000 1.94927600
-0.82000000 1.92915588
-0.80000000 1.90862528
-0.78000000 1.88771056
-0.76000000 1.86643998
-0.74000000 1.84484321
-0.72000000 1.82295067
-0.70000000 1.80079264
-0.68000000 1.77839835
-0.66000000 1.75579523
-0.64000000 1.73300843
-0.62000000 1.71006067
-0.60000000 1.68697239
-0.58000000 1.66376229
-0.56000000 1.64044792
-0.54000000 1.61704647
-0.52000000 1.59357534
-0.50000000 1.57005269
-0.48000000 1.54649759
-0.46000000 1.52293009
-0.44000000 1.49937093
-0.42000000 1.47584121
-0.40000000 1.45236192
-0.38000000 1.42895359
-0.36000000 1.40563591
-0.34000000 1.38242753
-0.32000000 1.35934594
-0.30000000 1.33640753
-0.28000000 1.31362757
-0.26000000 1.29102035
-0.24000000 1.26859923
-0.22000000 1.24637666
-0.20000000 1.22436423
-0.18000000 1.20257265
-0.16000000 1.18101178
-0.14000000 1.15969064
-0.12000000 1.13861755
-0.10000000 1.11780019
-0.08000000 1.09724577
-0.06000000 1.07696116
-0.04000000 1.05695303
-0.02000000 1.03722785
0.00000000 1.01779195
0.02000000 0.99865139
0.04000000 0.97981190
0.06000000 0.96127872
0.08000000 0.94305649
0.10000000 0.92514915
0.12000000 0.90755992
0.14000000 0.89029131
0.16000000 0.87334515
0.18000000 0.85672271
0.20000000 0.84042474
0.22000000 0.82445154
0.24000000 0.80880299
0.26000000 0.79347859
0.28000000 0.77847735
0.30000000 0.76379785
0.32000000 0.74943817
0.34000000 0.73539592
0.36000000 0.72166829
0.38000000 0.70825208
0.40000000 0.69514384
0.42000000 0.68233992
0.44000000 0.66983658
0.46000000 0.65763003
0.48000000 0.64571644
0.50000000 0.63409197
0.52000000 0.62275265
0.54000000 0.61169443
0.56000000 0.60091303
0.58000000 0.59040396
0.60000000 0.58016250
0.62000000 0.57018368
0.64000000 0.56046232
0.66000000 0.55099305
0.68000000 0.54177038
0.70000000 0.53278868
0.72000000 0.52404225
0.74000000 0.51552533
0.76000000 0.50723209
0.78000000 0.49915665
0.80000000 0.49129312
0.82000000 0.48363555
0.84000000 0.47617804
0.86000000 0.46891466
0.88000000 0.46183955
0.90000000 0.45494689
0.92000000 0.44823094
0.94000000 0.44168600
0.96000000 0.43530643
0.98000000 0.42908663
1.00000000 0.42302105
1.02000000 0.41710418
1.04000000 0.41133054
1.06000000 0.40569472
1.08000000 0.40019135
1.10000000 0.39481519
1.12000000 0.38956108
1.14000000 0.38442399
1.16000000 0.37939903
1.18000000 0.37448143
1.20000000 0.36966654
1.22000000 0.36494985
1.24000000 0.36032698
1.26000000 0.35579367
1.28000000 0.35134578
1.30000000 0.34697931
1.32000000 0.34269039
1.34000000 0.33847528
1.36000000 0.33433040
1.38000000 0.33025229
1.40000000 0.32623762
1.42000000 0.32228321
1.44000000 0.31838598
1.46000000 0.31454301
1.48000000 0.31075146
1.50000000 0.30700865
1.52000000 0.30331201
1.54000000 0.29965910
1.56000000 0.29604763
1.58000000 0.29247541
1.60000000 0.28894042
1.62000000 0.28544074
1.64000000 0.28197458
1.66000000 0.27854026
1.68000000 0.27513622
1.70000000 0.27176098
1.72000000 0.26841319
1.74000000 0.26509156
1.76000000 0.26179492
1.78000000 0.25852218
1.80000000 0.25527233
1.82000000 0.25204446
1.84000000 0.24883771
1.86000000 0.24565132
1.88000000 0.24248460
1.90000000 0.23933691
1.92000000 0.23620771
1.94000000 0.23309652
1.96000000 0.23000291
1.98000000 0.22692654
2.00000000 0.22386713
2.02000000 0.22082448
2.04000000 0.21779841
2.06000000 0.21478884
2.08000000 0.21179571
2.10000000 0.20881902
2.12000000 0.20585881
2.14000000 0.20291514
2.16000000 0.19998812
2.18000000 0.19707788
2.20000000 0.19418457
2.22000000 0.19130837
2.24000000 0.18844947
2.26000000 0.18560808
2.28000000 0.18278443
2.30000000 0.17997875
2.32000000 0.17719132
2.34000000 0.17442240
2.36000000 0.17167228
2.38000000 0.16894127
2.40000000 0.16622971
2.42000000 0.16353792
2.44000000 0.16086625
2.46000000 0.15821507
2.48000000 0.15558473
2.50000000 0.15297559
2.52000000 0.15038803
2.54000000 0.14782240
2.56000000 0.14527905
2.58000000 0.14275834
2.60000000 0.14026061
2.62000000 0.13778620
2.64000000 0.13533543
2.66000000 0.13290863
2.68000000 0.13050611
2.70000000 0.12812816
2.72000000 0.12577509
2.74000000 0.12344716
2.76000000 0.12114464
2.78000000 0.11886780
2.80000000 0.11661688
2.82000000 0.11439213
2.84000000 0.11219376
2.86000000 0.11002200
2.88000000 0.10787703
2.90000000 0.10575905
2.92000000 0.10366821
2.94000000 0.10160468
2.96000000 0.09956857
2.98000000 0.09756000
3.00000000 0.09557907
3.02000000 0.09362586
3.04000000 0.09170042
3.06000000 0.08980281
3.08000000 0.08793305
3.10000000 0.08609116
3.12000000 0.08427714
3.14000000 0.08249096
3.16000000 0.08073259
3.18000000 0.07900200
3.20000000 0.07729910
3.22000000 0.07562383
3.24000000 0.07397609
3.26000000 0.07235579
3.28000000 0.07076279
3.30000000 0.06919698
3.32000000 0.06765820
3.34000000 0.06614631
3.36000000 0.06466112
3.38000000 0.06320246
3.40000000 0.06177014
3.42000000 0.06036394
3.44000000 0.05898366
3.46000000 0.05762906
3.48000000 0.05629992
3.50000000 0.05499600
3.52000000 0.05371704
3.54000000 0.05246277
3.56000000 0.05123295
3.58000000 0.05002729
3.60000000 0.04884551
3.62000000 0.04768732
3.64000000 0.04655244
3.66000000 0.04544056
3.68000000 0.04435139
3.70000000 0.04328462
3.72000000 0.04223994
3.74000000 0.04121705
3.76000000 0.04021562
3.78000000 0.03923535
3.80000000 0.03827591
3.82000000 0.03733697
3.84000000 0.03641823
3.86000000 0.03551935
3.88000000 0.03464001
3.90000000 0.03377988
3.92000000 0.03293865
3.94000000 0.03211599
3.96000000 0.03131158
3.98000000 0.03052509
