-4.00000000 0.00256491
-3.98000000 0.00295839
-3.96000000 0.00338370
-3.94000000 0.00384307
-3.92000000 0.00433866
-3.90000000 0.00487254
-3.88000000 0.00544665
-3.86000000 0.00606274
-3.84000000 0.00672249
-3.82000000 0.00742757
-3.80000000 0.00817978
-3.78000000 0.00898111
-3.76000000 0.00983387
-3.74000000 0.01074061
-3.72000000 0.01170409
-3.70000000 0.01272715
-3.68000000 0.01381258
-3.66000000 0.01496302
-3.64000000 0.01618086
-3.62000000 0.01746834
-3.60000000 0.01882758
-3.58000000 0.02026078
-3.56000000 0.02177034
-3.54000000 0.02335898
-3.52000000 0.02502982
-3.50000000 0.02678629
-3.48000000 0.02863210
-3.46000000 0.03057116
-3.44000000 0.03260755
-3.42000000 0.03474572
-3.40000000 0.03699081
-3.38000000 0.03934924
-3.36000000 0.04182944
-3.34000000 0.04444266
-3.32000000 0.04720362
-3.30000000 0.05013110
-3.28000000 0.05324800
-3.26000000 0.05658104
-3.24000000 0.06015999
-3.22000000 0.06401635
-3.20000000 0.06818190
-3.18000000 0.07268697
-3.16000000 0.07755886
-3.14000000 0.08282051
-3.12000000 0.08848967
-3.10000000 0.09457854
-3.08000000 0.10109413
-3.06000000 0.10803912
-3.04000000 0.11541326
-3.02000000 0.12321511
-3.00000000 0.13144404
-2.98000000 0.14010208
-2.96000000 0.14919579
-2.94000000 0.15873756
-2.92000000 0.16874662
-2.90000000 0.17924933
-2.88000000 0.19027889
-2.86000000 0.20187444
-2.84000000 0.21407962
-2.82000000 0.22694076
-2.80000000 0.24050493
-2.78000000 0.25481803
-2.76000000 0.26992325
-2.74000000 0.28586005
-2.72000000 0.30266388
-2.70000000 0.32036673
-2.68000000 0.33899844
-2.66000000 0.35858856
-2.64000000 0.37916865
-2.62000000 0.40077444
-2.60000000 0.42344777
-2.58000000 0.44723757
-2.56000000 0.47219999
-2.54000000 0.49839719
-2.52000000 0.52589499
-2.50000000 0.55475944
-2.48000000 0.58505262
-2.46000000 0.61682816
-2.44000000 0.65012687
-2.42000000 0.68497299
-2.40000000 0.72137145
-2.38000000 0.75930639
-2.36000000 0.79874104
-2.34000000 0.83961905
-2.32000000 0.88186686
-2.30000000 0.92539709
-2.28000000 0.97011244
-2.26000000 1.01590987
-2.24000000 1.06268485
-2.22000000 1.11033528
-2.20000000 1.15876507
-2.18000000 1.20788727
-2.16000000 1.25762655
-2.14000000 1.30792108
-2.12000000 1.35872357
-2.10000000 1.41000151
-2.08000000 1.46173642
-2.06000000 1.51392207
-2.04000000 1.56656173
-2.02000000 1.61966452
-2.00000000 1.67324102
-1.98000000 1.72729850
-1.96000000 1.78183610
-1.94000000 1.83684027
-1.92000000 1.89228080
-1.90000000 1.94810786
-1.88000000 2.00425004
-1.86000000 2.06061374
-1.84000000 2.11708396
-1.82000000 2.17352640
-1.80000000 2.22979107
-1.78000000 2.28571711
-1.76000000 2.34113872
-1.74000000 2.39589185
-1.72000000 2.44982096
-1.70000000 2.50278541
-1.68000000 2.55466439
-1.66000000 2.60535983
-1.64000000 2.65479665
-1.62000000 2.70291991
-1.60000000 2.74968931
-1.58000000 2.79507149
-1.56000000 2.83903134
-1.54000000 2.88152391
-1.52000000 2.92248817
-1.50000000 2.96184407
-1.48000000 2.99949351
-1.46000000 3.03532515
-1.44000000 3.06922232
-1.42000000 3.10107248
-1.40000000 3.13077632
-1.38000000 3.15825475
-1.36000000 3.18345212
-1.34000000 3.20633514
-1.32000000 3.22688777
-1.30000000 3.24510306
-1.28000000 3.26097410
-1.26000000 3.27448597
-1.24000000 3.28561074
-1.22000000 3.29430662
-1.20000000 3.30052157
-1.18000000 3.30420034
-1.16000000 3.30529331
-1.14000000 3.30376466
-1.12000000 3.29959787
-1.10000000 3.29279672
-1.08000000 3.28338140
-1.06000000 3.27138018
-1.04000000 3.25681860
-1.02000000 3.23970849
-1.00000000 3.22003976
-0.98000000 3.19777709
-0.96000000 3.17286276
-0.94000000 3.14522590
-0.92000000 3.11479655
-0.90000000 3.08152226
-0.88000000 3.04538431
-0.86000000 3.00641054
-0.84000000 2.96468270
-0.82000000 2.92033709
-0.80000000 2.87355869
-0.78000000 2.82457025
-0.76000000 2.77361852
-0.74000000 2.72096004
-0.72000000 2.66684903
-0.70000000 2.61152869
-0.68000000 2.55522677
-0.66000000 2.49815482
-0.64000000 2.44051011
-0.62000000 2.38247856
-0.60000000 2.32423714
-0.58000000 2.26595470
-0.56000000 2.20779068
-0.54000000 2.14989199
-0.52000000 2.09238907
-0.50000000 2.03539208
-0.48000000 1.97898855
-0.46000000 1.92324329
-0.44000000 1.86820075
-0.42000000 1.81388958
-0.40000000 1.76032859
-0.38000000 1.70753292
-0.36000000 1.65551950
-0.34000000 1.60431065
-0.32000000 1.55393578
-0.30000000 1.50443086
-0.28000000 1.45583640
-0.26000000 1.40819448
-0.24000000 1.36154573
-0.22000000 1.31592691
-0.20000000 1.27136929
-0.18000000 1.22789817
-0.16000000 1.18553308
-0.14000000 1.14428847
-0.12000000 1.10417440
-0.10000000 1.06519693
-0.08000000 1.02735813
-0.06000000 0.99065586
-0.04000000 0.95508330
-0.02000000 0.92062884
0.00000000 0.88727626
0.02000000 0.85500551
0.04000000 0.82379394
0.06000000 0.79361776
0.08000000 0.76445343
0.10000000 0.73627874
0.12000000 0.70907333
0.14000000 0.68281857
0.16000000 0.65749700
0.18000000 0.63309158
0.20000000 0.60958506
0.22000000 0.58695975
0.24000000 0.56519791
0.26000000 0.54428281
0.28000000 0.52420010
0.30000000 0.50493934
0.32000000 0.48649516
0.34000000 0.46886768
0.36000000 0.45206199
0.38000000 0.43608662
0.40000000 0.42095105
0.42000000 0.40666291
0.44000000 0.39322498
0.46000000 0.38063284
0.48000000 0.36887339
0.50000000 0.35792445
0.52000000 0.34775571
0.54000000 0.33833046
0.56000000 0.32960813
0.58000000 0.32154682
0.60000000 0.31410568
0.62000000 0.30724651
0.64000000 0.30093464
0.66000000 0.29513888
0.68000000 0.28983083
0.70000000 0.28498384
0.72000000 0.28057183
0.74000000 0.27656852
0.76000000 0.27294692
0.78000000 0.26967946
0.80000000 0.26673860
0.82000000 0.26409750
0.84000000 0.26173096
0.86000000 0.25961591
0.88000000 0.25773159
0.90000000 0.25605933
0.92000000 0.25458177
0.94000000 0.25328192
0.96000000 0.25214222
0.98000000 0.25114366
1.00000000 0.25026541
1.02000000 0.24948493
1.04000000 0.24877846
1.06000000 0.24812202
1.08000000 0.24749251
1.10000000 0.24686885
1.12000000 0.24623277
1.14000000 0.24556935
1.16000000 0.24486703
1.18000000 0.24411717
1.20000000 0.24331333
1.22000000 0.24245043
1.24000000 0.24152382
1.26000000 0.24052864
1.28000000 0.23945938
1.30000000 0.23830981
1.32000000 0.23707320
1.34000000 0.23574269
1.36000000 0.23431188
1.38000000 0.23277528
1.40000000 0.23112879
1.42000000 0.22936995
1.44000000 0.22749810
1.46000000 0.22551430
1.48000000 0.22342126
1.50000000 0.22122318
1.52000000 0.21892551
1.54000000 0.21653481
1.56000000 0.21405857
1.58000000 0.21150501
1.60000000 0.20888285
1.62000000 0.20620107
1.64000000 0.20346858
1.66000000 0.20069383
1.68000000 0.19788449
1.70000000 0.19504702
1.72000000 0.19218651
1.74000000 0.18930641
1.76000000 0.18640857
1.78000000 0.18349334
1.80000000 0.18055979
1.82000000 0.17760603
1.84000000 0.17462962
1.86000000 0.17162790
1.88000000 0.16859839
1.90000000 0.16553906
1.92000000 0.16244856
1.94000000 0.15932640
1.96000000 0.15617300
1.98000000 0.15298978
2.00000000 0.14977917
2.02000000 0.14654452
2.04000000 0.14329010
2.06000000 0.14002096
2.08000000 0.13674283
2.10000000 0.13346187
2.12000000 0.13018454
2.14000000 0.12691726
2.16000000 0.12366621
2.18000000 0.12043705
2.20000000 0.11723470
2.22000000 0.11406321
2.24000000 0.11092567
2.26000000 0.10782424
2.28000000 0.10476024
2.30000000 0.10173434
2.32000000 0.09874675
2.34000000 0.09579751
2.36000000 0.09288669
2.38000000 0.09001460
2.40000000 0.08718197
2.42000000 0.08438998
2.44000000 0.08164032
2.46000000 0.07893510
2.48000000 0.07627676
2.50000000 0.07366792
2.52000000 0.07111122
2.54000000 0.06860916
2.56000000 0.06616396
2.58000000 0.06377744
2.60000000 0.06145097
2.62000000 0.05918546
2.64000000 0.05698134
2.66000000 0.05483867
2.68000000 0.05275718
2.70000000 0.05073637
2.72000000 0.04877559
2.74000000 0.04687409
2.76000000 0.04503102
2.78000000 0.04324544
2.80000000 0.04151628
2.82000000 0.03984227
2.84000000 0.03822193
2.86000000 0.03665356
2.88000000 0.03513524
2.90000000 0.03366494
2.92000000 0.03224059
2.94000000 0.03086029
2.96000000 0.02952237
2.98000000 0.02822558
3.00000000 0.02696909
3.02000000 0.02575257
3.04000000 0.02457605
3.06000000 0.02343982
3.08000000 0.02234426
3.10000000 0.02128962
3.12000000 0.02027586
3.14000000 0.01930253
3.16000000 0.01836869
3.18000000 0.01747297
3.20000000 0.01661361
3.22000000 0.01578866
3.24000000 0.01499609
3.26000000 0.01423403
3.28000000 0.01350083
3.30000000 0.01279519
3.32000000 0.01211615
3.34000000 0.01146311
3.36000000 0.01083569
3.38000000 0.01023364
3.40000000 0.00965674
3.42000000 0.00910472
3.44000000 0.00857714
3.46000000 0.00807343
3.48000000 0.00759282
3.50000000 0.00713445
3.52000000 0.00669738
3.54000000 0.00628064
3.56000000 0.00588332
3.58000000 0.00550457
3.60000000 0.00514364
3.62000000 0.00479986
3.64000000 0.00447264
3.66000000 0.00416142
3.68000000 0.00386569
3.70000000 0.00358493
3.72000000 0.00331858
3.74000000 0.00306608
3.76000000 0.00282685
3.78000000 0.00260030
3.80000000 0.00238584
3.82000000 0.00218288
3.84000000 0.00199088
3.86000000 0.00180932
3.88000000 0.00163769
3.90000000 0.00147554
3.92000000 0.00132241
3.94000000 0.00117788
3.96000000 0.00104154
3.98000000 0.00091297
