-4.00000000 0.09723574
-3.98000000 0.10138386
-3.96000000 0.10567007
-3.94000000 0.11009916
-3.92000000 0.11467610
-3.90000000 0.11940596
-3.88000000 0.12429377
-3.86000000 0.12934446
-3.84000000 0.13456278
-3.82000000 0.13995324
-3.80000000 0.14552009
-3.78000000 0.15126736
-3.76000000 0.15719887
-3.74000000 0.16331833
-3.72000000 0.16962935
-3.70000000 0.17613557
-3.68000000 0.18284075
-3.66000000 0.18974879
-3.64000000 0.19686381
-3.62000000 0.20419021
-3.60000000 0.21173259
-3.58000000 0.21949580
-3.56000000 0.22748485
-3.54000000 0.23570485
-3.52000000 0.24416098
-3.50000000 0.25285839
-3.48000000 0.26180222
-3.46000000 0.27099761
-3.44000000 0.28044971
-3.42000000 0.29016381
-3.40000000 0.30014541
-3.38000000 0.31040033
-3.36000000 0.32093482
-3.34000000 0.33175561
-3.32000000 0.34286991
-3.30000000 0.35428538
-3.28000000 0.36601008
-3.26000000 0.37805232
-3.24000000 0.39042056
-3.22000000 0.40312327
-3.20000000 0.41616890
-3.18000000 0.42956575
-3.16000000 0.44332198
-3.14000000 0.45744566
-3.12000000 0.47194471
-3.10000000 0.48682701
-3.08000000 0.50210034
-3.06000000 0.51777236
-3.04000000 0.53385052
-3.02000000 0.55034196
-3.00000000 0.56725328
-2.98000000 0.58459038
-2.96000000 0.60235819
-2.94000000 0.62056045
-2.92000000 0.63919947
-2.90000000 0.65827593
-2.88000000 0.67778868
-2.86000000 0.69773461
-2.84000000 0.71810857
-2.82000000 0.73890335
-2.80000000 0.76010975
-2.78000000 0.78171671
-2.76000000 0.80371156
-2.74000000 0.82608032
-2.72000000 0.84880798
-2.70000000 0.87187894
-2.68000000 0.89527723
-2.66000000 0.91898680
-2.64000000 0.94299166
-2.62000000 0.96727584
-2.60000000 0.99182333
-2.58000000 1.01661780
-2.56000000 1.04164236
-2.54000000 1.06687926
-2.52000000 1.09230967
-2.50000000 1.11791359
-2.48000000 1.14366990
-2.46000000 1.16955658
-2.44000000 1.19555112
-2.42000000 1.22163099
-2.40000000 1.24777416
-2.38000000 1.27395962
-2.36000000 1.30016769
-2.34000000 1.32638023
-2.32000000 1.35258055
-2.30000000 1.37875319
-2.28000000 1.40488340
-2.26000000 1.43095660
-2.24000000 1.45695773
-2.22000000 1.48287069
-2.20000000 1.50867789
-2.18000000 1.53435997
-2.16000000 1.55989571
-2.14000000 1.58526211
-2.12000000 1.61043461
-2.10000000 1.63538742
-2.08000000 1.66009373
-2.06000000 1.68452598
-2.04000000 1.70865603
-2.02000000 1.73245516
-2.00000000 1.75589408
-1.98000000 1.77894293
-1.96000000 1.80157127
-1.94000000 1.82374823
-1.92000000 1.84544280
-1.90000000 1.86662428
-1.88000000 1.88726285
-1.86000000 1.90733031
-1.84000000 1.92680077
-1.82000000 1.94565131
-1.80000000 1.96386246
-1.78000000 1.98141853
-1.76000000 1.99830758
-1.74000000 2.01452117
-1.72000000 2.03005383
-1.70000000 2.04490234
-1.68000000 2.05906480
-1.66000000 2.07253972
-1.64000000 2.08532501
-1.62000000 2.09741717
-1.60000000 2.10881052
-1.58000000 2.11949677
-1.56000000 2.12946472
-1.54000000 2.13870036
-1.52000000 2.14718724
-1.50000000 2.15490717
-1.48000000 2.16184111
-1.46000000 2.16797042
-1.44000000 2.17327809
-1.42000000 2.17775001
-1.40000000 2.18137618
-1.38000000 2.18415150
-1.36000000 2.18607629
-1.34000000 2.18715622
-1.32000000 2.18740182
-1.30000000 2.18682739
-1.28000000 2.18544964
-1.26000000 2.18328602
-1.24000000 2.18035303
-1.22000000 2.17666481
-1.20000000 2.17223201
-1.18000000 2.16706131
-1.16000000 2.16115546
-1.14000000 2.15451406
-1.12000000 2.14713478
-1.10000000 2.13901499
-1.08000000 2.13015345
-1.06000000 2.12055198
-1.04000000 2.11021671
-1.02000000 2.09915883
-1.00000000 2.08739472
-0.98000000 2.07494545
-0.96000000 2.06183573
-0.94000000 2.04809244
-0.92000000 2.03374299
-0.90000000 2.01881376
-0.88000000 2.00332870
-0.86000000 1.98730846
-0.84000000 1.97076992
-0.82000000 1.95372634
-0.80000000 1.93618789
-0.78000000 1.91816262
-0.76000000 1.89965758
-0.74000000 1.88067993
-0.72000000 1.86123808
-0.70000000 1.84134246
-0.68000000 1.82100611
-0.66000000 1.80024495
-0.64000000 1.77907782
-0.62000000 1.75752627
-0.60000000 1.73561430
-0.58000000 1.71336793
-0.56000000 1.69081486
-0.54000000 1.66798409
-0.52000000 1.64490555
-0.50000000 1.62160976
-0.48000000 1.59812749
-0.46000000 1.57448945
-0.44000000 1.55072595
-0.42000000 1.52686657
-0.40000000 1.50293991
-0.38000000 1.47897339
-0.36000000 1.45499311
-0.34000000 1.43102384
-0.32000000 1.40708906
-0.30000000 1.38321104
-0.28000000 1.35941097
-0.26000000 1.33570903
-0.24000000 1.31212438
-0.22000000 1.28867516
-0.20000000 1.26537830
-0.18000000 1.24224939
-0.16000000 1.21930248
-0.14000000 1.19655000
-0.12000000 1.17400270
-0.10000000 1.15166980
-0.08000000 1.12955919
-0.06000000 1.10767782
-0.04000000 1.08603215
-0.02000000 1.06462855
0.00000000 1.04347372
0.02000000 1.02257497
0.04000000 1.00194032
0.06000000 0.98157846
0.08000000 0.96149853
0.10000000 0.94170982
0.12000000 0.92222137
0.14000000 0.90304157
0.16000000 0.88417789
0.18000000 0.86563662
0.20000000 0.84742281
0.22000000 0.82954030
0.24000000 0.81199185
0.26000000 0.79477939
0.28000000 0.77790417
0.30000000 0.76136703
0.32000000 0.74516848
0.34000000 0.72930883
0.36000000 0.71378815
0.38000000 0.69860627
0.40000000 0.68376272
0.42000000 0.66925666
0.44000000 0.65508691
0.46000000 0.64125199
0.48000000 0.62775017
0.50000000 0.61457960
0.52000000 0.60173846
0.54000000 0.58922503
0.56000000 0.57703772
0.58000000 0.56517510
0.60000000 0.55363579
0.62000000 0.54241830
0.64000000 0.53152088
0.66000000 0.52094132
0.68000000 0.51067679
0.70000000 0.50072375
0.72000000 0.49107787
0.74000000 0.48173413
0.76000000 0.47268689
0.78000000 0.46393004
0.80000000 0.45545721
0.82000000 0.44726191
0.84000000 0.43933771
0.86000000 0.43167829
0.88000000 0.42427758
0.90000000 0.41712971
0.92000000 0.41022900
0.94000000 0.40356991
0.96000000 0.39714697
0.98000000 0.39095469
1.00000000 0.38498751
1.02000000 0.37923970
1.04000000 0.37370533
1.06000000 0.36837817
1.08000000 0.36325173
1.10000000 0.35831915
1.12000000 0.35357325
1.14000000 0.34900652
1.16000000 0.34461118
1.18000000 0.34037925
1.20000000 0.33630260
1.22000000 0.33237307
1.24000000 0.32858257
1.26000000 0.32492313
1.28000000 0.32138698
1.30000000 0.31796660
1.32000000 0.31465467
1.34000000 0.31144416
1.36000000 0.30832819
1.38000000 0.30530011
1.40000000 0.30235338
1.42000000 0.29948163
1.44000000 0.29667863
1.46000000 0.29393831
1.48000000 0.29125480
1.50000000 0.28862243
1.52000000 0.28603582
1.54000000 0.28348986
1.56000000 0.28097972
1.58000000 0.27850091
1.60000000 0.27604922
1.62000000 0.27362074
1.64000000 0.27121184
1.66000000 0.26881918
1.68000000 0.26643964
1.70000000 0.26407036
1.72000000 0.26170871
1.74000000 0.25935229
1.76000000 0.25699890
1.78000000 0.25464653
1.80000000 0.25229337
1.82000000 0.24993778
1.84000000 0.24757827
1.86000000 0.24521354
1.88000000 0.24284237
1.90000000 0.24046373
1.92000000 0.23807669
1.94000000 0.23568040
1.96000000 0.23327416
1.98000000 0.23085733
2.00000000 0.22842932
2.02000000 0.22598964
2.04000000 0.22353782
2.06000000 0.22107346
2.08000000 0.21859620
2.10000000 0.21610573
2.12000000 0.21360181
2.14000000 0.21108428
2.16000000 0.20855308
2.18000000 0.20600825
2.20000000 0.20344996
2.22000000 0.20087848
2.24000000 0.19829425
2.26000000 0.19569779
2.28000000 0.19308978
2.30000000 0.19047101
2.32000000 0.18784235
2.34000000 0.18520480
2.36000000 0.18255942
2.38000000 0.17990736
2.40000000 0.17724982
2.42000000 0.17458807
2.44000000 0.17192340
2.46000000 0.16925711
2.48000000 0.16659054
2.50000000 0.16392502
2.52000000 0.16126185
2.54000000 0.15860234
2.56000000 0.15594774
2.58000000 0.15329928
2.60000000 0.15065816
2.62000000 0.14802553
2.64000000 0.14540250
2.66000000 0.14279016
2.68000000 0.14018955
2.70000000 0.13760169
2.72000000 0.13502757
2.74000000 0.13246818
2.76000000 0.12992446
2.78000000 0.12739734
2.80000000 0.12488771
2.82000000 0.12239646
2.84000000 0.11992442
2.86000000 0.11747238
2.88000000 0.11504110
2.90000000 0.11263129
2.92000000 0.11024364
2.94000000 0.10787877
2.96000000 0.10553730
2.98000000 0.10321980
3.00000000 0.10092683
3.02000000 0.09865894
3.04000000 0.09641663
3.06000000 0.09420043
3.08000000 0.09201082
3.10000000 0.08984826
3.12000000 0.08771320
3.14000000 0.08560606
3.16000000 0.08352724
3.18000000 0.08147709
3.20000000 0.07945595
3.22000000 0.07746413
3.24000000 0.07550191
3.26000000 0.07356954
3.28000000 0.07166724
3.30000000 0.06979519
3.32000000 0.06795358
3.34000000 0.06614255
3.36000000 0.06436221
3.38000000 0.06261268
3.40000000 0.06089402
3.42000000 0.05920631
3.44000000 0.05754961
3.46000000 0.05592395
3.48000000 0.05432935
3.50000000 0.05276583
3.52000000 0.05123339
3.54000000 0.04973200
3.56000000 0.04826164
3.58000000 0.04682224
3.60000000 0.04541374
3.62000000 0.04403604
3.64000000 0.04268903
3.66000000 0.04137257
3.68000000 0.04008650
3.70000000 0.03883065
3.72000000 0.03760480
3.74000000 0.03640872
3.76000000 0.03524217
3.78000000 0.03410487
3.80000000 0.03299652
3.82000000 0.03191679
3.84000000 0.03086533
3.86000000 0.02984178
3.88000000 0.02884574
3.90000000 0.02787680
3.92000000 0.02693452
3.94000000 0.02601846
3.96000000 0.02512815
3.98000000 0.02426310
