-4.00000000 0.35592152
-3.98000000 0.36368111
-3.96000000 0.37155571
-3.94000000 0.37954405
-3.92000000 0.38764454
-3.90000000 0.39585534
-3.88000000 0.40417438
-3.86000000 0.41259949
-3.84000000 0.42112846
-3.82000000 0.42975910
-3.80000000 0.43848935
-3.78000000 0.44731724
-3.76000000 0.45624095
-3.74000000 0.46525876
-3.72000000 0.47436895
-3.70000000 0.48356977
-3.68000000 0.49285938
-3.66000000 0.50223574
-3.64000000 0.51169665
-3.62000000 0.52123974
-3.60000000 0.53086247
-3.58000000 0.54056228
-3.56000000 0.55033659
-3.54000000 0.56018293
-3.52000000 0.57009899
-3.50000000 0.58008269
-3.48000000 0.59013215
-3.46000000 0.60024571
-3.44000000 0.61042186
-3.42000000 0.62065920
-3.40000000 0.63095630
-3.38000000 0.64131171
-3.36000000 0.65172382
-3.34000000 0.66219086
-3.32000000 0.67271086
-3.30000000 0.68328163
-3.28000000 0.69390081
-3.26000000 0.70456584
-3.24000000 0.71527400
-3.22000000 0.72602243
-3.20000000 0.73680813
-3.18000000 0.74762796
-3.16000000 0.75847861
-3.14000000 0.76935656
-3.12000000 0.78025810
-3.10000000 0.79117928
-3.08000000 0.80211591
-3.06000000 0.81306358
-3.04000000 0.82401777
-3.02000000 0.83497383
-3.00000000 0.84592720
-2.98000000 0.85687346
-2.96000000 0.86780847
-2.94000000 0.87872851
-2.92000000 0.88963036
-2.90000000 0.90051134
-2.88000000 0.91136930
-2.86000000 0.92220261
-2.84000000 0.93301001
-2.82000000 0.94379053
-2.80000000 0.95454327
-2.78000000 0.96526732
-2.76000000 0.97596157
-2.74000000 0.98662461
-2.72000000 0.99725470
-2.70000000 1.00784971
-2.68000000 1.01840717
-2.66000000 1.02892434
-2.64000000 1.03939826
-2.62000000 1.04982589
-2.60000000 1.06020417
-2.58000000 1.07053016
-2.56000000 1.08080107
-2.54000000 1.09101438
-2.52000000 1.10116783
-2.50000000 1.11125946
-2.48000000 1.12128763
-2.46000000 1.13125096
-2.44000000 1.14114828
-2.42000000 1.15097859
-2.40000000 1.16074089
-2.38000000 1.17043410
-2.36000000 1.18005692
-2.34000000 1.18960765
-2.32000000 1.19908412
-2.30000000 1.20848351
-2.28000000 1.21780237
-2.26000000 1.22703654
-2.24000000 1.23618117
-2.22000000 1.24523084
-2.20000000 1.25417964
-2.18000000 1.26302130
-2.16000000 1.27174933
-2.14000000 1.28035716
-2.12000000 1.28883824
-2.10000000 1.29718613
-2.08000000 1.30539454
-2.06000000 1.31345731
-2.04000000 1.32136845
-2.02000000 1.32912200
-2.00000000 1.33671205
-1.98000000 1.34413263
-1.96000000 1.35137766
-1.94000000 1.35844094
-1.92000000 1.36531615
-1.90000000 1.37199689
-1.88000000 1.37847676
-1.86000000 1.38474946
-1.84000000 1.39080892
-1.82000000 1.39664942
-1.80000000 1.40226574
-1.78000000 1.40765319
-1.76000000 1.41280773
-1.74000000 1.41772591
-1.72000000 1.42240489
-1.70000000 1.42684231
-1.68000000 1.43103628
-1.66000000 1.43498521
-1.64000000 1.43868780
-1.62000000 1.44214298
-1.60000000 1.44534991
-1.58000000 1.44830805
-1.56000000 1.45101718
-1.54000000 1.45347751
-1.52000000 1.45568970
-1.50000000 1.45765490
-1.48000000 1.45937470
-1.46000000 1.46085104
-1.44000000 1.46208609
-1.42000000 1.46308208
-1.40000000 1.46384117
-1.38000000 1.46436523
-1.36000000 1.46465583
-1.34000000 1.46471411
-1.32000000 1.46454084
-1.30000000 1.46413643
-1.28000000 1.46350104
-1.26000000 1.46263460
-1.24000000 1.46153693
-1.22000000 1.46020772
-1.20000000 1.45864654
-1.18000000 1.45685277
-1.16000000 1.45482555
-1.14000000 1.45256368
-1.12000000 1.45006561
-1.10000000 1.44732940
-1.08000000 1.44435270
-1.06000000 1.44113289
-1.04000000 1.43766709
-1.02000000 1.43395229
-1.00000000 1.42998544
-0.98000000 1.42576349
-0.96000000 1.42128345
-0.94000000 1.41654244
-0.92000000 1.41153764
-0.90000000 1.40626637
-0.88000000 1.40072613
-0.86000000 1.39491465
-0.84000000 1.38883010
-0.82000000 1.38247123
-0.80000000 1.37583759
-0.78000000 1.36892976
-0.76000000 1.36174957
-0.74000000 1.35430021
-0.72000000 1.34658635
-0.70000000 1.33861411
-0.68000000 1.33039105
-0.66000000 1.32192594
-0.64000000 1.31322863
-0.62000000 1.30430981
-0.60000000 1.29518076
-0.58000000 1.28585315
-0.56000000 1.27633883
-0.54000000 1.26664968
-0.52000000 1.25679746
-0.50000000 1.24679372
-0.48000000 1.23664971
-0.46000000 1.22637631
-0.44000000 1.21598400
-0.42000000 1.20548285
-0.40000000 1.19488250
-0.38000000 1.18419220
-0.36000000 1.17342088
-0.34000000 1.16257721
-0.32000000 1.15166976
-0.30000000 1.14070706
-0.28000000 1.12969781
-0.26000000 1.11865092
-0.24000000 1.10757565
-0.22000000 1.09648166
-0.20000000 1.08537895
-0.18000000 1.07427789
-0.16000000 1.06318904
-0.14000000 1.05212304
-0.12000000 1.04109040
-0.10000000 1.03010133
-0.08000000 1.01916552
-0.06000000 1.00829193
-0.04000000 0.99748869
-0.02000000 0.98676293
0.00000000 0.97612078
0.02000000 0.96556727
0.04000000 0.95510646
0.06000000 0.94474144
0.08000000 0.93447450
0.10000000 0.92430719
0.12000000 0.91424051
0.14000000 0.90427499
0.16000000 0.89441081
0.18000000 0.88464786
0.20000000 0.87498586
0.22000000 0.86542432
0.24000000 0.85596262
0.26000000 0.84660002
0.28000000 0.83733566
0.30000000 0.82816860
0.32000000 0.81909784
0.34000000 0.81012236
0.36000000 0.80124116
0.38000000 0.79245330
0.40000000 0.78375793
0.42000000 0.77515431
0.44000000 0.76664182
0.46000000 0.75821994
0.48000000 0.74988826
0.50000000 0.74164643
0.52000000 0.73349416
0.54000000 0.72543118
0.56000000 0.71745725
0.58000000 0.70957218
0.60000000 0.70177577
0.62000000 0.69406789
0.64000000 0.68644839
0.66000000 0.67891713
0.68000000 0.67147392
0.70000000 0.66411842
0.72000000 0.65685008
0.74000000 0.64966808
0.76000000 0.64257121
0.78000000 0.63555789
0.80000000 0.62862614
0.82000000 0.62177361
0.84000000 0.61499771
0.86000000 0.60829570
0.88000000 0.60166483
0.90000000 0.59510252
0.92000000 0.58860640
0.94000000 0.58217448
0.96000000 0.57580509
0.98000000 0.56949695
1.00000000 0.56324903
1.02000000 0.55706056
1.04000000 0.55093088
1.06000000 0.54485939
1.08000000 0.53884555
1.10000000 0.53288884
1.12000000 0.52698881
1.14000000 0.52114516
1.16000000 0.51535778
1.18000000 0.50962688
1.20000000 0.50395298
1.22000000 0.49833696
1.24000000 0.49278003
1.26000000 0.48728363
1.28000000 0.48184940
1.30000000 0.47647902
1.32000000 0.47117411
1.34000000 0.46593616
1.36000000 0.46076642
1.38000000 0.45566587
1.40000000 0.45063522
1.42000000 0.44567487
1.44000000 0.44078495
1.46000000 0.43596535
1.48000000 0.43121573
1.50000000 0.42653554
1.52000000 0.42192406
1.54000000 0.41738037
1.56000000 0.41290342
1.58000000 0.40849197
1.60000000 0.40414468
1.62000000 0.39986007
1.64000000 0.39563656
1.66000000 0.39147247
1.68000000 0.38736608
1.70000000 0.38331559
1.72000000 0.37931916
1.74000000 0.37537495
1.76000000 0.37148109
1.78000000 0.36763575
1.80000000 0.36383715
1.82000000 0.36008363
1.84000000 0.35637362
1.86000000 0.35270577
1.88000000 0.34907891
1.90000000 0.34549208
1.92000000 0.34194458
1.94000000 0.33843587
1.96000000 0.33496563
1.98000000 0.33153363
2.00000000 0.32813975
2.02000000 0.32478390
2.04000000 0.32146597
2.06000000 0.31818584
2.08000000 0.31494331
2.10000000 0.31173813
2.12000000 0.30857000
2.14000000 0.30543856
2.16000000 0.30234343
2.18000000 0.29928418
2.20000000 0.29626038
2.22000000 0.29327158
2.24000000 0.29031731
2.26000000 0.28739708
2.28000000 0.28451038
2.30000000 0.28165666
2.32000000 0.27883533
2.34000000 0.27604577
2.36000000 0.27328734
2.38000000 0.27055933
2.40000000 0.26786103
2.42000000 0.26519172
2.44000000 0.26255063
2.46000000 0.25993700
2.48000000 0.25735005
2.50000000 0.25478902
2.52000000 0.25225311
2.54000000 0.24974154
2.56000000 0.24725356
2.58000000 0.24478838
2.60000000 0.24234526
2.62000000 0.23992345
2.64000000 0.23752223
2.66000000 0.23514089
2.68000000 0.23277873
2.70000000 0.23043509
2.72000000 0.22810930
2.74000000 0.22580074
2.76000000 0.22350877
2.78000000 0.22123280
2.80000000 0.21897225
2.82000000 0.21672658
2.84000000 0.21449524
2.86000000 0.21227775
2.88000000 0.21007362
2.90000000 0.20788242
2.92000000 0.20570372
2.94000000 0.20353716
2.96000000 0.20138238
2.98000000 0.19923905
3.00000000 0.19710688
3.02000000 0.19498559
3.04000000 0.19287494
3.06000000 0.19077469
3.08000000 0.18868462
3.10000000 0.18660453
3.12000000 0.18453421
3.14000000 0.18247349
3.16000000 0.18042219
3.18000000 0.17838012
3.20000000 0.17634713
3.22000000 0.17432304
3.24000000 0.17230770
3.26000000 0.17030095
3.28000000 0.16830263
3.30000000 0.16631259
3.32000000 0.16433067
3.34000000 0.16235672
3.36000000 0.16039059
3.38000000 0.15843212
3.40000000 0.15648119
3.42000000 0.15453765
3.44000000 0.15260138
3.46000000 0.15067226
3.48000000 0.14875019
3.50000000 0.14683509
3.52000000 0.14492688
3.54000000 0.14302551
3.56000000 0.14113096
3.58000000 0.13924321
3.60000000 0.13736225
3.62000000 0.13548812
3.64000000 0.13362084
3.66000000 0.13176046
3.68000000 0.12990705
3.70000000 0.12806069
3.72000000 0.12622146
3.74000000 0.12438946
3.76000000 0.12256481
3.78000000 0.12074764
3.80000000 0.11893809
3.82000000 0.11713633
3.84000000 0.11534253
3.86000000 0.11355688
3.88000000 0.11177960
3.90000000 0.11001093
3.92000000 0.10825109
3.94000000 0.10650038
3.96000000 0.10475905
3.98000000 0.10302740
