-4.00000000 0.00021497
-3.98000000 0.00047279
-3.96000000 0.00075053
-3.94000000 0.00104957
-3.92000000 0.00137169
-3.90000000 0.00171902
-3.88000000 0.00209396
-3.86000000 0.00249893
-3.84000000 0.00293624
-3.82000000 0.00340793
-3.80000000 0.00391583
-3.78000000 0.00446168
-3.76000000 0.00504751
-3.74000000 0.00567589
-3.72000000 0.00635019
-3.70000000 0.00707464
-3.68000000 0.00785413
-3.66000000 0.00869380
-3.64000000 0.00959857
-3.62000000 0.01057264
-3.60000000 0.01161935
-3.58000000 0.01274140
-3.56000000 0.01394143
-3.54000000 0.01522296
-3.52000000 0.01659144
-3.50000000 0.01805498
-3.48000000 0.01962468
-3.46000000 0.02131423
-3.44000000 0.02313877
-3.42000000 0.02511330
-3.40000000 0.02725085
-3.38000000 0.02956109
-3.36000000 0.03204952
-3.34000000 0.03471778
-3.32000000 0.03756500
-3.30000000 0.04058989
-3.28000000 0.04379325
-3.26000000 0.04718021
-3.24000000 0.05076168
-3.22000000 0.05455472
-3.20000000 0.05858172
-3.18000000 0.06286863
-3.16000000 0.06744289
-3.14000000 0.07233139
-3.12000000 0.07755936
-3.10000000 0.08315009
-3.08000000 0.08912583
-3.06000000 0.09550913
-3.04000000 0.10232439
-3.02000000 0.10959863
-3.00000000 0.11736137
-2.98000000 0.12564312
-2.96000000 0.13447298
-2.94000000 0.14387582
-2.92000000 0.15386991
-2.90000000 0.16446565
-2.88000000 0.17566606
-2.86000000 0.18746898
-2.84000000 0.19987067
-2.82000000 0.21287000
-2.80000000 0.22647232
-2.78000000 0.24069210
-2.76000000 0.25555396
-2.74000000 0.27109192
-2.72000000 0.28734754
-2.70000000 0.30436768
-2.68000000 0.32220295
-2.66000000 0.34090747
-2.64000000 0.36054021
-2.62000000 0.38116762
-2.60000000 0.40286641
-2.58000000 0.42572538
-2.56000000 0.44984484
-2.54000000 0.47533289
-2.52000000 0.50229826
-2.50000000 0.53084064
-2.48000000 0.56103972
-2.46000000 0.59294535
-2.44000000 0.62657070
-2.42000000 0.66189031
-2.40000000 0.69884377
-2.38000000 0.73734504
-2.36000000 0.77729586
-2.34000000 0.81860108
-2.32000000 0.86118315
-2.30000000 0.90499303
-2.28000000 0.95001531
-2.26000000 0.99626648
-2.24000000 1.04378624
-2.22000000 1.09262352
-2.20000000 1.14281937
-2.18000000 1.19439008
-2.16000000 1.24731384
-2.14000000 1.30152382
-2.12000000 1.35690963
-2.10000000 1.41332798
-2.08000000 1.47062112
-2.06000000 1.52864079
-2.04000000 1.58727327
-2.02000000 1.64646079
-2.00000000 1.70621458
-1.98000000 1.76661521
-1.96000000 1.82779858
-1.94000000 1.88992766
-1.92000000 1.95315340
-1.90000000 2.01757076
-1.88000000 2.08317748
-1.86000000 2.14984387
-1.84000000 2.21730054
-1.82000000 2.28514841
-1.80000000 2.35289134
-1.78000000 2.41998717
-1.76000000 2.48590915
-1.74000000 2.55020683
-1.72000000 2.61255521
-1.70000000 2.67278250
-1.68000000 2.73087090
-1.66000000 2.78693039
-1.64000000 2.84115070
-1.62000000 2.89374190
-1.60000000 2.94487601
-1.58000000 2.99464204
-1.56000000 3.04302355
-1.54000000 3.08990266
-1.52000000 3.13508767
-1.50000000 3.17835619
-1.48000000 3.21950144
-1.46000000 3.25836878
-1.44000000 3.29487207
-1.42000000 3.32898454
-1.40000000 3.36070594
-1.38000000 3.39001413
-1.36000000 3.41681429
-1.34000000 3.44090025
-1.32000000 3.46194061
-1.30000000 3.47949659
-1.28000000 3.49307113
-1.26000000 3.50218082
-1.24000000 3.50643604
-1.22000000 3.50561183
-1.20000000 3.49969308
-1.18000000 3.48888295
-1.16000000 3.47357144
-1.14000000 3.45426968
-1.12000000 3.43152393
-1.10000000 3.40582743
-1.08000000 3.37754923
-1.06000000 3.34689497
-1.04000000 3.31390748
-1.02000000 3.27850561
-1.00000000 3.24055121
-0.98000000 3.19992763
-0.96000000 3.15661076
-0.94000000 3.11071573
-0.92000000 3.06250836
-0.90000000 3.01237870
-0.88000000 2.96078321
-0.86000000 2.90816926
-0.84000000 2.85489963
-0.82000000 2.80119464
-0.80000000 2.74710535
-0.78000000 2.69252411
-0.76000000 2.63723029
-0.74000000 2.58096142
-0.72000000 2.52349422
-0.70000000 2.46471844
-0.68000000 2.40468806
-0.66000000 2.34363956
-0.64000000 2.28197386
-0.62000000 2.22020622
-0.60000000 2.15889427
-0.58000000 2.09855840
-0.56000000 2.03960943
-0.54000000 1.98229618
-0.52000000 1.92668128
-0.50000000 1.87264774
-0.48000000 1.81993307
-0.46000000 1.76818353
-0.44000000 1.71701793
-0.42000000 1.66609021
-0.40000000 1.61514125
-0.38000000 1.56403328
-0.36000000 1.51276376
-0.34000000 1.46145930
-0.32000000 1.41035308
-0.30000000 1.35975099
-0.28000000 1.30999284
-0.26000000 1.26141430
-0.24000000 1.21431443
-0.22000000 1.16893202
-0.20000000 1.12543199
-0.18000000 1.08390207
-0.16000000 1.04435795
-0.14000000 1.00675509
-0.12000000 0.97100414
-0.10000000 0.93698766
-0.08000000 0.90457564
-0.06000000 0.87363825
-0.04000000 0.84405477
-0.02000000 0.81571852
0.00000000 0.78853822
0.02000000 0.76243670
0.04000000 0.73734805
0.06000000 0.71321453
0.08000000 0.68998407
0.10000000 0.66760887
0.12000000 0.64604542
0.14000000 0.62525549
0.16000000 0.60520765
0.18000000 0.58587874
0.20000000 0.56725462
0.22000000 0.54933007
0.24000000 0.53210752
0.26000000 0.51559506
0.28000000 0.49980382
0.30000000 0.48474533
0.32000000 0.47042897
0.34000000 0.45685991
0.36000000 0.44403753
0.38000000 0.43195421
0.40000000 0.42059464
0.42000000 0.40993530
0.44000000 0.39994455
0.46000000 0.39058308
0.48000000 0.38180508
0.50000000 0.37356017
0.52000000 0.36579600
0.54000000 0.35846139
0.56000000 0.35150953
0.58000000 0.34490086
0.60000000 0.33860498
0.62000000 0.33260145
0.64000000 0.32687902
0.66000000 0.32143370
0.68000000 0.31626587
0.70000000 0.31137707
0.72000000 0.30676705
0.74000000 0.30243161
0.76000000 0.29836166
0.78000000 0.29454334
0.80000000 0.29095923
0.82000000 0.28759003
0.84000000 0.28441639
0.86000000 0.28142036
0.88000000 0.27858616
0.90000000 0.27590024
0.92000000 0.27335071
0.94000000 0.27092650
0.96000000 0.26861644
0.98000000 0.26640866
1.00000000 0.26429049
1.02000000 0.26224883
1.04000000 0.26027076
1.06000000 0.25834444
1.08000000 0.25645969
1.10000000 0.25460831
1.12000000 0.25278400
1.14000000 0.25098176
1.16000000 0.24919717
1.18000000 0.24742556
1.20000000 0.24566137
1.22000000 0.24389782
1.24000000 0.24212698
1.26000000 0.24034019
1.28000000 0.23852867
1.30000000 0.23668414
1.32000000 0.23479938
1.34000000 0.23286844
1.36000000 0.23088659
1.38000000 0.22885007
1.40000000 0.22675557
1.42000000 0.22459980
1.44000000 0.22237914
1.46000000 0.22008951
1.48000000 0.21772659
1.50000000 0.21528617
1.52000000 0.21276484
1.54000000 0.21016059
1.56000000 0.20747343
1.58000000 0.20470585
1.60000000 0.20186289
1.62000000 0.19895206
1.64000000 0.19598278
1.66000000 0.19296572
1.68000000 0.18991194
1.70000000 0.18683197
1.72000000 0.18373504
1.74000000 0.18062846
1.76000000 0.17751733
1.78000000 0.17440452
1.80000000 0.17129090
1.82000000 0.16817591
1.84000000 0.16505810
1.86000000 0.16193583
1.88000000 0.15880779
1.90000000 0.15567339
1.92000000 0.15253291
1.94000000 0.14938754
1.96000000 0.14623919
1.98000000 0.14309027
2.00000000 0.13994345
2.02000000 0.13680156
2.04000000 0.13366751
2.06000000 0.13054434
2.08000000 0.12743532
2.10000000 0.12434410
2.12000000 0.12127470
2.14000000 0.11823152
2.16000000 0.11521919
2.18000000 0.11224231
2.20000000 0.10930523
2.22000000 0.10641179
2.24000000 0.10356522
2.26000000 0.10076802
2.28000000 0.09802211
2.30000000 0.09532897
2.32000000 0.09268981
2.34000000 0.09010572
2.36000000 0.08757777
2.38000000 0.08510693
2.40000000 0.08269398
2.42000000 0.08033925
2.44000000 0.07804250
2.46000000 0.07580276
2.48000000 0.07361833
2.50000000 0.07148692
2.52000000 0.06940590
2.54000000 0.06737266
2.56000000 0.06538494
2.58000000 0.06344110
2.60000000 0.06154035
2.62000000 0.05968269
2.64000000 0.05786886
2.66000000 0.05610000
2.68000000 0.05437739
2.70000000 0.05270213
2.72000000 0.05107486
2.74000000 0.04949565
2.76000000 0.04796397
2.78000000 0.04647876
2.80000000 0.04503862
2.82000000 0.04364201
2.84000000 0.04228739
2.86000000 0.04097342
2.88000000 0.03969900
2.90000000 0.03846324
2.92000000 0.03726545
2.94000000 0.03610499
2.96000000 0.03498123
2.98000000 0.03389343
3.00000000 0.03284074
3.02000000 0.03182216
3.04000000 0.03083658
3.06000000 0.02988289
3.08000000 0.02895995
3.10000000 0.02806673
3.12000000 0.02720227
3.14000000 0.02636572
3.16000000 0.02555632
3.18000000 0.02477333
3.20000000 0.02401608
3.22000000 0.02328383
3.24000000 0.02257585
3.26000000 0.02189135
3.28000000 0.02122952
3.30000000 0.02058954
3.32000000 0.01997062
3.34000000 0.01937200
3.36000000 0.01879297
3.38000000 0.01823286
3.40000000 0.01769106
3.42000000 0.01716698
3.44000000 0.01666004
3.46000000 0.01616969
3.48000000 0.01569535
3.50000000 0.01523644
3.52000000 0.01479240
3.54000000 0.01436267
3.56000000 0.01394673
3.58000000 0.01354406
3.60000000 0.01315421
3.62000000 0.01277672
3.64000000 0.01241118
3.66000000 0.01205716
3.68000000 0.01171427
3.70000000 0.01138211
3.72000000 0.01106026
3.74000000 0.01074836
3.76000000 0.01044600
3.78000000 0.01015284
3.80000000 0.00986855
3.82000000 0.00959279
3.84000000 0.00932528
3.86000000 0.00906574
3.88000000 0.00881387
3.90000000 0.00856942
3.92000000 0.00833211
3.94000000 0.00810166
3.96000000 0.00787783
3.98000000 0.00766035
