0.000000 2.000000 0.000000
0.100000 1.980198 0.199426
0.200000 1.921277 0.392880
0.300000 1.825581 0.574663
0.400000 1.696874 0.739617
0.500000 1.540131 0.883346
0.600000 1.361258 1.002405
0.700000 1.166782 1.094420
0.800000 0.963501 1.158147
0.900000 0.758157 1.193480
1.000000 0.557109 1.201380
1.100000 0.366068 1.183767
1.200000 0.189870 1.143361
1.300000 0.032329 1.083494
1.400000 -0.103851 1.007910
1.500000 -0.217088 0.920553
1.600000 -0.306875 0.825373
1.700000 -0.373676 0.726152
1.800000 -0.418789 0.626352
1.900000 -0.444169 0.529003
2.000000 -0.452251 0.436627
2.100000 -0.445761 0.351195
2.200000 -0.427549 0.274124
2.300000 -0.400433 0.206296
2.400000 -0.367079 0.148106
2.500000 -0.329898 0.099527
2.600000 -0.290988 0.060182
2.700000 -0.252095 0.029423
2.800000 -0.214607 0.006412
2.900000 -0.179559 -0.009810
3.000000 -0.147671 -0.020253
3.100000 -0.119380 -0.025930
3.200000 -0.094887 -0.027807
3.300000 -0.074207 -0.026778
3.400000 -0.057208 -0.023641
3.500000 -0.043661 -0.019089
3.600000 -0.033262 -0.013705
3.700000 -0.025673 -0.007971
3.800000 -0.020534 -0.002270
3.900000 -0.017480 0.003098
4.000000 -0.016154 0.007910
4.100000 -0.016210 0.012000
4.200000 -0.017319 0.015259
4.300000 -0.019169 0.017615
4.400000 -0.021469 0.019037
4.500000 -0.023951 0.019522
4.600000 -0.026369 0.019096
4.700000 -0.028507 0.017811
4.800000 -0.030182 0.015743
4.900000 -0.031244 0.012991
5.000000 -0.031583 0.009675
5.100000 -0.031131 0.005932
5.200000 -0.029860 0.001913
5.300000 -0.027784 -0.002221
5.400000 -0.024954 -0.006308
5.500000 -0.021456 -0.010186
5.600000 -0.017401 -0.013704
5.700000 -0.012919 -0.016727
5.800000 -0.008153 -0.019137
5.900000 -0.003249 -0.020841
6.000000 0.001650 -0.021773
6.100000 0.006413 -0.021896
6.200000 0.010920 -0.021201
6.300000 0.015068 -0.019708
6.400000 0.018775 -0.017465
6.500000 0.021977 -0.014547
6.600000 0.024625 -0.011049
6.700000 0.026691 -0.007090
6.800000 0.028160 -0.002804
6.900000 0.029035 0.001662
7.000000 0.029331 0.006157
7.100000 0.029077 0.010525
7.200000 0.028317 0.014620
7.300000 0.027107 0.018307
7.400000 0.025516 0.021472
7.500000 0.023624 0.024029
7.600000 0.021515 0.025925
7.700000 0.019280 0.027142
7.800000 0.017006 0.027700
7.900000 0.014773 0.027653
8.000000 0.012649 0.027088
8.100000 0.010686 0.026115
8.200000 0.008914 0.024859
8.300000 0.007344 0.023449
8.400000 0.005962 0.022006
8.500000 0.004740 0.020636
8.600000 0.003634 0.019420
8.700000 0.002594 0.018409
8.800000 0.001570 0.017621
8.900000 0.000518 0.017047
9.000000 -0.000592 0.016649
9.100000 -0.001774 0.016372
9.200000 -0.003024 0.016150
9.300000 -0.004321 0.015920
9.400000 -0.005628 0.015625
9.500000 -0.006899 0.015225
9.600000 -0.008088 0.014700
9.700000 -0.009149 0.014052
9.800000 -0.010050 0.013301
9.900000 -0.010773 0.012485
10.000000 -0.011319 0.011650
10.100000 -0.011707 0.010843
10.200000 -0.011972 0.010105
10.300000 -0.012163 0.009466
10.400000 -0.012335 0.008936
10.500000 -0.012541 0.008506
10.600000 -0.012827 0.008149
10.700000 -0.013228 0.007819
10.800000 -0.013759 0.007461
10.900000 -0.014416 0.007014
11.000000 -0.015174 0.006417
11.100000 -0.015992 0.005621
11.200000 -0.016815 0.004589
11.300000 -0.017577 0.003300
11.400000 -0.018211 0.001756
11.500000 -0.018653 -0.000024
11.600000 -0.018844 -0.002001
11.700000 -0.018737 -0.004123
11.800000 -0.018298 -0.006326
11.900000 -0.017506 -0.008541
12.000000 -0.016355 -0.010696
12.100000 -0.014851 -0.012719
12.200000 -0.013010 -0.014546
12.300000 -0.010860 -0.016113
12.400000 -0.008435 -0.017366
12.500000 -0.005778 -0.018259
12.600000 -0.002936 -0.018754
12.700000 0.000035 -0.018820
12.800000 0.003072 -0.018439
12.900000 0.006106 -0.017600
13.000000 0.009063 -0.016308
13.100000 0.011864 -0.014579
13.200000 0.014427 -0.012446
13.300000 0.016673 -0.009955
13.400000 0.018526 -0.007169
13.500000 0.019920 -0.004164
13.600000 0.020802 -0.001029
13.700000 0.021139 0.002142
13.800000 0.020915 0.005247
13.900000 0.020141 0.008189
14.000000 0.018848 0.010874
14.100000 0.017094 0.013219
14.200000 0.014954 0.015157
14.300000 0.012521 0.016640
14.400000 0.009901 0.017638
14.500000 0.007207 0.018145
14.600000 0.004550 0.018175
14.700000 0.002040 0.017762
14.800000 -0.000229 0.016960
14.900000 -0.002176 0.015836
15.000000 -0.003741 0.014469
15.100000 -0.004889 0.012946
15.200000 -0.005607 0.011354
15.300000 -0.005911 0.009783
15.400000 -0.005840 0.008313
15.500000 -0.005454 0.007015
15.600000 -0.004832 0.005947
15.700000 -0.004065 0.005147
15.800000 -0.003247 0.004635
15.900000 -0.002474 0.004406
16.000000 -0.001831 0.004436
16.100000 -0.001390 0.004681
16.200000 -0.001199 0.005078
16.300000 -0.001280 0.005553
16.400000 -0.001630 0.006025
16.500000 -0.002214 0.006412
16.600000 -0.002974 0.006642
16.700000 -0.003829 0.006656
16.800000 -0.004687 0.006417
16.900000 -0.005449 0.005909
17.000000 -0.006020 0.005147
17.100000 -0.006321 0.004170
17.200000 -0.006291 0.003041
17.300000 -0.005900 0.001840
17.400000 -0.005147 0.000661
17.500000 -0.004066 -0.000403
17.600000 -0.002719 -0.001262
17.700000 -0.001193 -0.001843
17.800000 0.000405 -0.002092
17.900000 0.001963 -0.001983
18.000000 0.003367 -0.001519
18.100000 0.004515 -0.000730
18.200000 0.005326 0.000325
18.300000 0.005741 0.001570
18.400000 0.005733 0.002912
18.500000 0.005305 0.004252
18.600000 0.004489 0.005492
18.700000 0.003342 0.006546
18.800000 0.001942 0.007338
18.900000 0.000380 0.007816
19.000000 -0.001248 0.007949
19.100000 -0.002847 0.007728
19.200000 -0.004329 0.007167
19.300000 -0.005620 0.006301
19.400000 -0.006659 0.005180
19.500000 -0.007406 0.003865
19.600000 -0.007838 0.002425
19.700000 -0.007950 0.000932
19.800000 -0.007754 -0.000542
19.900000 -0.007276 -0.001931
20.000000 -0.006553 -0.003176
20.100000 -0.005631 -0.004228
20.200000 -0.004563 -0.005047
20.300000 -0.003404 -0.005609
20.400000 -0.002211 -0.005901
20.500000 -0.001039 -0.005921
20.600000 0.000061 -0.005683
20.700000 0.001042 -0.005213
20.800000 0.001868 -0.004544
20.900000 0.002510 -0.003721
21.000000 0.002952 -0.002795
21.100000 0.003190 -0.001819
21.200000 0.003229 -0.000848
21.300000 0.003090 0.000066
21.400000 0.002800 0.000879
21.500000 0.002396 0.001553
21.600000 0.001918 0.002061
21.700000 0.001411 0.002391
21.800000 0.000915 0.002538
21.900000 0.000468 0.002515
22.000000 0.000101 0.002341
22.100000 -0.000164 0.002045
22.200000 -0.000316 0.001663
22.300000 -0.000351 0.001231
22.400000 -0.000278 0.000787
22.500000 -0.000111 0.000365
22.600000 0.000129 -0.000004
22.700000 0.000419 -0.000298
22.800000 0.000733 -0.000501
22.900000 0.001046 -0.000605
23.000000 0.001335 -0.000609
23.100000 0.001582 -0.000519
23.200000 0.001770 -0.000345
23.300000 0.001891 -0.000102
23.400000 0.001937 0.000191
23.500000 0.001905 0.000517
23.600000 0.001797 0.000854
23.700000 0.001615 0.001183
23.800000 0.001365 0.001487
23.900000 0.001055 0.001747
24.000000 0.000695 0.001950
24.100000 0.000296 0.002084
24.200000 -0.000129 0.002139
24.300000 -0.000564 0.002111
24.400000 -0.000993 0.001998
24.500000 -0.001400 0.001803
24.600000 -0.001767 0.001531
24.700000 -0.002079 0.001193
24.800000 -0.002321 0.000803
24.900000 -0.002482 0.000377
25.000000 -0.002556 -0.000067
25.100000 -0.002538 -0.000509
25.200000 -0.002432 -0.000932
25.300000 -0.002243 -0.001317
25.400000 -0.001984 -0.001651
25.500000 -0.001668 -0.001920
25.600000 -0.001314 -0.002119
25.700000 -0.000940 -0.002242
25.800000 -0.000563 -0.002292
25.900000 -0.000203 -0.002272
26.000000 0.000126 -0.002190
26.100000 0.000412 -0.002056
26.200000 0.000646 -0.001882
26.300000 0.000824 -0.001680
26.400000 0.000946 -0.001462
26.500000 0.001012 -0.001240
26.600000 0.001030 -0.001024
26.700000 0.001005 -0.000822
26.800000 0.000946 -0.000640
26.900000 0.000862 -0.000483
27.000000 0.000762 -0.000351
27.100000 0.000654 -0.000246
27.200000 0.000545 -0.000166
27.300000 0.000440 -0.000110
27.400000 0.000345 -0.000073
27.500000 0.000261 -0.000052
27.600000 0.000192 -0.000044
27.700000 0.000136 -0.000045
27.800000 0.000093 -0.000052
27.900000 0.000064 -0.000061
28.000000 0.000045 -0.000070
28.100000 0.000035 -0.000079
28.200000 0.000032 -0.000084
28.300000 0.000034 -0.000086
28.400000 0.000038 -0.000085
28.500000 0.000044 -0.000080
28.600000 0.000050 -0.000073
28.700000 0.000054 -0.000063
28.800000 0.000057 -0.000052
28.900000 0.000057 -0.000040
29.000000 0.000054 -0.000029
29.100000 0.000050 -0.000018
29.200000 0.000043 -0.000009
29.300000 0.000035 -0.000003
29.400000 0.000027 0.000002
29.500000 0.000019 0.000004
29.600000 0.000012 0.000005
29.700000 0.000006 0.000004
29.800000 0.000002 0.000002
29.900000 0.000001 0.000001
