-4.00000000 0.00099339
-3.98000000 0.00128450
-3.96000000 0.00160319
-3.94000000 0.00195176
-3.92000000 0.00233268
-3.90000000 0.00274860
-3.88000000 0.00320240
-3.86000000 0.00369714
-3.84000000 0.00423604
-3.82000000 0.00482252
-3.80000000 0.00546024
-3.78000000 0.00615307
-3.76000000 0.00690522
-3.74000000 0.00772119
-3.72000000 0.00860581
-3.70000000 0.00956423
-3.68000000 0.01060175
-3.66000000 0.01172375
-3.64000000 0.01293551
-3.62000000 0.01424209
-3.60000000 0.01564825
-3.58000000 0.01715849
-3.56000000 0.01877714
-3.54000000 0.02050867
-3.52000000 0.02235801
-3.50000000 0.02433096
-3.48000000 0.02643464
-3.46000000 0.02867778
-3.44000000 0.03107104
-3.42000000 0.03362703
-3.40000000 0.03636024
-3.38000000 0.03928679
-3.36000000 0.04242397
-3.34000000 0.04578965
-3.32000000 0.04940170
-3.30000000 0.05327726
-3.28000000 0.05743214
-3.26000000 0.06188033
-3.24000000 0.06663368
-3.22000000 0.07170185
-3.20000000 0.07709266
-3.18000000 0.08281266
-3.16000000 0.08886820
-3.14000000 0.09526658
-3.12000000 0.10201750
-3.10000000 0.10913440
-3.08000000 0.11663562
-3.06000000 0.12454514
-3.04000000 0.13289280
-3.02000000 0.14171396
-3.00000000 0.15104857
-2.98000000 0.16093979
-2.96000000 0.17143239
-2.94000000 0.18257105
-2.92000000 0.19439892
-2.90000000 0.20695646
-2.88000000 0.22028065
-2.86000000 0.23440464
-2.84000000 0.24935762
-2.82000000 0.26516481
-2.80000000 0.28184740
-2.78000000 0.29942237
-2.76000000 0.31790207
-2.74000000 0.33729381
-2.72000000 0.35759935
-2.70000000 0.37881483
-2.68000000 0.40093087
-2.66000000 0.42393334
-2.64000000 0.44780451
-2.62000000 0.47252449
-2.60000000 0.49807279
-2.58000000 0.52442962
-2.56000000 0.55157680
-2.54000000 0.57949804
-2.52000000 0.60817866
-2.50000000 0.63760505
-2.48000000 0.66776401
-2.46000000 0.69864266
-2.44000000 0.73022891
-2.42000000 0.76251315
-2.40000000 0.79549068
-2.38000000 0.82916505
-2.36000000 0.86355140
-2.34000000 0.89867940
-2.32000000 0.93459497
-2.30000000 0.97136015
-2.28000000 1.00905092
-2.26000000 1.04775274
-2.24000000 1.08755436
-2.22000000 1.12854045
-2.20000000 1.17078388
-2.18000000 1.21433869
-2.16000000 1.25923445
-2.14000000 1.30547265
-2.12000000 1.35302554
-2.10000000 1.40183718
-2.08000000 1.45182663
-2.06000000 1.50289260
-2.04000000 1.55491911
-2.02000000 1.60778151
-2.00000000 1.66135237
-1.98000000 1.71550685
-1.96000000 1.77012709
-1.94000000 1.82510566
-1.92000000 1.88034750
-1.90000000 1.93577039
-1.88000000 1.99130381
-1.86000000 2.04688599
-1.84000000 2.10245947
-1.82000000 2.15796538
-1.80000000 2.21333725
-1.78000000 2.26849489
-1.76000000 2.32333958
-1.74000000 2.37775117
-1.72000000 2.43158800
-1.70000000 2.48468965
-1.68000000 2.53688247
-1.66000000 2.58798707
-1.64000000 2.63782661
-1.62000000 2.68623468
-1.60000000 2.73306136
-1.58000000 2.77817679
-1.56000000 2.82147163
-1.54000000 2.86285485
-1.52000000 2.90224959
-1.50000000 2.93958817
-1.48000000 2.97480771
-1.46000000 3.00784719
-1.44000000 3.03864650
-1.42000000 3.06714757
-1.40000000 3.09329675
-1.38000000 3.11704747
-1.36000000 3.13836217
-1.34000000 3.15721245
-1.32000000 3.17357744
-1.30000000 3.18744045
-1.28000000 3.19878523
-1.26000000 3.20759305
-1.24000000 3.21384209
-1.22000000 3.21751019
-1.20000000 3.21858096
-1.18000000 3.21705271
-1.16000000 3.21294826
-1.14000000 3.20632339
-1.12000000 3.19727141
-1.10000000 3.18592196
-1.08000000 3.17243287
-1.06000000 3.15697580
-1.04000000 3.13971725
-1.02000000 3.12079823
-1.00000000 3.10031608
-0.98000000 3.07831221
-0.96000000 3.05476827
-0.94000000 3.02961219
-0.92000000 3.00273329
-0.90000000 2.97400425
-0.88000000 2.94330631
-0.86000000 2.91055325
-0.84000000 2.87571023
-0.82000000 2.83880437
-0.80000000 2.79992556
-0.78000000 2.75921793
-0.76000000 2.71686404
-0.74000000 2.67306499
-0.72000000 2.62802032
-0.70000000 2.58191117
-0.68000000 2.53488917
-0.66000000 2.48707235
-0.64000000 2.43854768
-0.62000000 2.38937864
-0.60000000 2.33961545
-0.58000000 2.28930533
-0.56000000 2.23850067
-0.54000000 2.18726353
-0.52000000 2.13566636
-0.50000000 2.08378939
-0.48000000 2.03171617
-0.46000000 1.97952875
-0.44000000 1.92730415
-0.42000000 1.87511296
-0.40000000 1.82302034
-0.38000000 1.77108893
-0.36000000 1.71938271
-0.34000000 1.66797044
-0.32000000 1.61692765
-0.30000000 1.56633644
-0.28000000 1.51628296
-0.26000000 1.46685302
-0.24000000 1.41812692
-0.22000000 1.37017458
-0.20000000 1.32305214
-0.18000000 1.27680089
-0.16000000 1.23144869
-0.14000000 1.18701358
-0.12000000 1.14350891
-0.10000000 1.10094866
-0.08000000 1.05935204
-0.06000000 1.01874619
-0.04000000 0.97916673
-0.02000000 0.94065586
0.00000000 0.90325870
0.02000000 0.86701869
0.04000000 0.83197302
0.06000000 0.79814912
0.08000000 0.76556289
0.10000000 0.73421897
0.12000000 0.70411291
0.14000000 0.67523463
0.16000000 0.64757235
0.18000000 0.62111608
0.20000000 0.59585989
0.22000000 0.57180234
0.24000000 0.54894521
0.26000000 0.52729055
0.28000000 0.50683688
0.30000000 0.48757525
0.32000000 0.46948607
0.34000000 0.45253734
0.36000000 0.43668466
0.38000000 0.42187304
0.40000000 0.40804011
0.42000000 0.39512018
0.44000000 0.38304832
0.46000000 0.37176385
0.48000000 0.36121258
0.50000000 0.35134773
0.52000000 0.34212940
0.54000000 0.33352310
0.56000000 0.32549777
0.58000000 0.31802388
0.60000000 0.31107203
0.62000000 0.30461245
0.64000000 0.29861533
0.66000000 0.29305176
0.68000000 0.28789509
0.70000000 0.28312203
0.72000000 0.27871329
0.74000000 0.27465347
0.76000000 0.27093007
0.78000000 0.26753199
0.80000000 0.26444757
0.82000000 0.26166281
0.84000000 0.25916002
0.86000000 0.25691727
0.88000000 0.25490861
0.90000000 0.25310519
0.92000000 0.25147690
0.94000000 0.24999426
0.96000000 0.24863020
0.98000000 0.24736141
1.00000000 0.24616915
1.02000000 0.24503923
1.04000000 0.24396159
1.06000000 0.24292923
1.08000000 0.24193701
1.10000000 0.24098054
1.12000000 0.24005508
1.14000000 0.23915499
1.16000000 0.23827334
1.18000000 0.23740206
1.20000000 0.23653221
1.22000000 0.23565455
1.24000000 0.23476006
1.26000000 0.23384049
1.28000000 0.23288874
1.30000000 0.23189912
1.32000000 0.23086733
1.34000000 0.22979035
1.36000000 0.22866608
1.38000000 0.22749289
1.40000000 0.22626919
1.42000000 0.22499300
1.44000000 0.22366160
1.46000000 0.22227147
1.48000000 0.22081834
1.50000000 0.21929748
1.52000000 0.21770417
1.54000000 0.21603424
1.56000000 0.21428456
1.58000000 0.21245346
1.60000000 0.21054087
1.62000000 0.20854831
1.64000000 0.20647859
1.66000000 0.20433531
1.68000000 0.20212232
1.70000000 0.19984316
1.72000000 0.19750063
1.74000000 0.19509650
1.76000000 0.19263153
1.78000000 0.19010562
1.80000000 0.18751814
1.82000000 0.18486832
1.84000000 0.18215572
1.86000000 0.17938050
1.88000000 0.17654369
1.90000000 0.17364720
1.92000000 0.17069382
1.94000000 0.16768704
1.96000000 0.16463089
1.98000000 0.16152970
2.00000000 0.15838800
2.02000000 0.15521034
2.04000000 0.15200127
2.06000000 0.14876529
2.08000000 0.14550685
2.10000000 0.14223040
2.12000000 0.13894033
2.14000000 0.13564104
2.16000000 0.13233691
2.18000000 0.12903228
2.20000000 0.12573145
2.22000000 0.12243869
2.24000000 0.11915816
2.26000000 0.11589393
2.28000000 0.11264988
2.30000000 0.10942969
2.32000000 0.10623674
2.34000000 0.10307405
2.36000000 0.09994426
2.38000000 0.09684960
2.40000000 0.09379196
2.42000000 0.09077291
2.44000000 0.08779391
2.46000000 0.08485638
2.48000000 0.08196187
2.50000000 0.07911217
2.52000000 0.07630937
2.54000000 0.07355589
2.56000000 0.07085438
2.58000000 0.06820763
2.60000000 0.06561841
2.62000000 0.06308929
2.64000000 0.06062249
2.66000000 0.05821977
2.68000000 0.05588237
2.70000000 0.05361099
2.72000000 0.05140586
2.74000000 0.04926681
2.76000000 0.04719344
2.78000000 0.04518516
2.80000000 0.04324133
2.82000000 0.04136131
2.84000000 0.03954446
2.86000000 0.03779011
2.88000000 0.03609756
2.90000000 0.03446600
2.92000000 0.03289449
2.94000000 0.03138194
2.96000000 0.02992711
2.98000000 0.02852867
3.00000000 0.02718524
3.02000000 0.02589545
3.04000000 0.02465795
3.06000000 0.02347147
3.08000000 0.02233476
3.10000000 0.02124660
3.12000000 0.02020568
3.14000000 0.01921059
3.16000000 0.01825973
3.18000000 0.01735136
3.20000000 0.01648353
3.22000000 0.01565422
3.24000000 0.01486136
3.26000000 0.01410292
3.28000000 0.01337703
3.30000000 0.01268202
3.32000000 0.01201643
3.34000000 0.01137906
3.36000000 0.01076888
3.38000000 0.01018501
3.40000000 0.00962664
3.42000000 0.00909298
3.44000000 0.00858318
3.46000000 0.00809637
3.48000000 0.00763158
3.50000000 0.00718784
3.52000000 0.00676413
3.54000000 0.00635948
3.56000000 0.00597297
3.58000000 0.00560376
3.60000000 0.00525110
3.62000000 0.00491434
3.64000000 0.00459288
3.66000000 0.00428620
3.68000000 0.00399383
3.70000000 0.00371531
3.72000000 0.00345019
3.74000000 0.00319801
3.76000000 0.00295831
3.78000000 0.00273061
3.80000000 0.00251443
3.82000000 0.00230929
3.84000000 0.00211470
3.86000000 0.00193019
3.88000000 0.00175530
3.90000000 0.00158961
3.92000000 0.00143270
3.94000000 0.00128419
3.96000000 0.00114371
3.98000000 0.00101090
