-4.00000000 0.00209393
-3.98000000 0.00219021
-3.96000000 0.00233872
-3.94000000 0.00253234
-3.92000000 0.00276499
-3.90000000 0.00303427
-3.88000000 0.00334335
-3.86000000 0.00370172
-3.84000000 0.00412458
-3.82000000 0.00463095
-3.80000000 0.00524087
-3.78000000 0.00597211
-3.76000000 0.00683710
-3.74000000 0.00784068
-3.72000000 0.00897890
-3.70000000 0.01023947
-3.68000000 0.01160346
-3.66000000 0.01304814
-3.64000000 0.01455052
-3.62000000 0.01609087
-3.60000000 0.01765570
-3.58000000 0.01923978
-3.56000000 0.02084682
-3.54000000 0.02248880
-3.52000000 0.02418405
-3.50000000 0.02595440
-3.48000000 0.02782192
-3.46000000 0.02980573
-3.44000000 0.03191946
-3.42000000 0.03416992
-3.40000000 0.03655717
-3.38000000 0.03907640
-3.36000000 0.04172129
-3.34000000 0.04448858
-3.32000000 0.04738309
-3.30000000 0.05042225
-3.28000000 0.05363900
-3.26000000 0.05708218
-3.24000000 0.06081368
-3.22000000 0.06490224
-3.20000000 0.06941449
-3.18000000 0.07440462
-3.16000000 0.07990453
-3.14000000 0.08591666
-3.12000000 0.09241168
-3.10000000 0.09933231
-3.08000000 0.10660368
-3.06000000 0.11414927
-3.04000000 0.12191015
-3.02000000 0.12986410
-3.00000000 0.13804109
-2.98000000 0.14653144
-2.96000000 0.15548443
-2.94000000 0.16509646
-2.92000000 0.17558979
-2.90000000 0.18718500
-2.88000000 0.20007104
-2.86000000 0.21437804
-2.84000000 0.23015710
-2.82000000 0.24737055
-2.80000000 0.26589433
-2.78000000 0.28553201
-2.76000000 0.30603854
-2.74000000 0.32715018
-2.72000000 0.34861648
-2.70000000 0.37023046
-2.68000000 0.39185347
-2.66000000 0.41343253
-2.64000000 0.43500867
-2.62000000 0.45671608
-2.60000000 0.47877238
-2.58000000 0.50146080
-2.56000000 0.52510561
-2.54000000 0.55004232
-2.52000000 0.57658484
-2.50000000 0.60499241
-2.48000000 0.63543967
-2.46000000 0.66799387
-2.44000000 0.70260288
-2.42000000 0.73909713
-2.40000000 0.77720679
-2.38000000 0.81659354
-2.36000000 0.85689359
-2.34000000 0.89776629
-2.32000000 0.93894123
-2.30000000 0.98025603
-2.28000000 1.02167843
-2.26000000 1.06330823
-2.24000000 1.10535819
-2.22000000 1.14811658
-2.20000000 1.19189754
-2.18000000 1.23698724
-2.16000000 1.28359518
-2.14000000 1.33181857
-2.12000000 1.38162549
-2.10000000 1.43285944
-2.08000000 1.48526390
-2.06000000 1.53852247
-2.04000000 1.59230781
-2.02000000 1.64633153
-2.00000000 1.70038732
-1.98000000 1.75438110
-1.96000000 1.80834375
-1.94000000 1.86242454
-1.92000000 1.91686556
-1.90000000 1.97195969
-1.88000000 2.02799617
-1.86000000 2.08519965
-1.84000000 2.14366940
-1.82000000 2.20332624
-1.80000000 2.26387512
-1.78000000 2.32479037
-1.76000000 2.38532959
-1.74000000 2.44457866
-1.72000000 2.50152722
-1.70000000 2.55516863
-1.68000000 2.60461424
-1.66000000 2.64920718
-1.64000000 2.68861943
-1.62000000 2.72291524
-1.60000000 2.75256784
-1.58000000 2.77842182
-1.56000000 2.80160164
-1.54000000 2.82337557
-1.52000000 2.84499243
-1.50000000 2.86751439
-1.48000000 2.89167171
-1.46000000 2.91776301
-1.44000000 2.94561924
-1.42000000 2.97463920
-1.40000000 3.00389368
-1.38000000 3.03228316
-1.36000000 3.05872461
-1.34000000 3.08233687
-1.32000000 3.10259308
-1.30000000 3.11941309
-1.28000000 3.13317758
-1.26000000 3.14465873
-1.24000000 3.15487598
-1.22000000 3.16489891
-1.20000000 3.17562932
-1.18000000 3.18759965
-1.16000000 3.20082366
-1.14000000 3.21472809
-1.12000000 3.22818137
-1.10000000 3.23961925
-1.08000000 3.24725079
-1.06000000 3.24931342
-1.04000000 3.24433622
-1.02000000 3.23136757
-1.00000000 3.21012818
-0.98000000 3.18106222
-0.96000000 3.14527629
-0.94000000 3.10437512
-0.92000000 3.06022131
-0.90000000 3.01465949
-0.88000000 2.96925182
-0.86000000 2.92506966
-0.84000000 2.88257550
-0.82000000 2.84161275
-0.80000000 2.80150114
-0.78000000 2.76121618
-0.76000000 2.71961652
-0.74000000 2.67567564
-0.72000000 2.62867528
-0.70000000 2.57832743
-0.68000000 2.52480722
-0.66000000 2.46869713
-0.64000000 2.41086018
-0.62000000 2.35227251
-0.60000000 2.29385148
-0.58000000 2.23631335
-0.56000000 2.18008566
-0.54000000 2.12528600
-0.52000000 2.07176371
-0.50000000 2.01918843
-0.48000000 1.96716070
-0.46000000 1.91531833
-0.44000000 1.86341589
-0.42000000 1.81136374
-0.40000000 1.75922434
-0.38000000 1.70717378
-0.36000000 1.65544437
-0.34000000 1.60426668
-0.32000000 1.55382733
-0.30000000 1.50425245
-0.28000000 1.45561823
-0.26000000 1.40798148
-0.24000000 1.36141745
-0.22000000 1.31604968
-0.20000000 1.27205957
-0.18000000 1.22966863
-0.16000000 1.18909507
-0.14000000 1.15049375
-0.12000000 1.11389463
-0.10000000 1.07915648
-0.08000000 1.04595062
-0.06000000 1.01378316
-0.04000000 0.98205567
-0.02000000 0.95015526
0.00000000 0.91755797
0.02000000 0.88392517
0.04000000 0.84917340
0.06000000 0.81350267
0.08000000 0.77737621
0.10000000 0.74145421
0.12000000 0.70649307
0.14000000 0.67322856
0.16000000 0.64226406
0.18000000 0.61398407
0.20000000 0.58850778
0.22000000 0.56568998
0.24000000 0.54516702
0.26000000 0.52643771
0.28000000 0.50896263
0.30000000 0.49226262
0.32000000 0.47599857
0.34000000 0.46001849
0.36000000 0.44436513
0.38000000 0.42924485
0.40000000 0.41496576
0.42000000 0.40185857
0.44000000 0.39019600
0.46000000 0.38012622
0.48000000 0.37163230
0.50000000 0.36452437
0.52000000 0.35846461
0.54000000 0.35301934
0.56000000 0.34772767
0.58000000 0.34217370
0.60000000 0.33604943
0.62000000 0.32919766
0.64000000 0.32162837
0.66000000 0.31350735
0.68000000 0.30512025
0.70000000 0.29681984
0.72000000 0.28896607
0.74000000 0.28186955
0.76000000 0.27574714
0.78000000 0.27069617
0.80000000 0.26668969
0.82000000 0.26359168
0.84000000 0.26118808
0.86000000 0.25922708
0.88000000 0.25746142
0.90000000 0.25568580
0.92000000 0.25376404
0.94000000 0.25164252
0.96000000 0.24934927
0.98000000 0.24698008
1.00000000 0.24467491
1.02000000 0.24258908
1.04000000 0.24086419
1.06000000 0.23960312
1.08000000 0.23885277
1.10000000 0.23859663
1.12000000 0.23875762
1.14000000 0.23921024
1.16000000 0.23979935
1.18000000 0.24036244
1.20000000 0.24075145
1.22000000 0.24085079
1.24000000 0.24058893
1.26000000 0.23994207
1.28000000 0.23893027
1.30000000 0.23760724
1.32000000 0.23604657
1.34000000 0.23432725
1.36000000 0.23252152
1.38000000 0.23068694
1.40000000 0.22886372
1.42000000 0.22707688
1.44000000 0.22534154
1.46000000 0.22366926
1.48000000 0.22207302
1.50000000 0.22056921
1.52000000 0.21917582
1.54000000 0.21790751
1.56000000 0.21676910
1.58000000 0.21574959
1.60000000 0.21481912
1.62000000 0.21393002
1.64000000 0.21302262
1.66000000 0.21203455
1.68000000 0.21091155
1.70000000 0.20961705
1.72000000 0.20813793
1.74000000 0.20648471
1.76000000 0.20468571
1.78000000 0.20277648
1.80000000 0.20078686
1.82000000 0.19872886
1.84000000 0.19658867
1.86000000 0.19432498
1.88000000 0.19187446
1.90000000 0.18916356
1.92000000 0.18612409
1.94000000 0.18270925
1.96000000 0.17890638
1.98000000 0.17474354
2.00000000 0.17028837
2.02000000 0.16563944
2.04000000 0.16091185
2.06000000 0.15622018
2.08000000 0.15166232
2.10000000 0.14730736
2.12000000 0.14318964
2.14000000 0.13930954
2.16000000 0.13564034
2.18000000 0.13213867
2.20000000 0.12875629
2.22000000 0.12545010
2.24000000 0.12218869
2.26000000 0.11895442
2.28000000 0.11574137
2.30000000 0.11255043
2.32000000 0.10938341
2.34000000 0.10623815
2.36000000 0.10310580
2.38000000 0.09997129
2.40000000 0.09681628
2.42000000 0.09362406
2.44000000 0.09038455
2.46000000 0.08709825
2.48000000 0.08377799
2.50000000 0.08044793
2.52000000 0.07714019
2.54000000 0.07388991
2.56000000 0.07072967
2.58000000 0.06768486
2.60000000 0.06477052
2.62000000 0.06199033
2.64000000 0.05933781
2.66000000 0.05679898
2.68000000 0.05435604
2.70000000 0.05199112
2.72000000 0.04968938
2.74000000 0.04744123
2.76000000 0.04524333
2.78000000 0.04309859
2.80000000 0.04101549
2.82000000 0.03900685
2.84000000 0.03708843
2.86000000 0.03527742
2.88000000 0.03359079
2.90000000 0.03204361
2.92000000 0.03064714
2.94000000 0.02940696
2.96000000 0.02832129
2.98000000 0.02737968
3.00000000 0.02656271
3.02000000 0.02584261
3.04000000 0.02518530
3.06000000 0.02455340
3.08000000 0.02391018
3.10000000 0.02322371
3.12000000 0.02247068
3.14000000 0.02163912
3.16000000 0.02072978
3.18000000 0.01975554
3.20000000 0.01873933
3.22000000 0.01771058
3.24000000 0.01670089
3.26000000 0.01573966
3.28000000 0.01485037
3.30000000 0.01404792
3.32000000 0.01333762
3.34000000 0.01271564
3.36000000 0.01217086
3.38000000 0.01168758
3.40000000 0.01124864
3.42000000 0.01083830
3.44000000 0.01044437
3.46000000 0.01005940
3.48000000 0.00968075
3.50000000 0.00930964
3.52000000 0.00894963
3.54000000 0.00860472
3.56000000 0.00827765
3.58000000 0.00796865
3.60000000 0.00767495
3.62000000 0.00739097
3.64000000 0.00710926
3.66000000 0.00682180
3.68000000 0.00652146
3.70000000 0.00620327
3.72000000 0.00586529
3.74000000 0.00550892
3.76000000 0.00513861
3.78000000 0.00476110
3.80000000 0.00438441
3.82000000 0.00401662
3.84000000 0.00366490
3.86000000 0.00333476
3.88000000 0.00302968
3.90000000 0.00275108
3.92000000 0.00249862
3.94000000 0.00227071
3.96000000 0.00206497
3.98000000 0.00187878
