-6.00000000 -0.00001651
-5.98000000 -0.00001541
-5.96000000 -0.00001526
-5.94000000 -0.00001619
-5.92000000 -0.00001794
-5.90000000 -0.00001997
-5.88000000 -0.00002162
-5.86000000 -0.00002231
-5.84000000 -0.00002183
-5.82000000 -0.00002031
-5.80000000 -0.00001830
-5.78000000 -0.00001651
-5.76000000 -0.00001560
-5.74000000 -0.00001596
-5.72000000 -0.00001755
-5.70000000 -0.00001988
-5.68000000 -0.00002221
-5.66000000 -0.00002374
-5.64000000 -0.00002394
-5.62000000 -0.00002270
-5.60000000 -0.00002041
-5.58000000 -0.00001786
-5.56000000 -0.00001592
-5.54000000 -0.00001533
-5.52000000 -0.00001635
-5.50000000 -0.00001873
-5.48000000 -0.00002171
-5.46000000 -0.00002430
-5.44000000 -0.00002559
-5.42000000 -0.00002507
-5.40000000 -0.00002285
-5.38000000 -0.00001960
-5.36000000 -0.00001639
-5.34000000 -0.00001432
-5.32000000 -0.00001413
-5.30000000 -0.00001597
-5.28000000 -0.00001929
-5.26000000 -0.00002301
-5.24000000 -0.00002582
-5.22000000 -0.00002668
-5.20000000 -0.00002514
-5.18000000 -0.00002153
-5.16000000 -0.00001689
-5.14000000 -0.00001267
-5.12000000 -0.00001023
-5.10000000 -0.00001043
-5.08000000 -0.00001326
-5.06000000 -0.00001783
-5.04000000 -0.00002259
-5.02000000 -0.00002583
-5.00000000 -0.00002617
-4.98000000 -0.00002312
-4.96000000 -0.00001721
-4.94000000 -0.00000991
-4.92000000 -0.00000324
-4.90000000 0.00000086
-4.88000000 0.00000116
-4.86000000 -0.00000246
-4.84000000 -0.00000886
-4.82000000 -0.00001591
-4.80000000 -0.00002106
-4.78000000 -0.00002201
-4.76000000 -0.00001743
-4.74000000 -0.00000737
-4.72000000 0.00000664
-4.70000000 0.00002188
-4.68000000 0.00003504
-4.66000000 0.00004298
-4.64000000 0.00004346
-4.62000000 0.00003575
-4.60000000 0.00002108
-4.58000000 0.00000278
-4.56000000 -0.00001358
-4.54000000 -0.00002027
-4.52000000 -0.00000741
-4.50000000 0.00003684
-4.48000000 0.00012592
-4.46000000 0.00027414
-4.44000000 0.00049530
-4.42000000 0.00080077
-4.40000000 0.00119707
-4.38000000 0.00168321
-4.36000000 0.00224838
-4.34000000 0.00287063
-4.32000000 0.00351706
-4.30000000 0.00414616
-4.28000000 0.00471217
-4.26000000 0.00517143
-4.24000000 0.00548962
-4.22000000 0.00564890
-4.20000000 0.00565342
-4.18000000 0.00553176
-4.16000000 0.00533533
-4.14000000 0.00513224
-4.12000000 0.00499707
-4.10000000 0.00499803
-4.08000000 0.00518355
-4.06000000 0.00557106
-4.04000000 0.00614047
-4.02000000 0.00683465
-4.00000000 0.00756767
-3.98000000 0.00824032
-3.96000000 0.00876075
-3.94000000 0.00906659
-3.92000000 0.00914408
-3.90000000 0.00903974
-3.88000000 0.00886099
-3.86000000 0.00876414
-3.84000000 0.00893032
-3.82000000 0.00953300
-3.80000000 0.01070245
-3.78000000 0.01249424
-3.76000000 0.01486849
-3.74000000 0.01768536
-3.72000000 0.02071928
-3.70000000 0.02369106
-3.68000000 0.02631311
-3.66000000 0.02834029
-3.64000000 0.02961696
-3.62000000 0.03011104
-3.60000000 0.02992806
-3.58000000 0.02930129
-3.56000000 0.02855897
-3.54000000 0.02807347
-3.52000000 0.02820118
-3.50000000 0.02922356
-3.48000000 0.03129969
-3.46000000 0.03443861
-3.44000000 0.03849622
-3.42000000 0.04319708
-3.40000000 0.04817718
-3.38000000 0.05304052
-3.36000000 0.05742030
-3.34000000 0.06103544
-3.32000000 0.06373455
-3.30000000 0.06552177
-3.28000000 0.06656203
-3.26000000 0.06716630
-3.24000000 0.06775940
-3.22000000 0.06883490
-3.20000000 0.07090198
-3.18000000 0.07442973
-3.16000000 0.07979370
-3.14000000 0.08722966
-3.12000000 0.09679907
-3.10000000 0.10837057
-3.08000000 0.12162117
-3.06000000 0.13605982
-3.04000000 0.15107408
-3.02000000 0.16599794
-3.00000000 0.18019545
-2.98000000 0.19315156
-2.96000000 0.20455846
-2.94000000 0.21438446
-2.92000000 0.22291263
-2.90000000 0.23073935
-2.88000000 0.23872765
-2.86000000 0.24791695
-2.84000000 0.25939770
-2.82000000 0.27416629
-2.80000000 0.29298009
-2.78000000 0.31623431
-2.76000000 0.34388066
-2.74000000 0.37540296
-2.72000000 0.40985645
-2.70000000 0.44596866
-2.68000000 0.48228974
-2.66000000 0.51737257
-2.64000000 0.54995786
-2.62000000 0.57913828
-2.60000000 0.60447866
-2.58000000 0.62607558
-2.56000000 0.64454852
-2.54000000 0.66096468
-2.52000000 0.67670839
-2.50000000 0.69331339
-2.48000000 0.71228006
-2.46000000 0.73490034
-2.44000000 0.76211057
-2.42000000 0.79438770
-2.40000000 0.83169784
-2.38000000 0.87349997
-2.36000000 0.91880187
-2.34000000 0.96626086
-2.32000000 1.01431908
-2.30000000 1.06136098
-2.28000000 1.10587997
-2.26000000 1.14664054
-2.24000000 1.18282152
-2.22000000 1.21412673
-2.20000000 1.24084988
-2.18000000 1.26388267
-2.16000000 1.28465971
-2.14000000 1.30503928
-2.12000000 1.32712743
-2.10000000 1.35306061
-2.08000000 1.38477025
-2.06000000 1.42375753
-2.04000000 1.47090823
-2.02000000 1.52637431
-2.00000000 1.58954073
-1.98000000 1.65908460
-1.96000000 1.73312000
-1.94000000 1.80940909
-1.92000000 1.88560980
-1.90000000 1.95952555
-1.88000000 2.02932304
-1.86000000 2.09369070
-1.84000000 2.15192104
-1.82000000 2.20391335
-1.80000000 2.25010519
-1.78000000 2.29135131
-1.76000000 2.32877331
-1.74000000 2.36360421
-1.72000000 2.39704759
-1.70000000 2.43016454
-1.68000000 2.46379377
-1.66000000 2.49850392
-1.64000000 2.53457291
-1.62000000 2.57198840
-1.60000000 2.61046468
-1.58000000 2.64947440
-1.56000000 2.68829601
-1.54000000 2.72607908
-1.52000000 2.76192824
-1.50000000 2.79500292
-1.48000000 2.82462504
-1.46000000 2.85038140
-1.44000000 2.87220450
-1.42000000 2.89041488
-1.40000000 2.90571166
-1.38000000 2.91910508
-1.36000000 2.93179433
-1.34000000 2.94500413
-1.32000000 2.95980226
-1.30000000 2.97692551
-1.28000000 2.99664218
-1.26000000 3.01867515
-1.24000000 3.04220079
-1.22000000 3.06592763
-1.20000000 3.08824632
-1.18000000 3.10743124
-1.16000000 3.12186599
-1.14000000 3.13026096
-1.12000000 3.13183194
-1.10000000 3.12641394
-1.08000000 3.11449319
-1.06000000 3.09715149
-1.04000000 3.07592901
-1.02000000 3.05262283
-1.00000000 3.02904761
-0.98000000 3.00679069
-0.96000000 2.98699505
-0.94000000 2.97020132
-0.92000000 2.95627215
-0.90000000 2.94441187
-0.88000000 2.93328070
-0.86000000 2.92118930
-0.84000000 2.90634666
-0.82000000 2.88712551
-0.80000000 2.86230535
-0.78000000 2.83125540
-0.76000000 2.79402783
-0.74000000 2.75134531
-0.72000000 2.70448294
-0.70000000 2.65506212
-0.68000000 2.60478848
-0.66000000 2.55517575
-0.64000000 2.50730049
-0.62000000 2.46162863
-0.60000000 2.41794283
-0.58000000 2.37538401
-0.56000000 2.33260122
-0.54000000 2.28798618
-0.52000000 2.23995466
-0.50000000 2.18722850
-0.48000000 2.12907201
-0.46000000 2.06544317
-0.44000000 1.99703413
-0.42000000 1.92519333
-0.40000000 1.85174111
-0.38000000 1.77870823
-0.36000000 1.70803977
-0.34000000 1.64131301
-0.32000000 1.57951580
-0.30000000 1.52292240
-0.28000000 1.47108771
-0.26000000 1.42296087
-0.24000000 1.37709918
-0.22000000 1.33194602
-0.20000000 1.28612495
-0.18000000 1.23869964
-0.16000000 1.18935470
-0.14000000 1.13846625
-0.12000000 1.08705050
-0.10000000 1.03659998
-0.08000000 0.98883663
-0.06000000 0.94542517
-0.04000000 0.90769641
-0.02000000 0.87642708
-0.00000000 0.85171125
0.02000000 0.83294146
0.04000000 0.81889719
0.06000000 0.80792017
0.08000000 0.79814252
0.10000000 0.78772736
0.12000000 0.77508337
0.14000000 0.75902371
0.16000000 0.73885317
0.18000000 0.71438201
0.20000000 0.68587796
0.22000000 0.65397645
0.24000000 0.61957152
0.26000000 0.58370754
0.28000000 0.54748506
0.30000000 0.51198614
0.32000000 0.47821720
0.34000000 0.44706319
0.36000000 0.41924621
0.38000000 0.39528489
0.40000000 0.37545546
0.42000000 0.35976106
0.44000000 0.34791885
0.46000000 0.33937450
0.48000000 0.33335035
0.50000000 0.32892673
0.52000000 0.32514841
0.54000000 0.32114107
0.56000000 0.31621866
0.58000000 0.30996259
0.60000000 0.30225817
0.62000000 0.29328148
0.64000000 0.28343989
0.66000000 0.27327839
0.68000000 0.26337070
0.70000000 0.25421627
0.72000000 0.24616256
0.74000000 0.23936540
0.76000000 0.23379199
0.78000000 0.22926174
0.80000000 0.22551285
0.82000000 0.22227824
0.84000000 0.21935379
0.86000000 0.21664518
0.88000000 0.21418532
0.90000000 0.21212146
0.92000000 0.21067703
0.94000000 0.21009845
0.96000000 0.21059852
0.98000000 0.21230781
1.00000000 0.21524235
1.02000000 0.21929201
1.04000000 0.22422960
1.06000000 0.22973732
1.08000000 0.23544467
1.10000000 0.24097107
1.12000000 0.24596684
1.14000000 0.25014735
1.16000000 0.25331672
1.18000000 0.25537931
1.20000000 0.25633878
1.22000000 0.25628569
1.24000000 0.25537607
1.26000000 0.25380396
1.28000000 0.25177200
1.30000000 0.24946426
1.32000000 0.24702540
1.34000000 0.24454956
1.36000000 0.24208073
1.38000000 0.23962436
1.40000000 0.23716781
1.42000000 0.23470498
1.44000000 0.23225957
1.46000000 0.22990091
1.48000000 0.22774782
1.50000000 0.22595805
1.52000000 0.22470409
1.54000000 0.22413921
1.56000000 0.22436028
1.58000000 0.22537486
1.60000000 0.22708016
1.62000000 0.22925920
1.64000000 0.23159653
1.66000000 0.23371208
1.68000000 0.23520805
1.70000000 0.23572146
1.72000000 0.23497339
1.74000000 0.23280692
1.76000000 0.22920754
1.78000000 0.22430315
1.80000000 0.21834416
1.82000000 0.21166764
1.84000000 0.20465166
1.86000000 0.19766720
1.88000000 0.19103493
1.90000000 0.18499234
1.92000000 0.17967517
1.94000000 0.17511388
1.96000000 0.17124412
1.98000000 0.16792801
2.00000000 0.16498197
2.02000000 0.16220661
2.04000000 0.15941449
2.06000000 0.15645263
2.08000000 0.15321755
2.10000000 0.14966220
2.12000000 0.14579512
2.14000000 0.14167307
2.16000000 0.13738908
2.18000000 0.13305790
2.20000000 0.12880114
2.22000000 0.12473377
2.24000000 0.12095335
2.26000000 0.11753269
2.28000000 0.11451618
2.30000000 0.11191935
2.32000000 0.10973093
2.34000000 0.10791662
2.36000000 0.10642366
2.38000000 0.10518543
2.40000000 0.10412592
2.42000000 0.10316383
2.44000000 0.10221641
2.46000000 0.10120341
2.48000000 0.10005109
2.50000000 0.09869640
2.52000000 0.09709093
2.54000000 0.09520420
2.56000000 0.09302573
2.58000000 0.09056524
2.60000000 0.08785095
2.62000000 0.08492577
2.64000000 0.08184209
2.66000000 0.07865581
2.68000000 0.07542059
2.70000000 0.07218318
2.72000000 0.06898049
2.74000000 0.06583879
2.76000000 0.06277467
2.78000000 0.05979737
2.80000000 0.05691178
2.82000000 0.05412109
2.84000000 0.05142864
2.86000000 0.04883851
2.88000000 0.04635490
2.90000000 0.04398054
2.92000000 0.04171478
2.94000000 0.03955201
2.96000000 0.03748075
2.98000000 0.03548409
3.00000000 0.03354122
3.02000000 0.03163005
3.04000000 0.02973056
3.06000000 0.02782815
3.08000000 0.02591664
3.10000000 0.02400038
3.12000000 0.02209497
3.14000000 0.02022660
3.16000000 0.01842969
3.18000000 0.01674330
3.20000000 0.01520625
3.22000000 0.01385187
3.24000000 0.01270272
3.26000000 0.01176622
3.28000000 0.01103194
3.30000000 0.01047115
3.32000000 0.01003904
3.34000000 0.00967963
3.36000000 0.00933278
3.38000000 0.00894247
3.40000000 0.00846501
3.42000000 0.00787571
3.44000000 0.00717289
3.46000000 0.00637822
3.48000000 0.00553319
3.50000000 0.00469227
3.52000000 0.00391382
3.54000000 0.00325040
3.56000000 0.00274023
3.58000000 0.00240143
3.60000000 0.00222987
3.62000000 0.00220108
3.64000000 0.00227558
3.66000000 0.00240640
3.68000000 0.00254737
3.70000000 0.00266027
3.72000000 0.00271981
3.74000000 0.00271548
3.76000000 0.00265037
3.78000000 0.00253750
3.80000000 0.00239477
3.82000000 0.00223983
3.84000000 0.00208597
3.86000000 0.00193987
3.88000000 0.00180137
3.90000000 0.00166509
3.92000000 0.00152329
3.94000000 0.00136892
3.96000000 0.00119834
3.98000000 0.00101287
4.00000000 0.00081903
4.02000000 0.00062754
4.04000000 0.00045147
4.06000000 0.00030401
4.08000000 0.00019635
4.10000000 0.00013616
4.12000000 0.00012666
4.14000000 0.00016646
4.16000000 0.00024997
4.18000000 0.00036809
4.20000000 0.00050912
4.22000000 0.00065976
4.24000000 0.00080605
4.26000000 0.00093441
4.28000000 0.00103272
4.30000000 0.00109141
4.32000000 0.00110449
4.34000000 0.00107035
4.36000000 0.00099207
4.38000000 0.00087724
4.40000000 0.00073701
4.42000000 0.00058473
4.44000000 0.00043407
4.46000000 0.00029719
4.48000000 0.00018317
4.50000000 0.00009706
4.52000000 0.00003957
4.54000000 0.00000765
4.56000000 -0.00000442
4.58000000 -0.00000364
4.60000000 0.00000322
4.62000000 0.00001069
4.64000000 0.00001531
4.66000000 0.00001571
4.68000000 0.00001229
4.70000000 0.00000649
4.72000000 0.00000013
4.74000000 -0.00000527
4.76000000 -0.00000886
4.78000000 -0.00001055
4.80000000 -0.00001083
4.82000000 -0.00001049
4.84000000 -0.00001028
4.86000000 -0.00001069
4.88000000 -0.00001182
4.90000000 -0.00001348
4.92000000 -0.00001526
4.94000000 -0.00001681
4.96000000 -0.00001787
4.98000000 -0.00001843
5.00000000 -0.00001863
5.02000000 -0.00001871
5.04000000 -0.00001891
5.06000000 -0.00001933
5.08000000 -0.00001995
5.10000000 -0.00002065
5.12000000 -0.00002124
5.14000000 -0.00002159
5.16000000 -0.00002164
5.18000000 -0.00002146
5.20000000 -0.00002119
5.22000000 -0.00002101
5.24000000 -0.00002102
5.26000000 -0.00002126
5.28000000 -0.00002166
5.30000000 -0.00002207
5.32000000 -0.00002235
5.34000000 -0.00002239
5.36000000 -0.00002217
5.38000000 -0.00002177
5.40000000 -0.00002134
5.42000000 -0.00002103
5.44000000 -0.00002094
5.46000000 -0.00002110
5.48000000 -0.00002143
5.50000000 -0.00002178
5.52000000 -0.00002200
5.54000000 -0.00002197
5.56000000 -0.00002167
5.58000000 -0.00002116
5.60000000 -0.00002059
5.62000000 -0.00002010
5.64000000 -0.00001984
5.66000000 -0.00001983
5.68000000 -0.00002005
5.70000000 -0.00002036
5.72000000 -0.00002062
5.74000000 -0.00002068
5.76000000 -0.00002048
5.78000000 -0.00002007
5.80000000 -0.00001953
5.82000000 -0.00001903
5.84000000 -0.00001869
5.86000000 -0.00001859
5.88000000 -0.00001871
5.90000000 -0.00001898
5.92000000 -0.00001924
5.94000000 -0.00001936
5.96000000 -0.00001926
5.98000000 -0.00001892
