-6.00000000 -0.00000160
-5.98000000 -0.00000309
-5.96000000 -0.00000595
-5.94000000 -0.00000923
-5.92000000 -0.00001177
-5.90000000 -0.00001266
-5.88000000 -0.00001152
-5.86000000 -0.00000868
-5.84000000 -0.00000510
-5.82000000 -0.00000201
-5.80000000 -0.00000055
-5.78000000 -0.00000131
-5.76000000 -0.00000411
-5.74000000 -0.00000804
-5.72000000 -0.00001176
-5.70000000 -0.00001393
-5.68000000 -0.00001371
-5.66000000 -0.00001109
-5.64000000 -0.00000688
-5.62000000 -0.00000253
-5.60000000 0.00000044
-5.58000000 0.00000089
-5.56000000 -0.00000144
-5.54000000 -0.00000586
-5.52000000 -0.00001088
-5.50000000 -0.00001474
-5.48000000 -0.00001601
-5.46000000 -0.00001409
-5.44000000 -0.00000952
-5.42000000 -0.00000377
-5.40000000 0.00000117
-5.38000000 0.00000353
-5.36000000 0.00000235
-5.34000000 -0.00000211
-5.32000000 -0.00000840
-5.30000000 -0.00001434
-5.28000000 -0.00001777
-5.26000000 -0.00001728
-5.24000000 -0.00001279
-5.22000000 -0.00000563
-5.20000000 0.00000187
-5.18000000 0.00000709
-5.16000000 0.00000812
-5.14000000 0.00000440
-5.12000000 -0.00000295
-5.10000000 -0.00001147
-5.08000000 -0.00001811
-5.06000000 -0.00002029
-5.04000000 -0.00001685
-5.02000000 -0.00000853
-5.00000000 0.00000216
-4.98000000 0.00001171
-4.96000000 0.00001676
-4.94000000 0.00001535
-4.92000000 0.00000764
-4.90000000 -0.00000396
-4.88000000 -0.00001545
-4.86000000 -0.00002257
-4.84000000 -0.00002219
-4.82000000 -0.00001358
-4.80000000 0.00000122
-4.78000000 0.00001784
-4.76000000 0.00003090
-4.74000000 0.00003573
-4.72000000 0.00003011
-4.70000000 0.00001520
-4.68000000 -0.00000449
-4.66000000 -0.00002221
-4.64000000 -0.00003102
-4.62000000 -0.00002602
-4.60000000 -0.00000616
-4.58000000 0.00002490
-4.56000000 0.00005932
-4.54000000 0.00008693
-4.52000000 0.00009792
-4.50000000 0.00008590
-4.48000000 0.00005040
-4.46000000 -0.00000158
-4.44000000 -0.00005542
-4.42000000 -0.00009010
-4.40000000 -0.00008064
-4.38000000 -0.00000117
-4.36000000 0.00017155
-4.34000000 0.00045463
-4.32000000 0.00085587
-4.30000000 0.00137093
-4.28000000 0.00198141
-4.26000000 0.00265390
-4.24000000 0.00334088
-4.22000000 0.00398367
-4.20000000 0.00451806
-4.18000000 0.00488231
-4.16000000 0.00502692
-4.14000000 0.00492473
-4.12000000 0.00457951
-4.10000000 0.00403095
-4.08000000 0.00335447
-4.06000000 0.00265490
-4.04000000 0.00205463
-4.02000000 0.00167755
-4.00000000 0.00163178
-3.98000000 0.00199405
-3.96000000 0.00279861
-3.94000000 0.00403267
-3.92000000 0.00563866
-3.90000000 0.00752250
-3.88000000 0.00956568
-3.86000000 0.01163847
-3.84000000 0.01361192
-3.82000000 0.01536719
-3.80000000 0.01680196
-3.78000000 0.01783482
-3.76000000 0.01840910
-3.74000000 0.01849768
-3.72000000 0.01810902
-3.70000000 0.01729396
-3.68000000 0.01615082
-3.66000000 0.01482640
-3.64000000 0.01351010
-3.62000000 0.01241995
-3.60000000 0.01178143
-3.58000000 0.01180195
-3.56000000 0.01264586
-3.54000000 0.01441549
-3.52000000 0.01714271
-3.50000000 0.02079330
-3.48000000 0.02528335
-3.46000000 0.03050349
-3.44000000 0.03634451
-3.42000000 0.04271746
-3.40000000 0.04956231
-3.38000000 0.05684286
-3.36000000 0.06452917
-3.34000000 0.07257314
-3.32000000 0.08088515
-3.30000000 0.08932019
-3.28000000 0.09767980
-3.26000000 0.10573208
-3.24000000 0.11324696
-3.22000000 0.12003942
-3.20000000 0.12601046
-3.18000000 0.13117558
-3.16000000 0.13567310
-3.14000000 0.13974941
-3.12000000 0.14372416
-3.10000000 0.14794290
-3.08000000 0.15272788
-3.06000000 0.15833734
-3.04000000 0.16494091
-3.02000000 0.17261360
-3.00000000 0.18134576
-2.98000000 0.19106208
-2.96000000 0.20164111
-2.94000000 0.21292841
-2.92000000 0.22474003
-2.90000000 0.23685867
-2.88000000 0.24902927
-2.86000000 0.26096354
-2.84000000 0.27236162
-2.82000000 0.28295491
-2.80000000 0.29256684
-2.78000000 0.30118115
-2.76000000 0.30900112
-2.74000000 0.31648163
-2.72000000 0.32431888
-2.70000000 0.33339045
-2.68000000 0.34464969
-2.66000000 0.35898971
-2.64000000 0.37710208
-2.62000000 0.39935889
-2.60000000 0.42574474
-2.58000000 0.45585632
-2.56000000 0.48897340
-2.54000000 0.52418999
-2.52000000 0.56058091
-2.50000000 0.59737078
-2.48000000 0.63407128
-2.46000000 0.67055903
-2.44000000 0.70707860
-2.42000000 0.74417130
-2.40000000 0.78254514
-2.38000000 0.82291321
-2.36000000 0.86583280
-2.34000000 0.91157612
-2.32000000 0.96005510
-2.30000000 1.01081129
-2.28000000 1.06306845
-2.26000000 1.11583453
-2.24000000 1.16803263
-2.22000000 1.21863846
-2.20000000 1.26680437
-2.18000000 1.31195576
-2.16000000 1.35385259
-2.14000000 1.39261462
-2.12000000 1.42871305
-2.10000000 1.46293273
-2.08000000 1.49630864
-2.06000000 1.53003940
-2.04000000 1.56538043
-2.02000000 1.60352061
-2.00000000 1.64544998
-1.98000000 1.69183041
-1.96000000 1.74288560
-1.94000000 1.79832885
-1.92000000 1.85734601
-1.90000000 1.91864501
-1.88000000 1.98057436
-1.86000000 2.04130067
-1.84000000 2.09902411
-1.82000000 2.15220155
-1.80000000 2.19974330
-1.78000000 2.24115232
-1.76000000 2.27658327
-1.74000000 2.30681236
-1.72000000 2.33312453
-1.70000000 2.35713818
-1.68000000 2.38059816
-1.66000000 2.40517071
-1.64000000 2.43227149
-1.62000000 2.46294840
-1.60000000 2.49782873
-1.58000000 2.53712688
-1.56000000 2.58069820
-1.54000000 2.62811831
-1.52000000 2.67876682
-1.50000000 2.73189839
-1.48000000 2.78669219
-1.46000000 2.84227923
-1.44000000 2.89775421
-1.42000000 2.95218252
-1.40000000 3.00461227
-1.38000000 3.05409805
-1.36000000 3.09973655
-1.34000000 3.14070915
-1.32000000 3.17632250
-1.30000000 3.20603823
-1.28000000 3.22948589
-1.26000000 3.24645914
-1.24000000 3.25690098
-1.22000000 3.26088824
-1.20000000 3.25862604
-1.18000000 3.25045920
-1.16000000 3.23690026
-1.14000000 3.21866456
-1.12000000 3.19669525
-1.10000000 3.17215762
-1.08000000 3.14638454
-1.06000000 3.12076480
-1.04000000 3.09658020
-1.02000000 3.07481418
-1.00000000 3.05596842
-0.98000000 3.03993064
-0.96000000 3.02593399
-0.94000000 3.01263400
-0.92000000 2.99830614
-0.90000000 2.98113992
-0.88000000 2.95957958
-0.86000000 2.93264508
-0.84000000 2.90016311
-0.82000000 2.86285069
-0.80000000 2.82222068
-0.78000000 2.78031475
-0.76000000 2.73930756
-0.74000000 2.70105675
-0.72000000 2.66669017
-0.70000000 2.63631875
-0.68000000 2.60894135
-0.66000000 2.58256988
-0.64000000 2.55455754
-0.62000000 2.52206980
-0.60000000 2.48260625
-0.58000000 2.43446968
-0.56000000 2.37708829
-0.54000000 2.31112750
-0.52000000 2.23837119
-0.50000000 2.16140007
-0.48000000 2.08313576
-0.46000000 2.00634492
-0.44000000 1.93320257
-0.42000000 1.86499765
-0.40000000 1.80203017
-0.38000000 1.74370740
-0.36000000 1.68880462
-0.34000000 1.63582389
-0.32000000 1.58336892
-0.30000000 1.53045673
-0.28000000 1.47670692
-0.26000000 1.42238020
-0.24000000 1.36827282
-0.22000000 1.31550343
-0.20000000 1.26524858
-0.18000000 1.21848836
-0.16000000 1.17581499
-0.14000000 1.13733814
-0.12000000 1.10269587
-0.10000000 1.07115712
-0.08000000 1.04178362
-0.06000000 1.01361117
-0.04000000 0.98581148
-0.02000000 0.95780584
-0.00000000 0.92931584
0.02000000 0.90035193
0.04000000 0.87115247
0.06000000 0.84209368
0.08000000 0.81359182
0.10000000 0.78601615
0.12000000 0.75962449
0.14000000 0.73452649
0.16000000 0.71067376
0.18000000 0.68787246
0.20000000 0.66581261
0.22000000 0.64410891
0.24000000 0.62234886
0.26000000 0.60014466
0.28000000 0.57718541
0.30000000 0.55328479
0.32000000 0.52841876
0.34000000 0.50274680
0.36000000 0.47661140
0.38000000 0.45051294
0.40000000 0.42506106
0.42000000 0.40090830
0.44000000 0.37867551
0.46000000 0.35888081
0.48000000 0.34188377
0.50000000 0.32785313
0.52000000 0.31676219
0.54000000 0.30840986
0.56000000 0.30246060
0.58000000 0.29849359
0.60000000 0.29605046
0.62000000 0.29467352
0.64000000 0.29393016
0.66000000 0.29342366
0.68000000 0.29279494
0.70000000 0.29172177
0.72000000 0.28992175
0.74000000 0.28716331
0.76000000 0.28328454
0.78000000 0.27821631
0.80000000 0.27200260
0.82000000 0.26481032
0.84000000 0.25692226
0.86000000 0.24871032
0.88000000 0.24059129
0.90000000 0.23297172
0.92000000 0.22619219
0.94000000 0.22048200
0.96000000 0.21593389
0.98000000 0.21250419
1.00000000 0.21003846
1.02000000 0.20831715
1.04000000 0.20711143
1.06000000 0.20623707
1.08000000 0.20559519
1.10000000 0.20519141
1.12000000 0.20513005
1.14000000 0.20558533
1.16000000 0.20675650
1.18000000 0.20881668
1.20000000 0.21186622
1.22000000 0.21589972
1.24000000 0.22079241
1.26000000 0.22630748
1.28000000 0.23212139
1.30000000 0.23786121
1.32000000 0.24314642
1.34000000 0.24762772
1.36000000 0.25101742
1.38000000 0.25310851
1.40000000 0.25378259
1.42000000 0.25300888
1.44000000 0.25083793
1.46000000 0.24739333
1.48000000 0.24286358
1.50000000 0.23749458
1.52000000 0.23158106
1.54000000 0.22545476
1.56000000 0.21946657
1.58000000 0.21396140
1.60000000 0.20924635
1.62000000 0.20555539
1.64000000 0.20301585
1.66000000 0.20162320
1.68000000 0.20123046
1.70000000 0.20155682
1.72000000 0.20221685
1.74000000 0.20276820
1.76000000 0.20277149
1.78000000 0.20185358
1.80000000 0.19976389
1.82000000 0.19641411
1.84000000 0.19189415
1.86000000 0.18646094
1.88000000 0.18050171
1.90000000 0.17447740
1.92000000 0.16885547
1.94000000 0.16404319
1.96000000 0.16033180
1.98000000 0.15786006
2.00000000 0.15660181
2.02000000 0.15637824
2.04000000 0.15689084
2.06000000 0.15776858
2.08000000 0.15862047
2.10000000 0.15908499
2.12000000 0.15886931
2.14000000 0.15777376
2.16000000 0.15570007
2.18000000 0.15264507
2.20000000 0.14868345
2.22000000 0.14394477
2.24000000 0.13858954
2.26000000 0.13278862
2.28000000 0.12670827
2.30000000 0.12050164
2.32000000 0.11430559
2.34000000 0.10824097
2.36000000 0.10241392
2.38000000 0.09691621
2.40000000 0.09182361
2.42000000 0.08719205
2.44000000 0.08305271
2.46000000 0.07940766
2.48000000 0.07622769
2.50000000 0.07345380
2.52000000 0.07100286
2.54000000 0.06877701
2.56000000 0.06667529
2.58000000 0.06460575
2.60000000 0.06249562
2.62000000 0.06029797
2.64000000 0.05799382
2.66000000 0.05558976
2.68000000 0.05311207
2.70000000 0.05059916
2.72000000 0.04809405
2.74000000 0.04563874
2.76000000 0.04327129
2.78000000 0.04102556
2.80000000 0.03893279
2.82000000 0.03702327
2.84000000 0.03532671
2.86000000 0.03386986
2.88000000 0.03267119
2.90000000 0.03173329
2.92000000 0.03103493
2.94000000 0.03052506
2.96000000 0.03012126
2.98000000 0.02971435
3.00000000 0.02917961
3.02000000 0.02839363
3.04000000 0.02725404
3.06000000 0.02569853
3.08000000 0.02371929
3.10000000 0.02136946
3.12000000 0.01875968
3.14000000 0.01604461
3.16000000 0.01340155
3.18000000 0.01100469
3.20000000 0.00899964
3.22000000 0.00748282
3.24000000 0.00648934
3.26000000 0.00599125
3.28000000 0.00590616
3.30000000 0.00611396
3.32000000 0.00647825
3.34000000 0.00686823
3.36000000 0.00717708
3.38000000 0.00733407
3.40000000 0.00730875
3.42000000 0.00710780
3.44000000 0.00676607
3.46000000 0.00633443
3.48000000 0.00586725
3.50000000 0.00541202
3.52000000 0.00500258
3.54000000 0.00465651
3.56000000 0.00437626
3.58000000 0.00415281
3.60000000 0.00397045
3.62000000 0.00381137
3.64000000 0.00365910
3.66000000 0.00350046
3.68000000 0.00332611
3.70000000 0.00313023
3.72000000 0.00290987
3.74000000 0.00266437
3.76000000 0.00239529
3.78000000 0.00210650
3.80000000 0.00180448
3.82000000 0.00149829
3.84000000 0.00119907
3.86000000 0.00091891
3.88000000 0.00066932
3.90000000 0.00045951
3.92000000 0.00029497
3.94000000 0.00017665
3.96000000 0.00010095
3.98000000 0.00006058
4.00000000 0.00004596
4.02000000 0.00004702
4.04000000 0.00005475
4.06000000 0.00006243
4.08000000 0.00006614
4.10000000 0.00006466
4.12000000 0.00005880
4.14000000 0.00005052
4.16000000 0.00004198
4.18000000 0.00003487
4.20000000 0.00003000
4.22000000 0.00002731
4.24000000 0.00002612
4.26000000 0.00002551
4.28000000 0.00002466
4.30000000 0.00002311
4.32000000 0.00002082
4.34000000 0.00001806
4.36000000 0.00001527
4.38000000 0.00001284
4.40000000 0.00001096
4.42000000 0.00000965
4.44000000 0.00000873
4.46000000 0.00000794
4.48000000 0.00000706
4.50000000 0.00000597
4.52000000 0.00000469
4.54000000 0.00000334
4.56000000 0.00000206
4.58000000 0.00000097
4.60000000 0.00000013
4.62000000 -0.00000052
4.64000000 -0.00000106
4.66000000 -0.00000161
4.68000000 -0.00000223
4.70000000 -0.00000295
4.72000000 -0.00000372
4.74000000 -0.00000446
4.76000000 -0.00000509
4.78000000 -0.00000557
4.80000000 -0.00000589
4.82000000 -0.00000612
4.84000000 -0.00000633
4.86000000 -0.00000658
4.88000000 -0.00000692
4.90000000 -0.00000733
4.92000000 -0.00000778
4.94000000 -0.00000819
4.96000000 -0.00000850
4.98000000 -0.00000871
5.00000000 -0.00000881
5.02000000 -0.00000887
5.04000000 -0.00000892
5.06000000 -0.00000903
5.08000000 -0.00000921
5.10000000 -0.00000944
5.12000000 -0.00000966
5.14000000 -0.00000984
5.16000000 -0.00000992
5.18000000 -0.00000990
5.20000000 -0.00000978
5.22000000 -0.00000963
5.24000000 -0.00000950
5.26000000 -0.00000943
5.28000000 -0.00000944
5.30000000 -0.00000951
5.32000000 -0.00000961
5.34000000 -0.00000968
5.36000000 -0.00000968
5.38000000 -0.00000962
5.40000000 -0.00000950
5.42000000 -0.00000936
5.44000000 -0.00000925
5.46000000 -0.00000919
5.48000000 -0.00000921
5.50000000 -0.00000927
5.52000000 -0.00000935
5.54000000 -0.00000940
5.56000000 -0.00000939
5.58000000 -0.00000930
5.60000000 -0.00000916
5.62000000 -0.00000900
5.64000000 -0.00000887
5.66000000 -0.00000879
5.68000000 -0.00000878
5.70000000 -0.00000883
5.72000000 -0.00000889
5.74000000 -0.00000893
5.76000000 -0.00000891
5.78000000 -0.00000881
5.80000000 -0.00000866
5.82000000 -0.00000848
5.84000000 -0.00000833
5.86000000 -0.00000823
5.88000000 -0.00000819
5.90000000 -0.00000822
5.92000000 -0.00000827
5.94000000 -0.00000830
5.96000000 -0.00000828
5.98000000 -0.00000819
