-4.000000000 0.001558517
-3.980000000 0.001887907
-3.960000000 0.002246763
-3.940000000 0.002637330
-3.920000000 0.003061913
-3.900000000 0.003522880
-3.880000000 0.004022733
-3.860000000 0.004564073
-3.840000000 0.005149680
-3.820000000 0.005782517
-3.800000000 0.006465780
-3.780000000 0.007202823
-3.760000000 0.007997190
-3.740000000 0.008852490
-3.720000000 0.009772367
-3.700000000 0.010760447
-3.680000000 0.011820297
-3.660000000 0.012955463
-3.640000000 0.014169493
-3.620000000 0.015466053
-3.600000000 0.016848997
-3.580000000 0.018322467
-3.560000000 0.019890913
-3.540000000 0.021559123
-3.520000000 0.023332160
-3.500000000 0.025215320
-3.480000000 0.027214100
-3.460000000 0.029334213
-3.440000000 0.031581730
-3.420000000 0.033963287
-3.400000000 0.036486440
-3.380000000 0.039160093
-3.360000000 0.041994907
-3.340000000 0.045003650
-3.320000000 0.048201373
-3.300000000 0.051605400
-3.280000000 0.055235000
-3.260000000 0.059110873
-3.240000000 0.063254420
-3.220000000 0.067686907
-3.200000000 0.072428760
-3.180000000 0.077498930
-3.160000000 0.082914643
-3.140000000 0.088691407
-3.120000000 0.094843420
-3.100000000 0.101384237
-3.080000000 0.108327583
-3.060000000 0.115688180
-3.040000000 0.123482433
-3.020000000 0.131728853
-3.000000000 0.140448200
-2.980000000 0.149663250
-2.960000000 0.159398420
-2.940000000 0.169679190
-2.920000000 0.180531670
-2.900000000 0.191982247
-2.880000000 0.204057470
-2.860000000 0.216784200
-2.840000000 0.230189867
-2.820000000 0.244302760
-2.800000000 0.259152207
-2.780000000 0.274768447
-2.760000000 0.291182223
-2.740000000 0.308424060
-2.720000000 0.326523323
-2.700000000 0.345507387
-2.680000000 0.365400943
-2.660000000 0.386225807
-2.640000000 0.408001260
-2.620000000 0.430744907
-2.600000000 0.454473980
-2.580000000 0.479206673
-2.560000000 0.504963370
-2.540000000 0.531767250
-2.520000000 0.559644137
-2.500000000 0.588621507
-2.480000000 0.618726620
-2.460000000 0.649984233
-2.440000000 0.682414050
-2.420000000 0.716028550
-2.400000000 0.750831423
-2.380000000 0.786817010
-2.360000000 0.823970733
-2.340000000 0.862270493
-2.320000000 0.901688713
-2.300000000 0.942194707
-2.280000000 0.983756933
-2.260000000 1.026344863
-2.240000000 1.069930223
-2.220000000 1.114487533
-2.200000000 1.159994023
-2.180000000 1.206429070
-2.160000000 1.253773303
-2.140000000 1.302007547
-2.120000000 1.351111700
-2.100000000 1.401063580
-2.080000000 1.451837757
-2.060000000 1.503404287
-2.040000000 1.555727520
-2.020000000 1.608764963
-2.000000000 1.662466353
-1.980000000 1.716773183
-1.960000000 1.771618653
-1.940000000 1.826928267
-1.920000000 1.882620777
-1.900000000 1.938609417
-1.880000000 1.994802993
-1.860000000 2.051106570
-1.840000000 2.107421447
-1.820000000 2.163644370
-1.800000000 2.219666163
-1.780000000 2.275369997
-1.760000000 2.330629993
-1.740000000 2.385310527
-1.720000000 2.439266837
-1.700000000 2.492347077
-1.680000000 2.544395817
-1.660000000 2.595258563
-1.640000000 2.644786790
-1.620000000 2.692842660
-1.600000000 2.739302853
-1.580000000 2.784060997
-1.560000000 2.827028483
-1.540000000 2.868133887
-1.520000000 2.907321270
-1.500000000 2.944547877
-1.480000000 2.979781800
-1.460000000 3.012999783
-1.440000000 3.044185307
-1.420000000 3.073326843
-1.400000000 3.100415867
-1.380000000 3.125444423
-1.360000000 3.148402077
-1.340000000 3.169272300
-1.320000000 3.188028917
-1.300000000 3.204633090
-1.280000000 3.219031817
-1.260000000 3.231158567
-1.240000000 3.240936387
-1.220000000 3.248283427
-1.200000000 3.253120183
-1.180000000 3.255377397
-1.160000000 3.255003280
-1.140000000 3.251968703
-1.120000000 3.246269500
-1.100000000 3.237925400
-1.080000000 3.226975847
-1.060000000 3.213473697
-1.040000000 3.197477997
-1.020000000 3.179047423
-1.000000000 3.158235597
-0.980000000 3.135089173
-0.960000000 3.109648783
-0.940000000 3.081952557
-0.920000000 3.052041047
-0.900000000 3.019962483
-0.880000000 2.985777133
-0.860000000 2.949559823
-0.840000000 2.911400357
-0.820000000 2.871401897
-0.800000000 2.829677960
-0.780000000 2.786348873
-0.760000000 2.741538593
-0.740000000 2.695372367
-0.720000000 2.647975663
-0.700000000 2.599473997
-0.680000000 2.549993257
-0.660000000 2.499659787
-0.640000000 2.448599683
-0.620000000 2.396936980
-0.600000000 2.344790737
-0.580000000 2.292271580
-0.560000000 2.239478433
-0.540000000 2.186496220
-0.520000000 2.133395363
-0.500000000 2.080233383
-0.480000000 2.027058567
-0.460000000 1.973915120
-0.440000000 1.920848923
-0.420000000 1.867912770
-0.400000000 1.815170103
-0.380000000 1.762696457
-0.360000000 1.710578407
-0.340000000 1.658910097
-0.320000000 1.607788183
-0.300000000 1.557305980
-0.280000000 1.507547997
-0.260000000 1.458585720
-0.240000000 1.410475330
-0.220000000 1.363257597
-0.200000000 1.316959703
-0.180000000 1.271598587
-0.160000000 1.227184993
-0.140000000 1.183727447
-0.120000000 1.141235537
-0.100000000 1.099721960
-0.080000000 1.059203233
-0.060000000 1.019699140
-0.040000000 0.981231250
-0.020000000 0.943820963
0.000000000 0.907487597
0.020000000 0.872246873
0.040000000 0.838110160
0.060000000 0.805084463
0.080000000 0.773173110
0.100000000 0.742376960
0.120000000 0.712695733
0.140000000 0.684129213
0.160000000 0.656677977
0.180000000 0.630343560
0.200000000 0.605127957
0.220000000 0.581032520
0.240000000 0.558056543
0.260000000 0.536195740
0.280000000 0.515440880
0.300000000 0.495776890
0.320000000 0.477182553
0.340000000 0.459630817
0.360000000 0.443089703
0.380000000 0.427523610
0.400000000 0.412894723
0.420000000 0.399164410
0.440000000 0.386294213
0.460000000 0.374246520
0.480000000 0.362984720
0.500000000 0.352473013
0.520000000 0.342676040
0.540000000 0.333558450
0.560000000 0.325084707
0.580000000 0.317219107
0.600000000 0.309926170
0.620000000 0.303171257
0.640000000 0.296921333
0.660000000 0.291145673
0.680000000 0.285816380
0.700000000 0.280908533
0.720000000 0.276399983
0.740000000 0.272270817
0.760000000 0.268502523
0.780000000 0.265077143
0.800000000 0.261976433
0.820000000 0.259181247
0.840000000 0.256671227
0.860000000 0.254424763
0.880000000 0.252419227
0.900000000 0.250631423
0.920000000 0.249038080
0.940000000 0.247616350
0.960000000 0.246344297
0.980000000 0.245201167
1.000000000 0.244167657
1.020000000 0.243226033
1.040000000 0.242360177
1.060000000 0.241555570
1.080000000 0.240799233
1.100000000 0.240079637
1.120000000 0.239386460
1.140000000 0.238710427
1.160000000 0.238042973
1.180000000 0.237375973
1.200000000 0.236701427
1.220000000 0.236011303
1.240000000 0.235297363
1.260000000 0.234551213
1.280000000 0.233764393
1.300000000 0.232928610
1.320000000 0.232035973
1.340000000 0.231079237
1.360000000 0.230051990
1.380000000 0.228948723
1.400000000 0.227764867
1.420000000 0.226496717
1.440000000 0.225141327
1.460000000 0.223696420
1.480000000 0.222160333
1.500000000 0.220532017
1.520000000 0.218811073
1.540000000 0.216997847
1.560000000 0.215093507
1.580000000 0.213100073
1.600000000 0.211020350
1.620000000 0.208857837
1.640000000 0.206616487
1.660000000 0.204300427
1.680000000 0.201913683
1.700000000 0.199459903
1.720000000 0.196942167
1.740000000 0.194362843
1.760000000 0.191723620
1.780000000 0.189025573
1.800000000 0.186269337
1.820000000 0.183455293
1.840000000 0.180583837
1.860000000 0.177655553
1.880000000 0.174671440
1.900000000 0.171633000
1.920000000 0.168542353
1.940000000 0.165402270
1.960000000 0.162216160
1.980000000 0.158988050
2.000000000 0.155722530
2.020000000 0.152424643
2.040000000 0.149099837
2.060000000 0.145753823
2.080000000 0.142392507
2.100000000 0.139021843
2.120000000 0.135647757
2.140000000 0.132276007
2.160000000 0.128912113
2.180000000 0.125561253
2.200000000 0.122228180
2.220000000 0.118917213
2.240000000 0.115632153
2.260000000 0.112376333
2.280000000 0.109152597
2.300000000 0.105963397
2.320000000 0.102810827
2.340000000 0.099696730
2.360000000 0.096622807
2.380000000 0.093590673
2.400000000 0.090602000
2.420000000 0.087658500
2.440000000 0.084762027
2.460000000 0.081914517
2.480000000 0.079117990
2.500000000 0.076374460
2.520000000 0.073685867
2.540000000 0.071053990
2.560000000 0.068480357
2.580000000 0.065966183
2.600000000 0.063512333
2.620000000 0.061119323
2.640000000 0.058787320
2.660000000 0.056516237
2.680000000 0.054305790
2.700000000 0.052155573
2.720000000 0.050065147
2.740000000 0.048034090
2.760000000 0.046062033
2.780000000 0.044148630
2.800000000 0.042293550
2.820000000 0.040496400
2.840000000 0.038756667
2.860000000 0.037073663
2.880000000 0.035446497
2.900000000 0.033874073
2.920000000 0.032355133
2.940000000 0.030888340
2.960000000 0.029472337
2.980000000 0.028105877
3.000000000 0.026787877
3.020000000 0.025517467
3.040000000 0.024293973
3.060000000 0.023116893
3.080000000 0.021985780
3.100000000 0.020900183
3.120000000 0.019859483
3.140000000 0.018862867
3.160000000 0.017909223
3.180000000 0.016997190
3.200000000 0.016125153
3.220000000 0.015291363
3.240000000 0.014494000
3.260000000 0.013731283
3.280000000 0.013001577
3.300000000 0.012303413
3.320000000 0.011635533
3.340000000 0.010996883
3.360000000 0.010386543
3.380000000 0.009803683
3.400000000 0.009247513
3.420000000 0.008717213
3.440000000 0.008211893
3.460000000 0.007730593
3.480000000 0.007272270
3.500000000 0.006835843
3.520000000 0.006420203
3.540000000 0.006024260
3.560000000 0.005646990
3.580000000 0.005287437
3.600000000 0.004944747
3.620000000 0.004618157
3.640000000 0.004306997
3.660000000 0.004010660
3.680000000 0.003728617
3.700000000 0.003460360
3.720000000 0.003205397
3.740000000 0.002963233
3.760000000 0.002733383
3.780000000 0.002515353
3.800000000 0.002308633
3.820000000 0.002112723
3.840000000 0.001927130
3.860000000 0.001751373
3.880000000 0.001584993
3.900000000 0.001427560
3.920000000 0.001278650
3.940000000 0.001137880
3.960000000 0.001004873
3.980000000 0.000879263
