-4.00000000 -0.00130802
-3.98000000 -0.00110037
-3.96000000 -0.00087358
-3.94000000 -0.00062598
-3.92000000 -0.00035608
-3.90000000 -0.00006257
-3.88000000 0.00025570
-3.86000000 0.00059991
-3.84000000 0.00097137
-3.82000000 0.00137177
-3.80000000 0.00180324
-3.78000000 0.00226848
-3.76000000 0.00277069
-3.74000000 0.00331348
-3.72000000 0.00390069
-3.70000000 0.00453620
-3.68000000 0.00522379
-3.66000000 0.00596704
-3.64000000 0.00676937
-3.62000000 0.00763416
-3.60000000 0.00856500
-3.58000000 0.00956595
-3.56000000 0.01064181
-3.54000000 0.01179828
-3.52000000 0.01304202
-3.50000000 0.01438061
-3.48000000 0.01582228
-3.46000000 0.01737569
-3.44000000 0.01904963
-3.42000000 0.02085281
-3.40000000 0.02279376
-3.38000000 0.02488100
-3.36000000 0.02712325
-3.34000000 0.02952990
-3.32000000 0.03211142
-3.30000000 0.03487975
-3.28000000 0.03784862
-3.26000000 0.04103355
-3.24000000 0.04445165
-3.22000000 0.04812128
-3.20000000 0.05206156
-3.18000000 0.05629184
-3.16000000 0.06083143
-3.14000000 0.06569952
-3.12000000 0.07091537
-3.10000000 0.07649890
-3.08000000 0.08247140
-3.06000000 0.08885637
-3.04000000 0.09568024
-3.02000000 0.10297272
-3.00000000 0.11076685
-2.98000000 0.11909843
-2.96000000 0.12800511
-2.94000000 0.13752510
-2.92000000 0.14769591
-2.90000000 0.15855319
-2.88000000 0.17013014
-2.86000000 0.18245753
-2.84000000 0.19556459
-2.82000000 0.20948061
-2.80000000 0.22423727
-2.78000000 0.23987116
-2.76000000 0.25642645
-2.74000000 0.27395704
-2.72000000 0.29252791
-2.70000000 0.31221530
-2.68000000 0.33310558
-2.66000000 0.35529258
-2.64000000 0.37887345
-2.62000000 0.40394331
-2.60000000 0.43058890
-2.58000000 0.45888178
-2.56000000 0.48887153
-2.54000000 0.52057974
-2.52000000 0.55399546
-2.50000000 0.58907293
-2.48000000 0.62573221
-2.46000000 0.66386338
-2.44000000 0.70333447
-2.42000000 0.74400305
-2.40000000 0.78573090
-2.38000000 0.82840053
-2.36000000 0.87193185
-2.34000000 0.91629706
-2.32000000 0.96153127
-2.30000000 1.00773690
-2.28000000 1.05508019
-2.26000000 1.10377886
-2.24000000 1.15408153
-2.22000000 1.20624009
-2.20000000 1.26047829
-2.18000000 1.31695989
-2.16000000 1.37576112
-2.14000000 1.43685140
-2.12000000 1.50008605
-2.10000000 1.56521284
-2.08000000 1.63189286
-2.06000000 1.69973343
-2.04000000 1.76832927
-2.02000000 1.83730622
-2.00000000 1.90636106
-1.98000000 1.97529112
-1.96000000 2.04400856
-1.94000000 2.11253630
-1.92000000 2.18098544
-1.90000000 2.24951683
-1.88000000 2.31829256
-1.86000000 2.38742482
-1.84000000 2.45693055
-1.82000000 2.52670012
-1.80000000 2.59648569
-1.78000000 2.66591271
-1.76000000 2.73451348
-1.74000000 2.80177842
-1.72000000 2.86721710
-1.70000000 2.93041891
-1.68000000 2.99110296
-1.66000000 3.04914770
-1.64000000 3.10459381
-1.62000000 3.15761816
-1.60000000 3.20848119
-1.58000000 3.25745498
-1.56000000 3.30474285
-1.54000000 3.35040325
-1.52000000 3.39429131
-1.50000000 3.43602851
-1.48000000 3.47500788
-1.46000000 3.51043604
-1.44000000 3.54140833
-1.42000000 3.56700744
-1.40000000 3.58641234
-1.38000000 3.59900192
-1.36000000 3.60443850
-1.34000000 3.60271850
-1.32000000 3.59418280
-1.30000000 3.57948450
-1.28000000 3.55951861
-1.26000000 3.53532306
-1.24000000 3.50796507
-1.22000000 3.47842832
-1.20000000 3.44751601
-1.18000000 3.41578236
-1.16000000 3.38350026
-1.14000000 3.35066734
-1.12000000 3.31704725
-1.10000000 3.28223780
-1.08000000 3.24575447
-1.06000000 3.20711621
-1.04000000 3.16592143
-1.02000000 3.12190428
-1.00000000 3.07496551
-0.98000000 3.02517653
-0.96000000 2.97275956
-0.94000000 2.91805034
-0.92000000 2.86145176
-0.90000000 2.80338731
-0.88000000 2.74426188
-0.86000000 2.68443542
-0.84000000 2.62421142
-0.82000000 2.56383942
-0.80000000 2.50352782
-0.78000000 2.44346171
-0.76000000 2.38381995
-0.74000000 2.32478640
-0.72000000 2.26655214
-0.70000000 2.20930761
-0.68000000 2.15322636
-0.66000000 2.09844378
-0.64000000 2.04503564
-0.62000000 1.99300161
-0.60000000 1.94225769
-0.58000000 1.89264044
-0.56000000 1.84392319
-0.54000000 1.79584244
-0.52000000 1.74813080
-0.50000000 1.70055132
-0.48000000 1.65292810
-0.46000000 1.60516839
-0.44000000 1.55727300
-0.42000000 1.50933379
-0.40000000 1.46151900
-0.38000000 1.41404924
-0.36000000 1.36716815
-0.34000000 1.32111264
-0.32000000 1.27608692
-0.30000000 1.23224422
-0.28000000 1.18967795
-0.26000000 1.14842288
-0.24000000 1.10846497
-0.22000000 1.06975713
-0.20000000 1.03223778
-0.18000000 0.99584854
-0.16000000 0.96054820
-0.14000000 0.92632091
-0.12000000 0.89317788
-0.10000000 0.86115294
-0.08000000 0.83029357
-0.06000000 0.80064952
-0.04000000 0.77226137
-0.02000000 0.74515118
0.00000000 0.71931686
0.02000000 0.69473073
0.04000000 0.67134246
0.06000000 0.64908519
0.08000000 0.62788360
0.10000000 0.60766229
0.12000000 0.58835302
0.14000000 0.56989967
0.16000000 0.55226043
0.18000000 0.53540720
0.20000000 0.51932268
0.22000000 0.50399620
0.24000000 0.48941900
0.26000000 0.47558019
0.28000000 0.46246390
0.30000000 0.45004802
0.32000000 0.43830451
0.34000000 0.42720101
0.36000000 0.41670311
0.38000000 0.40677680
0.40000000 0.39739049
0.42000000 0.38851624
0.44000000 0.38013009
0.46000000 0.37221157
0.48000000 0.36474254
0.50000000 0.35770581
0.52000000 0.35108398
0.54000000 0.34485851
0.56000000 0.33900950
0.58000000 0.33351597
0.60000000 0.32835668
0.62000000 0.32351106
0.64000000 0.31896023
0.66000000 0.31468767
0.68000000 0.31067955
0.70000000 0.30692444
0.72000000 0.30341273
0.74000000 0.30013561
0.76000000 0.29708407
0.78000000 0.29424785
0.80000000 0.29161471
0.82000000 0.28917007
0.84000000 0.28689702
0.86000000 0.28477662
0.88000000 0.28278853
0.90000000 0.28091174
0.92000000 0.27912522
0.94000000 0.27740863
0.96000000 0.27574274
0.98000000 0.27410978
1.00000000 0.27249360
1.02000000 0.27087980
1.04000000 0.26925577
1.06000000 0.26761077
1.08000000 0.26593599
1.10000000 0.26422458
1.12000000 0.26247175
1.14000000 0.26067460
1.16000000 0.25883204
1.18000000 0.25694437
1.20000000 0.25501286
1.22000000 0.25303917
1.24000000 0.25102475
1.26000000 0.24897028
1.28000000 0.24687520
1.30000000 0.24473746
1.32000000 0.24255339
1.34000000 0.24031791
1.36000000 0.23802479
1.38000000 0.23566711
1.40000000 0.23323782
1.42000000 0.23073021
1.44000000 0.22813838
1.46000000 0.22545765
1.48000000 0.22268473
1.50000000 0.21981792
1.52000000 0.21685706
1.54000000 0.21380355
1.56000000 0.21066018
1.58000000 0.20743104
1.60000000 0.20412133
1.62000000 0.20073724
1.64000000 0.19728573
1.66000000 0.19377437
1.68000000 0.19021114
1.70000000 0.18660418
1.72000000 0.18296162
1.74000000 0.17929131
1.76000000 0.17560068
1.78000000 0.17189658
1.80000000 0.16818525
1.82000000 0.16447224
1.84000000 0.16076253
1.86000000 0.15706061
1.88000000 0.15337060
1.90000000 0.14969641
1.92000000 0.14604184
1.94000000 0.14241068
1.96000000 0.13880677
1.98000000 0.13523395
2.00000000 0.13169610
2.02000000 0.12819703
2.04000000 0.12474043
2.06000000 0.12132980
2.08000000 0.11796843
2.10000000 0.11465930
2.12000000 0.11140513
2.14000000 0.10820835
2.16000000 0.10507108
2.18000000 0.10199518
2.20000000 0.09898224
2.22000000 0.09603356
2.24000000 0.09315018
2.26000000 0.09033286
2.28000000 0.08758210
2.30000000 0.08489815
2.32000000 0.08228106
2.34000000 0.07973068
2.36000000 0.07724671
2.38000000 0.07482875
2.40000000 0.07247632
2.42000000 0.07018887
2.44000000 0.06796578
2.46000000 0.06580637
2.48000000 0.06370989
2.50000000 0.06167545
2.52000000 0.05970209
2.54000000 0.05778872
2.56000000 0.05593413
2.58000000 0.05413705
2.60000000 0.05239615
2.62000000 0.05071008
2.64000000 0.04907750
2.66000000 0.04749710
2.68000000 0.04596759
2.70000000 0.04448773
2.72000000 0.04305630
2.74000000 0.04167205
2.76000000 0.04033375
2.78000000 0.03904011
2.80000000 0.03778981
2.82000000 0.03658150
2.84000000 0.03541384
2.86000000 0.03428548
2.88000000 0.03319512
2.90000000 0.03214151
2.92000000 0.03112347
2.94000000 0.03013989
2.96000000 0.02918971
2.98000000 0.02827190
3.00000000 0.02738548
3.02000000 0.02652944
3.04000000 0.02570277
3.06000000 0.02490447
3.08000000 0.02413350
3.10000000 0.02338886
3.12000000 0.02266959
3.14000000 0.02197474
3.16000000 0.02130345
3.18000000 0.02065491
3.20000000 0.02002834
3.22000000 0.01942304
3.24000000 0.01883832
3.26000000 0.01827350
3.28000000 0.01772788
3.30000000 0.01720077
3.32000000 0.01669146
3.34000000 0.01619925
3.36000000 0.01572345
3.38000000 0.01526339
3.40000000 0.01481843
3.42000000 0.01438801
3.44000000 0.01397159
3.46000000 0.01356867
3.48000000 0.01317879
3.50000000 0.01280149
3.52000000 0.01243633
3.54000000 0.01208283
3.56000000 0.01174054
3.58000000 0.01140898
3.60000000 0.01108770
3.62000000 0.01077623
3.64000000 0.01047417
3.66000000 0.01018113
3.68000000 0.00989677
3.70000000 0.00962078
3.72000000 0.00935289
3.74000000 0.00909282
3.76000000 0.00884033
3.78000000 0.00859514
3.80000000 0.00835698
3.82000000 0.00812558
3.84000000 0.00790063
3.86000000 0.00768187
3.88000000 0.00746904
3.90000000 0.00726188
3.92000000 0.00706020
3.94000000 0.00686383
3.96000000 0.00667260
3.98000000 0.00648639
