-4.00000000 0.00410410
-3.98000000 0.01236479
-3.96000000 0.01797445
-3.94000000 0.01847690
-3.92000000 0.01296713
-3.90000000 0.00253763
-3.88000000 -0.00995406
-3.86000000 -0.02075166
-3.84000000 -0.02642958
-3.82000000 -0.02507485
-3.80000000 -0.01700903
-3.78000000 -0.00477920
-3.76000000 0.00761092
-3.74000000 0.01599831
-3.72000000 0.01746415
-3.70000000 0.01136899
-3.68000000 -0.00034592
-3.66000000 -0.01371961
-3.64000000 -0.02403373
-3.62000000 -0.02737243
-3.60000000 -0.02196271
-3.58000000 -0.00883768
-3.56000000 0.00841879
-3.54000000 0.02478357
-3.52000000 0.03540922
-3.50000000 0.03721160
-3.48000000 0.02989656
-3.46000000 0.01607015
-3.44000000 0.00037917
-3.42000000 -0.01204448
-3.40000000 -0.01732026
-3.38000000 -0.01414877
-3.36000000 -0.00427301
-3.34000000 0.00810631
-3.32000000 0.01778641
-3.30000000 0.02041327
-3.28000000 0.01410411
-3.26000000 0.00027733
-3.24000000 -0.01662301
-3.22000000 -0.03045797
-3.20000000 -0.03537347
-3.18000000 -0.02779301
-3.16000000 -0.00776313
-3.14000000 0.02081442
-3.12000000 0.05117852
-3.10000000 0.07564978
-3.08000000 0.08792292
-3.06000000 0.08499241
-3.04000000 0.06810063
-3.02000000 0.04240325
-3.00000000 0.01545121
-2.98000000 -0.00503702
-2.96000000 -0.01341856
-2.94000000 -0.00769232
-2.92000000 0.01007887
-2.90000000 0.03458640
-2.88000000 0.05903447
-2.86000000 0.07724834
-2.84000000 0.08544974
-2.82000000 0.08314985
-2.80000000 0.07292103
-2.78000000 0.05918910
-2.76000000 0.04651063
-2.74000000 0.03795638
-2.72000000 0.03416323
-2.70000000 0.03336618
-2.68000000 0.03236809
-2.66000000 0.02807127
-2.64000000 0.01899617
-2.62000000 0.00621751
-2.60000000 -0.00664668
-2.58000000 -0.01442358
-2.56000000 -0.01203477
-2.54000000 0.00374938
-2.52000000 0.03305397
-2.50000000 0.07258557
-2.48000000 0.11638845
-2.46000000 0.15743984
-2.44000000 0.18957012
-2.42000000 0.20908743
-2.40000000 0.21559090
-2.38000000 0.21173718
-2.36000000 0.20208281
-2.34000000 0.19143631
-2.32000000 0.18330971
-2.30000000 0.17900610
-2.28000000 0.17763604
-2.26000000 0.17700955
-2.24000000 0.17502407
-2.22000000 0.17098176
-2.20000000 0.16629058
-2.18000000 0.16422947
-2.16000000 0.16881090
-2.14000000 0.18312831
-2.12000000 0.20780226
-2.10000000 0.24014868
-2.08000000 0.27447228
-2.06000000 0.30350630
-2.04000000 0.32060517
-2.02000000 0.32199545
-2.00000000 0.30831594
-1.98000000 0.28486838
-1.96000000 0.26040275
-1.94000000 0.24474689
-1.92000000 0.24599552
-1.90000000 0.26815391
-1.88000000 0.31001596
-1.86000000 0.36566950
-1.84000000 0.42648688
-1.82000000 0.48395060
-1.80000000 0.53236107
-1.78000000 0.57048771
-1.76000000 0.60156624
-1.74000000 0.63161277
-1.72000000 0.66663152
-1.70000000 0.70973169
-1.68000000 0.75927444
-1.66000000 0.80888650
-1.64000000 0.84957134
-1.62000000 0.87340802
-1.60000000 0.87769399
-1.58000000 0.86808618
-1.56000000 0.85945519
-1.54000000 0.87377816
-1.52000000 0.93529673
-1.50000000 1.06409052
-1.48000000 1.26987061
-1.46000000 1.54795079
-1.44000000 1.87891624
-1.42000000 2.23256464
-1.40000000 2.57548943
-1.38000000 2.88054651
-1.36000000 3.13573214
-1.34000000 3.34993371
-1.32000000 3.55365556
-1.30000000 3.79402800
-1.28000000 4.12487355
-1.26000000 4.59394107
-1.24000000 5.23026103
-1.22000000 6.03468582
-1.20000000 6.97601171
-1.18000000 7.99379757
-1.16000000 9.00742233
-1.14000000 9.92946037
-1.12000000 10.68046647
-1.10000000 11.20198840
-1.08000000 11.46511438
-1.06000000 11.47296897
-1.04000000 11.25699911
-1.02000000 10.86827940
-1.00000000 10.36608130
-0.98000000 9.80637390
-0.96000000 9.23269755
-0.94000000 8.67108143
-0.92000000 8.12959320
-0.90000000 7.60199914
-0.88000000 7.07414306
-0.86000000 6.53120050
-0.84000000 5.96399281
-0.82000000 5.37298817
-0.80000000 4.76932210
-0.78000000 4.17293835
-0.76000000 3.60859758
-0.74000000 3.10089429
-0.72000000 2.66950640
-0.70000000 2.32570348
-0.68000000 2.07074252
-0.66000000 1.89630077
-0.64000000 1.78664903
-0.62000000 1.72194437
-0.60000000 1.68186845
-0.58000000 1.64886202
-0.56000000 1.61037864
-0.54000000 1.55984649
-0.52000000 1.49632428
-0.50000000 1.42310400
-0.48000000 1.34570144
-0.46000000 1.26975510
-0.44000000 1.19931780
-0.42000000 1.13588703
-0.40000000 1.07831501
-0.38000000 1.02351473
-0.36000000 0.96768664
-0.34000000 0.90767616
-0.32000000 0.84206308
-0.30000000 0.77167939
-0.28000000 0.69942680
-0.26000000 0.62947123
-0.24000000 0.56607008
-0.22000000 0.51238992
-0.20000000 0.46966719
-0.18000000 0.43695474
-0.16000000 0.41151639
-0.14000000 0.38973402
-0.12000000 0.36823886
-0.10000000 0.34491631
-0.08000000 0.31948121
-0.06000000 0.29346091
-0.04000000 0.26961237
-0.02000000 0.25097475
0.00000000 0.23986586
0.02000000 0.23713586
0.04000000 0.24189602
0.06000000 0.25177848
0.08000000 0.26360995
0.10000000 0.27425684
0.12000000 0.28136172
0.14000000 0.28375026
0.16000000 0.28142072
0.18000000 0.27518271
0.20000000 0.26613322
0.22000000 0.25520138
0.24000000 0.24294446
0.26000000 0.22965690
0.28000000 0.21570908
0.30000000 0.20192092
0.32000000 0.18974367
0.34000000 0.18108878
0.36000000 0.17778488
0.38000000 0.18081254
0.40000000 0.18959446
0.42000000 0.20165343
0.44000000 0.21286519
0.46000000 0.21834850
0.48000000 0.21380693
0.50000000 0.19694467
0.52000000 0.16849537
0.54000000 0.13246985
0.56000000 0.09543766
0.58000000 0.06495149
0.60000000 0.04751108
0.62000000 0.04664783
0.64000000 0.06172436
0.66000000 0.08786698
0.68000000 0.11712823
0.70000000 0.14060462
0.72000000 0.15092709
0.74000000 0.14439936
0.76000000 0.12213473
0.78000000 0.08982053
0.80000000 0.05614174
0.82000000 0.03030061
0.84000000 0.01935083
0.86000000 0.02613411
0.88000000 0.04843691
0.90000000 0.07962502
0.92000000 0.11057210
0.94000000 0.13230974
0.96000000 0.13861108
0.98000000 0.12774413
1.00000000 0.10288592
1.02000000 0.07109625
1.04000000 0.04118253
1.06000000 0.02111292
1.08000000 0.01575487
1.10000000 0.02559752
1.12000000 0.04680035
1.14000000 0.07250067
1.16000000 0.09493604
1.18000000 0.10771177
1.20000000 0.10753196
1.22000000 0.09491073
1.24000000 0.07371849
1.26000000 0.04978333
1.28000000 0.02904420
1.30000000 0.01585647
1.32000000 0.01195799
1.34000000 0.01635432
1.36000000 0.02606534
1.38000000 0.03739897
1.40000000 0.04727108
1.42000000 0.05411497
1.44000000 0.05810352
1.46000000 0.06067135
1.48000000 0.06357964
1.50000000 0.06792215
1.52000000 0.07347678
1.54000000 0.07866424
1.56000000 0.08113838
1.58000000 0.07878764
1.60000000 0.07076314
1.62000000 0.05812391
1.64000000 0.04381605
1.66000000 0.03193455
1.68000000 0.02647603
1.70000000 0.02998475
1.72000000 0.04255486
1.74000000 0.06155374
1.76000000 0.08220497
1.78000000 0.09888845
1.80000000 0.10677288
1.82000000 0.10327462
1.84000000 0.08887865
1.86000000 0.06705025
1.88000000 0.04324990
1.90000000 0.02334600
1.92000000 0.01191008
1.94000000 0.01091553
1.96000000 0.01923290
1.98000000 0.03306374
2.00000000 0.04716281
2.02000000 0.05645790
2.04000000 0.05756307
2.06000000 0.04972820
2.08000000 0.03495612
2.10000000 0.01728519
2.12000000 0.00149252
2.14000000 -0.00835878
2.16000000 -0.01007731
2.18000000 -0.00386947
2.20000000 0.00788760
2.22000000 0.02150625
2.24000000 0.03317168
2.26000000 0.04005818
2.28000000 0.04103771
2.30000000 0.03679543
2.32000000 0.02937166
2.34000000 0.02133332
2.36000000 0.01488114
2.38000000 0.01119339
2.40000000 0.01020076
2.42000000 0.01082325
2.44000000 0.01153809
2.46000000 0.01104287
2.48000000 0.00876414
2.50000000 0.00503611
2.52000000 0.00090797
2.54000000 -0.00232200
2.56000000 -0.00365031
2.58000000 -0.00277492
2.60000000 -0.00021066
2.62000000 0.00292480
2.64000000 0.00536450
2.66000000 0.00620512
2.68000000 0.00527753
2.70000000 0.00322840
2.72000000 0.00127685
2.74000000 0.00073419
2.76000000 0.00246668
2.78000000 0.00650639
2.80000000 0.01196420
2.82000000 0.01728942
2.84000000 0.02079259
2.86000000 0.02124784
2.88000000 0.01835602
2.90000000 0.01289413
2.92000000 0.00648436
2.94000000 0.00105220
2.96000000 -0.00184374
2.98000000 -0.00157524
3.00000000 0.00130250
3.02000000 0.00520893
3.04000000 0.00806583
3.06000000 0.00802235
3.08000000 0.00413132
3.10000000 -0.00325961
3.12000000 -0.01254643
3.14000000 -0.02133772
3.16000000 -0.02720793
3.18000000 -0.02848921
3.20000000 -0.02483742
3.22000000 -0.01737946
3.24000000 -0.00838531
3.26000000 -0.00056583
3.28000000 0.00377786
3.30000000 0.00347725
3.32000000 -0.00114349
3.34000000 -0.00838641
3.36000000 -0.01573650
3.38000000 -0.02067226
3.40000000 -0.02146504
3.42000000 -0.01770912
3.44000000 -0.01041641
3.46000000 -0.00165487
3.48000000 0.00614044
3.50000000 0.01095070
3.52000000 0.01179331
3.54000000 0.00898162
3.56000000 0.00395293
3.58000000 -0.00126177
3.60000000 -0.00473582
3.62000000 -0.00527297
3.64000000 -0.00275478
3.66000000 0.00189530
3.68000000 0.00710130
3.70000000 0.01122753
3.72000000 0.01315925
3.74000000 0.01266725
3.76000000 0.01043425
3.78000000 0.00774381
3.80000000 0.00595296
3.82000000 0.00594519
3.84000000 0.00776565
3.86000000 0.01057378
3.88000000 0.01293447
3.90000000 0.01334696
3.92000000 0.01082454
3.94000000 0.00531702
3.96000000 -0.00218030
3.98000000 -0.00988018
