-4.00000000 -0.01607015
-3.98000000 -0.01326333
-3.96000000 -0.00941528
-3.94000000 -0.00449566
-3.92000000 0.00158051
-3.90000000 0.00881726
-3.88000000 0.01697239
-3.86000000 0.02543497
-3.84000000 0.03321248
-3.82000000 0.03906143
-3.80000000 0.04174714
-3.78000000 0.04036870
-3.76000000 0.03465446
-3.74000000 0.02513143
-3.72000000 0.01310318
-3.70000000 0.00042518
-3.68000000 -0.01087201
-3.66000000 -0.01901385
-3.64000000 -0.02285105
-3.62000000 -0.02206922
-3.60000000 -0.01718947
-3.58000000 -0.00937377
-3.56000000 -0.00010528
-3.54000000 0.00915492
-3.52000000 0.01723684
-3.50000000 0.02339465
-3.48000000 0.02729621
-3.46000000 0.02891334
-3.44000000 0.02838675
-3.42000000 0.02593729
-3.40000000 0.02186077
-3.38000000 0.01659421
-3.36000000 0.01079566
-3.34000000 0.00536046
-3.32000000 0.00131406
-3.30000000 -0.00042760
-3.28000000 0.00062735
-3.26000000 0.00427003
-3.24000000 0.00948304
-3.22000000 0.01459934
-3.20000000 0.01774388
-3.18000000 0.01746794
-3.16000000 0.01339171
-3.14000000 0.00662548
-3.12000000 -0.00022962
-3.10000000 -0.00359388
-3.08000000 0.00013256
-3.06000000 0.01339506
-3.04000000 0.03643648
-3.02000000 0.06673464
-3.00000000 0.09918505
-2.98000000 0.12709128
-2.96000000 0.14378153
-2.94000000 0.14445199
-2.92000000 0.12771878
-2.90000000 0.09638810
-2.88000000 0.05713523
-2.86000000 0.01907691
-2.84000000 -0.00845334
-2.82000000 -0.01835678
-2.80000000 -0.00776666
-2.78000000 0.02100631
-2.76000000 0.06091139
-2.74000000 0.10192761
-2.72000000 0.13372627
-2.70000000 0.14850587
-2.68000000 0.14319663
-2.66000000 0.12038118
-2.64000000 0.08762728
-2.62000000 0.05537971
-2.60000000 0.03398463
-2.58000000 0.03069002
-2.56000000 0.04749732
-2.54000000 0.08051252
-2.52000000 0.12102045
-2.50000000 0.15800380
-2.48000000 0.18139540
-2.46000000 0.18511902
-2.44000000 0.16901444
-2.42000000 0.13905128
-2.40000000 0.10572758
-2.38000000 0.08108173
-2.36000000 0.07516334
-2.34000000 0.09298578
-2.32000000 0.13286267
-2.30000000 0.18664484
-2.28000000 0.24183130
-2.26000000 0.28498435
-2.24000000 0.30549429
-2.22000000 0.29862515
-2.20000000 0.26696630
-2.18000000 0.21986025
-2.16000000 0.17094835
-2.14000000 0.13450916
-2.12000000 0.12160668
-2.10000000 0.13712013
-2.08000000 0.17847942
-2.06000000 0.23645212
-2.04000000 0.29775668
-2.02000000 0.34877238
-2.00000000 0.37932133
-1.98000000 0.38548862
-1.96000000 0.37072206
-1.94000000 0.34493044
-1.92000000 0.32184226
-1.90000000 0.31534704
-1.88000000 0.33579463
-1.86000000 0.38721450
-1.84000000 0.46615116
-1.82000000 0.56237390
-1.80000000 0.66123558
-1.78000000 0.74705300
-1.76000000 0.80666308
-1.74000000 0.83231658
-1.72000000 0.82328791
-1.70000000 0.78593171
-1.68000000 0.73230331
-1.66000000 0.67777910
-1.64000000 0.63829073
-1.62000000 0.62779526
-1.60000000 0.65646144
-1.58000000 0.72981660
-1.56000000 0.84884387
-1.54000000 1.01081374
-1.52000000 1.21052295
-1.50000000 1.44160943
-1.48000000 1.69769324
-1.46000000 1.97321998
-1.44000000 2.26400548
-1.42000000 2.56756020
-1.40000000 2.88329048
-1.38000000 3.21263475
-1.36000000 3.55912066
-1.34000000 3.92825747
-1.32000000 4.32713837
-1.30000000 4.76364048
-1.28000000 5.24517851
-1.26000000 5.77707630
-1.24000000 6.36074101
-1.22000000 6.99192504
-1.20000000 7.65941122
-1.18000000 8.34444093
-1.16000000 9.02111898
-1.14000000 9.65788769
-1.12000000 10.21998996
-1.10000000 10.67266984
-1.08000000 10.98472165
-1.06000000 11.13192005
-1.04000000 11.09985996
-1.02000000 10.88580697
-1.00000000 10.49929479
-0.98000000 9.96138220
-0.96000000 9.30266866
-0.94000000 8.56033320
-0.92000000 7.77458111
-0.90000000 6.98493911
-0.88000000 6.22683004
-0.86000000 5.52879053
-0.84000000 4.91058733
-0.82000000 4.38236281
-0.80000000 3.94481822
-0.78000000 3.59033923
-0.76000000 3.30488867
-0.74000000 3.07043561
-0.72000000 2.86765178
-0.70000000 2.67858308
-0.68000000 2.48899469
-0.66000000 2.29010165
-0.64000000 2.07944265
-0.62000000 1.86074474
-0.60000000 1.64276174
-0.58000000 1.43723780
-0.56000000 1.25632173
-0.54000000 1.10989753
-0.52000000 1.00335895
-0.50000000 0.93630996
-0.48000000 0.90250888
-0.46000000 0.89111532
-0.44000000 0.88899781
-0.42000000 0.88359000
-0.40000000 0.86561904
-0.38000000 0.83102598
-0.36000000 0.78157141
-0.34000000 0.72393855
-0.32000000 0.66753533
-0.30000000 0.62155453
-0.28000000 0.59207622
-0.26000000 0.58001764
-0.24000000 0.58053505
-0.22000000 0.58410275
-0.20000000 0.57903462
-0.18000000 0.55479836
-0.16000000 0.50522197
-0.14000000 0.43068379
-0.12000000 0.33862401
-0.10000000 0.24215701
-0.08000000 0.15708153
-0.06000000 0.09803674
-0.04000000 0.07480667
-0.02000000 0.08975842
0.00000000 0.13710940
0.02000000 0.20423410
0.04000000 0.27467487
0.06000000 0.33206604
0.08000000 0.36394428
0.10000000 0.36446517
0.12000000 0.33536060
0.14000000 0.28496173
0.16000000 0.22563745
0.18000000 0.17040907
0.20000000 0.12968676
0.22000000 0.10898604
0.24000000 0.10815949
0.26000000 0.12222163
0.28000000 0.14339158
0.30000000 0.16366063
0.32000000 0.17709568
0.34000000 0.18123198
0.36000000 0.17723353
0.38000000 0.16889903
0.40000000 0.16093997
0.42000000 0.15715077
0.44000000 0.15907757
0.46000000 0.16558861
0.48000000 0.17342769
0.50000000 0.17850365
0.52000000 0.17743610
0.54000000 0.16881419
0.56000000 0.15374231
0.58000000 0.13550079
0.60000000 0.11845200
0.62000000 0.10657247
0.64000000 0.10210946
0.66000000 0.10481041
0.68000000 0.11197737
0.70000000 0.11932296
0.72000000 0.12234301
0.74000000 0.11775716
0.76000000 0.10455506
0.78000000 0.08432195
0.80000000 0.06075579
0.82000000 0.03854880
0.84000000 0.02200309
0.86000000 0.01382248
0.88000000 0.01444941
0.90000000 0.02212674
0.92000000 0.03362423
0.94000000 0.04535865
0.96000000 0.05452352
0.98000000 0.05986180
1.00000000 0.06185284
1.02000000 0.06229213
1.04000000 0.06344775
1.06000000 0.06711151
1.08000000 0.07388278
1.10000000 0.08292685
1.12000000 0.09227329
1.14000000 0.09952687
1.16000000 0.10272144
1.18000000 0.10100371
1.20000000 0.09490296
1.22000000 0.08609674
1.24000000 0.07676777
1.26000000 0.06879590
1.28000000 0.06308942
1.30000000 0.05930991
1.32000000 0.05610194
1.34000000 0.05175247
1.36000000 0.04504157
1.38000000 0.03596367
1.40000000 0.02602959
1.42000000 0.01799572
1.44000000 0.01506408
1.46000000 0.01978968
1.48000000 0.03305200
1.50000000 0.05345233
1.52000000 0.07738090
1.54000000 0.09979264
1.56000000 0.11550160
1.58000000 0.12062667
1.60000000 0.11375356
1.62000000 0.09644617
1.64000000 0.07292561
1.66000000 0.04898205
1.68000000 0.03041741
1.70000000 0.02146228
1.72000000 0.02362399
1.74000000 0.03529850
1.76000000 0.05225515
1.78000000 0.06884842
1.80000000 0.07960178
1.82000000 0.08070771
1.84000000 0.07102348
1.86000000 0.05229947
1.88000000 0.02860691
1.90000000 0.00516179
1.92000000 -0.01309511
1.94000000 -0.02275263
1.96000000 -0.02268122
1.98000000 -0.01411189
2.00000000 -0.00007745
2.02000000 0.01556923
2.04000000 0.02924215
2.06000000 0.03849711
2.08000000 0.04247212
2.10000000 0.04182307
2.12000000 0.03824308
2.14000000 0.03376761
2.16000000 0.03010673
2.18000000 0.02820422
2.20000000 0.02812304
2.22000000 0.02923667
2.24000000 0.03060809
2.26000000 0.03139218
2.28000000 0.03111519
2.30000000 0.02975151
2.32000000 0.02760642
2.34000000 0.02508840
2.36000000 0.02248887
2.38000000 0.01987198
2.40000000 0.01711980
2.42000000 0.01410517
2.44000000 0.01090384
2.46000000 0.00793503
2.48000000 0.00594390
2.50000000 0.00580149
2.52000000 0.00817540
2.54000000 0.01318564
2.56000000 0.02018265
2.58000000 0.02775500
2.60000000 0.03400242
2.62000000 0.03701797
2.64000000 0.03544435
2.66000000 0.02893072
2.68000000 0.01833545
2.70000000 0.00559108
2.72000000 -0.00674891
2.74000000 -0.01616116
2.76000000 -0.02081496
2.78000000 -0.02005107
2.80000000 -0.01453459
2.82000000 -0.00603725
2.84000000 0.00308330
2.86000000 0.01054874
2.88000000 0.01477074
2.90000000 0.01522943
2.92000000 0.01251810
2.94000000 0.00805851
2.96000000 0.00359183
2.98000000 0.00061503
3.00000000 -0.00005935
3.02000000 0.00150998
3.04000000 0.00450168
3.06000000 0.00768124
3.08000000 0.00986124
3.10000000 0.01031341
3.12000000 0.00899750
3.14000000 0.00653927
3.16000000 0.00397709
3.18000000 0.00237313
3.20000000 0.00242692
3.22000000 0.00422338
3.24000000 0.00719724
3.26000000 0.01032084
3.28000000 0.01244662
3.30000000 0.01268661
3.32000000 0.01070202
3.34000000 0.00681016
3.36000000 0.00187905
3.38000000 -0.00294915
3.40000000 -0.00661027
3.42000000 -0.00842979
3.44000000 -0.00829665
3.46000000 -0.00665130
3.48000000 -0.00430351
3.50000000 -0.00214978
3.52000000 -0.00088858
3.54000000 -0.00082580
3.56000000 -0.00182631
3.58000000 -0.00341474
3.60000000 -0.00497829
3.62000000 -0.00599316
3.64000000 -0.00619464
3.66000000 -0.00563631
3.68000000 -0.00462733
3.70000000 -0.00358071
3.72000000 -0.00283518
3.74000000 -0.00251892
3.76000000 -0.00250326
3.78000000 -0.00245910
3.80000000 -0.00198958
3.82000000 -0.00078568
3.84000000 0.00125436
3.86000000 0.00398475
3.88000000 0.00706173
3.90000000 0.01005917
3.92000000 0.01260209
3.94000000 0.01446505
3.96000000 0.01559866
3.98000000 0.01607815
