-4.00000000 -0.00273907
-3.98000000 -0.00434058
-3.96000000 -0.00223105
-3.94000000 0.00329247
-3.92000000 0.01109513
-3.90000000 0.01953696
-3.88000000 0.02691810
-3.86000000 0.03189623
-3.84000000 0.03375665
-3.82000000 0.03247491
-3.80000000 0.02858575
-3.78000000 0.02293452
-3.76000000 0.01641606
-3.74000000 0.00979315
-3.72000000 0.00364012
-3.70000000 -0.00160316
-3.68000000 -0.00553112
-3.66000000 -0.00770767
-3.64000000 -0.00769796
-3.62000000 -0.00520692
-3.60000000 -0.00027542
-3.58000000 0.00655778
-3.56000000 0.01422532
-3.54000000 0.02129117
-3.52000000 0.02629032
-3.50000000 0.02816053
-3.48000000 0.02662480
-3.46000000 0.02237789
-3.44000000 0.01697965
-3.42000000 0.01245108
-3.40000000 0.01067499
-3.38000000 0.01278380
-3.36000000 0.01874105
-3.34000000 0.02727592
-3.32000000 0.03622191
-3.30000000 0.04317599
-3.28000000 0.04627699
-3.26000000 0.04484655
-3.24000000 0.03966473
-3.22000000 0.03276314
-3.20000000 0.02677681
-3.18000000 0.02405113
-3.16000000 0.02579722
-3.14000000 0.03159121
-3.12000000 0.03941289
-3.10000000 0.04624607
-3.08000000 0.04907131
-3.06000000 0.04593647
-3.04000000 0.03674489
-3.02000000 0.02347452
-3.00000000 0.00971758
-2.98000000 -0.00034778
-2.96000000 -0.00324521
-2.94000000 0.00266329
-2.92000000 0.01657212
-2.90000000 0.03537918
-2.88000000 0.05456605
-2.86000000 0.06954941
-2.84000000 0.07707739
-2.82000000 0.07621692
-2.80000000 0.06860183
-2.78000000 0.05784899
-2.76000000 0.04832597
-2.74000000 0.04367461
-2.72000000 0.04558579
-2.70000000 0.05324507
-2.68000000 0.06364828
-2.66000000 0.07269150
-2.64000000 0.07666932
-2.62000000 0.07366347
-2.60000000 0.06432649
-2.58000000 0.05176094
-2.56000000 0.04050243
-2.54000000 0.03493165
-2.52000000 0.03765753
-2.50000000 0.04845037
-2.48000000 0.06413971
-2.46000000 0.07957417
-2.44000000 0.08937161
-2.42000000 0.08989411
-2.40000000 0.08076725
-2.38000000 0.06537759
-2.36000000 0.05009860
-2.34000000 0.04241592
-2.32000000 0.04851065
-2.30000000 0.07107966
-2.28000000 0.10814095
-2.26000000 0.15328703
-2.24000000 0.19739176
-2.22000000 0.23129150
-2.20000000 0.24861031
-2.18000000 0.24780709
-2.16000000 0.23273287
-2.14000000 0.21144615
-2.12000000 0.19360181
-2.10000000 0.18722227
-2.08000000 0.19590945
-2.06000000 0.21746790
-2.04000000 0.24449248
-2.02000000 0.26684934
-2.00000000 0.27533947
-1.98000000 0.26539015
-1.96000000 0.23952613
-1.94000000 0.20768148
-1.92000000 0.18504645
-1.90000000 0.18791757
-1.88000000 0.22869391
-1.86000000 0.31151832
-1.84000000 0.42997117
-1.82000000 0.56769095
-1.80000000 0.70196422
-1.78000000 0.80943992
-1.76000000 0.87244702
-1.74000000 0.88414351
-1.72000000 0.85098821
-1.70000000 0.79174078
-1.68000000 0.73316017
-1.66000000 0.70350605
-1.64000000 0.72557896
-1.62000000 0.81117454
-1.60000000 0.95843413
-1.58000000 1.15276396
-1.56000000 1.37100636
-1.54000000 1.58766773
-1.52000000 1.78149183
-1.50000000 1.94065182
-1.48000000 2.06530836
-1.46000000 2.16708395
-1.44000000 2.26588492
-1.42000000 2.38519355
-1.40000000 2.54725795
-1.38000000 2.76945537
-1.36000000 3.06257263
-1.34000000 3.43102901
-1.32000000 3.87440835
-1.30000000 4.38928630
-1.28000000 4.97035366
-1.26000000 5.61023022
-1.24000000 6.29798904
-1.22000000 7.01704323
-1.20000000 7.74345486
-1.18000000 8.44575408
-1.16000000 9.08697334
-1.14000000 9.62891680
-1.12000000 10.03791262
-1.10000000 10.29069074
-1.08000000 10.37880066
-1.06000000 10.31023320
-1.04000000 10.10758853
-1.02000000 9.80305592
-1.00000000 9.43137115
-0.98000000 9.02252526
-0.96000000 8.59612249
-0.94000000 8.15887421
-0.92000000 7.70587404
-0.90000000 7.22525989
-0.88000000 6.70492464
-0.86000000 6.13935704
-0.84000000 5.53464408
-0.82000000 4.91016137
-0.80000000 4.29638078
-0.78000000 3.72928370
-0.76000000 3.24279151
-0.74000000 2.86116328
-0.72000000 2.59332357
-0.70000000 2.43057920
-0.68000000 2.34830857
-0.66000000 2.31120220
-0.64000000 2.28076569
-0.62000000 2.22328407
-0.60000000 2.11640449
-0.58000000 1.95290864
-0.56000000 1.74098438
-0.54000000 1.50116485
-0.52000000 1.26085863
-0.50000000 1.04787286
-0.48000000 0.88443656
-0.46000000 0.78297699
-0.44000000 0.74438180
-0.42000000 0.75884849
-0.40000000 0.80884068
-0.38000000 0.87326853
-0.36000000 0.93185795
-0.34000000 0.96877180
-0.32000000 0.97483778
-0.30000000 0.94812847
-0.28000000 0.89302611
-0.26000000 0.81820475
-0.24000000 0.73412263
-0.22000000 0.65062715
-0.20000000 0.57515526
-0.18000000 0.51180875
-0.16000000 0.46135215
-0.14000000 0.42197142
-0.12000000 0.39048532
-0.10000000 0.36363935
-0.08000000 0.33914024
-0.06000000 0.31619209
-0.04000000 0.29544734
-0.02000000 0.27844952
0.00000000 0.26678129
0.02000000 0.26120790
0.04000000 0.26110147
0.06000000 0.26434676
0.08000000 0.26778283
0.10000000 0.26806839
0.12000000 0.26271728
0.14000000 0.25097979
0.16000000 0.23427052
0.18000000 0.21596370
0.20000000 0.20056213
0.22000000 0.19244293
0.24000000 0.19453098
0.26000000 0.20730042
0.28000000 0.22843090
0.30000000 0.25326554
0.32000000 0.27597917
0.34000000 0.29114132
0.36000000 0.29521936
0.38000000 0.28756334
0.40000000 0.27055341
0.42000000 0.24883773
0.44000000 0.22787049
0.46000000 0.21218805
0.48000000 0.20396164
0.50000000 0.20229808
0.52000000 0.20354076
0.54000000 0.20251277
0.56000000 0.19433844
0.58000000 0.17627626
0.60000000 0.14896374
0.62000000 0.11663188
0.64000000 0.08615203
0.66000000 0.06514026
0.68000000 0.05965336
0.70000000 0.07216650
0.72000000 0.10047164
0.74000000 0.13788522
0.76000000 0.17477534
0.78000000 0.20102317
0.80000000 0.20874217
0.82000000 0.19448133
0.84000000 0.16027001
0.86000000 0.11318503
0.88000000 0.06354219
0.90000000 0.02220925
0.92000000 -0.00221161
0.94000000 -0.00555070
0.96000000 0.01100046
0.98000000 0.04142507
1.00000000 0.07668897
1.02000000 0.10727325
1.04000000 0.12569936
1.06000000 0.12834628
1.08000000 0.11609394
1.10000000 0.09368577
1.12000000 0.06807666
1.14000000 0.04630814
1.16000000 0.03355342
1.18000000 0.03187998
1.20000000 0.04002566
1.22000000 0.05416074
1.24000000 0.06931660
1.26000000 0.08098706
1.28000000 0.08639958
1.30000000 0.08509988
1.32000000 0.07874029
1.34000000 0.07022405
1.36000000 0.06255036
1.38000000 0.05777133
1.40000000 0.05639909
1.42000000 0.05742236
1.44000000 0.05887196
1.46000000 0.05869105
1.48000000 0.05557582
1.50000000 0.04948367
1.52000000 0.04163894
1.54000000 0.03405368
1.56000000 0.02875350
1.58000000 0.02699923
1.60000000 0.02879058
1.62000000 0.03283288
1.64000000 0.03698165
1.66000000 0.03900992
1.68000000 0.03742949
1.70000000 0.03207659
1.72000000 0.02425186
1.74000000 0.01635510
1.76000000 0.01112604
1.78000000 0.01073598
1.80000000 0.01602664
1.82000000 0.02614712
1.84000000 0.03871228
1.86000000 0.05043916
1.88000000 0.05806755
1.90000000 0.05928327
1.92000000 0.05336608
1.94000000 0.04137362
1.96000000 0.02581912
1.98000000 0.00995429
2.00000000 -0.00311754
2.02000000 -0.01123296
2.04000000 -0.01364349
2.06000000 -0.01106054
2.08000000 -0.00529280
2.10000000 0.00138186
2.12000000 0.00690124
2.14000000 0.00995375
2.16000000 0.01022289
2.18000000 0.00830365
2.20000000 0.00535860
2.22000000 0.00265390
2.24000000 0.00113687
2.26000000 0.00118347
2.28000000 0.00257326
2.30000000 0.00466809
2.32000000 0.00670635
2.34000000 0.00809745
2.36000000 0.00861582
2.38000000 0.00844069
2.40000000 0.00804798
2.42000000 0.00801049
2.44000000 0.00878712
2.46000000 0.01057449
2.48000000 0.01326213
2.50000000 0.01648948
2.52000000 0.01976765
2.54000000 0.02261211
2.56000000 0.02464001
2.58000000 0.02561009
2.60000000 0.02541335
2.62000000 0.02404384
2.64000000 0.02158276
2.66000000 0.01821474
2.68000000 0.01426901
2.70000000 0.01025446
2.72000000 0.00684712
2.74000000 0.00479923
2.76000000 0.00476887
2.78000000 0.00710661
2.80000000 0.01166675
2.82000000 0.01772000
2.84000000 0.02402508
2.86000000 0.02907169
2.88000000 0.03144982
2.90000000 0.03025025
2.92000000 0.02537663
2.94000000 0.01766279
2.96000000 0.00873853
2.98000000 0.00065992
3.00000000 -0.00460623
3.02000000 -0.00570404
3.04000000 -0.00226680
3.06000000 0.00496128
3.08000000 0.01430083
3.10000000 0.02356520
3.12000000 0.03062097
3.14000000 0.03392323
3.16000000 0.03287736
3.18000000 0.02793232
3.20000000 0.02039197
3.22000000 0.01201316
3.24000000 0.00451801
3.26000000 -0.00083535
3.28000000 -0.00350695
3.30000000 -0.00369976
3.32000000 -0.00217461
3.34000000 0.00006268
3.36000000 0.00208943
3.38000000 0.00330571
3.40000000 0.00352372
3.42000000 0.00290404
3.44000000 0.00178985
3.46000000 0.00052005
3.48000000 -0.00070032
3.50000000 -0.00182678
3.52000000 -0.00290138
3.54000000 -0.00392531
3.56000000 -0.00474840
3.58000000 -0.00503950
3.60000000 -0.00436714
3.62000000 -0.00237146
3.64000000 0.00103541
3.66000000 0.00552441
3.68000000 0.01033262
3.70000000 0.01440587
3.72000000 0.01667481
3.74000000 0.01638477
3.76000000 0.01337133
3.78000000 0.00818079
3.80000000 0.00197896
3.82000000 -0.00374104
3.84000000 -0.00757327
3.86000000 -0.00861131
3.88000000 -0.00672755
3.90000000 -0.00262546
3.92000000 0.00236009
3.94000000 0.00665900
3.96000000 0.00893900
3.98000000 0.00850883
