0.00000000 1.00000000
0.10000000 0.98021432
0.20000000 0.92226292
0.30000000 0.82942889
0.40000000 0.70640823
0.50000000 0.55907346
0.60000000 0.39419273
0.70000000 0.21911764
0.80000000 0.04145412
0.90000000 -0.13126921
1.00000000 -0.29192084
1.10000000 -0.43406086
1.20000000 -0.55219837
1.30000000 -0.64200146
1.40000000 -0.70045242
1.50000000 -0.72594253
1.60000000 -0.71830442
1.70000000 -0.67878194
1.80000000 -0.60994061
1.90000000 -0.51552415
2.00000000 -0.40026443
2.10000000 -0.26965433
2.20000000 -0.12969423
2.30000000 0.01337652
2.40000000 0.15335125
2.50000000 0.28431893
2.60000000 0.40090776
2.70000000 0.49849933
2.80000000 0.57340501
2.90000000 0.62299830
3.00000000 0.64579835
3.10000000 0.64150273
3.20000000 0.61096917
3.30000000 0.55614851
3.40000000 0.47997302
3.50000000 0.38620594
3.60000000 0.27925979
3.70000000 0.16399183
3.80000000 0.04548611
3.90000000 -0.07116833
4.00000000 -0.18109365
4.10000000 -0.27982471
4.20000000 -0.36348767
4.30000000 -0.42894887
4.40000000 -0.47392829
4.50000000 -0.49707386
4.60000000 -0.49799437
4.70000000 -0.47725084
4.80000000 -0.43630769
4.90000000 -0.37744681
5.00000000 -0.30364939
5.10000000 -0.21845106
5.20000000 -0.12577741
5.30000000 -0.02976733
5.40000000 0.06540811
5.50000000 0.15572330
5.60000000 0.23746493
5.70000000 0.30738118
5.80000000 0.36280739
5.90000000 0.40176364
6.00000000 0.42302057
6.10000000 0.42613181
6.20000000 0.41143226
6.30000000 0.38000339
6.40000000 0.33360773
6.50000000 0.27459626
6.60000000 0.20579331
6.70000000 0.13036436
6.80000000 0.05167294
6.90000000 -0.02686716
7.00000000 -0.10193790
7.10000000 -0.17045514
7.20000000 -0.22969320
7.30000000 -0.27739098
7.40000000 -0.31183563
7.50000000 -0.33192074
7.60000000 -0.33717731
7.70000000 -0.32777696
7.80000000 -0.30450780
7.90000000 -0.26872490
8.00000000 -0.22227797
8.10000000 -0.16742003
8.20000000 -0.10670131
8.30000000 -0.04285343
8.40000000 0.02133116
8.50000000 0.08311907
8.60000000 0.13995030
8.70000000 0.18954213
8.80000000 0.22997864
8.90000000 0.25978225
9.00000000 0.27796483
9.10000000 0.28405678
9.20000000 0.27811331
9.30000000 0.26069833
9.40000000 0.23284723
9.50000000 0.19601064
9.60000000 0.15198205
9.70000000 0.10281283
9.80000000 0.05071853
9.90000000 -0.00201935
10.00000000 -0.05315171
10.10000000 -0.10055640
10.20000000 -0.14232477
10.30000000 -0.17683700
10.40000000 -0.20282316
10.50000000 -0.21940788
10.60000000 -0.22613708
10.70000000 -0.22298623
10.80000000 -0.21035007
10.90000000 -0.18901494
11.00000000 -0.16011519
11.10000000 -0.12507599
11.20000000 -0.08554528
11.30000000 -0.04331816
11.40000000 -0.00025689
11.50000000 0.04178973
11.60000000 0.08106442
11.70000000 0.11597342
11.80000000 0.14514982
11.90000000 0.16750550
12.00000000 0.18226995
12.10000000 0.18901461
12.20000000 0.18766206
12.30000000 0.17848011
12.40000000 0.16206141
12.50000000 0.13928978
12.60000000 0.11129520
12.70000000 0.07939940
12.80000000 0.04505486
12.90000000 0.00977981
13.00000000 -0.02490784
13.10000000 -0.05755479
13.20000000 -0.08683228
13.30000000 -0.11158916
13.40000000 -0.13089596
13.50000000 -0.14407853
13.60000000 -0.15073991
13.70000000 -0.15076987
13.80000000 -0.14434210
13.90000000 -0.13189939
14.00000000 -0.11412783
14.10000000 -0.09192134
14.20000000 -0.06633837
14.30000000 -0.03855271
14.40000000 -0.00980072
14.50000000 0.01867269
14.60000000 0.04566705
14.70000000 0.07007605
14.80000000 0.09093194
14.90000000 0.10744294
15.00000000 0.11902216
15.10000000 0.12530713
15.20000000 0.12616924
15.30000000 0.12171312
15.40000000 0.11226605
15.50000000 0.09835828
15.60000000 0.08069522
15.70000000 0.06012299
15.80000000 0.03758883
15.90000000 0.01409834
16.00000000 -0.00932869
16.10000000 -0.03170187
16.20000000 -0.05210137
16.30000000 -0.06971512
16.40000000 -0.08387038
16.50000000 -0.09405856
16.60000000 -0.09995254
16.70000000 -0.10141574
16.80000000 -0.09850292
16.90000000 -0.09145285
17.00000000 -0.08067339
17.10000000 -0.06671973
17.20000000 -0.05026705
17.30000000 -0.03207873
17.40000000 -0.01297170
17.50000000 0.00621958
17.60000000 0.02467897
17.70000000 0.04164272
17.80000000 0.05643049
17.90000000 0.06847202
18.00000000 0.07732835
18.10000000 0.08270705
18.20000000 0.08447071
18.30000000 0.08263879
18.40000000 0.07738258
18.50000000 0.06901406
18.60000000 0.05796891
18.70000000 0.04478487
18.80000000 0.03007623
18.90000000 0.01450582
19.00000000 -0.00124436
19.10000000 -0.01650257
19.20000000 -0.03063549
19.30000000 -0.04307409
19.40000000 -0.05333603
19.50000000 -0.06104386
19.60000000 -0.06593826
19.70000000 -0.06788593
19.80000000 -0.06688192
19.90000000 -0.06304652
20.00000000 -0.05661685
20.10000000 -0.04793376
20.20000000 -0.03742466
20.30000000 -0.02558316
20.40000000 -0.01294637
20.50000000 -0.00007105
20.60000000 0.01249052
20.70000000 0.02421384
20.80000000 0.03462370
20.90000000 0.04331298
21.00000000 0.04995817
21.10000000 0.05433087
21.20000000 0.05630497
21.30000000 0.05585933
21.40000000 0.05307593
21.50000000 0.04813366
21.60000000 0.04129825
21.70000000 0.03290868
21.80000000 0.02336095
21.90000000 0.01308974
22.00000000 0.00254904
22.10000000 -0.00780765
22.20000000 -0.01754649
22.30000000 -0.02627120
22.40000000 -0.03363884
22.50000000 -0.03937298
22.60000000 -0.04327365
22.70000000 -0.04522382
22.80000000 -0.04519217
22.90000000 -0.04323222
23.00000000 -0.03947778
23.10000000 -0.03413521
23.20000000 -0.02747277
23.30000000 -0.01980762
23.40000000 -0.01149110
23.50000000 -0.00289295
23.60000000 0.00561483
23.70000000 0.01367385
23.80000000 0.02095410
23.90000000 0.02716724
24.00000000 0.03207772
24.10000000 0.03551135
24.20000000 0.03736112
24.30000000 0.03758994
24.40000000 0.03623040
24.50000000 0.03338153
24.60000000 0.02920292
24.70000000 0.02390632
24.80000000 0.01774533
24.90000000 0.01100352
