0.00000000 1.00000000
0.01000000 0.99980001
0.02000000 0.99920012
0.03000000 0.99820058
0.04000000 0.99680185
0.05000000 0.99500451
0.06000000 0.99280935
0.07000000 0.99021733
0.08000000 0.98722955
0.09000000 0.98384732
0.10000000 0.98007211
0.11000000 0.97590554
0.12000000 0.97134942
0.13000000 0.96640573
0.14000000 0.96107661
0.15000000 0.95536436
0.16000000 0.94927145
0.17000000 0.94280053
0.18000000 0.93595440
0.19000000 0.92873601
0.20000000 0.92114849
0.21000000 0.91319513
0.22000000 0.90487937
0.23000000 0.89620479
0.24000000 0.88717516
0.25000000 0.87779438
0.26000000 0.86806650
0.27000000 0.85799573
0.28000000 0.84758642
0.29000000 0.83684307
0.30000000 0.82577031
0.31000000 0.81437294
0.32000000 0.80265587
0.33000000 0.79062416
0.34000000 0.77828300
0.35000000 0.76563771
0.36000000 0.75269377
0.37000000 0.73945673
0.38000000 0.72593232
0.39000000 0.71212635
0.40000000 0.69804479
0.41000000 0.68369369
0.42000000 0.66907924
0.43000000 0.65420773
0.44000000 0.63908555
0.45000000 0.62371922
0.46000000 0.60811535
0.47000000 0.59228063
0.48000000 0.57622189
0.49000000 0.55994601
0.50000000 0.54346000
0.51000000 0.52677092
0.52000000 0.50988595
0.53000000 0.49281233
0.54000000 0.47555737
0.55000000 0.45812848
0.56000000 0.44053313
0.57000000 0.42277885
0.58000000 0.40487325
0.59000000 0.38682399
0.60000000 0.36863879
0.61000000 0.35032544
0.62000000 0.33189175
0.63000000 0.31334561
0.64000000 0.29469494
0.65000000 0.27594770
0.66000000 0.25711189
0.67000000 0.23819554
0.68000000 0.21920671
0.69000000 0.20015351
0.70000000 0.18104403
0.71000000 0.16188643
0.72000000 0.14268884
0.73000000 0.12345943
0.74000000 0.10420637
0.75000000 0.08493784
0.76000000 0.06566203
0.77000000 0.04638710
0.78000000 0.02712124
0.79000000 0.00787261
0.80000000 -0.01135064
0.81000000 -0.03054037
0.82000000 -0.04968846
0.83000000 -0.06878681
0.84000000 -0.08782737
0.85000000 -0.10680207
0.86000000 -0.12570293
0.87000000 -0.14452196
0.88000000 -0.16325124
0.89000000 -0.18188288
0.90000000 -0.20040903
0.91000000 -0.21882191
0.92000000 -0.23711378
0.93000000 -0.25527695
0.94000000 -0.27330380
0.95000000 -0.29118678
0.96000000 -0.30891840
0.97000000 -0.32649122
0.98000000 -0.34389790
0.99000000 -0.36113117
1.00000000 -0.37818382
1.01000000 -0.39504874
1.02000000 -0.41171891
1.03000000 -0.42818738
1.04000000 -0.44444729
1.05000000 -0.46049190
1.06000000 -0.47631454
1.07000000 -0.49190864
1.08000000 -0.50726775
1.09000000 -0.52238550
1.10000000 -0.53725565
1.11000000 -0.55187206
1.12000000 -0.56622870
1.13000000 -0.58031965
1.14000000 -0.59413913
1.15000000 -0.60768145
1.16000000 -0.62094106
1.17000000 -0.63391253
1.18000000 -0.64659055
1.19000000 -0.65896995
1.20000000 -0.67104568
1.21000000 -0.68281284
1.22000000 -0.69426663
1.23000000 -0.70540243
1.24000000 -0.71621573
1.25000000 -0.72670216
1.26000000 -0.73685751
1.27000000 -0.74667770
1.28000000 -0.75615879
1.29000000 -0.76529701
1.30000000 -0.77408872
1.31000000 -0.78253042
1.32000000 -0.79061879
1.33000000 -0.79835064
1.34000000 -0.80572294
1.35000000 -0.81273283
1.36000000 -0.81937757
1.37000000 -0.82565462
1.38000000 -0.83156156
1.39000000 -0.83709616
1.40000000 -0.84225633
1.41000000 -0.84704014
1.42000000 -0.85144585
1.43000000 -0.85547183
1.44000000 -0.85911666
1.45000000 -0.86237907
1.46000000 -0.86525794
1.47000000 -0.86775232
1.48000000 -0.86986143
1.49000000 -0.87158466
1.50000000 -0.87292154
1.51000000 -0.87387180
1.52000000 -0.87443529
1.53000000 -0.87461207
1.54000000 -0.87440233
1.55000000 -0.87380644
1.56000000 -0.87282494
1.57000000 -0.87145852
1.58000000 -0.86970804
1.59000000 -0.86757452
1.60000000 -0.86505914
1.61000000 -0.86216325
1.62000000 -0.85888836
1.63000000 -0.85523612
1.64000000 -0.85120838
1.65000000 -0.84680711
1.66000000 -0.84203445
1.67000000 -0.83689270
1.68000000 -0.83138432
1.69000000 -0.82551191
1.70000000 -0.81927825
1.71000000 -0.81268623
1.72000000 -0.80573892
1.73000000 -0.79843955
1.74000000 -0.79079147
1.75000000 -0.78279818
1.76000000 -0.77446334
1.77000000 -0.76579076
1.78000000 -0.75678435
1.79000000 -0.74744821
1.80000000 -0.73778653
1.81000000 -0.72780369
1.82000000 -0.71750416
1.83000000 -0.70689255
1.84000000 -0.69597361
1.85000000 -0.68475223
1.86000000 -0.67323340
1.87000000 -0.66142224
1.88000000 -0.64932400
1.89000000 -0.63694404
1.90000000 -0.62428785
1.91000000 -0.61136103
1.92000000 -0.59816928
1.93000000 -0.58471842
1.94000000 -0.57101437
1.95000000 -0.55706317
1.96000000 -0.54287094
1.97000000 -0.52844392
1.98000000 -0.51378842
1.99000000 -0.49891088
2.00000000 -0.48381780
2.01000000 -0.46851578
2.02000000 -0.45301151
2.03000000 -0.43731175
2.04000000 -0.42142335
2.05000000 -0.40535323
2.06000000 -0.38910839
2.07000000 -0.37269589
2.08000000 -0.35612287
2.09000000 -0.33939653
2.10000000 -0.32252412
2.11000000 -0.30551297
2.12000000 -0.28837044
2.13000000 -0.27110397
2.14000000 -0.25372101
2.15000000 -0.23622910
2.16000000 -0.21863580
2.17000000 -0.20094870
2.18000000 -0.18317543
2.19000000 -0.16532368
2.20000000 -0.14740112
2.21000000 -0.12941549
2.22000000 -0.11137453
2.23000000 -0.09328601
2.24000000 -0.07515770
2.25000000 -0.05699740
2.26000000 -0.03881291
2.27000000 -0.02061204
2.28000000 -0.00240259
2.29000000 0.01580762
2.30000000 0.03401078
2.31000000 0.05219911
2.32000000 0.07036481
2.33000000 0.08850011
2.34000000 0.10659726
2.35000000 0.12464852
2.36000000 0.14264618
2.37000000 0.16058256
2.38000000 0.17845001
2.39000000 0.19624090
2.40000000 0.21394766
2.41000000 0.23156275
2.42000000 0.24907866
2.43000000 0.26648796
2.44000000 0.28378323
2.45000000 0.30095713
2.46000000 0.31800237
2.47000000 0.33491172
2.48000000 0.35167801
2.49000000 0.36829413
2.50000000 0.38475305
2.51000000 0.40104780
2.52000000 0.41717150
2.53000000 0.43311733
2.54000000 0.44887856
2.55000000 0.46444853
2.56000000 0.47982069
2.57000000 0.49498856
2.58000000 0.50994576
2.59000000 0.52468599
2.60000000 0.53920306
2.61000000 0.55349088
2.62000000 0.56754345
2.63000000 0.58135489
2.64000000 0.59491941
2.65000000 0.60823134
2.66000000 0.62128512
2.67000000 0.63407531
2.68000000 0.64659657
2.69000000 0.65884368
2.70000000 0.67081156
2.71000000 0.68249524
2.72000000 0.69388987
2.73000000 0.70499073
2.74000000 0.71579323
2.75000000 0.72629291
2.76000000 0.73648545
2.77000000 0.74636664
2.78000000 0.75593245
2.79000000 0.76517893
2.80000000 0.77410232
2.81000000 0.78269897
2.82000000 0.79096538
2.83000000 0.79889820
2.84000000 0.80649421
2.85000000 0.81375036
2.86000000 0.82066373
2.87000000 0.82723155
2.88000000 0.83345119
2.89000000 0.83932020
2.90000000 0.84483625
2.91000000 0.84999718
2.92000000 0.85480097
2.93000000 0.85924578
2.94000000 0.86332990
2.95000000 0.86705178
2.96000000 0.87041003
2.97000000 0.87340341
2.98000000 0.87603085
2.99000000 0.87829143
3.00000000 0.88018438
3.01000000 0.88170910
3.02000000 0.88286513
3.03000000 0.88365220
3.04000000 0.88407016
3.05000000 0.88411905
3.06000000 0.88379904
3.07000000 0.88311047
3.08000000 0.88205386
3.09000000 0.88062984
3.10000000 0.87883924
3.11000000 0.87668302
3.12000000 0.87416230
3.13000000 0.87127837
3.14000000 0.86803266
3.15000000 0.86442675
3.16000000 0.86046238
3.17000000 0.85614145
3.18000000 0.85146601
3.19000000 0.84643823
3.20000000 0.84106047
3.21000000 0.83533522
3.22000000 0.82926510
3.23000000 0.82285292
3.24000000 0.81610159
3.25000000 0.80901418
3.26000000 0.80159391
3.27000000 0.79384413
3.28000000 0.78576833
3.29000000 0.77737013
3.30000000 0.76865330
3.31000000 0.75962174
3.32000000 0.75027948
3.33000000 0.74063067
3.34000000 0.73067960
3.35000000 0.72043068
3.36000000 0.70988846
3.37000000 0.69905759
3.38000000 0.68794286
3.39000000 0.67654915
3.40000000 0.66488149
3.41000000 0.65294501
3.42000000 0.64074494
3.43000000 0.62828663
3.44000000 0.61557555
3.45000000 0.60261724
3.46000000 0.58941738
3.47000000 0.57598172
3.48000000 0.56231613
3.49000000 0.54842656
3.50000000 0.53431904
3.51000000 0.51999973
3.52000000 0.50547483
3.53000000 0.49075066
3.54000000 0.47583359
3.55000000 0.46073011
3.56000000 0.44544673
3.57000000 0.42999009
3.58000000 0.41436685
3.59000000 0.39858377
3.60000000 0.38264767
3.61000000 0.36656541
3.62000000 0.35034394
3.63000000 0.33399023
3.64000000 0.31751133
3.65000000 0.30091434
3.66000000 0.28420637
3.67000000 0.26739461
3.68000000 0.25048629
3.69000000 0.23348865
3.70000000 0.21640898
3.71000000 0.19925461
3.72000000 0.18203288
3.73000000 0.16475115
3.74000000 0.14741683
3.75000000 0.13003732
3.76000000 0.11262005
3.77000000 0.09517245
3.78000000 0.07770198
3.79000000 0.06021607
3.80000000 0.04272219
3.81000000 0.02522778
3.82000000 0.00774029
3.83000000 -0.00973284
3.84000000 -0.02718417
3.85000000 -0.04460630
3.86000000 -0.06199183
3.87000000 -0.07933337
3.88000000 -0.09662357
3.89000000 -0.11385510
3.90000000 -0.13102066
3.91000000 -0.14811298
3.92000000 -0.16512483
3.93000000 -0.18204902
3.94000000 -0.19887839
3.95000000 -0.21560583
3.96000000 -0.23222429
3.97000000 -0.24872676
3.98000000 -0.26510628
3.99000000 -0.28135595
4.00000000 -0.29746894
4.01000000 -0.31343845
4.02000000 -0.32925779
4.03000000 -0.34492031
4.04000000 -0.36041942
4.05000000 -0.37574864
4.06000000 -0.39090154
4.07000000 -0.40587177
4.08000000 -0.42065307
4.09000000 -0.43523926
4.10000000 -0.44962425
4.11000000 -0.46380203
4.12000000 -0.47776669
4.13000000 -0.49151242
4.14000000 -0.50503349
4.15000000 -0.51832429
4.16000000 -0.53137928
4.17000000 -0.54419307
4.18000000 -0.55676033
4.19000000 -0.56907587
4.20000000 -0.58113460
4.21000000 -0.59293152
4.22000000 -0.60446179
4.23000000 -0.61572066
4.24000000 -0.62670348
4.25000000 -0.63740576
4.26000000 -0.64782311
4.27000000 -0.65795127
4.28000000 -0.66778609
4.29000000 -0.67732358
4.30000000 -0.68655985
4.31000000 -0.69549115
4.32000000 -0.70411386
4.33000000 -0.71242451
4.34000000 -0.72041974
4.35000000 -0.72809635
4.36000000 -0.73545126
4.37000000 -0.74248153
4.38000000 -0.74918438
4.39000000 -0.75555715
4.40000000 -0.76159733
4.41000000 -0.76730255
4.42000000 -0.77267060
4.43000000 -0.77769938
4.44000000 -0.78238699
4.45000000 -0.78673162
4.46000000 -0.79073165
4.47000000 -0.79438558
4.48000000 -0.79769208
4.49000000 -0.80064995
4.50000000 -0.80325815
4.51000000 -0.80551580
4.52000000 -0.80742215
4.53000000 -0.80897661
4.54000000 -0.81017874
4.55000000 -0.81102825
4.56000000 -0.81152500
4.57000000 -0.81166902
4.58000000 -0.81146045
4.59000000 -0.81089961
4.60000000 -0.80998697
4.61000000 -0.80872314
4.62000000 -0.80710888
4.63000000 -0.80514511
4.64000000 -0.80283289
4.65000000 -0.80017343
4.66000000 -0.79716808
4.67000000 -0.79381836
4.68000000 -0.79012590
4.69000000 -0.78609251
4.70000000 -0.78172013
4.71000000 -0.77701084
4.72000000 -0.77196687
4.73000000 -0.76659059
4.74000000 -0.76088450
4.75000000 -0.75485126
4.76000000 -0.74849365
4.77000000 -0.74181460
4.78000000 -0.73481717
4.79000000 -0.72750454
4.80000000 -0.71988005
4.81000000 -0.71194715
4.82000000 -0.70370944
4.83000000 -0.69517062
4.84000000 -0.68633454
4.85000000 -0.67720517
4.86000000 -0.66778658
4.87000000 -0.65808301
4.88000000 -0.64809877
4.89000000 -0.63783831
4.90000000 -0.62730619
4.91000000 -0.61650710
4.92000000 -0.60544581
4.93000000 -0.59412722
4.94000000 -0.58255634
4.95000000 -0.57073828
4.96000000 -0.55867823
4.97000000 -0.54638153
4.98000000 -0.53385356
4.99000000 -0.52109984
5.00000000 -0.50812597
5.01000000 -0.49493762
5.02000000 -0.48154058
5.03000000 -0.46794071
5.04000000 -0.45414395
5.05000000 -0.44015633
5.06000000 -0.42598395
5.07000000 -0.41163298
5.08000000 -0.39710968
5.09000000 -0.38242036
5.10000000 -0.36757142
5.11000000 -0.35256931
5.12000000 -0.33742053
5.13000000 -0.32213166
5.14000000 -0.30670933
5.15000000 -0.29116021
5.16000000 -0.27549104
5.17000000 -0.25970858
5.18000000 -0.24381968
5.19000000 -0.22783117
5.20000000 -0.21174997
5.21000000 -0.19558302
5.22000000 -0.17933727
5.23000000 -0.16301973
5.24000000 -0.14663742
5.25000000 -0.13019739
5.26000000 -0.11370670
5.27000000 -0.09717244
5.28000000 -0.08060171
5.29000000 -0.06400162
5.30000000 -0.04737928
5.31000000 -0.03074181
5.32000000 -0.01409636
5.33000000 0.00254998
5.34000000 0.01919006
5.35000000 0.03581679
5.36000000 0.05242306
5.37000000 0.06900178
5.38000000 0.08554587
5.39000000 0.10204829
5.40000000 0.11850200
5.41000000 0.13490000
5.42000000 0.15123531
5.43000000 0.16750097
5.44000000 0.18369008
5.45000000 0.19979577
5.46000000 0.21581119
5.47000000 0.23172956
5.48000000 0.24754412
5.49000000 0.26324817
5.50000000 0.27883508
5.51000000 0.29429824
5.52000000 0.30963112
5.53000000 0.32482724
5.54000000 0.33988019
5.55000000 0.35478362
5.56000000 0.36953124
5.57000000 0.38411686
5.58000000 0.39853432
5.59000000 0.41277756
5.60000000 0.42684061
5.61000000 0.44071755
5.62000000 0.45440257
5.63000000 0.46788993
5.64000000 0.48117399
5.65000000 0.49424918
5.66000000 0.50711005
5.67000000 0.51975122
5.68000000 0.53216742
5.69000000 0.54435347
5.70000000 0.55630432
5.71000000 0.56801497
5.72000000 0.57948059
5.73000000 0.59069640
5.74000000 0.60165776
5.75000000 0.61236015
5.76000000 0.62279913
5.77000000 0.63297040
5.78000000 0.64286977
5.79000000 0.65249318
5.80000000 0.66183666
5.81000000 0.67089640
5.82000000 0.67966868
5.83000000 0.68814994
5.84000000 0.69633670
5.85000000 0.70422565
5.86000000 0.71181359
5.87000000 0.71909745
5.88000000 0.72607430
5.89000000 0.73274134
5.90000000 0.73909589
5.91000000 0.74513542
5.92000000 0.75085754
5.93000000 0.75625998
5.94000000 0.76134063
5.95000000 0.76609749
5.96000000 0.77052872
5.97000000 0.77463261
5.98000000 0.77840761
5.99000000 0.78185228
6.00000000 0.78496535
6.01000000 0.78774568
6.02000000 0.79019226
6.03000000 0.79230426
6.04000000 0.79408095
6.05000000 0.79552176
6.06000000 0.79662629
6.07000000 0.79739423
6.08000000 0.79782547
6.09000000 0.79792001
6.10000000 0.79767800
6.11000000 0.79709973
6.12000000 0.79618564
6.13000000 0.79493632
6.14000000 0.79335248
6.15000000 0.79143500
6.16000000 0.78918489
6.17000000 0.78660328
6.18000000 0.78369148
6.19000000 0.78045091
6.20000000 0.77688315
6.21000000 0.77298990
6.22000000 0.76877300
6.23000000 0.76423445
6.24000000 0.75937636
6.25000000 0.75420098
6.26000000 0.74871071
6.27000000 0.74290807
6.28000000 0.73679570
6.29000000 0.73037641
6.30000000 0.72365309
6.31000000 0.71662879
6.32000000 0.70930668
6.33000000 0.70169005
6.34000000 0.69378232
6.35000000 0.68558704
6.36000000 0.67710785
6.37000000 0.66834854
6.38000000 0.65931301
6.39000000 0.65000527
6.40000000 0.64042944
6.41000000 0.63058977
6.42000000 0.62049060
6.43000000 0.61013639
6.44000000 0.59953170
6.45000000 0.58868120
6.46000000 0.57758966
6.47000000 0.56626195
6.48000000 0.55470304
6.49000000 0.54291799
6.50000000 0.53091195
6.51000000 0.51869019
6.52000000 0.50625802
6.53000000 0.49362089
6.54000000 0.48078429
6.55000000 0.46775382
6.56000000 0.45453515
6.57000000 0.44113402
6.58000000 0.42755626
6.59000000 0.41380776
6.60000000 0.39989448
6.61000000 0.38582246
6.62000000 0.37159779
6.63000000 0.35722663
6.64000000 0.34271518
6.65000000 0.32806973
6.66000000 0.31329659
6.67000000 0.29840215
6.68000000 0.28339282
6.69000000 0.26827508
6.70000000 0.25305543
6.71000000 0.23774043
6.72000000 0.22233667
6.73000000 0.20685077
6.74000000 0.19128939
6.75000000 0.17565919
6.76000000 0.15996690
6.77000000 0.14421924
6.78000000 0.12842297
6.79000000 0.11258484
6.80000000 0.09671164
6.81000000 0.08081015
6.82000000 0.06488719
6.83000000 0.04894955
6.84000000 0.03300404
6.85000000 0.01705746
6.86000000 0.00111662
6.87000000 -0.01481168
6.88000000 -0.03072066
6.89000000 -0.04660355
6.90000000 -0.06245359
6.91000000 -0.07826403
6.92000000 -0.09402815
6.93000000 -0.10973926
6.94000000 -0.12539070
6.95000000 -0.14097581
6.96000000 -0.15648800
6.97000000 -0.17192068
6.98000000 -0.18726732
6.99000000 -0.20252144
7.00000000 -0.21767658
7.01000000 -0.23272633
7.02000000 -0.24766434
7.03000000 -0.26248430
7.04000000 -0.27717997
7.05000000 -0.29174515
7.06000000 -0.30617371
7.07000000 -0.32045958
7.08000000 -0.33459674
7.09000000 -0.34857927
7.10000000 -0.36240129
7.11000000 -0.37605700
7.12000000 -0.38954068
7.13000000 -0.40284669
7.14000000 -0.41596945
7.15000000 -0.42890348
7.16000000 -0.44164338
7.17000000 -0.45418384
7.18000000 -0.46651962
7.19000000 -0.47864560
7.20000000 -0.49055672
7.21000000 -0.50224805
7.22000000 -0.51371472
7.23000000 -0.52495199
7.24000000 -0.53595520
7.25000000 -0.54671980
7.26000000 -0.55724136
7.27000000 -0.56751553
7.28000000 -0.57753808
7.29000000 -0.58730490
7.30000000 -0.59681197
7.31000000 -0.60605541
7.32000000 -0.61503143
7.33000000 -0.62373637
7.34000000 -0.63216668
7.35000000 -0.64031895
7.36000000 -0.64818986
7.37000000 -0.65577624
7.38000000 -0.66307502
7.39000000 -0.67008327
7.40000000 -0.67679818
7.41000000 -0.68321708
7.42000000 -0.68933741
7.43000000 -0.69515673
7.44000000 -0.70067277
7.45000000 -0.70588336
7.46000000 -0.71078646
7.47000000 -0.71538018
7.48000000 -0.71966275
7.49000000 -0.72363254
7.50000000 -0.72728805
7.51000000 -0.73062793
7.52000000 -0.73365093
7.53000000 -0.73635598
7.54000000 -0.73874212
7.55000000 -0.74080853
7.56000000 -0.74255453
7.57000000 -0.74397957
7.58000000 -0.74508326
7.59000000 -0.74586533
7.60000000 -0.74632563
7.61000000 -0.74646419
7.62000000 -0.74628113
7.63000000 -0.74577675
7.64000000 -0.74495146
7.65000000 -0.74380582
7.66000000 -0.74234051
7.67000000 -0.74055637
7.68000000 -0.73845435
7.69000000 -0.73603555
7.70000000 -0.73330121
7.71000000 -0.73025269
7.72000000 -0.72689149
7.73000000 -0.72321924
7.74000000 -0.71923771
7.75000000 -0.71494878
7.76000000 -0.71035449
7.77000000 -0.70545698
7.78000000 -0.70025854
7.79000000 -0.69476158
7.80000000 -0.68896862
7.81000000 -0.68288234
7.82000000 -0.67650550
7.83000000 -0.66984102
7.84000000 -0.66289193
7.85000000 -0.65566135
7.86000000 -0.64815257
7.87000000 -0.64036896
7.88000000 -0.63231401
7.89000000 -0.62399133
7.90000000 -0.61540465
7.91000000 -0.60655780
7.92000000 -0.59745471
7.93000000 -0.58809943
7.94000000 -0.57849611
7.95000000 -0.56864901
7.96000000 -0.55856249
7.97000000 -0.54824100
7.98000000 -0.53768909
7.99000000 -0.52691142
8.00000000 -0.51591272
8.01000000 -0.50469784
8.02000000 -0.49327168
8.03000000 -0.48163927
8.04000000 -0.46980570
8.05000000 -0.45777614
8.06000000 -0.44555586
8.07000000 -0.43315020
8.08000000 -0.42056455
8.09000000 -0.40780442
8.10000000 -0.39487535
8.11000000 -0.38178298
8.12000000 -0.36853299
8.13000000 -0.35513115
8.14000000 -0.34158326
8.15000000 -0.32789521
8.16000000 -0.31407293
8.17000000 -0.30012240
8.18000000 -0.28604966
8.19000000 -0.27186080
8.20000000 -0.25756194
8.21000000 -0.24315927
8.22000000 -0.22865900
8.23000000 -0.21406737
8.24000000 -0.19939069
8.25000000 -0.18463527
8.26000000 -0.16980746
8.27000000 -0.15491364
8.28000000 -0.13996022
8.29000000 -0.12495361
8.30000000 -0.10990026
8.31000000 -0.09480663
8.32000000 -0.07967919
8.33000000 -0.06452442
8.34000000 -0.04934882
8.35000000 -0.03415888
8.36000000 -0.01896109
8.37000000 -0.00376196
8.38000000 0.01143201
8.39000000 0.02661435
8.40000000 0.04177858
8.41000000 0.05691821
8.42000000 0.07202681
8.43000000 0.08709793
8.44000000 0.10212517
8.45000000 0.11710211
8.46000000 0.13202240
8.47000000 0.14687970
8.48000000 0.16166769
8.49000000 0.17638010
8.50000000 0.19101068
8.51000000 0.20555324
8.52000000 0.22000162
8.53000000 0.23434969
8.54000000 0.24859138
8.55000000 0.26272068
8.56000000 0.27673161
8.57000000 0.29061826
8.58000000 0.30437477
8.59000000 0.31799533
8.60000000 0.33147421
8.61000000 0.34480573
8.62000000 0.35798429
8.63000000 0.37100434
8.64000000 0.38386042
8.65000000 0.39654712
8.66000000 0.40905913
8.67000000 0.42139120
8.68000000 0.43353817
8.69000000 0.44549497
8.70000000 0.45725658
8.71000000 0.46881812
8.72000000 0.48017474
8.73000000 0.49132172
8.74000000 0.50225442
8.75000000 0.51296829
8.76000000 0.52345890
8.77000000 0.53372187
8.78000000 0.54375297
8.79000000 0.55354805
8.80000000 0.56310305
8.81000000 0.57241404
8.82000000 0.58147718
8.83000000 0.59028875
8.84000000 0.59884512
8.85000000 0.60714280
8.86000000 0.61517839
8.87000000 0.62294860
8.88000000 0.63045028
8.89000000 0.63768038
8.90000000 0.64463596
8.91000000 0.65131423
8.92000000 0.65771248
8.93000000 0.66382815
8.94000000 0.66965879
8.95000000 0.67520208
8.96000000 0.68045581
8.97000000 0.68541792
8.98000000 0.69008645
8.99000000 0.69445959
9.00000000 0.69853563
9.01000000 0.70231301
9.02000000 0.70579030
9.03000000 0.70896618
9.04000000 0.71183946
9.05000000 0.71440912
9.06000000 0.71667421
9.07000000 0.71863396
9.08000000 0.72028771
9.09000000 0.72163493
9.10000000 0.72267522
9.11000000 0.72340832
9.12000000 0.72383410
9.13000000 0.72395255
9.14000000 0.72376382
9.15000000 0.72326814
9.16000000 0.72246593
9.17000000 0.72135770
9.18000000 0.71994411
9.19000000 0.71822594
9.20000000 0.71620409
9.21000000 0.71387962
9.22000000 0.71125370
9.23000000 0.70832762
9.24000000 0.70510281
9.25000000 0.70158083
9.26000000 0.69776334
9.27000000 0.69365216
9.28000000 0.68924922
9.29000000 0.68455657
9.30000000 0.67957638
9.31000000 0.67431094
9.32000000 0.66876269
9.33000000 0.66293414
9.34000000 0.65682796
9.35000000 0.65044691
9.36000000 0.64379389
9.37000000 0.63687190
9.38000000 0.62968404
9.39000000 0.62223355
9.40000000 0.61452376
9.41000000 0.60655811
9.42000000 0.59834017
9.43000000 0.58987358
9.44000000 0.58116210
9.45000000 0.57220962
9.46000000 0.56302007
9.47000000 0.55359754
9.48000000 0.54394618
9.49000000 0.53407024
9.50000000 0.52397408
9.51000000 0.51366213
9.52000000 0.50313893
9.53000000 0.49240909
9.54000000 0.48147731
9.55000000 0.47034838
9.56000000 0.45902717
9.57000000 0.44751863
9.58000000 0.43582777
9.59000000 0.42395969
9.60000000 0.41191957
9.61000000 0.39971265
9.62000000 0.38734423
9.63000000 0.37481969
9.64000000 0.36214447
9.65000000 0.34932406
9.66000000 0.33636403
9.67000000 0.32326998
9.68000000 0.31004759
9.69000000 0.29670257
9.70000000 0.28324070
9.71000000 0.26966777
9.72000000 0.25598966
9.73000000 0.24221226
9.74000000 0.22834151
9.75000000 0.21438338
9.76000000 0.20034389
9.77000000 0.18622906
9.78000000 0.17204497
9.79000000 0.15779771
9.80000000 0.14349339
9.81000000 0.12913816
9.82000000 0.11473817
9.83000000 0.10029958
9.84000000 0.08582858
9.85000000 0.07133137
9.86000000 0.05681413
9.87000000 0.04228309
9.88000000 0.02774444
9.89000000 0.01320440
9.90000000 -0.00133084
9.91000000 -0.01585508
9.92000000 -0.03036212
9.93000000 -0.04484580
9.94000000 -0.05929994
9.95000000 -0.07371840
9.96000000 -0.08809505
9.97000000 -0.10242378
9.98000000 -0.11669851
9.99000000 -0.13091319
10.00000000 -0.14506178
10.01000000 -0.15913829
10.02000000 -0.17313676
10.03000000 -0.18705127
10.04000000 -0.20087592
10.05000000 -0.21460489
10.06000000 -0.22823237
10.07000000 -0.24175261
10.08000000 -0.25515991
10.09000000 -0.26844861
10.10000000 -0.28161312
10.11000000 -0.29464791
10.12000000 -0.30754748
10.13000000 -0.32030643
10.14000000 -0.33291938
10.15000000 -0.34538106
10.16000000 -0.35768623
10.17000000 -0.36982975
10.18000000 -0.38180652
10.19000000 -0.39361155
10.20000000 -0.40523991
10.21000000 -0.41668673
10.22000000 -0.42794725
10.23000000 -0.43901677
10.24000000 -0.44989070
10.25000000 -0.46056450
10.26000000 -0.47103376
10.27000000 -0.48129412
10.28000000 -0.49134134
10.29000000 -0.50117126
10.30000000 -0.51077982
10.31000000 -0.52016306
10.32000000 -0.52931710
10.33000000 -0.53823819
10.34000000 -0.54692265
10.35000000 -0.55536694
10.36000000 -0.56356759
10.37000000 -0.57152124
10.38000000 -0.57922467
10.39000000 -0.58667473
10.40000000 -0.59386840
10.41000000 -0.60080277
10.42000000 -0.60747503
10.43000000 -0.61388250
10.44000000 -0.62002260
10.45000000 -0.62589289
10.46000000 -0.63149101
10.47000000 -0.63681475
10.48000000 -0.64186200
10.49000000 -0.64663077
10.50000000 -0.65111920
10.51000000 -0.65532555
10.52000000 -0.65924819
10.53000000 -0.66288562
10.54000000 -0.66623646
10.55000000 -0.66929946
10.56000000 -0.67207349
10.57000000 -0.67455753
10.58000000 -0.67675071
10.59000000 -0.67865226
10.60000000 -0.68026156
10.61000000 -0.68157808
10.62000000 -0.68260146
10.63000000 -0.68333142
10.64000000 -0.68376784
10.65000000 -0.68391072
10.66000000 -0.68376016
10.67000000 -0.68331641
10.68000000 -0.68257985
10.69000000 -0.68155095
10.70000000 -0.68023034
10.71000000 -0.67861877
10.72000000 -0.67671709
10.73000000 -0.67452630
10.74000000 -0.67204750
10.75000000 -0.66928193
10.76000000 -0.66623095
10.77000000 -0.66289603
10.78000000 -0.65927876
10.79000000 -0.65538088
10.80000000 -0.65120420
10.81000000 -0.64675068
10.82000000 -0.64202240
10.83000000 -0.63702154
10.84000000 -0.63175040
10.85000000 -0.62621140
10.86000000 -0.62040706
10.87000000 -0.61434002
10.88000000 -0.60801304
10.89000000 -0.60142898
10.90000000 -0.59459080
10.91000000 -0.58750158
10.92000000 -0.58016450
10.93000000 -0.57258284
10.94000000 -0.56475999
10.95000000 -0.55669944
10.96000000 -0.54840477
10.97000000 -0.53987968
10.98000000 -0.53112793
10.99000000 -0.52215341
11.00000000 -0.51296009
11.01000000 -0.50355202
11.02000000 -0.49393336
11.03000000 -0.48410834
11.04000000 -0.47408128
11.05000000 -0.46385659
11.06000000 -0.45343875
11.07000000 -0.44283234
11.08000000 -0.43204199
11.09000000 -0.42107244
11.10000000 -0.40992847
11.11000000 -0.39861495
11.12000000 -0.38713682
11.13000000 -0.37549908
11.14000000 -0.36370679
11.15000000 -0.35176510
11.16000000 -0.33967918
11.17000000 -0.32745430
11.18000000 -0.31509576
11.19000000 -0.30260891
11.20000000 -0.28999918
11.21000000 -0.27727202
11.22000000 -0.26443294
11.23000000 -0.25148750
11.24000000 -0.23844128
11.25000000 -0.22529993
11.26000000 -0.21206911
11.27000000 -0.19875454
11.28000000 -0.18536195
11.29000000 -0.17189710
11.30000000 -0.15836581
11.31000000 -0.14477388
11.32000000 -0.13112716
11.33000000 -0.11743151
11.34000000 -0.10369282
11.35000000 -0.08991698
11.36000000 -0.07610989
11.37000000 -0.06227748
11.38000000 -0.04842567
11.39000000 -0.03456039
11.40000000 -0.02068758
11.41000000 -0.00681315
11.42000000 0.00705696
11.43000000 0.02091682
11.44000000 0.03476053
11.45000000 0.04858217
11.46000000 0.06237586
11.47000000 0.07613572
11.48000000 0.08985590
11.49000000 0.10353055
11.50000000 0.11715386
11.51000000 0.13072005
11.52000000 0.14422335
11.53000000 0.15765803
11.54000000 0.17101839
11.55000000 0.18429878
11.56000000 0.19749356
11.57000000 0.21059716
11.58000000 0.22360403
11.59000000 0.23650867
11.60000000 0.24930563
11.61000000 0.26198951
11.62000000 0.27455497
11.63000000 0.28699670
11.64000000 0.29930946
11.65000000 0.31148808
11.66000000 0.32352744
11.67000000 0.33542247
11.68000000 0.34716818
11.69000000 0.35875964
11.70000000 0.37019200
11.71000000 0.38146048
11.72000000 0.39256034
11.73000000 0.40348697
11.74000000 0.41423579
11.75000000 0.42480232
11.76000000 0.43518216
11.77000000 0.44537098
11.78000000 0.45536456
11.79000000 0.46515874
11.80000000 0.47474945
11.81000000 0.48413273
11.82000000 0.49330469
11.83000000 0.50226154
11.84000000 0.51099959
11.85000000 0.51951524
11.86000000 0.52780498
11.87000000 0.53586541
11.88000000 0.54369323
11.89000000 0.55128522
11.90000000 0.55863831
11.91000000 0.56574947
11.92000000 0.57261584
11.93000000 0.57923461
11.94000000 0.58560312
11.95000000 0.59171879
11.96000000 0.59757916
11.97000000 0.60318189
11.98000000 0.60852473
11.99000000 0.61360557
12.00000000 0.61842239
12.01000000 0.62297329
12.02000000 0.62725648
12.03000000 0.63127030
12.04000000 0.63501321
12.05000000 0.63848375
12.06000000 0.64168061
12.07000000 0.64460260
12.08000000 0.64724862
12.09000000 0.64961772
12.10000000 0.65170905
12.11000000 0.65352187
12.12000000 0.65505559
12.13000000 0.65630972
12.14000000 0.65728388
12.15000000 0.65797784
12.16000000 0.65839145
12.17000000 0.65852471
12.18000000 0.65837774
12.19000000 0.65795075
12.20000000 0.65724411
12.21000000 0.65625827
12.22000000 0.65499383
12.23000000 0.65345150
12.24000000 0.65163208
12.25000000 0.64953654
12.26000000 0.64716592
12.27000000 0.64452141
12.28000000 0.64160428
12.29000000 0.63841596
12.30000000 0.63495797
12.31000000 0.63123193
12.32000000 0.62723961
12.33000000 0.62298285
12.34000000 0.61846365
12.35000000 0.61368407
12.36000000 0.60864632
12.37000000 0.60335270
12.38000000 0.59780562
12.39000000 0.59200760
12.40000000 0.58596127
12.41000000 0.57966934
12.42000000 0.57313466
12.43000000 0.56636016
12.44000000 0.55934886
12.45000000 0.55210390
12.46000000 0.54462852
12.47000000 0.53692604
12.48000000 0.52899988
12.49000000 0.52085355
12.50000000 0.51249068
12.51000000 0.50391494
12.52000000 0.49513013
12.53000000 0.48614013
12.54000000 0.47694888
12.55000000 0.46756044
12.56000000 0.45797892
12.57000000 0.44820854
12.58000000 0.43825356
12.59000000 0.42811835
12.60000000 0.41780735
12.61000000 0.40732505
12.62000000 0.39667603
12.63000000 0.38586493
12.64000000 0.37489647
12.65000000 0.36377542
12.66000000 0.35250662
12.67000000 0.34109495
12.68000000 0.32954539
12.69000000 0.31786293
12.70000000 0.30605265
12.71000000 0.29411965
12.72000000 0.28206911
12.73000000 0.26990623
12.74000000 0.25763628
12.75000000 0.24526455
12.76000000 0.23279638
12.77000000 0.22023716
12.78000000 0.20759230
12.79000000 0.19486724
12.80000000 0.18206746
12.81000000 0.16919847
12.82000000 0.15626580
12.83000000 0.14327501
12.84000000 0.13023168
12.85000000 0.11714141
12.86000000 0.10400981
12.87000000 0.09084250
12.88000000 0.07764514
12.89000000 0.06442337
12.90000000 0.05118285
12.91000000 0.03792923
12.92000000 0.02466820
12.93000000 0.01140540
12.94000000 -0.00185350
12.95000000 -0.01510284
12.96000000 -0.02833698
12.97000000 -0.04155027
12.98000000 -0.05473709
12.99000000 -0.06789182
13.00000000 -0.08100888
13.01000000 -0.09408268
13.02000000 -0.10710767
13.03000000 -0.12007832
13.04000000 -0.13298912
13.05000000 -0.14583461
13.06000000 -0.15860933
13.07000000 -0.17130788
13.08000000 -0.18392489
13.09000000 -0.19645501
13.10000000 -0.20889296
13.11000000 -0.22123347
13.12000000 -0.23347134
13.13000000 -0.24560141
13.14000000 -0.25761856
13.15000000 -0.26951773
13.16000000 -0.28129392
13.17000000 -0.29294216
13.18000000 -0.30445758
13.19000000 -0.31583532
13.20000000 -0.32707062
13.21000000 -0.33815877
13.22000000 -0.34909512
13.23000000 -0.35987509
13.24000000 -0.37049419
13.25000000 -0.38094796
13.26000000 -0.39123206
13.27000000 -0.40134218
13.28000000 -0.41127413
13.29000000 -0.42102377
13.30000000 -0.43058705
13.31000000 -0.43995999
13.32000000 -0.44913872
13.33000000 -0.45811942
13.34000000 -0.46689840
13.35000000 -0.47547201
13.36000000 -0.48383673
13.37000000 -0.49198911
13.38000000 -0.49992581
13.39000000 -0.50764355
13.40000000 -0.51513919
13.41000000 -0.52240966
13.42000000 -0.52945198
13.43000000 -0.53626329
13.44000000 -0.54284083
13.45000000 -0.54918193
13.46000000 -0.55528401
13.47000000 -0.56114464
13.48000000 -0.56676144
13.49000000 -0.57213218
13.50000000 -0.57725470
13.51000000 -0.58212697
13.52000000 -0.58674707
13.53000000 -0.59111317
13.54000000 -0.59522357
13.55000000 -0.59907666
13.56000000 -0.60267097
13.57000000 -0.60600511
13.58000000 -0.60907781
13.59000000 -0.61188793
13.60000000 -0.61443443
13.61000000 -0.61671637
13.62000000 -0.61873296
13.63000000 -0.62048348
13.64000000 -0.62196735
13.65000000 -0.62318411
13.66000000 -0.62413340
13.67000000 -0.62481497
13.68000000 -0.62522870
13.69000000 -0.62537458
13.70000000 -0.62525270
13.71000000 -0.62486329
13.72000000 -0.62420667
13.73000000 -0.62328329
13.74000000 -0.62209370
13.75000000 -0.62063858
13.76000000 -0.61891871
13.77000000 -0.61693499
13.78000000 -0.61468842
13.79000000 -0.61218012
13.80000000 -0.60941133
13.81000000 -0.60638339
13.82000000 -0.60309775
13.83000000 -0.59955597
13.84000000 -0.59575972
13.85000000 -0.59171077
13.86000000 -0.58741102
13.87000000 -0.58286244
13.88000000 -0.57806714
13.89000000 -0.57302732
13.90000000 -0.56774526
13.91000000 -0.56222339
13.92000000 -0.55646419
13.93000000 -0.55047029
13.94000000 -0.54424437
13.95000000 -0.53778924
13.96000000 -0.53110780
13.97000000 -0.52420304
13.98000000 -0.51707804
13.99000000 -0.50973598
14.00000000 -0.50218013
14.01000000 -0.49441384
14.02000000 -0.48644056
14.03000000 -0.47826382
14.04000000 -0.46988723
14.05000000 -0.46131450
14.06000000 -0.45254940
14.07000000 -0.44359580
14.08000000 -0.43445762
14.09000000 -0.42513890
14.10000000 -0.41564371
14.11000000 -0.40597622
14.12000000 -0.39614065
14.13000000 -0.38614132
14.14000000 -0.37598259
14.15000000 -0.36566890
14.16000000 -0.35520474
14.17000000 -0.34459467
14.18000000 -0.33384331
14.19000000 -0.32295535
14.20000000 -0.31193550
14.21000000 -0.30078856
14.22000000 -0.28951936
14.23000000 -0.27813279
14.24000000 -0.26663378
14.25000000 -0.25502731
14.26000000 -0.24331839
14.27000000 -0.23151210
14.28000000 -0.21961353
14.29000000 -0.20762782
14.30000000 -0.19556013
14.31000000 -0.18341567
14.32000000 -0.17119967
14.33000000 -0.15891739
14.34000000 -0.14657412
14.35000000 -0.13417515
14.36000000 -0.12172583
14.37000000 -0.10923148
14.38000000 -0.09669748
14.39000000 -0.08412920
14.40000000 -0.07153203
14.41000000 -0.05891136
14.42000000 -0.04627260
14.43000000 -0.03362115
14.44000000 -0.02096241
14.45000000 -0.00830181
14.46000000 0.00435525
14.47000000 0.01700338
14.48000000 0.02963717
14.49000000 0.04225125
14.50000000 0.05484023
14.51000000 0.06739876
14.52000000 0.07992150
14.53000000 0.09240312
14.54000000 0.10483832
14.55000000 0.11722181
14.56000000 0.12954834
14.57000000 0.14181268
14.58000000 0.15400963
14.59000000 0.16613403
14.60000000 0.17818074
14.61000000 0.19014467
14.62000000 0.20202075
14.63000000 0.21380397
14.64000000 0.22548936
14.65000000 0.23707198
14.66000000 0.24854696
14.67000000 0.25990945
14.68000000 0.27115467
14.69000000 0.28227789
14.70000000 0.29327444
14.71000000 0.30413970
14.72000000 0.31486910
14.73000000 0.32545815
14.74000000 0.33590241
14.75000000 0.34619751
14.76000000 0.35633913
14.77000000 0.36632305
14.78000000 0.37614509
14.79000000 0.38580116
14.80000000 0.39528723
14.81000000 0.40459936
14.82000000 0.41373367
14.83000000 0.42268637
14.84000000 0.43145374
14.85000000 0.44003216
14.86000000 0.44841807
14.87000000 0.45660800
14.88000000 0.46459858
14.89000000 0.47238651
14.90000000 0.47996860
14.91000000 0.48734171
14.92000000 0.49450284
14.93000000 0.50144905
14.94000000 0.50817750
14.95000000 0.51468545
14.96000000 0.52097025
14.97000000 0.52702935
14.98000000 0.53286030
14.99000000 0.53846074
15.00000000 0.54382842
15.01000000 0.54896119
15.02000000 0.55385699
15.03000000 0.55851388
15.04000000 0.56293001
15.05000000 0.56710364
15.06000000 0.57103313
15.07000000 0.57471694
15.08000000 0.57815365
15.09000000 0.58134194
15.10000000 0.58428060
15.11000000 0.58696852
15.12000000 0.58940469
15.13000000 0.59158824
15.14000000 0.59351838
15.15000000 0.59519444
15.16000000 0.59661584
15.17000000 0.59778214
15.18000000 0.59869299
15.19000000 0.59934815
15.20000000 0.59974750
15.21000000 0.59989101
15.22000000 0.59977878
15.23000000 0.59941101
15.24000000 0.59878800
15.25000000 0.59791018
15.26000000 0.59677808
15.27000000 0.59539231
15.28000000 0.59375364
15.29000000 0.59186291
15.30000000 0.58972107
15.31000000 0.58732920
15.32000000 0.58468846
15.33000000 0.58180012
15.34000000 0.57866557
15.35000000 0.57528630
15.36000000 0.57166389
15.37000000 0.56780003
15.38000000 0.56369652
15.39000000 0.55935526
15.40000000 0.55477823
15.41000000 0.54996754
15.42000000 0.54492537
15.43000000 0.53965403
15.44000000 0.53415589
15.45000000 0.52843344
15.46000000 0.52248925
15.47000000 0.51632601
15.48000000 0.50994646
15.49000000 0.50335347
15.50000000 0.49654997
15.51000000 0.48953900
15.52000000 0.48232368
15.53000000 0.47490720
15.54000000 0.46729286
15.55000000 0.45948402
15.56000000 0.45148414
15.57000000 0.44329675
15.58000000 0.43492544
15.59000000 0.42637392
15.60000000 0.41764593
15.61000000 0.40874531
15.62000000 0.39967597
15.63000000 0.39044187
15.64000000 0.38104706
15.65000000 0.37149565
15.66000000 0.36179180
15.67000000 0.35193976
15.68000000 0.34194381
15.69000000 0.33180832
15.70000000 0.32153769
15.71000000 0.31113639
15.72000000 0.30060894
15.73000000 0.28995991
15.74000000 0.27919392
15.75000000 0.26831563
15.76000000 0.25732976
15.77000000 0.24624106
15.78000000 0.23505434
15.79000000 0.22377441
15.80000000 0.21240616
15.81000000 0.20095450
15.82000000 0.18942435
15.83000000 0.17782070
15.84000000 0.16614853
15.85000000 0.15441288
15.86000000 0.14261878
15.87000000 0.13077132
15.88000000 0.11887559
15.89000000 0.10693667
15.90000000 0.09495972
15.91000000 0.08294984
15.92000000 0.07091221
15.93000000 0.05885196
15.94000000 0.04677426
15.95000000 0.03468428
15.96000000 0.02258719
15.97000000 0.01048815
15.98000000 -0.00160767
15.99000000 -0.01369510
16.00000000 -0.02576900
16.01000000 -0.03782422
16.02000000 -0.04985562
16.03000000 -0.06185809
16.04000000 -0.07382651
16.05000000 -0.08575580
16.06000000 -0.09764089
16.07000000 -0.10947673
16.08000000 -0.12125831
16.09000000 -0.13298062
16.10000000 -0.14463870
16.11000000 -0.15622761
16.12000000 -0.16774245
16.13000000 -0.17917834
16.14000000 -0.19053046
16.15000000 -0.20179400
16.16000000 -0.21296422
16.17000000 -0.22403641
16.18000000 -0.23500589
16.19000000 -0.24586804
16.20000000 -0.25661831
16.21000000 -0.26725216
16.22000000 -0.27776513
16.23000000 -0.28815280
16.24000000 -0.29841082
16.25000000 -0.30853489
16.26000000 -0.31852077
16.27000000 -0.32836427
16.28000000 -0.33806129
16.29000000 -0.34760778
16.30000000 -0.35699974
16.31000000 -0.36623328
16.32000000 -0.37530453
16.33000000 -0.38420974
16.34000000 -0.39294519
16.35000000 -0.40150728
16.36000000 -0.40989243
16.37000000 -0.41809719
16.38000000 -0.42611816
16.39000000 -0.43395203
16.40000000 -0.44159558
16.41000000 -0.44904564
16.42000000 -0.45629917
16.43000000 -0.46335318
16.44000000 -0.47020479
16.45000000 -0.47685119
16.46000000 -0.48328967
16.47000000 -0.48951762
16.48000000 -0.49553249
16.49000000 -0.50133185
16.50000000 -0.50691337
16.51000000 -0.51227478
16.52000000 -0.51741393
16.53000000 -0.52232877
16.54000000 -0.52701733
16.55000000 -0.53147775
16.56000000 -0.53570826
16.57000000 -0.53970720
16.58000000 -0.54347300
16.59000000 -0.54700420
16.60000000 -0.55029942
16.61000000 -0.55335741
16.62000000 -0.55617701
16.63000000 -0.55875715
16.64000000 -0.56109689
16.65000000 -0.56319535
16.66000000 -0.56505181
16.67000000 -0.56666561
16.68000000 -0.56803621
16.69000000 -0.56916316
16.70000000 -0.57004615
16.71000000 -0.57068494
16.72000000 -0.57107939
16.73000000 -0.57122951
16.74000000 -0.57113536
16.75000000 -0.57079713
16.76000000 -0.57021512
16.77000000 -0.56938972
16.78000000 -0.56832144
16.79000000 -0.56701087
16.80000000 -0.56545872
16.81000000 -0.56366580
16.82000000 -0.56163301
16.83000000 -0.55936138
16.84000000 -0.55685202
16.85000000 -0.55410614
16.86000000 -0.55112505
16.87000000 -0.54791017
16.88000000 -0.54446302
16.89000000 -0.54078520
16.90000000 -0.53687842
16.91000000 -0.53274450
16.92000000 -0.52838533
16.93000000 -0.52380290
16.94000000 -0.51899931
16.95000000 -0.51397675
16.96000000 -0.50873749
16.97000000 -0.50328389
16.98000000 -0.49761841
16.99000000 -0.49174361
17.00000000 -0.48566211
17.01000000 -0.47937663
17.02000000 -0.47288998
17.03000000 -0.46620506
17.04000000 -0.45932483
17.05000000 -0.45225235
17.06000000 -0.44499075
17.07000000 -0.43754325
17.08000000 -0.42991315
17.09000000 -0.42210380
17.10000000 -0.41411864
17.11000000 -0.40596121
17.12000000 -0.39763507
17.13000000 -0.38914389
17.14000000 -0.38049140
17.15000000 -0.37168137
17.16000000 -0.36271768
17.17000000 -0.35360423
17.18000000 -0.34434501
17.19000000 -0.33494407
17.20000000 -0.32540549
17.21000000 -0.31573345
17.22000000 -0.30593213
17.23000000 -0.29600582
17.24000000 -0.28595881
17.25000000 -0.27579548
17.26000000 -0.26552024
17.27000000 -0.25513753
17.28000000 -0.24465186
17.29000000 -0.23406777
17.30000000 -0.22338983
17.31000000 -0.21262266
17.32000000 -0.20177091
17.33000000 -0.19083927
17.34000000 -0.17983245
17.35000000 -0.16875520
17.36000000 -0.15761229
17.37000000 -0.14640851
17.38000000 -0.13514869
17.39000000 -0.12383768
17.40000000 -0.11248032
17.41000000 -0.10108151
17.42000000 -0.08964612
17.43000000 -0.07817908
17.44000000 -0.06668528
17.45000000 -0.05516966
17.46000000 -0.04363715
17.47000000 -0.03209268
17.48000000 -0.02054120
17.49000000 -0.00898762
17.50000000 0.00256310
17.51000000 0.01410603
17.52000000 0.02563626
17.53000000 0.03714887
17.54000000 0.04863894
17.55000000 0.06010160
17.56000000 0.07153195
17.57000000 0.08292514
17.58000000 0.09427632
17.59000000 0.10558067
17.60000000 0.11683340
17.61000000 0.12802972
17.62000000 0.13916489
17.63000000 0.15023420
17.64000000 0.16123295
17.65000000 0.17215649
17.66000000 0.18300020
17.67000000 0.19375949
17.68000000 0.20442983
17.69000000 0.21500671
17.70000000 0.22548567
17.71000000 0.23586229
17.72000000 0.24613221
17.73000000 0.25629110
17.74000000 0.26633469
17.75000000 0.27625876
17.76000000 0.28605915
17.77000000 0.29573174
17.78000000 0.30527248
17.79000000 0.31467738
17.80000000 0.32394250
17.81000000 0.33306398
17.82000000 0.34203799
17.83000000 0.35086080
17.84000000 0.35952873
17.85000000 0.36803817
17.86000000 0.37638560
17.87000000 0.38456752
17.88000000 0.39258057
17.89000000 0.40042140
17.90000000 0.40808679
17.91000000 0.41557356
17.92000000 0.42287862
17.93000000 0.42999897
17.94000000 0.43693167
17.95000000 0.44367388
17.96000000 0.45022284
17.97000000 0.45657585
17.98000000 0.46273034
17.99000000 0.46868379
18.00000000 0.47443378
18.01000000 0.47997798
18.02000000 0.48531414
18.03000000 0.49044012
18.04000000 0.49535384
18.05000000 0.50005335
18.06000000 0.50453676
18.07000000 0.50880229
18.08000000 0.51284825
18.09000000 0.51667305
18.10000000 0.52027518
18.11000000 0.52365324
18.12000000 0.52680593
18.13000000 0.52973204
18.14000000 0.53243045
18.15000000 0.53490015
18.16000000 0.53714022
18.17000000 0.53914984
18.18000000 0.54092830
18.19000000 0.54247498
18.20000000 0.54378936
18.21000000 0.54487101
18.22000000 0.54571961
18.23000000 0.54633495
18.24000000 0.54671690
18.25000000 0.54686543
18.26000000 0.54678064
18.27000000 0.54646269
18.28000000 0.54591185
18.29000000 0.54512852
18.30000000 0.54411315
18.31000000 0.54286634
18.32000000 0.54138873
18.33000000 0.53968112
18.34000000 0.53774436
18.35000000 0.53557942
18.36000000 0.53318737
18.37000000 0.53056935
18.38000000 0.52772663
18.39000000 0.52466055
18.40000000 0.52137256
18.41000000 0.51786420
18.42000000 0.51413709
18.43000000 0.51019296
18.44000000 0.50603363
18.45000000 0.50166099
18.46000000 0.49707705
18.47000000 0.49228388
18.48000000 0.48728367
18.49000000 0.48207867
18.50000000 0.47667122
18.51000000 0.47106376
18.52000000 0.46525880
18.53000000 0.45925893
18.54000000 0.45306684
18.55000000 0.44668529
18.56000000 0.44011710
18.57000000 0.43336521
18.58000000 0.42643259
18.59000000 0.41932233
18.60000000 0.41203756
18.61000000 0.40458149
18.62000000 0.39695741
18.63000000 0.38916868
18.64000000 0.38121872
18.65000000 0.37311103
18.66000000 0.36484914
18.67000000 0.35643670
18.68000000 0.34787737
18.69000000 0.33917489
18.70000000 0.33033308
18.71000000 0.32135578
18.72000000 0.31224692
18.73000000 0.30301045
18.74000000 0.29365039
18.75000000 0.28417082
18.76000000 0.27457586
18.77000000 0.26486966
18.78000000 0.25505644
18.79000000 0.24514045
18.80000000 0.23512598
18.81000000 0.22501737
18.82000000 0.21481899
18.83000000 0.20453525
18.84000000 0.19417058
18.85000000 0.18372946
18.86000000 0.17321639
18.87000000 0.16263590
18.88000000 0.15199255
18.89000000 0.14129091
18.90000000 0.13053560
18.91000000 0.11973123
18.92000000 0.10888244
18.93000000 0.09799390
18.94000000 0.08707026
18.95000000 0.07611623
18.96000000 0.06513648
18.97000000 0.05413572
18.98000000 0.04311867
18.99000000 0.03209002
19.00000000 0.02105451
19.01000000 0.01001683
19.02000000 -0.00101830
19.03000000 -0.01204617
19.04000000 -0.02306207
19.05000000 -0.03406131
19.06000000 -0.04503921
19.07000000 -0.05599109
19.08000000 -0.06691230
19.09000000 -0.07779819
19.10000000 -0.08864414
19.11000000 -0.09944553
19.12000000 -0.11019780
19.13000000 -0.12089637
19.14000000 -0.13153671
19.15000000 -0.14211432
19.16000000 -0.15262471
19.17000000 -0.16306345
19.18000000 -0.17342612
19.19000000 -0.18370834
19.20000000 -0.19390577
19.21000000 -0.20401410
19.22000000 -0.21402909
19.23000000 -0.22394650
19.24000000 -0.23376216
19.25000000 -0.24347195
19.26000000 -0.25307178
19.27000000 -0.26255763
19.28000000 -0.27192550
19.29000000 -0.28117147
19.30000000 -0.29029167
19.31000000 -0.29928228
19.32000000 -0.30813954
19.33000000 -0.31685975
19.34000000 -0.32543927
19.35000000 -0.33387452
19.36000000 -0.34216198
19.37000000 -0.35029821
19.38000000 -0.35827982
19.39000000 -0.36610351
19.40000000 -0.37376601
19.41000000 -0.38126417
19.42000000 -0.38859487
19.43000000 -0.39575509
19.44000000 -0.40274188
19.45000000 -0.40955235
19.46000000 -0.41618370
19.47000000 -0.42263322
19.48000000 -0.42889825
19.49000000 -0.43497623
19.50000000 -0.44086468
19.51000000 -0.44656120
19.52000000 -0.45206347
19.53000000 -0.45736927
19.54000000 -0.46247644
19.55000000 -0.46738292
19.56000000 -0.47208674
19.57000000 -0.47658601
19.58000000 -0.48087893
19.59000000 -0.48496381
19.60000000 -0.48883900
19.61000000 -0.49250300
19.62000000 -0.49595436
19.63000000 -0.49919173
19.64000000 -0.50221387
19.65000000 -0.50501961
19.66000000 -0.50760788
19.67000000 -0.50997771
19.68000000 -0.51212822
19.69000000 -0.51405863
19.70000000 -0.51576824
19.71000000 -0.51725646
19.72000000 -0.51852278
19.73000000 -0.51956679
19.74000000 -0.52038820
19.75000000 -0.52098677
19.76000000 -0.52136239
19.77000000 -0.52151503
19.78000000 -0.52144477
19.79000000 -0.52115176
19.80000000 -0.52063627
19.81000000 -0.51989865
19.82000000 -0.51893935
19.83000000 -0.51775892
19.84000000 -0.51635798
19.85000000 -0.51473728
19.86000000 -0.51289764
19.87000000 -0.51083997
19.88000000 -0.50856529
19.89000000 -0.50607470
19.90000000 -0.50336940
19.91000000 -0.50045066
19.92000000 -0.49731986
19.93000000 -0.49397848
19.94000000 -0.49042806
19.95000000 -0.48667024
19.96000000 -0.48270676
19.97000000 -0.47853943
19.98000000 -0.47417017
19.99000000 -0.46960094
20.00000000 -0.46483383
20.01000000 -0.45987099
20.02000000 -0.45471467
20.03000000 -0.44936717
20.04000000 -0.44383090
20.05000000 -0.43810834
20.06000000 -0.43220204
20.07000000 -0.42611463
20.08000000 -0.41984884
20.09000000 -0.41340743
20.10000000 -0.40679327
20.11000000 -0.40000928
20.12000000 -0.39305847
20.13000000 -0.38594390
20.14000000 -0.37866871
20.15000000 -0.37123611
20.16000000 -0.36364936
20.17000000 -0.35591180
20.18000000 -0.34802682
20.19000000 -0.33999788
20.20000000 -0.33182850
20.21000000 -0.32352224
20.22000000 -0.31508274
20.23000000 -0.30651369
20.24000000 -0.29781881
20.25000000 -0.28900190
20.26000000 -0.28006679
20.27000000 -0.27101738
20.28000000 -0.26185760
20.29000000 -0.25259142
20.30000000 -0.24322287
20.31000000 -0.23375600
20.32000000 -0.22419492
20.33000000 -0.21454377
20.34000000 -0.20480673
20.35000000 -0.19498800
20.36000000 -0.18509182
20.37000000 -0.17512247
20.38000000 -0.16508425
20.39000000 -0.15498148
20.40000000 -0.14481853
20.41000000 -0.13459975
20.42000000 -0.12432956
20.43000000 -0.11401236
20.44000000 -0.10365259
20.45000000 -0.09325470
20.46000000 -0.08282315
20.47000000 -0.07236241
20.48000000 -0.06187697
20.49000000 -0.05137132
20.50000000 -0.04084996
20.51000000 -0.03031738
20.52000000 -0.01977810
20.53000000 -0.00923661
20.54000000 0.00130258
20.55000000 0.01183498
20.56000000 0.02235609
20.57000000 0.03286143
20.58000000 0.04334652
20.59000000 0.05380690
20.60000000 0.06423812
20.61000000 0.07463575
20.62000000 0.08499535
20.63000000 0.09531255
20.64000000 0.10558295
20.65000000 0.11580220
20.66000000 0.12596597
20.67000000 0.13606995
20.68000000 0.14610987
20.69000000 0.15608148
20.70000000 0.16598057
20.71000000 0.17580294
20.72000000 0.18554446
20.73000000 0.19520102
20.74000000 0.20476854
20.75000000 0.21424300
20.76000000 0.22362040
20.77000000 0.23289680
20.78000000 0.24206831
20.79000000 0.25113106
20.80000000 0.26008127
20.81000000 0.26891517
20.82000000 0.27762906
20.83000000 0.28621930
20.84000000 0.29468229
20.85000000 0.30301451
20.86000000 0.31121246
20.87000000 0.31927273
20.88000000 0.32719197
20.89000000 0.33496688
20.90000000 0.34259423
20.91000000 0.35007084
20.92000000 0.35739362
20.93000000 0.36455954
20.94000000 0.37156563
20.95000000 0.37840900
20.96000000 0.38508682
20.97000000 0.39159634
20.98000000 0.39793488
20.99000000 0.40409985
21.00000000 0.41008871
21.01000000 0.41589901
21.02000000 0.42152839
21.03000000 0.42697454
21.04000000 0.43223525
21.05000000 0.43730839
21.06000000 0.44219191
21.07000000 0.44688382
21.08000000 0.45138226
21.09000000 0.45568540
21.10000000 0.45979153
21.11000000 0.46369903
21.12000000 0.46740633
21.13000000 0.47091197
21.14000000 0.47421459
21.15000000 0.47731289
21.16000000 0.48020567
21.17000000 0.48289182
21.18000000 0.48537031
21.19000000 0.48764023
21.20000000 0.48970071
21.21000000 0.49155100
21.22000000 0.49319045
21.23000000 0.49461847
21.24000000 0.49583459
21.25000000 0.49683841
21.26000000 0.49762964
21.27000000 0.49820805
21.28000000 0.49857354
21.29000000 0.49872606
21.30000000 0.49866570
21.31000000 0.49839259
21.32000000 0.49790698
21.33000000 0.49720921
21.34000000 0.49629970
21.35000000 0.49517897
21.36000000 0.49384761
21.37000000 0.49230634
21.38000000 0.49055592
21.39000000 0.48859723
21.40000000 0.48643124
21.41000000 0.48405899
21.42000000 0.48148161
21.43000000 0.47870033
21.44000000 0.47571647
21.45000000 0.47253141
21.46000000 0.46914663
21.47000000 0.46556370
21.48000000 0.46178427
21.49000000 0.45781007
21.50000000 0.45364291
21.51000000 0.44928469
21.52000000 0.44473737
21.53000000 0.44000303
21.54000000 0.43508378
21.55000000 0.42998184
21.56000000 0.42469950
21.57000000 0.41923912
21.58000000 0.41360314
21.59000000 0.40779407
21.60000000 0.40181449
21.61000000 0.39566707
21.62000000 0.38935451
21.63000000 0.38287963
21.64000000 0.37624527
21.65000000 0.36945437
21.66000000 0.36250992
21.67000000 0.35541498
21.68000000 0.34817267
21.69000000 0.34078616
21.70000000 0.33325871
21.71000000 0.32559360
21.72000000 0.31779419
21.73000000 0.30986389
21.74000000 0.30180617
21.75000000 0.29362454
21.76000000 0.28532258
21.77000000 0.27690389
21.78000000 0.26837214
21.79000000 0.25973105
21.80000000 0.25098436
21.81000000 0.24213588
21.82000000 0.23318945
21.83000000 0.22414894
21.84000000 0.21501827
21.85000000 0.20580139
21.86000000 0.19650230
21.87000000 0.18712500
21.88000000 0.17767356
21.89000000 0.16815204
21.90000000 0.15856457
21.91000000 0.14891526
21.92000000 0.13920829
21.93000000 0.12944782
21.94000000 0.11963807
21.95000000 0.10978323
21.96000000 0.09988756
21.97000000 0.08995530
21.98000000 0.07999072
21.99000000 0.06999808
22.00000000 0.05998167
22.01000000 0.04994578
22.02000000 0.03989472
22.03000000 0.02983277
22.04000000 0.01976425
22.05000000 0.00969345
22.06000000 -0.00037533
22.07000000 -0.01043777
22.08000000 -0.02048961
22.09000000 -0.03052654
22.10000000 -0.04054429
22.11000000 -0.05053859
22.12000000 -0.06050520
22.13000000 -0.07043988
22.14000000 -0.08033839
22.15000000 -0.09019654
22.16000000 -0.10001015
22.17000000 -0.10977504
22.18000000 -0.11948709
22.19000000 -0.12914217
22.20000000 -0.13873620
22.21000000 -0.14826511
22.22000000 -0.15772489
22.23000000 -0.16711152
22.24000000 -0.17642106
22.25000000 -0.18564956
22.26000000 -0.19479315
22.27000000 -0.20384796
22.28000000 -0.21281019
22.29000000 -0.22167606
22.30000000 -0.23044186
22.31000000 -0.23910388
22.32000000 -0.24765851
22.33000000 -0.25610216
22.34000000 -0.26443128
22.35000000 -0.27264239
22.36000000 -0.28073205
22.37000000 -0.28869689
22.38000000 -0.29653358
22.39000000 -0.30423886
22.40000000 -0.31180951
22.41000000 -0.31924238
22.42000000 -0.32653438
22.43000000 -0.33368249
22.44000000 -0.34068374
22.45000000 -0.34753523
22.46000000 -0.35423413
22.47000000 -0.36077767
22.48000000 -0.36716315
22.49000000 -0.37338794
22.50000000 -0.37944948
22.51000000 -0.38534528
22.52000000 -0.39107293
22.53000000 -0.39663008
22.54000000 -0.40201446
22.55000000 -0.40722389
22.56000000 -0.41225623
22.57000000 -0.41710946
22.58000000 -0.42178161
22.59000000 -0.42627079
22.60000000 -0.43057520
22.61000000 -0.43469311
22.62000000 -0.43862288
22.63000000 -0.44236295
22.64000000 -0.44591182
22.65000000 -0.44926812
22.66000000 -0.45243051
22.67000000 -0.45539777
22.68000000 -0.45816875
22.69000000 -0.46074238
22.70000000 -0.46311768
22.71000000 -0.46529377
22.72000000 -0.46726983
22.73000000 -0.46904515
22.74000000 -0.47061908
22.75000000 -0.47199107
22.76000000 -0.47316067
22.77000000 -0.47412749
22.78000000 -0.47489125
22.79000000 -0.47545174
22.80000000 -0.47580885
22.81000000 -0.47596254
22.82000000 -0.47591289
22.83000000 -0.47566002
22.84000000 -0.47520417
22.85000000 -0.47454566
22.86000000 -0.47368489
22.87000000 -0.47262236
22.88000000 -0.47135863
22.89000000 -0.46989437
22.90000000 -0.46823033
22.91000000 -0.46636733
22.92000000 -0.46430629
22.93000000 -0.46204822
22.94000000 -0.45959419
22.95000000 -0.45694537
22.96000000 -0.45410301
22.97000000 -0.45106844
22.98000000 -0.44784307
22.99000000 -0.44442840
23.00000000 -0.44082599
23.01000000 -0.43703749
23.02000000 -0.43306464
23.03000000 -0.42890924
23.04000000 -0.42457318
23.05000000 -0.42005842
23.06000000 -0.41536698
23.07000000 -0.41050099
23.08000000 -0.40546262
23.09000000 -0.40025413
23.10000000 -0.39487784
23.11000000 -0.38933616
23.12000000 -0.38363153
23.13000000 -0.37776651
23.14000000 -0.37174368
23.15000000 -0.36556572
23.16000000 -0.35923536
23.17000000 -0.35275538
23.18000000 -0.34612865
23.19000000 -0.33935808
23.20000000 -0.33244665
23.21000000 -0.32539739
23.22000000 -0.31821340
23.23000000 -0.31089783
23.24000000 -0.30345387
23.25000000 -0.29588478
23.26000000 -0.28819387
23.27000000 -0.28038449
23.28000000 -0.27246006
23.29000000 -0.26442401
23.30000000 -0.25627985
23.31000000 -0.24803112
23.32000000 -0.23968140
23.33000000 -0.23123432
23.34000000 -0.22269355
23.35000000 -0.21406278
23.36000000 -0.20534575
23.37000000 -0.19654625
23.38000000 -0.18766806
23.39000000 -0.17871504
23.40000000 -0.16969104
23.41000000 -0.16059996
23.42000000 -0.15144573
23.43000000 -0.14223229
23.44000000 -0.13296361
23.45000000 -0.12364367
23.46000000 -0.11427649
23.47000000 -0.10486610
23.48000000 -0.09541654
23.49000000 -0.08593186
23.50000000 -0.07641614
23.51000000 -0.06687346
23.52000000 -0.05730790
23.53000000 -0.04772357
23.54000000 -0.03812457
23.55000000 -0.02851500
23.56000000 -0.01889898
23.57000000 -0.00928061
23.58000000 0.00033600
23.59000000 0.00994674
23.60000000 0.01954752
23.61000000 0.02913423
23.62000000 0.03870281
23.63000000 0.04824916
23.64000000 0.05776924
23.65000000 0.06725899
23.66000000 0.07671437
23.67000000 0.08613138
23.68000000 0.09550601
23.69000000 0.10483429
23.70000000 0.11411226
23.71000000 0.12333598
23.72000000 0.13250157
23.73000000 0.14160513
23.74000000 0.15064281
23.75000000 0.15961080
23.76000000 0.16850532
23.77000000 0.17732259
23.78000000 0.18605892
23.79000000 0.19471061
23.80000000 0.20327403
23.81000000 0.21174556
23.82000000 0.22012166
23.83000000 0.22839879
23.84000000 0.23657348
23.85000000 0.24464231
23.86000000 0.25260189
23.87000000 0.26044889
23.88000000 0.26818003
23.89000000 0.27579207
23.90000000 0.28328184
23.91000000 0.29064622
23.92000000 0.29788212
23.93000000 0.30498655
23.94000000 0.31195654
23.95000000 0.31878920
23.96000000 0.32548170
23.97000000 0.33203126
23.98000000 0.33843517
23.99000000 0.34469078
24.00000000 0.35079552
24.01000000 0.35674686
24.02000000 0.36254237
24.03000000 0.36817964
24.04000000 0.37365639
24.05000000 0.37897035
24.06000000 0.38411937
24.07000000 0.38910134
24.08000000 0.39391424
24.09000000 0.39855611
24.10000000 0.40302507
24.11000000 0.40731932
24.12000000 0.41143713
24.13000000 0.41537686
24.14000000 0.41913691
24.15000000 0.42271580
24.16000000 0.42611211
24.17000000 0.42932450
24.18000000 0.43235170
24.19000000 0.43519255
24.20000000 0.43784592
24.21000000 0.44031081
24.22000000 0.44258628
24.23000000 0.44467147
24.24000000 0.44656560
24.25000000 0.44826798
24.26000000 0.44977800
24.27000000 0.45109513
24.28000000 0.45221893
24.29000000 0.45314902
24.30000000 0.45388514
24.31000000 0.45442709
24.32000000 0.45477474
24.33000000 0.45492807
24.34000000 0.45488713
24.35000000 0.45465206
24.36000000 0.45422308
24.37000000 0.45360047
24.38000000 0.45278464
24.39000000 0.45177604
24.40000000 0.45057521
24.41000000 0.44918280
24.42000000 0.44759950
24.43000000 0.44582611
24.44000000 0.44386351
24.45000000 0.44171264
24.46000000 0.43937454
24.47000000 0.43685031
24.48000000 0.43414116
24.49000000 0.43124834
24.50000000 0.42817321
24.51000000 0.42491718
24.52000000 0.42148176
24.53000000 0.41786852
24.54000000 0.41407912
24.55000000 0.41011527
24.56000000 0.40597878
24.57000000 0.40167151
24.58000000 0.39719541
24.59000000 0.39255249
24.60000000 0.38774483
24.61000000 0.38277459
24.62000000 0.37764399
24.63000000 0.37235531
24.64000000 0.36691091
24.65000000 0.36131321
24.66000000 0.35556468
24.67000000 0.34966788
24.68000000 0.34362541
24.69000000 0.33743994
24.70000000 0.33111420
24.71000000 0.32465097
24.72000000 0.31805309
24.73000000 0.31132347
24.74000000 0.30446505
24.75000000 0.29748084
24.76000000 0.29037390
24.77000000 0.28314734
24.78000000 0.27580431
24.79000000 0.26834803
24.80000000 0.26078173
24.81000000 0.25310872
24.82000000 0.24533234
24.83000000 0.23745597
24.84000000 0.22948303
24.85000000 0.22141698
24.86000000 0.21326133
24.87000000 0.20501961
24.88000000 0.19669538
24.89000000 0.18829226
24.90000000 0.17981388
24.91000000 0.17126390
24.92000000 0.16264602
24.93000000 0.15396395
24.94000000 0.14522144
24.95000000 0.13642226
24.96000000 0.12757020
24.97000000 0.11866906
24.98000000 0.10972269
24.99000000 0.10073492
