0.00000000 1.00000000
0.01000000 0.99980001
0.02000000 0.99920011
0.03000000 0.99820058
0.04000000 0.99680183
0.05000000 0.99500449
0.06000000 0.99280932
0.07000000 0.99021728
0.08000000 0.98722949
0.09000000 0.98384724
0.10000000 0.98007200
0.11000000 0.97590541
0.12000000 0.97134927
0.13000000 0.96640555
0.14000000 0.96107639
0.15000000 0.95536410
0.16000000 0.94927115
0.17000000 0.94280018
0.18000000 0.93595400
0.19000000 0.92873555
0.20000000 0.92114796
0.21000000 0.91319452
0.22000000 0.90487866
0.23000000 0.89620399
0.24000000 0.88717424
0.25000000 0.87779332
0.26000000 0.86806528
0.27000000 0.85799432
0.28000000 0.84758480
0.29000000 0.83684121
0.30000000 0.82576818
0.31000000 0.81437049
0.32000000 0.80265306
0.33000000 0.79062094
0.34000000 0.77827932
0.35000000 0.76563351
0.36000000 0.75268896
0.37000000 0.73945126
0.38000000 0.72592609
0.39000000 0.71211928
0.40000000 0.69803678
0.41000000 0.68368463
0.42000000 0.66906900
0.43000000 0.65419619
0.44000000 0.63907257
0.45000000 0.62370465
0.46000000 0.60809902
0.47000000 0.59226237
0.48000000 0.57620151
0.49000000 0.55992331
0.50000000 0.54343476
0.51000000 0.52674292
0.52000000 0.50985493
0.53000000 0.49277803
0.54000000 0.47551952
0.55000000 0.45808679
0.56000000 0.44048728
0.57000000 0.42272851
0.58000000 0.40481808
0.59000000 0.38676362
0.60000000 0.36857283
0.61000000 0.35025349
0.62000000 0.33181339
0.63000000 0.31326039
0.64000000 0.29460239
0.65000000 0.27584733
0.66000000 0.25700320
0.67000000 0.23807799
0.68000000 0.21907976
0.69000000 0.20001658
0.70000000 0.18089653
0.71000000 0.16172773
0.72000000 0.14251830
0.73000000 0.12327638
0.74000000 0.10401013
0.75000000 0.08472769
0.76000000 0.06543723
0.77000000 0.04614690
0.78000000 0.02686485
0.79000000 0.00759922
0.80000000 -0.01164185
0.81000000 -0.03085027
0.82000000 -0.05001792
0.83000000 -0.06913674
0.84000000 -0.08819867
0.85000000 -0.10719572
0.86000000 -0.12611988
0.87000000 -0.14496321
0.88000000 -0.16371780
0.89000000 -0.18237579
0.90000000 -0.20092935
0.91000000 -0.21937072
0.92000000 -0.23769218
0.93000000 -0.25588607
0.94000000 -0.27394478
0.95000000 -0.29186078
0.96000000 -0.30962659
0.97000000 -0.32723481
0.98000000 -0.34467811
0.99000000 -0.36194922
1.00000000 -0.37904098
1.01000000 -0.39594627
1.02000000 -0.41265809
1.03000000 -0.42916951
1.04000000 -0.44547369
1.05000000 -0.46156388
1.06000000 -0.47743344
1.07000000 -0.49307581
1.08000000 -0.50848454
1.09000000 -0.52365329
1.10000000 -0.53857582
1.11000000 -0.55324599
1.12000000 -0.56765778
1.13000000 -0.58180528
1.14000000 -0.59568271
1.15000000 -0.60928438
1.16000000 -0.62260476
1.17000000 -0.63563841
1.18000000 -0.64838002
1.19000000 -0.66082442
1.20000000 -0.67296656
1.21000000 -0.68480153
1.22000000 -0.69632455
1.23000000 -0.70753097
1.24000000 -0.71841627
1.25000000 -0.72897610
1.26000000 -0.73920622
1.27000000 -0.74910254
1.28000000 -0.75866112
1.29000000 -0.76787817
1.30000000 -0.77675003
1.31000000 -0.78527320
1.32000000 -0.79344433
1.33000000 -0.80126023
1.34000000 -0.80871784
1.35000000 -0.81581427
1.36000000 -0.82254677
1.37000000 -0.82891278
1.38000000 -0.83490985
1.39000000 -0.84053573
1.40000000 -0.84578830
1.41000000 -0.85066560
1.42000000 -0.85516586
1.43000000 -0.85928744
1.44000000 -0.86302886
1.45000000 -0.86638883
1.46000000 -0.86936620
1.47000000 -0.87195998
1.48000000 -0.87416937
1.49000000 -0.87599369
1.50000000 -0.87743246
1.51000000 -0.87848535
1.52000000 -0.87915220
1.53000000 -0.87943300
1.54000000 -0.87932791
1.55000000 -0.87883726
1.56000000 -0.87796154
1.57000000 -0.87670139
1.58000000 -0.87505763
1.59000000 -0.87303124
1.60000000 -0.87062334
1.61000000 -0.86783525
1.62000000 -0.86466841
1.63000000 -0.86112444
1.64000000 -0.85720511
1.65000000 -0.85291237
1.66000000 -0.84824830
1.67000000 -0.84321515
1.68000000 -0.83781531
1.69000000 -0.83205136
1.70000000 -0.82592598
1.71000000 -0.81944205
1.72000000 -0.81260258
1.73000000 -0.80541072
1.74000000 -0.79786978
1.75000000 -0.78998321
1.76000000 -0.78175462
1.77000000 -0.77318775
1.78000000 -0.76428646
1.79000000 -0.75505480
1.80000000 -0.74549692
1.81000000 -0.73561710
1.82000000 -0.72541980
1.83000000 -0.71490955
1.84000000 -0.70409107
1.85000000 -0.69296917
1.86000000 -0.68154879
1.87000000 -0.66983501
1.88000000 -0.65783303
1.89000000 -0.64554814
1.90000000 -0.63298579
1.91000000 -0.62015152
1.92000000 -0.60705098
1.93000000 -0.59368994
1.94000000 -0.58007428
1.95000000 -0.56620997
1.96000000 -0.55210310
1.97000000 -0.53775985
1.98000000 -0.52318650
1.99000000 -0.50838942
2.00000000 -0.49337508
2.01000000 -0.47815003
2.02000000 -0.46272091
2.03000000 -0.44709444
2.04000000 -0.43127743
2.05000000 -0.41527676
2.06000000 -0.39909938
2.07000000 -0.38275232
2.08000000 -0.36624268
2.09000000 -0.34957761
2.10000000 -0.33276434
2.11000000 -0.31581014
2.12000000 -0.29872237
2.13000000 -0.28150840
2.14000000 -0.26417568
2.15000000 -0.24673170
2.16000000 -0.22918398
2.17000000 -0.21154010
2.18000000 -0.19380765
2.19000000 -0.17599430
2.20000000 -0.15810769
2.21000000 -0.14015554
2.22000000 -0.12214556
2.23000000 -0.10408549
2.24000000 -0.08598310
2.25000000 -0.06784615
2.26000000 -0.04968243
2.27000000 -0.03149973
2.28000000 -0.01330584
2.29000000 0.00489145
2.30000000 0.02308433
2.31000000 0.04126504
2.32000000 0.05942579
2.33000000 0.07755882
2.34000000 0.09565638
2.35000000 0.11371075
2.36000000 0.13171423
2.37000000 0.14965913
2.38000000 0.16753781
2.39000000 0.18534266
2.40000000 0.20306609
2.41000000 0.22070057
2.42000000 0.23823859
2.43000000 0.25567270
2.44000000 0.27299551
2.45000000 0.29019966
2.46000000 0.30727784
2.47000000 0.32422284
2.48000000 0.34102745
2.49000000 0.35768458
2.50000000 0.37418718
2.51000000 0.39052827
2.52000000 0.40670095
2.53000000 0.42269838
2.54000000 0.43851384
2.55000000 0.45414064
2.56000000 0.46957221
2.57000000 0.48480205
2.58000000 0.49982377
2.59000000 0.51463104
2.60000000 0.52921766
2.61000000 0.54357750
2.62000000 0.55770456
2.63000000 0.57159291
2.64000000 0.58523676
2.65000000 0.59863040
2.66000000 0.61176824
2.67000000 0.62464480
2.68000000 0.63725473
2.69000000 0.64959278
2.70000000 0.66165383
2.71000000 0.67343288
2.72000000 0.68492504
2.73000000 0.69612556
2.74000000 0.70702983
2.75000000 0.71763333
2.76000000 0.72793171
2.77000000 0.73792074
2.78000000 0.74759632
2.79000000 0.75695449
2.80000000 0.76599142
2.81000000 0.77470345
2.82000000 0.78308702
2.83000000 0.79113875
2.84000000 0.79885537
2.85000000 0.80623378
2.86000000 0.81327101
2.87000000 0.81996426
2.88000000 0.82631086
2.89000000 0.83230829
2.90000000 0.83795419
2.91000000 0.84324634
2.92000000 0.84818269
2.93000000 0.85276133
2.94000000 0.85698051
2.95000000 0.86083863
2.96000000 0.86433425
2.97000000 0.86746608
2.98000000 0.87023300
2.99000000 0.87263402
3.00000000 0.87466834
3.01000000 0.87633529
3.02000000 0.87763438
3.03000000 0.87856525
3.04000000 0.87912772
3.05000000 0.87932177
3.06000000 0.87914752
3.07000000 0.87860525
3.08000000 0.87769542
3.09000000 0.87641861
3.10000000 0.87477558
3.11000000 0.87276725
3.12000000 0.87039469
3.13000000 0.86765910
3.14000000 0.86456188
3.15000000 0.86110454
3.16000000 0.85728878
3.17000000 0.85311642
3.18000000 0.84858945
3.19000000 0.84371000
3.20000000 0.83848036
3.21000000 0.83290296
3.22000000 0.82698039
3.23000000 0.82071535
3.24000000 0.81411073
3.25000000 0.80716953
3.26000000 0.79989491
3.27000000 0.79229016
3.28000000 0.78435871
3.29000000 0.77610414
3.30000000 0.76753014
3.31000000 0.75864056
3.32000000 0.74943937
3.33000000 0.73993066
3.34000000 0.73011867
3.35000000 0.72000776
3.36000000 0.70960239
3.37000000 0.69890719
3.38000000 0.68792686
3.39000000 0.67666626
3.40000000 0.66513034
3.41000000 0.65332417
3.42000000 0.64125295
3.43000000 0.62892196
3.44000000 0.61633660
3.45000000 0.60350238
3.46000000 0.59042492
3.47000000 0.57710992
3.48000000 0.56356318
3.49000000 0.54979062
3.50000000 0.53579821
3.51000000 0.52159206
3.52000000 0.50717832
3.53000000 0.49256326
3.54000000 0.47775321
3.55000000 0.46275458
3.56000000 0.44757388
3.57000000 0.43221767
3.58000000 0.41669258
3.59000000 0.40100532
3.60000000 0.38516265
3.61000000 0.36917142
3.62000000 0.35303851
3.63000000 0.33677086
3.64000000 0.32037548
3.65000000 0.30385941
3.66000000 0.28722976
3.67000000 0.27049366
3.68000000 0.25365828
3.69000000 0.23673087
3.70000000 0.21971865
3.71000000 0.20262893
3.72000000 0.18546901
3.73000000 0.16824623
3.74000000 0.15096796
3.75000000 0.13364157
3.76000000 0.11627446
3.77000000 0.09887404
3.78000000 0.08144772
3.79000000 0.06400294
3.80000000 0.04654712
3.81000000 0.02908769
3.82000000 0.01163208
3.83000000 -0.00581230
3.84000000 -0.02323804
3.85000000 -0.04063774
3.86000000 -0.05800402
3.87000000 -0.07532951
3.88000000 -0.09260688
3.89000000 -0.10982880
3.90000000 -0.12698800
3.91000000 -0.14407720
3.92000000 -0.16108920
3.93000000 -0.17801681
3.94000000 -0.19485287
3.95000000 -0.21159029
3.96000000 -0.22822202
3.97000000 -0.24474104
3.98000000 -0.26114041
3.99000000 -0.27741322
4.00000000 -0.29355264
4.01000000 -0.30955188
4.02000000 -0.32540424
4.03000000 -0.34110305
4.04000000 -0.35664174
4.05000000 -0.37201380
4.06000000 -0.38721281
4.07000000 -0.40223240
4.08000000 -0.41706630
4.09000000 -0.43170831
4.10000000 -0.44615234
4.11000000 -0.46039236
4.12000000 -0.47442244
4.13000000 -0.48823675
4.14000000 -0.50182955
4.15000000 -0.51519520
4.16000000 -0.52832815
4.17000000 -0.54122297
4.18000000 -0.55387432
4.19000000 -0.56627698
4.20000000 -0.57842582
4.21000000 -0.59031584
4.22000000 -0.60194213
4.23000000 -0.61329994
4.24000000 -0.62438458
4.25000000 -0.63519153
4.26000000 -0.64571635
4.27000000 -0.65595476
4.28000000 -0.66590257
4.29000000 -0.67555573
4.30000000 -0.68491034
4.31000000 -0.69396259
4.32000000 -0.70270883
4.33000000 -0.71114553
4.34000000 -0.71926930
4.35000000 -0.72707688
4.36000000 -0.73456516
4.37000000 -0.74173114
4.38000000 -0.74857199
4.39000000 -0.75508501
4.40000000 -0.76126762
4.41000000 -0.76711742
4.42000000 -0.77263212
4.43000000 -0.77780959
4.44000000 -0.78264785
4.45000000 -0.78714506
4.46000000 -0.79129952
4.47000000 -0.79510968
4.48000000 -0.79857414
4.49000000 -0.80169166
4.50000000 -0.80446112
4.51000000 -0.80688158
4.52000000 -0.80895223
4.53000000 -0.81067242
4.54000000 -0.81204164
4.55000000 -0.81305953
4.56000000 -0.81372589
4.57000000 -0.81404067
4.58000000 -0.81400395
4.59000000 -0.81361599
4.60000000 -0.81287718
4.61000000 -0.81178806
4.62000000 -0.81034932
4.63000000 -0.80856181
4.64000000 -0.80642651
4.65000000 -0.80394457
4.66000000 -0.80111725
4.67000000 -0.79794601
4.68000000 -0.79443241
4.69000000 -0.79057817
4.70000000 -0.78638516
4.71000000 -0.78185538
4.72000000 -0.77699100
4.73000000 -0.77179430
4.74000000 -0.76626771
4.75000000 -0.76041381
4.76000000 -0.75423531
4.77000000 -0.74773505
4.78000000 -0.74091601
4.79000000 -0.73378132
4.80000000 -0.72633421
4.81000000 -0.71857808
4.82000000 -0.71051642
4.83000000 -0.70215289
4.84000000 -0.69349123
4.85000000 -0.68453535
4.86000000 -0.67528925
4.87000000 -0.66575707
4.88000000 -0.65594305
4.89000000 -0.64585158
4.90000000 -0.63548713
4.91000000 -0.62485430
4.92000000 -0.61395781
4.93000000 -0.60280248
4.94000000 -0.59139323
4.95000000 -0.57973510
4.96000000 -0.56783322
4.97000000 -0.55569283
4.98000000 -0.54331926
4.99000000 -0.53071795
5.00000000 -0.51789442
5.01000000 -0.50485428
5.02000000 -0.49160325
5.03000000 -0.47814711
5.04000000 -0.46449173
5.05000000 -0.45064308
5.06000000 -0.43660719
5.07000000 -0.42239016
5.08000000 -0.40799819
5.09000000 -0.39343753
5.10000000 -0.37871450
5.11000000 -0.36383550
5.12000000 -0.34880696
5.13000000 -0.33363540
5.14000000 -0.31832740
5.15000000 -0.30288956
5.16000000 -0.28732857
5.17000000 -0.27165114
5.18000000 -0.25586404
5.19000000 -0.23997408
5.20000000 -0.22398810
5.21000000 -0.20791300
5.22000000 -0.19175569
5.23000000 -0.17552312
5.24000000 -0.15922227
5.25000000 -0.14286014
5.26000000 -0.12644376
5.27000000 -0.10998016
5.28000000 -0.09347640
5.29000000 -0.07693956
5.30000000 -0.06037672
5.31000000 -0.04379496
5.32000000 -0.02720137
5.33000000 -0.01060305
5.34000000 0.00599291
5.35000000 0.02257944
5.36000000 0.03914946
5.37000000 0.05569589
5.38000000 0.07221170
5.39000000 0.08868985
5.40000000 0.10512333
5.41000000 0.12150514
5.42000000 0.13782834
5.43000000 0.15408598
5.44000000 0.17027117
5.45000000 0.18637704
5.46000000 0.20239676
5.47000000 0.21832355
5.48000000 0.23415067
5.49000000 0.24987141
5.50000000 0.26547913
5.51000000 0.28096724
5.52000000 0.29632920
5.53000000 0.31155853
5.54000000 0.32664881
5.55000000 0.34159367
5.56000000 0.35638683
5.57000000 0.37102207
5.58000000 0.38549322
5.59000000 0.39979422
5.60000000 0.41391906
5.61000000 0.42786182
5.62000000 0.44161665
5.63000000 0.45517780
5.64000000 0.46853960
5.65000000 0.48169645
5.66000000 0.49464287
5.67000000 0.50737346
5.68000000 0.51988290
5.69000000 0.53216601
5.70000000 0.54421765
5.71000000 0.55603284
5.72000000 0.56760667
5.73000000 0.57893433
5.74000000 0.59001115
5.75000000 0.60083254
5.76000000 0.61139404
5.77000000 0.62169129
5.78000000 0.63172005
5.79000000 0.64147621
5.80000000 0.65095576
5.81000000 0.66015481
5.82000000 0.66906961
5.83000000 0.67769652
5.84000000 0.68603203
5.85000000 0.69407275
5.86000000 0.70181542
5.87000000 0.70925692
5.88000000 0.71639425
5.89000000 0.72322453
5.90000000 0.72974504
5.91000000 0.73595318
5.92000000 0.74184647
5.93000000 0.74742259
5.94000000 0.75267934
5.95000000 0.75761467
5.96000000 0.76222666
5.97000000 0.76651353
5.98000000 0.77047364
5.99000000 0.77410549
6.00000000 0.77740773
6.01000000 0.78037914
6.02000000 0.78301864
6.03000000 0.78532531
6.04000000 0.78729834
6.05000000 0.78893710
6.06000000 0.79024108
6.07000000 0.79120992
6.08000000 0.79184340
6.09000000 0.79214144
6.10000000 0.79210413
6.11000000 0.79173165
6.12000000 0.79102438
6.13000000 0.78998281
6.14000000 0.78860758
6.15000000 0.78689946
6.16000000 0.78485939
6.17000000 0.78248842
6.18000000 0.77978776
6.19000000 0.77675876
6.20000000 0.77340289
6.21000000 0.76972179
6.22000000 0.76571720
6.23000000 0.76139104
6.24000000 0.75674533
6.25000000 0.75178223
6.26000000 0.74650406
6.27000000 0.74091325
6.28000000 0.73501237
6.29000000 0.72880411
6.30000000 0.72229130
6.31000000 0.71547690
6.32000000 0.70836400
6.33000000 0.70095580
6.34000000 0.69325563
6.35000000 0.68526695
6.36000000 0.67699334
6.37000000 0.66843849
6.38000000 0.65960622
6.39000000 0.65050045
6.40000000 0.64112524
6.41000000 0.63148474
6.42000000 0.62158321
6.43000000 0.61142503
6.44000000 0.60101470
6.45000000 0.59035679
6.46000000 0.57945599
6.47000000 0.56831711
6.48000000 0.55694502
6.49000000 0.54534472
6.50000000 0.53352129
6.51000000 0.52147991
6.52000000 0.50922583
6.53000000 0.49676441
6.54000000 0.48410108
6.55000000 0.47124138
6.56000000 0.45819088
6.57000000 0.44495529
6.58000000 0.43154033
6.59000000 0.41795186
6.60000000 0.40419575
6.61000000 0.39027798
6.62000000 0.37620458
6.63000000 0.36198163
6.64000000 0.34761530
6.65000000 0.33311179
6.66000000 0.31847738
6.67000000 0.30371836
6.68000000 0.28884112
6.69000000 0.27385207
6.70000000 0.25875766
6.71000000 0.24356439
6.72000000 0.22827880
6.73000000 0.21290745
6.74000000 0.19745695
6.75000000 0.18193394
6.76000000 0.16634508
6.77000000 0.15069704
6.78000000 0.13499654
6.79000000 0.11925029
6.80000000 0.10346504
6.81000000 0.08764754
6.82000000 0.07180455
6.83000000 0.05594283
6.84000000 0.04006915
6.85000000 0.02419030
6.86000000 0.00831303
6.87000000 -0.00755588
6.88000000 -0.02340969
6.89000000 -0.03924164
6.90000000 -0.05504500
6.91000000 -0.07081306
6.92000000 -0.08653912
6.93000000 -0.10221650
6.94000000 -0.11783856
6.95000000 -0.13339867
6.96000000 -0.14889024
6.97000000 -0.16430671
6.98000000 -0.17964157
6.99000000 -0.19488832
7.00000000 -0.21004054
7.01000000 -0.22509181
7.02000000 -0.24003580
7.03000000 -0.25486620
7.04000000 -0.26957677
7.05000000 -0.28416131
7.06000000 -0.29861369
7.07000000 -0.31292784
7.08000000 -0.32709774
7.09000000 -0.34111745
7.10000000 -0.35498109
7.11000000 -0.36868285
7.12000000 -0.38221700
7.13000000 -0.39557788
7.14000000 -0.40875990
7.15000000 -0.42175756
7.16000000 -0.43456545
7.17000000 -0.44717822
7.18000000 -0.45959062
7.19000000 -0.47179751
7.20000000 -0.48379379
7.21000000 -0.49557451
7.22000000 -0.50713477
7.23000000 -0.51846980
7.24000000 -0.52957490
7.25000000 -0.54044549
7.26000000 -0.55107710
7.27000000 -0.56146533
7.28000000 -0.57160593
7.29000000 -0.58149473
7.30000000 -0.59112768
7.31000000 -0.60050083
7.32000000 -0.60961036
7.33000000 -0.61845256
7.34000000 -0.62702383
7.35000000 -0.63532069
7.36000000 -0.64333978
7.37000000 -0.65107786
7.38000000 -0.65853182
7.39000000 -0.66569866
7.40000000 -0.67257551
7.41000000 -0.67915962
7.42000000 -0.68544838
7.43000000 -0.69143930
7.44000000 -0.69713001
7.45000000 -0.70251829
7.46000000 -0.70760202
7.47000000 -0.71237924
7.48000000 -0.71684810
7.49000000 -0.72100691
7.50000000 -0.72485408
7.51000000 -0.72838817
7.52000000 -0.73160789
7.53000000 -0.73451205
7.54000000 -0.73709962
7.55000000 -0.73936969
7.56000000 -0.74132152
7.57000000 -0.74295446
7.58000000 -0.74426802
7.59000000 -0.74526184
7.60000000 -0.74593571
7.61000000 -0.74628954
7.62000000 -0.74632339
7.63000000 -0.74603744
7.64000000 -0.74543201
7.65000000 -0.74450758
7.66000000 -0.74326473
7.67000000 -0.74170419
7.68000000 -0.73982683
7.69000000 -0.73763366
7.70000000 -0.73512581
7.71000000 -0.73230454
7.72000000 -0.72917126
7.73000000 -0.72572749
7.74000000 -0.72197491
7.75000000 -0.71791530
7.76000000 -0.71355059
7.77000000 -0.70888283
7.78000000 -0.70391421
7.79000000 -0.69864703
7.80000000 -0.69308372
7.81000000 -0.68722684
7.82000000 -0.68107907
7.83000000 -0.67464322
7.84000000 -0.66792221
7.85000000 -0.66091908
7.86000000 -0.65363700
7.87000000 -0.64607924
7.88000000 -0.63824920
7.89000000 -0.63015039
7.90000000 -0.62178642
7.91000000 -0.61316104
7.92000000 -0.60427808
7.93000000 -0.59514148
7.94000000 -0.58575531
7.95000000 -0.57612371
7.96000000 -0.56625096
7.97000000 -0.55614140
7.98000000 -0.54579951
7.99000000 -0.53522982
8.00000000 -0.52443699
8.01000000 -0.51342576
8.02000000 -0.50220096
8.03000000 -0.49076752
8.04000000 -0.47913043
8.05000000 -0.46729478
8.06000000 -0.45526575
8.07000000 -0.44304858
8.08000000 -0.43064861
8.09000000 -0.41807123
8.10000000 -0.40532191
8.11000000 -0.39240620
8.12000000 -0.37932972
8.13000000 -0.36609814
8.14000000 -0.35271719
8.15000000 -0.33919268
8.16000000 -0.32553046
8.17000000 -0.31173645
8.18000000 -0.29781662
8.19000000 -0.28377697
8.20000000 -0.26962357
8.21000000 -0.25536253
8.22000000 -0.24099999
8.23000000 -0.22654216
8.24000000 -0.21199525
8.25000000 -0.19736552
8.26000000 -0.18265927
8.27000000 -0.16788281
8.28000000 -0.15304251
8.29000000 -0.13814472
8.30000000 -0.12319583
8.31000000 -0.10820226
8.32000000 -0.09317044
8.33000000 -0.07810679
8.34000000 -0.06301778
8.35000000 -0.04790984
8.36000000 -0.03278944
8.37000000 -0.01766303
8.38000000 -0.00253709
8.39000000 0.01258194
8.40000000 0.02768762
8.41000000 0.04277350
8.42000000 0.05783315
8.43000000 0.07286018
8.44000000 0.08784817
8.45000000 0.10279077
8.46000000 0.11768162
8.47000000 0.13251440
8.48000000 0.14728281
8.49000000 0.16198059
8.50000000 0.17660151
8.51000000 0.19113937
8.52000000 0.20558803
8.53000000 0.21994137
8.54000000 0.23419332
8.55000000 0.24833786
8.56000000 0.26236902
8.57000000 0.27628087
8.58000000 0.29006756
8.59000000 0.30372328
8.60000000 0.31724227
8.61000000 0.33061885
8.62000000 0.34384740
8.63000000 0.35692236
8.64000000 0.36983824
8.65000000 0.38258962
8.66000000 0.39517117
8.67000000 0.40757761
8.68000000 0.41980377
8.69000000 0.43184451
8.70000000 0.44369483
8.71000000 0.45534978
8.72000000 0.46680450
8.73000000 0.47805423
8.74000000 0.48909428
8.75000000 0.49992007
8.76000000 0.51052712
8.77000000 0.52091102
8.78000000 0.53106748
8.79000000 0.54099231
8.80000000 0.55068141
8.81000000 0.56013078
8.82000000 0.56933653
8.83000000 0.57829490
8.84000000 0.58700219
8.85000000 0.59545486
8.86000000 0.60364944
8.87000000 0.61158260
8.88000000 0.61925111
8.89000000 0.62665185
8.90000000 0.63378184
8.91000000 0.64063818
8.92000000 0.64721813
8.93000000 0.65351904
8.94000000 0.65953839
8.95000000 0.66527379
8.96000000 0.67072296
8.97000000 0.67588374
8.98000000 0.68075412
8.99000000 0.68533219
9.00000000 0.68961617
9.01000000 0.69360441
9.02000000 0.69729540
9.03000000 0.70068773
9.04000000 0.70378015
9.05000000 0.70657151
9.06000000 0.70906081
9.07000000 0.71124717
9.08000000 0.71312984
9.09000000 0.71470820
9.10000000 0.71598177
9.11000000 0.71695019
9.12000000 0.71761322
9.13000000 0.71797078
9.14000000 0.71802289
9.15000000 0.71776972
9.16000000 0.71721157
9.17000000 0.71634886
9.18000000 0.71518214
9.19000000 0.71371210
9.20000000 0.71193954
9.21000000 0.70986541
9.22000000 0.70749078
9.23000000 0.70481685
9.24000000 0.70184493
9.25000000 0.69857647
9.26000000 0.69501306
9.27000000 0.69115639
9.28000000 0.68700829
9.29000000 0.68257070
9.30000000 0.67784569
9.31000000 0.67283546
9.32000000 0.66754231
9.33000000 0.66196867
9.34000000 0.65611710
9.35000000 0.64999026
9.36000000 0.64359093
9.37000000 0.63692200
9.38000000 0.62998649
9.39000000 0.62278751
9.40000000 0.61532830
9.41000000 0.60761219
9.42000000 0.59964263
9.43000000 0.59142318
9.44000000 0.58295750
9.45000000 0.57424933
9.46000000 0.56530256
9.47000000 0.55612112
9.48000000 0.54670909
9.49000000 0.53707062
9.50000000 0.52720995
9.51000000 0.51713143
9.52000000 0.50683948
9.53000000 0.49633863
9.54000000 0.48563347
9.55000000 0.47472870
9.56000000 0.46362908
9.57000000 0.45233948
9.58000000 0.44086481
9.59000000 0.42921008
9.60000000 0.41738037
9.61000000 0.40538082
9.62000000 0.39321667
9.63000000 0.38089319
9.64000000 0.36841573
9.65000000 0.35578971
9.66000000 0.34302059
9.67000000 0.33011392
9.68000000 0.31707527
9.69000000 0.30391028
9.70000000 0.29062463
9.71000000 0.27722408
9.72000000 0.26371439
9.73000000 0.25010140
9.74000000 0.23639096
9.75000000 0.22258898
9.76000000 0.20870140
9.77000000 0.19473419
9.78000000 0.18069335
9.79000000 0.16658490
9.80000000 0.15241491
9.81000000 0.13818945
9.82000000 0.12391461
9.83000000 0.10959651
9.84000000 0.09524128
9.85000000 0.08085505
9.86000000 0.06644398
9.87000000 0.05201423
9.88000000 0.03757194
9.89000000 0.02312329
9.90000000 0.00867444
9.91000000 -0.00576846
9.92000000 -0.02019925
9.93000000 -0.03461180
9.94000000 -0.04899997
9.95000000 -0.06335765
9.96000000 -0.07767874
9.97000000 -0.09195715
9.98000000 -0.10618683
9.99000000 -0.12036174
10.00000000 -0.13447589
10.01000000 -0.14852328
10.02000000 -0.16249798
10.03000000 -0.17639407
10.04000000 -0.19020568
10.05000000 -0.20392699
10.06000000 -0.21755218
10.07000000 -0.23107553
10.08000000 -0.24449132
10.09000000 -0.25779392
10.10000000 -0.27097770
10.11000000 -0.28403714
10.12000000 -0.29696675
10.13000000 -0.30976108
10.14000000 -0.32241478
10.15000000 -0.33492254
10.16000000 -0.34727911
10.17000000 -0.35947933
10.18000000 -0.37151808
10.19000000 -0.38339035
10.20000000 -0.39509116
10.21000000 -0.40661564
10.22000000 -0.41795899
10.23000000 -0.42911649
10.24000000 -0.44008348
10.25000000 -0.45085542
10.26000000 -0.46142783
10.27000000 -0.47179634
10.28000000 -0.48195664
10.29000000 -0.49190453
10.30000000 -0.50163591
10.31000000 -0.51114676
10.32000000 -0.52043316
10.33000000 -0.52949129
10.34000000 -0.53831744
10.35000000 -0.54690797
10.36000000 -0.55525938
10.37000000 -0.56336826
10.38000000 -0.57123129
10.39000000 -0.57884527
10.40000000 -0.58620712
10.41000000 -0.59331385
10.42000000 -0.60016258
10.43000000 -0.60675056
10.44000000 -0.61307514
10.45000000 -0.61913379
10.46000000 -0.62492408
10.47000000 -0.63044372
10.48000000 -0.63569051
10.49000000 -0.64066240
10.50000000 -0.64535742
10.51000000 -0.64977375
10.52000000 -0.65390968
10.53000000 -0.65776361
10.54000000 -0.66133409
10.55000000 -0.66461975
10.56000000 -0.66761938
10.57000000 -0.67033188
10.58000000 -0.67275626
10.59000000 -0.67489167
10.60000000 -0.67673737
10.61000000 -0.67829277
10.62000000 -0.67955737
10.63000000 -0.68053082
10.64000000 -0.68121288
10.65000000 -0.68160344
10.66000000 -0.68170252
10.67000000 -0.68151025
10.68000000 -0.68102689
10.69000000 -0.68025284
10.70000000 -0.67918860
10.71000000 -0.67783481
10.72000000 -0.67619222
10.73000000 -0.67426171
10.74000000 -0.67204429
10.75000000 -0.66954107
10.76000000 -0.66675331
10.77000000 -0.66368236
10.78000000 -0.66032972
10.79000000 -0.65669699
10.80000000 -0.65278589
10.81000000 -0.64859827
10.82000000 -0.64413607
10.83000000 -0.63940138
10.84000000 -0.63439638
10.85000000 -0.62912338
10.86000000 -0.62358479
10.87000000 -0.61778313
10.88000000 -0.61172106
10.89000000 -0.60540131
10.90000000 -0.59882673
10.91000000 -0.59200031
10.92000000 -0.58492509
10.93000000 -0.57760426
10.94000000 -0.57004108
10.95000000 -0.56223895
10.96000000 -0.55420132
10.97000000 -0.54593179
10.98000000 -0.53743401
10.99000000 -0.52871176
11.00000000 -0.51976890
11.01000000 -0.51060938
11.02000000 -0.50123724
11.03000000 -0.49165661
11.04000000 -0.48187170
11.05000000 -0.47188683
11.06000000 -0.46170637
11.07000000 -0.45133479
11.08000000 -0.44077663
11.09000000 -0.43003650
11.10000000 -0.41911912
11.11000000 -0.40802923
11.12000000 -0.39677169
11.13000000 -0.38535139
11.14000000 -0.37377331
11.15000000 -0.36204249
11.16000000 -0.35016403
11.17000000 -0.33814308
11.18000000 -0.32598487
11.19000000 -0.31369465
11.20000000 -0.30127777
11.21000000 -0.28873959
11.22000000 -0.27608554
11.23000000 -0.26332108
11.24000000 -0.25045173
11.25000000 -0.23748305
11.26000000 -0.22442063
11.27000000 -0.21127010
11.28000000 -0.19803713
11.29000000 -0.18472740
11.30000000 -0.17134665
11.31000000 -0.15790062
11.32000000 -0.14439509
11.33000000 -0.13083587
11.34000000 -0.11722876
11.35000000 -0.10357960
11.36000000 -0.08989425
11.37000000 -0.07617855
11.38000000 -0.06243837
11.39000000 -0.04867960
11.40000000 -0.03490812
11.41000000 -0.02112979
11.42000000 -0.00735052
11.43000000 0.00642384
11.44000000 0.02018739
11.45000000 0.03393429
11.46000000 0.04765868
11.47000000 0.06135471
11.48000000 0.07501657
11.49000000 0.08863845
11.50000000 0.10221457
11.51000000 0.11573915
11.52000000 0.12920647
11.53000000 0.14261082
11.54000000 0.15594652
11.55000000 0.16920793
11.56000000 0.18238943
11.57000000 0.19548545
11.58000000 0.20849046
11.59000000 0.22139898
11.60000000 0.23420554
11.61000000 0.24690477
11.62000000 0.25949130
11.63000000 0.27195985
11.64000000 0.28430515
11.65000000 0.29652203
11.66000000 0.30860536
11.67000000 0.32055006
11.68000000 0.33235113
11.69000000 0.34400362
11.70000000 0.35550265
11.71000000 0.36684342
11.72000000 0.37802119
11.73000000 0.38903128
11.74000000 0.39986911
11.75000000 0.41053017
11.76000000 0.42101001
11.77000000 0.43130427
11.78000000 0.44140869
11.79000000 0.45131907
11.80000000 0.46103130
11.81000000 0.47054136
11.82000000 0.47984532
11.83000000 0.48893934
11.84000000 0.49781968
11.85000000 0.50648266
11.86000000 0.51492475
11.87000000 0.52314246
11.88000000 0.53113243
11.89000000 0.53889140
11.90000000 0.54641620
11.91000000 0.55370375
11.92000000 0.56075111
11.93000000 0.56755541
11.94000000 0.57411390
11.95000000 0.58042393
11.96000000 0.58648296
11.97000000 0.59228857
11.98000000 0.59783843
11.99000000 0.60313033
12.00000000 0.60816217
12.01000000 0.61293197
12.02000000 0.61743784
12.03000000 0.62167804
12.04000000 0.62565091
12.05000000 0.62935493
12.06000000 0.63278867
12.07000000 0.63595084
12.08000000 0.63884025
12.09000000 0.64145584
12.10000000 0.64379666
12.11000000 0.64586187
12.12000000 0.64765077
12.13000000 0.64916277
12.14000000 0.65039737
12.15000000 0.65135423
12.16000000 0.65203310
12.17000000 0.65243387
12.18000000 0.65255653
12.19000000 0.65240120
12.20000000 0.65196812
12.21000000 0.65125763
12.22000000 0.65027021
12.23000000 0.64900644
12.24000000 0.64746704
12.25000000 0.64565282
12.26000000 0.64356474
12.27000000 0.64120383
12.28000000 0.63857128
12.29000000 0.63566837
12.30000000 0.63249651
12.31000000 0.62905720
12.32000000 0.62535208
12.33000000 0.62138289
12.34000000 0.61715148
12.35000000 0.61265982
12.36000000 0.60790997
12.37000000 0.60290412
12.38000000 0.59764455
12.39000000 0.59213367
12.40000000 0.58637398
12.41000000 0.58036808
12.42000000 0.57411868
12.43000000 0.56762860
12.44000000 0.56090075
12.45000000 0.55393813
12.46000000 0.54674388
12.47000000 0.53932118
12.48000000 0.53167335
12.49000000 0.52380378
12.50000000 0.51571596
12.51000000 0.50741347
12.52000000 0.49889999
12.53000000 0.49017928
12.54000000 0.48125517
12.55000000 0.47213159
12.56000000 0.46281257
12.57000000 0.45330219
12.58000000 0.44360461
12.59000000 0.43372410
12.60000000 0.42366498
12.61000000 0.41343164
12.62000000 0.40302855
12.63000000 0.39246026
12.64000000 0.38173137
12.65000000 0.37084656
12.66000000 0.35981055
12.67000000 0.34862816
12.68000000 0.33730423
12.69000000 0.32584369
12.70000000 0.31425149
12.71000000 0.30253268
12.72000000 0.29069232
12.73000000 0.27873553
12.74000000 0.26666749
12.75000000 0.25449341
12.76000000 0.24221855
12.77000000 0.22984820
12.78000000 0.21738770
12.79000000 0.20484241
12.80000000 0.19221775
12.81000000 0.17951913
12.82000000 0.16675203
12.83000000 0.15392192
12.84000000 0.14103433
12.85000000 0.12809477
12.86000000 0.11510881
12.87000000 0.10208200
12.88000000 0.08901993
12.89000000 0.07592820
12.90000000 0.06281239
12.91000000 0.04967812
12.92000000 0.03653101
12.93000000 0.02337667
12.94000000 0.01022070
12.95000000 -0.00293126
12.96000000 -0.01607363
12.97000000 -0.02920080
12.98000000 -0.04230718
12.99000000 -0.05538719
13.00000000 -0.06843528
13.01000000 -0.08144590
13.02000000 -0.09441351
13.03000000 -0.10733263
13.04000000 -0.12019776
13.05000000 -0.13300346
13.06000000 -0.14574430
13.07000000 -0.15841489
13.08000000 -0.17100986
13.09000000 -0.18352390
13.10000000 -0.19595171
13.11000000 -0.20828805
13.12000000 -0.22052772
13.13000000 -0.23266555
13.14000000 -0.24469643
13.15000000 -0.25661530
13.16000000 -0.26841714
13.17000000 -0.28009700
13.18000000 -0.29164997
13.19000000 -0.30307119
13.20000000 -0.31435589
13.21000000 -0.32549933
13.22000000 -0.33649685
13.23000000 -0.34734385
13.24000000 -0.35803580
13.25000000 -0.36856823
13.26000000 -0.37893676
13.27000000 -0.38913705
13.28000000 -0.39916488
13.29000000 -0.40901607
13.30000000 -0.41868652
13.31000000 -0.42817223
13.32000000 -0.43746927
13.33000000 -0.44657378
13.34000000 -0.45548202
13.35000000 -0.46419029
13.36000000 -0.47269502
13.37000000 -0.48099270
13.38000000 -0.48907992
13.39000000 -0.49695337
13.40000000 -0.50460982
13.41000000 -0.51204615
13.42000000 -0.51925931
13.43000000 -0.52624637
13.44000000 -0.53300450
13.45000000 -0.53953095
13.46000000 -0.54582309
13.47000000 -0.55187838
13.48000000 -0.55769438
13.49000000 -0.56326877
13.50000000 -0.56859932
13.51000000 -0.57368391
13.52000000 -0.57852052
13.53000000 -0.58310724
13.54000000 -0.58744229
13.55000000 -0.59152395
13.56000000 -0.59535066
13.57000000 -0.59892095
13.58000000 -0.60223344
13.59000000 -0.60528688
13.60000000 -0.60808014
13.61000000 -0.61061219
13.62000000 -0.61288211
13.63000000 -0.61488910
13.64000000 -0.61663246
13.65000000 -0.61811162
13.66000000 -0.61932611
13.67000000 -0.62027557
13.68000000 -0.62095978
13.69000000 -0.62137859
13.70000000 -0.62153200
13.71000000 -0.62142011
13.72000000 -0.62104313
13.73000000 -0.62040139
13.74000000 -0.61949532
13.75000000 -0.61832548
13.76000000 -0.61689253
13.77000000 -0.61519724
13.78000000 -0.61324050
13.79000000 -0.61102331
13.80000000 -0.60854677
13.81000000 -0.60581210
13.82000000 -0.60282063
13.83000000 -0.59957379
13.84000000 -0.59607313
13.85000000 -0.59232029
13.86000000 -0.58831703
13.87000000 -0.58406522
13.88000000 -0.57956681
13.89000000 -0.57482389
13.90000000 -0.56983862
13.91000000 -0.56461328
13.92000000 -0.55915025
13.93000000 -0.55345200
13.94000000 -0.54752111
13.95000000 -0.54136025
13.96000000 -0.53497219
13.97000000 -0.52835979
13.98000000 -0.52152601
13.99000000 -0.51447391
14.00000000 -0.50720662
14.01000000 -0.49972737
14.02000000 -0.49203949
14.03000000 -0.48414637
14.04000000 -0.47605152
14.05000000 -0.46775850
14.06000000 -0.45927098
14.07000000 -0.45059270
14.08000000 -0.44172746
14.09000000 -0.43267917
14.10000000 -0.42345179
14.11000000 -0.41404938
14.12000000 -0.40447604
14.13000000 -0.39473597
14.14000000 -0.38483341
14.15000000 -0.37477269
14.16000000 -0.36455820
14.17000000 -0.35419439
14.18000000 -0.34368576
14.19000000 -0.33303689
14.20000000 -0.32225239
14.21000000 -0.31133697
14.22000000 -0.30029534
14.23000000 -0.28913229
14.24000000 -0.27785265
14.25000000 -0.26646132
14.26000000 -0.25496320
14.27000000 -0.24336328
14.28000000 -0.23166655
14.29000000 -0.21987807
14.30000000 -0.20800292
14.31000000 -0.19604620
14.32000000 -0.18401308
14.33000000 -0.17190873
14.34000000 -0.15973835
14.35000000 -0.14750718
14.36000000 -0.13522046
14.37000000 -0.12288347
14.38000000 -0.11050150
14.39000000 -0.09807985
14.40000000 -0.08562386
14.41000000 -0.07313884
14.42000000 -0.06063015
14.43000000 -0.04810312
14.44000000 -0.03556312
14.45000000 -0.02301549
14.46000000 -0.01046560
14.47000000 0.00208120
14.48000000 0.01461957
14.49000000 0.02714417
14.50000000 0.03964965
14.51000000 0.05213070
14.52000000 0.06458202
14.53000000 0.07699831
14.54000000 0.08937429
14.55000000 0.10170472
14.56000000 0.11398436
14.57000000 0.12620801
14.58000000 0.13837048
14.59000000 0.15046664
14.60000000 0.16249135
14.61000000 0.17443954
14.62000000 0.18630616
14.63000000 0.19808619
14.64000000 0.20977467
14.65000000 0.22136666
14.66000000 0.23285728
14.67000000 0.24424169
14.68000000 0.25551510
14.69000000 0.26667277
14.70000000 0.27771001
14.71000000 0.28862219
14.72000000 0.29940473
14.73000000 0.31005311
14.74000000 0.32056287
14.75000000 0.33092961
14.76000000 0.34114900
14.77000000 0.35121676
14.78000000 0.36112870
14.79000000 0.37088068
14.80000000 0.38046865
14.81000000 0.38988861
14.82000000 0.39913664
14.83000000 0.40820891
14.84000000 0.41710166
14.85000000 0.42581119
14.86000000 0.43433392
14.87000000 0.44266631
14.88000000 0.45080493
14.89000000 0.45874642
14.90000000 0.46648752
14.91000000 0.47402505
14.92000000 0.48135592
14.93000000 0.48847712
14.94000000 0.49538575
14.95000000 0.50207899
14.96000000 0.50855412
14.97000000 0.51480851
14.98000000 0.52083962
14.99000000 0.52664503
15.00000000 0.53222238
15.01000000 0.53756944
15.02000000 0.54268408
15.03000000 0.54756425
15.04000000 0.55220801
15.05000000 0.55661354
15.06000000 0.56077908
15.07000000 0.56470302
15.08000000 0.56838383
15.09000000 0.57182009
15.10000000 0.57501048
15.11000000 0.57795380
15.12000000 0.58064893
15.13000000 0.58309488
15.14000000 0.58529077
15.15000000 0.58723580
15.16000000 0.58892930
15.17000000 0.59037071
15.18000000 0.59155956
15.19000000 0.59249550
15.20000000 0.59317829
15.21000000 0.59360780
15.22000000 0.59378399
15.23000000 0.59370694
15.24000000 0.59337685
15.25000000 0.59279401
15.26000000 0.59195882
15.27000000 0.59087181
15.28000000 0.58953357
15.29000000 0.58794485
15.30000000 0.58610647
15.31000000 0.58401937
15.32000000 0.58168460
15.33000000 0.57910330
15.34000000 0.57627672
15.35000000 0.57320623
15.36000000 0.56989328
15.37000000 0.56633943
15.38000000 0.56254636
15.39000000 0.55851581
15.40000000 0.55424967
15.41000000 0.54974990
15.42000000 0.54501856
15.43000000 0.54005780
15.44000000 0.53486989
15.45000000 0.52945719
15.46000000 0.52382213
15.47000000 0.51796725
15.48000000 0.51189520
15.49000000 0.50560870
15.50000000 0.49911055
15.51000000 0.49240367
15.52000000 0.48549103
15.53000000 0.47837572
15.54000000 0.47106090
15.55000000 0.46354980
15.56000000 0.45584576
15.57000000 0.44795217
15.58000000 0.43987252
15.59000000 0.43161038
15.60000000 0.42316937
15.61000000 0.41455321
15.62000000 0.40576568
15.63000000 0.39681064
15.64000000 0.38769200
15.65000000 0.37841375
15.66000000 0.36897996
15.67000000 0.35939474
15.68000000 0.34966226
15.69000000 0.33978678
15.70000000 0.32977259
15.71000000 0.31962405
15.72000000 0.30934556
15.73000000 0.29894159
15.74000000 0.28841666
15.75000000 0.27777533
15.76000000 0.26702220
15.77000000 0.25616193
15.78000000 0.24519922
15.79000000 0.23413880
15.80000000 0.22298545
15.81000000 0.21174399
15.82000000 0.20041926
15.83000000 0.18901613
15.84000000 0.17753953
15.85000000 0.16599439
15.86000000 0.15438567
15.87000000 0.14271837
15.88000000 0.13099748
15.89000000 0.11922805
15.90000000 0.10741512
15.91000000 0.09556376
15.92000000 0.08367903
15.93000000 0.07176604
15.94000000 0.05982986
15.95000000 0.04787562
15.96000000 0.03590841
15.97000000 0.02393334
15.98000000 0.01195553
15.99000000 -0.00001993
16.00000000 -0.01198791
16.01000000 -0.02394333
16.02000000 -0.03588110
16.03000000 -0.04779614
16.04000000 -0.05968338
16.05000000 -0.07153777
16.06000000 -0.08335429
16.07000000 -0.09512791
16.08000000 -0.10685364
16.09000000 -0.11852652
16.10000000 -0.13014160
16.11000000 -0.14169396
16.12000000 -0.15317872
16.13000000 -0.16459103
16.14000000 -0.17592606
16.15000000 -0.18717903
16.16000000 -0.19834519
16.17000000 -0.20941983
16.18000000 -0.22039830
16.19000000 -0.23127597
16.20000000 -0.24204826
16.21000000 -0.25271065
16.22000000 -0.26325866
16.23000000 -0.27368787
16.24000000 -0.28399389
16.25000000 -0.29417242
16.26000000 -0.30421919
16.27000000 -0.31413000
16.28000000 -0.32390070
16.29000000 -0.33352723
16.30000000 -0.34300556
16.31000000 -0.35233174
16.32000000 -0.36150190
16.33000000 -0.37051221
16.34000000 -0.37935894
16.35000000 -0.38803842
16.36000000 -0.39654703
16.37000000 -0.40488128
16.38000000 -0.41303770
16.39000000 -0.42101293
16.40000000 -0.42880367
16.41000000 -0.43640674
16.42000000 -0.44381898
16.43000000 -0.45103737
16.44000000 -0.45805895
16.45000000 -0.46488083
16.46000000 -0.47150024
16.47000000 -0.47791447
16.48000000 -0.48412093
16.49000000 -0.49011708
16.50000000 -0.49590050
16.51000000 -0.50146886
16.52000000 -0.50681991
16.53000000 -0.51195151
16.54000000 -0.51686160
16.55000000 -0.52154822
16.56000000 -0.52600951
16.57000000 -0.53024371
16.58000000 -0.53424915
16.59000000 -0.53802427
16.60000000 -0.54156758
16.61000000 -0.54487774
16.62000000 -0.54795346
16.63000000 -0.55079358
16.64000000 -0.55339704
16.65000000 -0.55576286
16.66000000 -0.55789018
16.67000000 -0.55977824
16.68000000 -0.56142639
16.69000000 -0.56283407
16.70000000 -0.56400082
16.71000000 -0.56492630
16.72000000 -0.56561025
16.73000000 -0.56605253
16.74000000 -0.56625311
16.75000000 -0.56621204
16.76000000 -0.56592949
16.77000000 -0.56540574
16.78000000 -0.56464114
16.79000000 -0.56363617
16.80000000 -0.56239141
16.81000000 -0.56090754
16.82000000 -0.55918533
16.83000000 -0.55722567
16.84000000 -0.55502954
16.85000000 -0.55259801
16.86000000 -0.54993227
16.87000000 -0.54703360
16.88000000 -0.54390338
16.89000000 -0.54054309
16.90000000 -0.53695429
16.91000000 -0.53313867
16.92000000 -0.52909797
16.93000000 -0.52483408
16.94000000 -0.52034894
16.95000000 -0.51564460
16.96000000 -0.51072319
16.97000000 -0.50558697
16.98000000 -0.50023824
16.99000000 -0.49467941
17.00000000 -0.48891299
17.01000000 -0.48294157
17.02000000 -0.47676781
17.03000000 -0.47039448
17.04000000 -0.46382441
17.05000000 -0.45706053
17.06000000 -0.45010584
17.07000000 -0.44296342
17.08000000 -0.43563644
17.09000000 -0.42812813
17.10000000 -0.42044182
17.11000000 -0.41258088
17.12000000 -0.40454877
17.13000000 -0.39634904
17.14000000 -0.38798527
17.15000000 -0.37946114
17.16000000 -0.37078038
17.17000000 -0.36194679
17.18000000 -0.35296423
17.19000000 -0.34383662
17.20000000 -0.33456795
17.21000000 -0.32516226
17.22000000 -0.31562365
17.23000000 -0.30595625
17.24000000 -0.29616429
17.25000000 -0.28625200
17.26000000 -0.27622369
17.27000000 -0.26608372
17.28000000 -0.25583647
17.29000000 -0.24548638
17.30000000 -0.23503793
17.31000000 -0.22449564
17.32000000 -0.21386406
17.33000000 -0.20314778
17.34000000 -0.19235143
17.35000000 -0.18147965
17.36000000 -0.17053714
17.37000000 -0.15952860
17.38000000 -0.14845877
17.39000000 -0.13733240
17.40000000 -0.12615429
17.41000000 -0.11492922
17.42000000 -0.10366202
17.43000000 -0.09235752
17.44000000 -0.08102056
17.45000000 -0.06965599
17.46000000 -0.05826869
17.47000000 -0.04686352
17.48000000 -0.03544536
17.49000000 -0.02401908
17.50000000 -0.01258957
17.51000000 -0.00116169
17.52000000 0.01025967
17.53000000 0.02166965
17.54000000 0.03306339
17.55000000 0.04443604
17.56000000 0.05578276
17.57000000 0.06709874
17.58000000 0.07837916
17.59000000 0.08961923
17.60000000 0.10081419
17.61000000 0.11195929
17.62000000 0.12304981
17.63000000 0.13408104
17.64000000 0.14504834
17.65000000 0.15594704
17.66000000 0.16677256
17.67000000 0.17752032
17.68000000 0.18818578
17.69000000 0.19876445
17.70000000 0.20925187
17.71000000 0.21964362
17.72000000 0.22993534
17.73000000 0.24012269
17.74000000 0.25020139
17.75000000 0.26016722
17.76000000 0.27001599
17.77000000 0.27974358
17.78000000 0.28934591
17.79000000 0.29881897
17.80000000 0.30815880
17.81000000 0.31736149
17.82000000 0.32642321
17.83000000 0.33534019
17.84000000 0.34410870
17.85000000 0.35272510
17.86000000 0.36118582
17.87000000 0.36948733
17.88000000 0.37762620
17.89000000 0.38559907
17.90000000 0.39340262
17.91000000 0.40103365
17.92000000 0.40848899
17.93000000 0.41576559
17.94000000 0.42286046
17.95000000 0.42977066
17.96000000 0.43649339
17.97000000 0.44302587
17.98000000 0.44936546
17.99000000 0.45550956
18.00000000 0.46145567
18.01000000 0.46720138
18.02000000 0.47274437
18.03000000 0.47808240
18.04000000 0.48321331
18.05000000 0.48813505
18.06000000 0.49284566
18.07000000 0.49734324
18.08000000 0.50162601
18.09000000 0.50569229
18.10000000 0.50954047
18.11000000 0.51316904
18.12000000 0.51657659
18.13000000 0.51976182
18.14000000 0.52272348
18.15000000 0.52546047
18.16000000 0.52797175
18.17000000 0.53025639
18.18000000 0.53231355
18.19000000 0.53414251
18.20000000 0.53574261
18.21000000 0.53711332
18.22000000 0.53825420
18.23000000 0.53916489
18.24000000 0.53984516
18.25000000 0.54029486
18.26000000 0.54051392
18.27000000 0.54050242
18.28000000 0.54026048
18.29000000 0.53978835
18.30000000 0.53908638
18.31000000 0.53815501
18.32000000 0.53699478
18.33000000 0.53560631
18.34000000 0.53399035
18.35000000 0.53214772
18.36000000 0.53007934
18.37000000 0.52778624
18.38000000 0.52526953
18.39000000 0.52253042
18.40000000 0.51957022
18.41000000 0.51639032
18.42000000 0.51299222
18.43000000 0.50937748
18.44000000 0.50554780
18.45000000 0.50150494
18.46000000 0.49725074
18.47000000 0.49278715
18.48000000 0.48811620
18.49000000 0.48324002
18.50000000 0.47816080
18.51000000 0.47288083
18.52000000 0.46740249
18.53000000 0.46172824
18.54000000 0.45586062
18.55000000 0.44980224
18.56000000 0.44355580
18.57000000 0.43712409
18.58000000 0.43050995
18.59000000 0.42371633
18.60000000 0.41674622
18.61000000 0.40960270
18.62000000 0.40228894
18.63000000 0.39480814
18.64000000 0.38716361
18.65000000 0.37935869
18.66000000 0.37139682
18.67000000 0.36328149
18.68000000 0.35501626
18.69000000 0.34660472
18.70000000 0.33805058
18.71000000 0.32935755
18.72000000 0.32052942
18.73000000 0.31157006
18.74000000 0.30248335
18.75000000 0.29327325
18.76000000 0.28394376
18.77000000 0.27449893
18.78000000 0.26494287
18.79000000 0.25527970
18.80000000 0.24551363
18.81000000 0.23564887
18.82000000 0.22568970
18.83000000 0.21564041
18.84000000 0.20550535
18.85000000 0.19528889
18.86000000 0.18499544
18.87000000 0.17462944
18.88000000 0.16419535
18.89000000 0.15369765
18.90000000 0.14314088
18.91000000 0.13252956
18.92000000 0.12186825
18.93000000 0.11116153
18.94000000 0.10041400
18.95000000 0.08963025
18.96000000 0.07881493
18.97000000 0.06797264
18.98000000 0.05710804
18.99000000 0.04622578
19.00000000 0.03533050
19.01000000 0.02442685
19.02000000 0.01351951
19.03000000 0.00261311
19.04000000 -0.00828770
19.05000000 -0.01917825
19.06000000 -0.03005393
19.07000000 -0.04091009
19.08000000 -0.05174213
19.09000000 -0.06254542
19.10000000 -0.07331540
19.11000000 -0.08404747
19.12000000 -0.09473710
19.13000000 -0.10537973
19.14000000 -0.11597088
19.15000000 -0.12650604
19.16000000 -0.13698077
19.17000000 -0.14739062
19.18000000 -0.15773120
19.19000000 -0.16799815
19.20000000 -0.17818712
19.21000000 -0.18829383
19.22000000 -0.19831401
19.23000000 -0.20824343
19.24000000 -0.21807793
19.25000000 -0.22781336
19.26000000 -0.23744564
19.27000000 -0.24697071
19.28000000 -0.25638459
19.29000000 -0.26568332
19.30000000 -0.27486301
19.31000000 -0.28391982
19.32000000 -0.29284997
19.33000000 -0.30164971
19.34000000 -0.31031538
19.35000000 -0.31884336
19.36000000 -0.32723010
19.37000000 -0.33547212
19.38000000 -0.34356598
19.39000000 -0.35150832
19.40000000 -0.35929586
19.41000000 -0.36692536
19.42000000 -0.37439366
19.43000000 -0.38169769
19.44000000 -0.38883443
19.45000000 -0.39580094
19.46000000 -0.40259434
19.47000000 -0.40921186
19.48000000 -0.41565078
19.49000000 -0.42190845
19.50000000 -0.42798233
19.51000000 -0.43386994
19.52000000 -0.43956888
19.53000000 -0.44507684
19.54000000 -0.45039158
19.55000000 -0.45551097
19.56000000 -0.46043293
19.57000000 -0.46515549
19.58000000 -0.46967675
19.59000000 -0.47399493
19.60000000 -0.47810829
19.61000000 -0.48201522
19.62000000 -0.48571416
19.63000000 -0.48920369
19.64000000 -0.49248243
19.65000000 -0.49554911
19.66000000 -0.49840257
19.67000000 -0.50104172
19.68000000 -0.50346556
19.69000000 -0.50567320
19.70000000 -0.50766382
19.71000000 -0.50943671
19.72000000 -0.51099125
19.73000000 -0.51232692
19.74000000 -0.51344328
19.75000000 -0.51433998
19.76000000 -0.51501679
19.77000000 -0.51547355
19.78000000 -0.51571020
19.79000000 -0.51572678
19.80000000 -0.51552342
19.81000000 -0.51510033
19.82000000 -0.51445785
19.83000000 -0.51359637
19.84000000 -0.51251640
19.85000000 -0.51121853
19.86000000 -0.50970347
19.87000000 -0.50797197
19.88000000 -0.50602493
19.89000000 -0.50386329
19.90000000 -0.50148813
19.91000000 -0.49890057
19.92000000 -0.49610186
19.93000000 -0.49309333
19.94000000 -0.48987638
19.95000000 -0.48645251
19.96000000 -0.48282331
19.97000000 -0.47899047
19.98000000 -0.47495573
19.99000000 -0.47072095
20.00000000 -0.46628805
20.01000000 -0.46165904
20.02000000 -0.45683603
20.03000000 -0.45182119
20.04000000 -0.44661677
20.05000000 -0.44122511
20.06000000 -0.43564863
20.07000000 -0.42988982
20.08000000 -0.42395125
20.09000000 -0.41783556
20.10000000 -0.41154546
20.11000000 -0.40508375
20.12000000 -0.39845329
20.13000000 -0.39165702
20.14000000 -0.38469792
20.15000000 -0.37757906
20.16000000 -0.37030359
20.17000000 -0.36287471
20.18000000 -0.35529566
20.19000000 -0.34756978
20.20000000 -0.33970045
20.21000000 -0.33169112
20.22000000 -0.32354528
20.23000000 -0.31526650
20.24000000 -0.30685839
20.25000000 -0.29832460
20.26000000 -0.28966886
20.27000000 -0.28089493
20.28000000 -0.27200662
20.29000000 -0.26300780
20.30000000 -0.25390238
20.31000000 -0.24469428
20.32000000 -0.23538752
20.33000000 -0.22598611
20.34000000 -0.21649412
20.35000000 -0.20691565
20.36000000 -0.19725485
20.37000000 -0.18751587
20.38000000 -0.17770293
20.39000000 -0.16782025
20.40000000 -0.15787208
20.41000000 -0.14786271
20.42000000 -0.13779644
20.43000000 -0.12767761
20.44000000 -0.11751054
20.45000000 -0.10729962
20.46000000 -0.09704922
20.47000000 -0.08676373
20.48000000 -0.07644756
20.49000000 -0.06610513
20.50000000 -0.05574087
20.51000000 -0.04535920
20.52000000 -0.03496456
20.53000000 -0.02456140
20.54000000 -0.01415414
20.55000000 -0.00374724
20.56000000 0.00665487
20.57000000 0.01704776
20.58000000 0.02742700
20.59000000 0.03778818
20.60000000 0.04812689
20.61000000 0.05843873
20.62000000 0.06871933
20.63000000 0.07896433
20.64000000 0.08916936
20.65000000 0.09933012
20.66000000 0.10944229
20.67000000 0.11950160
20.68000000 0.12950377
20.69000000 0.13944460
20.70000000 0.14931987
20.71000000 0.15912541
20.72000000 0.16885709
20.73000000 0.17851080
20.74000000 0.18808248
20.75000000 0.19756808
20.76000000 0.20696363
20.77000000 0.21626517
20.78000000 0.22546878
20.79000000 0.23457062
20.80000000 0.24356685
20.81000000 0.25245371
20.82000000 0.26122746
20.83000000 0.26988446
20.84000000 0.27842106
20.85000000 0.28683370
20.86000000 0.29511888
20.87000000 0.30327314
20.88000000 0.31129308
20.89000000 0.31917536
20.90000000 0.32691671
20.91000000 0.33451391
20.92000000 0.34196381
20.93000000 0.34926332
20.94000000 0.35640942
20.95000000 0.36339916
20.96000000 0.37022966
20.97000000 0.37689809
20.98000000 0.38340171
20.99000000 0.38973785
21.00000000 0.39590392
21.01000000 0.40189737
21.02000000 0.40771578
21.03000000 0.41335675
21.04000000 0.41881799
21.05000000 0.42409729
21.06000000 0.42919250
21.07000000 0.43410156
21.08000000 0.43882250
21.09000000 0.44335341
21.10000000 0.44769248
21.11000000 0.45183797
21.12000000 0.45578824
21.13000000 0.45954172
21.14000000 0.46309693
21.15000000 0.46645248
21.16000000 0.46960705
21.17000000 0.47255942
21.18000000 0.47530847
21.19000000 0.47785313
21.20000000 0.48019245
21.21000000 0.48232557
21.22000000 0.48425168
21.23000000 0.48597011
21.24000000 0.48748024
21.25000000 0.48878156
21.26000000 0.48987364
21.27000000 0.49075614
21.28000000 0.49142881
21.29000000 0.49189151
21.30000000 0.49214415
21.31000000 0.49218676
21.32000000 0.49201945
21.33000000 0.49164242
21.34000000 0.49105597
21.35000000 0.49026045
21.36000000 0.48925636
21.37000000 0.48804424
21.38000000 0.48662473
21.39000000 0.48499857
21.40000000 0.48316659
21.41000000 0.48112968
21.42000000 0.47888884
21.43000000 0.47644516
21.44000000 0.47379980
21.45000000 0.47095401
21.46000000 0.46790914
21.47000000 0.46466659
21.48000000 0.46122788
21.49000000 0.45759459
21.50000000 0.45376840
21.51000000 0.44975105
21.52000000 0.44554437
21.53000000 0.44115028
21.54000000 0.43657076
21.55000000 0.43180788
21.56000000 0.42686380
21.57000000 0.42174071
21.58000000 0.41644094
21.59000000 0.41096683
21.60000000 0.40532084
21.61000000 0.39950547
21.62000000 0.39352332
21.63000000 0.38737703
21.64000000 0.38106934
21.65000000 0.37460302
21.66000000 0.36798094
21.67000000 0.36120602
21.68000000 0.35428124
21.69000000 0.34720964
21.70000000 0.33999433
21.71000000 0.33263848
21.72000000 0.32514532
21.73000000 0.31751812
21.74000000 0.30976022
21.75000000 0.30187500
21.76000000 0.29386592
21.77000000 0.28573645
21.78000000 0.27749016
21.79000000 0.26913061
21.80000000 0.26066145
21.81000000 0.25208636
21.82000000 0.24340906
21.83000000 0.23463331
21.84000000 0.22576293
21.85000000 0.21680174
21.86000000 0.20775362
21.87000000 0.19862250
21.88000000 0.18941231
21.89000000 0.18012703
21.90000000 0.17077067
21.91000000 0.16134726
21.92000000 0.15186086
21.93000000 0.14231555
21.94000000 0.13271545
21.95000000 0.12306468
21.96000000 0.11336739
21.97000000 0.10362773
21.98000000 0.09384990
21.99000000 0.08403808
22.00000000 0.07419648
22.01000000 0.06432932
22.02000000 0.05444081
22.03000000 0.04453519
22.04000000 0.03461669
22.05000000 0.02468955
22.06000000 0.01475800
22.07000000 0.00482629
22.08000000 -0.00510135
22.09000000 -0.01502069
22.10000000 -0.02492750
22.11000000 -0.03481758
22.12000000 -0.04468670
22.13000000 -0.05453068
22.14000000 -0.06434534
22.15000000 -0.07412651
22.16000000 -0.08387003
22.17000000 -0.09357179
22.18000000 -0.10322765
22.19000000 -0.11283355
22.20000000 -0.12238541
22.21000000 -0.13187920
22.22000000 -0.14131090
22.23000000 -0.15067652
22.24000000 -0.15997213
22.25000000 -0.16919379
22.26000000 -0.17833762
22.27000000 -0.18739977
22.28000000 -0.19637643
22.29000000 -0.20526382
22.30000000 -0.21405821
22.31000000 -0.22275590
22.32000000 -0.23135326
22.33000000 -0.23984666
22.34000000 -0.24823257
22.35000000 -0.25650746
22.36000000 -0.26466788
22.37000000 -0.27271043
22.38000000 -0.28063173
22.39000000 -0.28842850
22.40000000 -0.29609748
22.41000000 -0.30363549
22.42000000 -0.31103938
22.43000000 -0.31830610
22.44000000 -0.32543261
22.45000000 -0.33241598
22.46000000 -0.33925330
22.47000000 -0.34594177
22.48000000 -0.35247861
22.49000000 -0.35886114
22.50000000 -0.36508672
22.51000000 -0.37115280
22.52000000 -0.37705689
22.53000000 -0.38279658
22.54000000 -0.38836951
22.55000000 -0.39377342
22.56000000 -0.39900610
22.57000000 -0.40406543
22.58000000 -0.40894936
22.59000000 -0.41365592
22.60000000 -0.41818320
22.61000000 -0.42252938
22.62000000 -0.42669273
22.63000000 -0.43067159
22.64000000 -0.43446436
22.65000000 -0.43806955
22.66000000 -0.44148573
22.67000000 -0.44471156
22.68000000 -0.44774579
22.69000000 -0.45058724
22.70000000 -0.45323481
22.71000000 -0.45568750
22.72000000 -0.45794438
22.73000000 -0.46000461
22.74000000 -0.46186742
22.75000000 -0.46353215
22.76000000 -0.46499821
22.77000000 -0.46626509
22.78000000 -0.46733238
22.79000000 -0.46819975
22.80000000 -0.46886694
22.81000000 -0.46933379
22.82000000 -0.46960023
22.83000000 -0.46966627
22.84000000 -0.46953200
22.85000000 -0.46919760
22.86000000 -0.46866334
22.87000000 -0.46792957
22.88000000 -0.46699671
22.89000000 -0.46586530
22.90000000 -0.46453593
22.91000000 -0.46300930
22.92000000 -0.46128617
22.93000000 -0.45936740
22.94000000 -0.45725392
22.95000000 -0.45494677
22.96000000 -0.45244703
22.97000000 -0.44975590
22.98000000 -0.44687464
22.99000000 -0.44380459
23.00000000 -0.44054717
23.01000000 -0.43710390
23.02000000 -0.43347635
23.03000000 -0.42966619
23.04000000 -0.42567514
23.05000000 -0.42150502
23.06000000 -0.41715773
23.07000000 -0.41263521
23.08000000 -0.40793952
23.09000000 -0.40307274
23.10000000 -0.39803708
23.11000000 -0.39283477
23.12000000 -0.38746813
23.13000000 -0.38193956
23.14000000 -0.37625152
23.15000000 -0.37040652
23.16000000 -0.36440715
23.17000000 -0.35825607
23.18000000 -0.35195599
23.19000000 -0.34550970
23.20000000 -0.33892002
23.21000000 -0.33218986
23.22000000 -0.32532217
23.23000000 -0.31831997
23.24000000 -0.31118633
23.25000000 -0.30392436
23.26000000 -0.29653725
23.27000000 -0.28902821
23.28000000 -0.28140053
23.29000000 -0.27365754
23.30000000 -0.26580260
23.31000000 -0.25783914
23.32000000 -0.24977061
23.33000000 -0.24160053
23.34000000 -0.23333243
23.35000000 -0.22496991
23.36000000 -0.21651659
23.37000000 -0.20797613
23.38000000 -0.19935223
23.39000000 -0.19064862
23.40000000 -0.18186905
23.41000000 -0.17301732
23.42000000 -0.16409724
23.43000000 -0.15511267
23.44000000 -0.14606748
23.45000000 -0.13696555
23.46000000 -0.12781081
23.47000000 -0.11860720
23.48000000 -0.10935867
23.49000000 -0.10006918
23.50000000 -0.09074274
23.51000000 -0.08138333
23.52000000 -0.07199498
23.53000000 -0.06258170
23.54000000 -0.05314752
23.55000000 -0.04369648
23.56000000 -0.03423262
23.57000000 -0.02475999
23.58000000 -0.01528263
23.59000000 -0.00580458
23.60000000 0.00367010
23.61000000 0.01313739
23.62000000 0.02259325
23.63000000 0.03203365
23.64000000 0.04145458
23.65000000 0.05085203
23.66000000 0.06022200
23.67000000 0.06956052
23.68000000 0.07886363
23.69000000 0.08812737
23.70000000 0.09734783
23.71000000 0.10652109
23.72000000 0.11564327
23.73000000 0.12471051
23.74000000 0.13371899
23.75000000 0.14266489
23.76000000 0.15154444
23.77000000 0.16035388
23.78000000 0.16908952
23.79000000 0.17774766
23.80000000 0.18632467
23.81000000 0.19481693
23.82000000 0.20322087
23.83000000 0.21153297
23.84000000 0.21974974
23.85000000 0.22786773
23.86000000 0.23588354
23.87000000 0.24379382
23.88000000 0.25159526
23.89000000 0.25928459
23.90000000 0.26685861
23.91000000 0.27431416
23.92000000 0.28164813
23.93000000 0.28885747
23.94000000 0.29593918
23.95000000 0.30289033
23.96000000 0.30970802
23.97000000 0.31638944
23.98000000 0.32293181
23.99000000 0.32933244
24.00000000 0.33558868
24.01000000 0.34169796
24.02000000 0.34765775
24.03000000 0.35346562
24.04000000 0.35911917
24.05000000 0.36461609
24.06000000 0.36995414
24.07000000 0.37513114
24.08000000 0.38014497
24.09000000 0.38499361
24.10000000 0.38967508
24.11000000 0.39418750
24.12000000 0.39852904
24.13000000 0.40269796
24.14000000 0.40669259
24.15000000 0.41051133
24.16000000 0.41415267
24.17000000 0.41761515
24.18000000 0.42089742
24.19000000 0.42399818
24.20000000 0.42691623
24.21000000 0.42965044
24.22000000 0.43219974
24.23000000 0.43456318
24.24000000 0.43673986
24.25000000 0.43872895
24.26000000 0.44052975
24.27000000 0.44214158
24.28000000 0.44356388
24.29000000 0.44479617
24.30000000 0.44583803
24.31000000 0.44668914
24.32000000 0.44734924
24.33000000 0.44781819
24.34000000 0.44809590
24.35000000 0.44818236
24.36000000 0.44807765
24.37000000 0.44778195
24.38000000 0.44729550
24.39000000 0.44661861
24.40000000 0.44575170
24.41000000 0.44469525
24.42000000 0.44344984
24.43000000 0.44201610
24.44000000 0.44039477
24.45000000 0.43858665
24.46000000 0.43659263
24.47000000 0.43441367
24.48000000 0.43205082
24.49000000 0.42950520
24.50000000 0.42677800
24.51000000 0.42387050
24.52000000 0.42078406
24.53000000 0.41752009
24.54000000 0.41408010
24.55000000 0.41046567
24.56000000 0.40667843
24.57000000 0.40272012
24.58000000 0.39859253
24.59000000 0.39429751
24.60000000 0.38983701
24.61000000 0.38521303
24.62000000 0.38042764
24.63000000 0.37548298
24.64000000 0.37038125
24.65000000 0.36512473
24.66000000 0.35971576
24.67000000 0.35415672
24.68000000 0.34845010
24.69000000 0.34259840
24.70000000 0.33660422
24.71000000 0.33047020
24.72000000 0.32419903
24.73000000 0.31779348
24.74000000 0.31125636
24.75000000 0.30459053
24.76000000 0.29779893
24.77000000 0.29088451
24.78000000 0.28385031
24.79000000 0.27669940
24.80000000 0.26943490
24.81000000 0.26205997
24.82000000 0.25457782
24.83000000 0.24699172
24.84000000 0.23930497
24.85000000 0.23152089
24.86000000 0.22364287
24.87000000 0.21567432
24.88000000 0.20761870
24.89000000 0.19947950
24.90000000 0.19126024
24.91000000 0.18296447
24.92000000 0.17459577
24.93000000 0.16615776
24.94000000 0.15765408
24.95000000 0.14908839
24.96000000 0.14046439
24.97000000 0.13178578
24.98000000 0.12305631
24.99000000 0.11427972
