0.00000000 1.00000000
0.01000000 0.99980001
0.02000000 0.99920028
0.03000000 0.99820151
0.04000000 0.99680490
0.05000000 0.99501211
0.06000000 0.99282528
0.07000000 0.99024699
0.08000000 0.98728031
0.09000000 0.98392874
0.10000000 0.98019623
0.11000000 0.97608718
0.12000000 0.97160639
0.13000000 0.96675910
0.14000000 0.96155094
0.15000000 0.95598795
0.16000000 0.95007653
0.17000000 0.94382346
0.18000000 0.93723589
0.19000000 0.93032127
0.20000000 0.92308741
0.21000000 0.91554241
0.22000000 0.90769466
0.23000000 0.89955285
0.24000000 0.89112590
0.25000000 0.88242298
0.26000000 0.87345351
0.27000000 0.86422708
0.28000000 0.85475349
0.29000000 0.84504272
0.30000000 0.83510488
0.31000000 0.82495024
0.32000000 0.81458918
0.33000000 0.80403218
0.34000000 0.79328980
0.35000000 0.78237267
0.36000000 0.77129149
0.37000000 0.76005696
0.38000000 0.74867981
0.39000000 0.73717078
0.40000000 0.72554059
0.41000000 0.71379992
0.42000000 0.70195942
0.43000000 0.69002966
0.44000000 0.67802116
0.45000000 0.66594433
0.46000000 0.65380950
0.47000000 0.64162688
0.48000000 0.62940654
0.49000000 0.61715843
0.50000000 0.60489235
0.51000000 0.59261794
0.52000000 0.58034467
0.53000000 0.56808184
0.54000000 0.55583856
0.55000000 0.54362374
0.56000000 0.53144610
0.57000000 0.51931415
0.58000000 0.50723617
0.59000000 0.49522023
0.60000000 0.48327417
0.61000000 0.47140560
0.62000000 0.45962190
0.63000000 0.44793019
0.64000000 0.43633737
0.65000000 0.42485008
0.66000000 0.41347469
0.67000000 0.40221737
0.68000000 0.39108398
0.69000000 0.38008015
0.70000000 0.36921127
0.71000000 0.35848244
0.72000000 0.34789853
0.73000000 0.33746413
0.74000000 0.32718360
0.75000000 0.31706103
0.76000000 0.30710025
0.77000000 0.29730484
0.78000000 0.28767815
0.79000000 0.27822324
0.80000000 0.26894298
0.81000000 0.25983993
0.82000000 0.25091647
0.83000000 0.24217470
0.84000000 0.23361651
0.85000000 0.22524354
0.86000000 0.21705722
0.87000000 0.20905874
0.88000000 0.20124908
0.89000000 0.19362901
0.90000000 0.18619907
0.91000000 0.17895961
0.92000000 0.17191077
0.93000000 0.16505250
0.94000000 0.15838455
0.95000000 0.15190647
0.96000000 0.14561766
0.97000000 0.13951732
0.98000000 0.13360448
0.99000000 0.12787800
1.00000000 0.12233658
1.01000000 0.11697878
1.02000000 0.11180298
1.03000000 0.10680744
1.04000000 0.10199027
1.05000000 0.09734943
1.06000000 0.09288278
1.07000000 0.08858804
1.08000000 0.08446281
1.09000000 0.08050459
1.10000000 0.07671076
1.11000000 0.07307861
1.12000000 0.06960531
1.13000000 0.06628799
1.14000000 0.06312364
1.15000000 0.06010921
1.16000000 0.05724156
1.17000000 0.05451749
1.18000000 0.05193372
1.19000000 0.04948693
1.20000000 0.04717375
1.21000000 0.04499075
1.22000000 0.04293448
1.23000000 0.04100142
1.24000000 0.03918806
1.25000000 0.03749083
1.26000000 0.03590615
1.27000000 0.03443044
1.28000000 0.03306009
1.29000000 0.03179148
1.30000000 0.03062101
1.31000000 0.02954505
1.32000000 0.02856002
1.33000000 0.02766232
1.34000000 0.02684836
1.35000000 0.02611460
1.36000000 0.02545750
1.37000000 0.02487356
1.38000000 0.02435930
1.39000000 0.02391128
1.40000000 0.02352611
1.41000000 0.02320042
1.42000000 0.02293090
1.43000000 0.02271430
1.44000000 0.02254739
1.45000000 0.02242703
1.46000000 0.02235010
1.47000000 0.02231357
1.48000000 0.02231446
1.49000000 0.02234986
1.50000000 0.02241691
1.51000000 0.02251285
1.52000000 0.02263495
1.53000000 0.02278059
1.54000000 0.02294721
1.55000000 0.02313231
1.56000000 0.02333349
1.57000000 0.02354841
1.58000000 0.02377482
1.59000000 0.02401054
1.60000000 0.02425348
1.61000000 0.02450163
1.62000000 0.02475305
1.63000000 0.02500589
1.64000000 0.02525838
1.65000000 0.02550882
1.66000000 0.02575561
1.67000000 0.02599722
1.68000000 0.02623220
1.69000000 0.02645918
1.70000000 0.02667687
1.71000000 0.02688405
1.72000000 0.02707960
1.73000000 0.02726244
1.74000000 0.02743160
1.75000000 0.02758616
1.76000000 0.02772529
1.77000000 0.02784820
1.78000000 0.02795421
1.79000000 0.02804267
1.80000000 0.02811302
1.81000000 0.02816476
1.82000000 0.02819744
1.83000000 0.02821068
1.84000000 0.02820415
1.85000000 0.02817759
1.86000000 0.02813078
1.87000000 0.02806356
1.88000000 0.02797582
1.89000000 0.02786749
1.90000000 0.02773856
1.91000000 0.02758904
1.92000000 0.02741900
1.93000000 0.02722855
1.94000000 0.02701782
1.95000000 0.02678700
1.96000000 0.02653629
1.97000000 0.02626593
1.98000000 0.02597619
1.99000000 0.02566735
2.00000000 0.02533975
2.01000000 0.02499371
2.02000000 0.02462961
2.03000000 0.02424782
2.04000000 0.02384873
2.05000000 0.02343276
2.06000000 0.02300033
2.07000000 0.02255188
2.08000000 0.02208785
2.09000000 0.02160870
2.10000000 0.02111489
2.11000000 0.02060688
2.12000000 0.02008515
2.13000000 0.01955016
2.14000000 0.01900240
2.15000000 0.01844233
2.16000000 0.01787044
2.17000000 0.01728719
2.18000000 0.01669305
2.19000000 0.01608849
2.20000000 0.01547397
2.21000000 0.01484995
2.22000000 0.01421687
2.23000000 0.01357519
2.24000000 0.01292533
2.25000000 0.01226772
2.26000000 0.01160278
2.27000000 0.01093093
2.28000000 0.01025256
2.29000000 0.00956807
2.30000000 0.00887784
2.31000000 0.00818224
2.32000000 0.00748164
2.33000000 0.00677639
2.34000000 0.00606682
2.35000000 0.00535328
2.36000000 0.00463607
2.37000000 0.00391552
2.38000000 0.00319191
2.39000000 0.00246555
2.40000000 0.00173670
2.41000000 0.00100563
2.42000000 0.00027261
2.43000000 -0.00046212
2.44000000 -0.00119832
2.45000000 -0.00193577
2.46000000 -0.00267425
2.47000000 -0.00341354
2.48000000 -0.00415346
2.49000000 -0.00489380
2.50000000 -0.00563439
2.51000000 -0.00637505
2.52000000 -0.00711562
2.53000000 -0.00785595
2.54000000 -0.00859589
2.55000000 -0.00933529
2.56000000 -0.01007403
2.57000000 -0.01081198
2.58000000 -0.01154902
2.59000000 -0.01228504
2.60000000 -0.01301994
2.61000000 -0.01375362
2.62000000 -0.01448599
2.63000000 -0.01521697
2.64000000 -0.01594647
2.65000000 -0.01667442
2.66000000 -0.01740076
2.67000000 -0.01812542
2.68000000 -0.01884836
2.69000000 -0.01956951
2.70000000 -0.02028883
2.71000000 -0.02100629
2.72000000 -0.02172184
2.73000000 -0.02243545
2.74000000 -0.02314710
2.75000000 -0.02385677
2.76000000 -0.02456443
2.77000000 -0.02527008
2.78000000 -0.02597370
2.79000000 -0.02667528
2.80000000 -0.02737484
2.81000000 -0.02807236
2.82000000 -0.02876785
2.83000000 -0.02946133
2.84000000 -0.03015280
2.85000000 -0.03084229
2.86000000 -0.03152981
2.87000000 -0.03221538
2.88000000 -0.03289903
2.89000000 -0.03358080
2.90000000 -0.03426070
2.91000000 -0.03493878
2.92000000 -0.03561508
2.93000000 -0.03628963
2.94000000 -0.03696248
2.95000000 -0.03763367
2.96000000 -0.03830326
2.97000000 -0.03897129
2.98000000 -0.03963781
2.99000000 -0.04030289
3.00000000 -0.04096657
3.01000000 -0.04162892
3.02000000 -0.04228999
3.03000000 -0.04294986
3.04000000 -0.04360857
3.05000000 -0.04426621
3.06000000 -0.04492284
3.07000000 -0.04557852
3.08000000 -0.04623332
3.09000000 -0.04688733
3.10000000 -0.04754060
3.11000000 -0.04819321
3.12000000 -0.04884524
3.13000000 -0.04949676
3.14000000 -0.05014785
3.15000000 -0.05079858
3.16000000 -0.05144903
3.17000000 -0.05209927
3.18000000 -0.05274938
3.19000000 -0.05339944
3.20000000 -0.05404953
3.21000000 -0.05469973
3.22000000 -0.05535010
3.23000000 -0.05600073
3.24000000 -0.05665169
3.25000000 -0.05730307
3.26000000 -0.05795493
3.27000000 -0.05860735
3.28000000 -0.05926040
3.29000000 -0.05991416
3.30000000 -0.06056870
3.31000000 -0.06122410
3.32000000 -0.06188042
3.33000000 -0.06253774
3.34000000 -0.06319611
3.35000000 -0.06385563
3.36000000 -0.06451634
3.37000000 -0.06517831
3.38000000 -0.06584161
3.39000000 -0.06650631
3.40000000 -0.06717246
3.41000000 -0.06784012
3.42000000 -0.06850936
3.43000000 -0.06918023
3.44000000 -0.06985279
3.45000000 -0.07052709
3.46000000 -0.07120319
3.47000000 -0.07188114
3.48000000 -0.07256099
3.49000000 -0.07324278
3.50000000 -0.07392657
3.51000000 -0.07461240
3.52000000 -0.07530032
3.53000000 -0.07599036
3.54000000 -0.07668257
3.55000000 -0.07737698
3.56000000 -0.07807364
3.57000000 -0.07877258
3.58000000 -0.07947384
3.59000000 -0.08017744
3.60000000 -0.08088342
3.61000000 -0.08159180
3.62000000 -0.08230262
3.63000000 -0.08301590
3.64000000 -0.08373165
3.65000000 -0.08444992
3.66000000 -0.08517070
3.67000000 -0.08589403
3.68000000 -0.08661992
3.69000000 -0.08734838
3.70000000 -0.08807942
3.71000000 -0.08881306
3.72000000 -0.08954930
3.73000000 -0.09028815
3.74000000 -0.09102962
3.75000000 -0.09177370
3.76000000 -0.09252040
3.77000000 -0.09326972
3.78000000 -0.09402164
3.79000000 -0.09477617
3.80000000 -0.09553329
3.81000000 -0.09629300
3.82000000 -0.09705528
3.83000000 -0.09782012
3.84000000 -0.09858749
3.85000000 -0.09935738
3.86000000 -0.10012976
3.87000000 -0.10090461
3.88000000 -0.10168190
3.89000000 -0.10246159
3.90000000 -0.10324366
3.91000000 -0.10402807
3.92000000 -0.10481477
3.93000000 -0.10560373
3.94000000 -0.10639491
3.95000000 -0.10718824
3.96000000 -0.10798369
3.97000000 -0.10878121
3.98000000 -0.10958072
3.99000000 -0.11038218
4.00000000 -0.11118552
4.01000000 -0.11199068
4.02000000 -0.11279759
4.03000000 -0.11360618
4.04000000 -0.11441638
4.05000000 -0.11522810
4.06000000 -0.11604127
4.07000000 -0.11685581
4.08000000 -0.11767163
4.09000000 -0.11848865
4.10000000 -0.11930676
4.11000000 -0.12012589
4.12000000 -0.12094593
4.13000000 -0.12176678
4.14000000 -0.12258835
4.15000000 -0.12341052
4.16000000 -0.12423320
4.17000000 -0.12505628
4.18000000 -0.12587963
4.19000000 -0.12670316
4.20000000 -0.12752675
4.21000000 -0.12835027
4.22000000 -0.12917361
4.23000000 -0.12999666
4.24000000 -0.13081928
4.25000000 -0.13164135
4.26000000 -0.13246275
4.27000000 -0.13328335
4.28000000 -0.13410303
4.29000000 -0.13492165
4.30000000 -0.13573909
4.31000000 -0.13655521
4.32000000 -0.13736988
4.33000000 -0.13818298
4.34000000 -0.13899436
4.35000000 -0.13980390
4.36000000 -0.14061147
4.37000000 -0.14141692
4.38000000 -0.14222014
4.39000000 -0.14302098
4.40000000 -0.14381932
4.41000000 -0.14461502
4.42000000 -0.14540795
4.43000000 -0.14619799
4.44000000 -0.14698500
4.45000000 -0.14776886
4.46000000 -0.14854944
4.47000000 -0.14932662
4.48000000 -0.15010026
4.49000000 -0.15087026
4.50000000 -0.15163649
4.51000000 -0.15239882
4.52000000 -0.15315715
4.53000000 -0.15391136
4.54000000 -0.15466133
4.55000000 -0.15540696
4.56000000 -0.15614814
4.57000000 -0.15688476
4.58000000 -0.15761672
4.59000000 -0.15834392
4.60000000 -0.15906626
4.61000000 -0.15978364
4.62000000 -0.16049598
4.63000000 -0.16120318
4.64000000 -0.16190516
4.65000000 -0.16260184
4.66000000 -0.16329313
4.67000000 -0.16397896
4.68000000 -0.16465925
4.69000000 -0.16533393
4.70000000 -0.16600294
4.71000000 -0.16666622
4.72000000 -0.16732369
4.73000000 -0.16797531
4.74000000 -0.16862103
4.75000000 -0.16926078
4.76000000 -0.16989453
4.77000000 -0.17052223
4.78000000 -0.17114385
4.79000000 -0.17175934
4.80000000 -0.17236868
4.81000000 -0.17297184
4.82000000 -0.17356879
4.83000000 -0.17415952
4.84000000 -0.17474400
4.85000000 -0.17532222
4.86000000 -0.17589417
4.87000000 -0.17645986
4.88000000 -0.17701926
4.89000000 -0.17757240
4.90000000 -0.17811926
4.91000000 -0.17865987
4.92000000 -0.17919424
4.93000000 -0.17972237
4.94000000 -0.18024430
4.95000000 -0.18076005
4.96000000 -0.18126964
4.97000000 -0.18177311
4.98000000 -0.18227049
4.99000000 -0.18276182
5.00000000 -0.18324716
5.01000000 -0.18372653
5.02000000 -0.18420000
5.03000000 -0.18466762
5.04000000 -0.18512944
5.05000000 -0.18558553
5.06000000 -0.18603596
5.07000000 -0.18648079
5.08000000 -0.18692009
5.09000000 -0.18735395
5.10000000 -0.18778243
5.11000000 -0.18820563
5.12000000 -0.18862363
5.13000000 -0.18903652
5.14000000 -0.18944440
5.15000000 -0.18984735
5.16000000 -0.19024548
5.17000000 -0.19063889
5.18000000 -0.19102769
5.19000000 -0.19141198
5.20000000 -0.19179189
5.21000000 -0.19216751
5.22000000 -0.19253897
5.23000000 -0.19290639
5.24000000 -0.19326990
5.25000000 -0.19362961
5.26000000 -0.19398566
5.27000000 -0.19433817
5.28000000 -0.19468727
5.29000000 -0.19503311
5.30000000 -0.19537582
5.31000000 -0.19571553
5.32000000 -0.19605239
5.33000000 -0.19638653
5.34000000 -0.19671811
5.35000000 -0.19704726
5.36000000 -0.19737413
5.37000000 -0.19769888
5.38000000 -0.19802164
5.39000000 -0.19834257
5.40000000 -0.19866181
5.41000000 -0.19897952
5.42000000 -0.19929586
5.43000000 -0.19961096
5.44000000 -0.19992499
5.45000000 -0.20023809
5.46000000 -0.20055041
5.47000000 -0.20086212
5.48000000 -0.20117335
5.49000000 -0.20148427
5.50000000 -0.20179502
5.51000000 -0.20210574
5.52000000 -0.20241660
5.53000000 -0.20272773
5.54000000 -0.20303929
5.55000000 -0.20335141
5.56000000 -0.20366425
5.57000000 -0.20397794
5.58000000 -0.20429262
5.59000000 -0.20460843
5.60000000 -0.20492552
5.61000000 -0.20524400
5.62000000 -0.20556402
5.63000000 -0.20588570
5.64000000 -0.20620918
5.65000000 -0.20653456
5.66000000 -0.20686199
5.67000000 -0.20719157
5.68000000 -0.20752343
5.69000000 -0.20785767
5.70000000 -0.20819440
5.71000000 -0.20853374
5.72000000 -0.20887578
5.73000000 -0.20922063
5.74000000 -0.20956838
5.75000000 -0.20991913
5.76000000 -0.21027297
5.77000000 -0.21062997
5.78000000 -0.21099024
5.79000000 -0.21135383
5.80000000 -0.21172084
5.81000000 -0.21209132
5.82000000 -0.21246536
5.83000000 -0.21284300
5.84000000 -0.21322432
5.85000000 -0.21360937
5.86000000 -0.21399819
5.87000000 -0.21439085
5.88000000 -0.21478738
5.89000000 -0.21518782
5.90000000 -0.21559221
5.91000000 -0.21600058
5.92000000 -0.21641297
5.93000000 -0.21682939
5.94000000 -0.21724987
5.95000000 -0.21767442
5.96000000 -0.21810307
5.97000000 -0.21853580
5.98000000 -0.21897264
5.99000000 -0.21941359
6.00000000 -0.21985864
6.01000000 -0.22030779
6.02000000 -0.22076102
6.03000000 -0.22121833
6.04000000 -0.22167970
6.05000000 -0.22214511
6.06000000 -0.22261453
6.07000000 -0.22308795
6.08000000 -0.22356532
6.09000000 -0.22404662
6.10000000 -0.22453180
6.11000000 -0.22502084
6.12000000 -0.22551367
6.13000000 -0.22601027
6.14000000 -0.22651057
6.15000000 -0.22701453
6.16000000 -0.22752208
6.17000000 -0.22803318
6.18000000 -0.22854775
6.19000000 -0.22906574
6.20000000 -0.22958708
6.21000000 -0.23011169
6.22000000 -0.23063950
6.23000000 -0.23117044
6.24000000 -0.23170443
6.25000000 -0.23224139
6.26000000 -0.23278123
6.27000000 -0.23332387
6.28000000 -0.23386923
6.29000000 -0.23441720
6.30000000 -0.23496771
6.31000000 -0.23552064
6.32000000 -0.23607592
6.33000000 -0.23663343
6.34000000 -0.23719309
6.35000000 -0.23775477
6.36000000 -0.23831839
6.37000000 -0.23888383
6.38000000 -0.23945099
6.39000000 -0.24001976
6.40000000 -0.24059002
6.41000000 -0.24116166
6.42000000 -0.24173458
6.43000000 -0.24230864
6.44000000 -0.24288375
6.45000000 -0.24345977
6.46000000 -0.24403660
6.47000000 -0.24461411
6.48000000 -0.24519218
6.49000000 -0.24577068
6.50000000 -0.24634951
6.51000000 -0.24692853
6.52000000 -0.24750762
6.53000000 -0.24808666
6.54000000 -0.24866553
6.55000000 -0.24924409
6.56000000 -0.24982223
6.57000000 -0.25039982
6.58000000 -0.25097674
6.59000000 -0.25155287
6.60000000 -0.25212807
6.61000000 -0.25270223
6.62000000 -0.25327523
6.63000000 -0.25384694
6.64000000 -0.25441724
6.65000000 -0.25498601
6.66000000 -0.25555312
6.67000000 -0.25611847
6.68000000 -0.25668194
6.69000000 -0.25724340
6.70000000 -0.25780275
6.71000000 -0.25835986
6.72000000 -0.25891463
6.73000000 -0.25946695
6.74000000 -0.26001671
6.75000000 -0.26056380
6.76000000 -0.26110811
6.77000000 -0.26164955
6.78000000 -0.26218801
6.79000000 -0.26272340
6.80000000 -0.26325561
6.81000000 -0.26378456
6.82000000 -0.26431015
6.83000000 -0.26483229
6.84000000 -0.26535090
6.85000000 -0.26586589
6.86000000 -0.26637718
6.87000000 -0.26688470
6.88000000 -0.26738836
6.89000000 -0.26788810
6.90000000 -0.26838385
6.91000000 -0.26887553
6.92000000 -0.26936308
6.93000000 -0.26984645
6.94000000 -0.27032558
6.95000000 -0.27080041
6.96000000 -0.27127088
6.97000000 -0.27173696
6.98000000 -0.27219860
6.99000000 -0.27265575
7.00000000 -0.27310838
7.01000000 -0.27355645
7.02000000 -0.27399993
7.03000000 -0.27443880
7.04000000 -0.27487301
7.05000000 -0.27530257
7.06000000 -0.27572743
7.07000000 -0.27614760
7.08000000 -0.27656305
7.09000000 -0.27697378
7.10000000 -0.27737978
7.11000000 -0.27778105
7.12000000 -0.27817759
7.13000000 -0.27856940
7.14000000 -0.27895650
7.15000000 -0.27933888
7.16000000 -0.27971656
7.17000000 -0.28008956
7.18000000 -0.28045790
7.19000000 -0.28082160
7.20000000 -0.28118068
7.21000000 -0.28153517
7.22000000 -0.28188510
7.23000000 -0.28223051
7.24000000 -0.28257143
7.25000000 -0.28290790
7.26000000 -0.28323996
7.27000000 -0.28356765
7.28000000 -0.28389103
7.29000000 -0.28421014
7.30000000 -0.28452503
7.31000000 -0.28483576
7.32000000 -0.28514238
7.33000000 -0.28544496
7.34000000 -0.28574355
7.35000000 -0.28603822
7.36000000 -0.28632903
7.37000000 -0.28661605
7.38000000 -0.28689935
7.39000000 -0.28717901
7.40000000 -0.28745510
7.41000000 -0.28772768
7.42000000 -0.28799685
7.43000000 -0.28826269
7.44000000 -0.28852526
7.45000000 -0.28878466
7.46000000 -0.28904098
7.47000000 -0.28929429
7.48000000 -0.28954469
7.49000000 -0.28979226
7.50000000 -0.29003710
7.51000000 -0.29027931
7.52000000 -0.29051896
7.53000000 -0.29075617
7.54000000 -0.29099103
7.55000000 -0.29122362
7.56000000 -0.29145407
7.57000000 -0.29168245
7.58000000 -0.29190888
7.59000000 -0.29213346
7.60000000 -0.29235628
7.61000000 -0.29257746
7.62000000 -0.29279709
7.63000000 -0.29301529
7.64000000 -0.29323215
7.65000000 -0.29344778
7.66000000 -0.29366229
7.67000000 -0.29387579
7.68000000 -0.29408838
7.69000000 -0.29430016
7.70000000 -0.29451126
7.71000000 -0.29472176
7.72000000 -0.29493179
7.73000000 -0.29514145
7.74000000 -0.29535083
7.75000000 -0.29556006
7.76000000 -0.29576923
7.77000000 -0.29597845
7.78000000 -0.29618783
7.79000000 -0.29639747
7.80000000 -0.29660747
7.81000000 -0.29681794
7.82000000 -0.29702898
7.83000000 -0.29724068
7.84000000 -0.29745315
7.85000000 -0.29766648
7.86000000 -0.29788077
7.87000000 -0.29809612
7.88000000 -0.29831262
7.89000000 -0.29853037
7.90000000 -0.29874944
7.91000000 -0.29896994
7.92000000 -0.29919195
7.93000000 -0.29941555
7.94000000 -0.29964083
7.95000000 -0.29986787
7.96000000 -0.30009675
7.97000000 -0.30032754
7.98000000 -0.30056032
7.99000000 -0.30079516
8.00000000 -0.30103213
8.01000000 -0.30127129
8.02000000 -0.30151272
8.03000000 -0.30175647
8.04000000 -0.30200261
8.05000000 -0.30225119
8.06000000 -0.30250226
8.07000000 -0.30275587
8.08000000 -0.30301208
8.09000000 -0.30327093
8.10000000 -0.30353246
8.11000000 -0.30379671
8.12000000 -0.30406372
8.13000000 -0.30433352
8.14000000 -0.30460614
8.15000000 -0.30488161
8.16000000 -0.30515995
8.17000000 -0.30544119
8.18000000 -0.30572535
8.19000000 -0.30601243
8.20000000 -0.30630246
8.21000000 -0.30659544
8.22000000 -0.30689138
8.23000000 -0.30719028
8.24000000 -0.30749214
8.25000000 -0.30779697
8.26000000 -0.30810474
8.27000000 -0.30841547
8.28000000 -0.30872913
8.29000000 -0.30904571
8.30000000 -0.30936520
8.31000000 -0.30968758
8.32000000 -0.31001281
8.33000000 -0.31034089
8.34000000 -0.31067178
8.35000000 -0.31100544
8.36000000 -0.31134186
8.37000000 -0.31168099
8.38000000 -0.31202280
8.39000000 -0.31236724
8.40000000 -0.31271428
8.41000000 -0.31306386
8.42000000 -0.31341595
8.43000000 -0.31377050
8.44000000 -0.31412745
8.45000000 -0.31448674
8.46000000 -0.31484834
8.47000000 -0.31521217
8.48000000 -0.31557819
8.49000000 -0.31594632
8.50000000 -0.31631651
8.51000000 -0.31668870
8.52000000 -0.31706282
8.53000000 -0.31743880
8.54000000 -0.31781658
8.55000000 -0.31819608
8.56000000 -0.31857724
8.57000000 -0.31895997
8.58000000 -0.31934422
8.59000000 -0.31972990
8.60000000 -0.32011694
8.61000000 -0.32050526
8.62000000 -0.32089479
8.63000000 -0.32128544
8.64000000 -0.32167714
8.65000000 -0.32206980
8.66000000 -0.32246336
8.67000000 -0.32285771
8.68000000 -0.32325279
8.69000000 -0.32364851
8.70000000 -0.32404478
8.71000000 -0.32444153
8.72000000 -0.32483866
8.73000000 -0.32523610
8.74000000 -0.32563376
8.75000000 -0.32603156
8.76000000 -0.32642941
8.77000000 -0.32682722
8.78000000 -0.32722492
8.79000000 -0.32762241
8.80000000 -0.32801961
8.81000000 -0.32841644
8.82000000 -0.32881281
8.83000000 -0.32920864
8.84000000 -0.32960384
8.85000000 -0.32999833
8.86000000 -0.33039203
8.87000000 -0.33078486
8.88000000 -0.33117673
8.89000000 -0.33156756
8.90000000 -0.33195728
8.91000000 -0.33234579
8.92000000 -0.33273303
8.93000000 -0.33311891
8.94000000 -0.33350336
8.95000000 -0.33388630
8.96000000 -0.33426765
8.97000000 -0.33464735
8.98000000 -0.33502531
8.99000000 -0.33540147
9.00000000 -0.33577575
9.01000000 -0.33614809
9.02000000 -0.33651842
9.03000000 -0.33688667
9.04000000 -0.33725278
9.05000000 -0.33761668
9.06000000 -0.33797831
9.07000000 -0.33833761
9.08000000 -0.33869453
9.09000000 -0.33904901
9.10000000 -0.33940098
9.11000000 -0.33975041
9.12000000 -0.34009723
9.13000000 -0.34044140
9.14000000 -0.34078287
9.15000000 -0.34112160
9.16000000 -0.34145754
9.17000000 -0.34179066
9.18000000 -0.34212091
9.19000000 -0.34244826
9.20000000 -0.34277267
9.21000000 -0.34309411
9.22000000 -0.34341255
9.23000000 -0.34372796
9.24000000 -0.34404032
9.25000000 -0.34434961
9.26000000 -0.34465580
9.27000000 -0.34495888
9.28000000 -0.34525883
9.29000000 -0.34555563
9.30000000 -0.34584928
9.31000000 -0.34613976
9.32000000 -0.34642708
9.33000000 -0.34671122
9.34000000 -0.34699218
9.35000000 -0.34726996
9.36000000 -0.34754458
9.37000000 -0.34781602
9.38000000 -0.34808430
9.39000000 -0.34834943
9.40000000 -0.34861142
9.41000000 -0.34887029
9.42000000 -0.34912604
9.43000000 -0.34937870
9.44000000 -0.34962829
9.45000000 -0.34987484
9.46000000 -0.35011836
9.47000000 -0.35035888
9.48000000 -0.35059643
9.49000000 -0.35083105
9.50000000 -0.35106275
9.51000000 -0.35129159
9.52000000 -0.35151759
9.53000000 -0.35174079
9.54000000 -0.35196123
9.55000000 -0.35217895
9.56000000 -0.35239400
9.57000000 -0.35260642
9.58000000 -0.35281624
9.59000000 -0.35302353
9.60000000 -0.35322833
9.61000000 -0.35343069
9.62000000 -0.35363065
9.63000000 -0.35382828
9.64000000 -0.35402362
9.65000000 -0.35421673
9.66000000 -0.35440766
9.67000000 -0.35459647
9.68000000 -0.35478323
9.69000000 -0.35496797
9.70000000 -0.35515078
9.71000000 -0.35533169
9.72000000 -0.35551079
9.73000000 -0.35568812
9.74000000 -0.35586374
9.75000000 -0.35603773
9.76000000 -0.35621015
9.77000000 -0.35638105
9.78000000 -0.35655050
9.79000000 -0.35671857
9.80000000 -0.35688531
9.81000000 -0.35705081
9.82000000 -0.35721511
9.83000000 -0.35737829
9.84000000 -0.35754042
9.85000000 -0.35770155
9.86000000 -0.35786176
9.87000000 -0.35802110
9.88000000 -0.35817965
9.89000000 -0.35833748
9.90000000 -0.35849464
9.91000000 -0.35865121
9.92000000 -0.35880725
9.93000000 -0.35896282
9.94000000 -0.35911800
9.95000000 -0.35927285
9.96000000 -0.35942742
9.97000000 -0.35958179
9.98000000 -0.35973603
9.99000000 -0.35989019
10.00000000 -0.36004434
10.01000000 -0.36019854
10.02000000 -0.36035285
10.03000000 -0.36050734
10.04000000 -0.36066208
10.05000000 -0.36081711
10.06000000 -0.36097250
10.07000000 -0.36112831
10.08000000 -0.36128460
10.09000000 -0.36144143
10.10000000 -0.36159885
10.11000000 -0.36175693
10.12000000 -0.36191571
10.13000000 -0.36207526
10.14000000 -0.36223562
10.15000000 -0.36239685
10.16000000 -0.36255901
10.17000000 -0.36272213
10.18000000 -0.36288628
10.19000000 -0.36305151
10.20000000 -0.36321785
10.21000000 -0.36338536
10.22000000 -0.36355407
10.23000000 -0.36372405
10.24000000 -0.36389532
10.25000000 -0.36406793
10.26000000 -0.36424192
10.27000000 -0.36441733
10.28000000 -0.36459419
10.29000000 -0.36477254
10.30000000 -0.36495242
10.31000000 -0.36513385
10.32000000 -0.36531686
10.33000000 -0.36550150
10.34000000 -0.36568777
10.35000000 -0.36587572
10.36000000 -0.36606536
10.37000000 -0.36625671
10.38000000 -0.36644980
10.39000000 -0.36664464
10.40000000 -0.36684126
10.41000000 -0.36703966
10.42000000 -0.36723986
10.43000000 -0.36744187
10.44000000 -0.36764570
10.45000000 -0.36785136
10.46000000 -0.36805886
10.47000000 -0.36826819
10.48000000 -0.36847936
10.49000000 -0.36869237
10.50000000 -0.36890722
10.51000000 -0.36912390
10.52000000 -0.36934240
10.53000000 -0.36956273
10.54000000 -0.36978487
10.55000000 -0.37000881
10.56000000 -0.37023454
10.57000000 -0.37046204
10.58000000 -0.37069129
10.59000000 -0.37092228
10.60000000 -0.37115498
10.61000000 -0.37138938
10.62000000 -0.37162545
10.63000000 -0.37186317
10.64000000 -0.37210250
10.65000000 -0.37234343
10.66000000 -0.37258591
10.67000000 -0.37282992
10.68000000 -0.37307542
10.69000000 -0.37332239
10.70000000 -0.37357078
10.71000000 -0.37382056
10.72000000 -0.37407168
10.73000000 -0.37432412
10.74000000 -0.37457782
10.75000000 -0.37483275
10.76000000 -0.37508886
10.77000000 -0.37534611
10.78000000 -0.37560445
10.79000000 -0.37586384
10.80000000 -0.37612422
10.81000000 -0.37638556
10.82000000 -0.37664780
10.83000000 -0.37691089
10.84000000 -0.37717479
10.85000000 -0.37743944
10.86000000 -0.37770478
10.87000000 -0.37797078
10.88000000 -0.37823737
10.89000000 -0.37850450
10.90000000 -0.37877213
10.91000000 -0.37904018
10.92000000 -0.37930862
10.93000000 -0.37957739
10.94000000 -0.37984643
10.95000000 -0.38011569
10.96000000 -0.38038511
10.97000000 -0.38065464
10.98000000 -0.38092422
10.99000000 -0.38119380
11.00000000 -0.38146333
11.01000000 -0.38173275
11.02000000 -0.38200200
11.03000000 -0.38227104
11.04000000 -0.38253980
11.05000000 -0.38280823
11.06000000 -0.38307629
11.07000000 -0.38334391
11.08000000 -0.38361105
11.09000000 -0.38387765
11.10000000 -0.38414365
11.11000000 -0.38440902
11.12000000 -0.38467369
11.13000000 -0.38493762
11.14000000 -0.38520076
11.15000000 -0.38546305
11.16000000 -0.38572446
11.17000000 -0.38598492
11.18000000 -0.38624440
11.19000000 -0.38650284
11.20000000 -0.38676020
11.21000000 -0.38701644
11.22000000 -0.38727151
11.23000000 -0.38752537
11.24000000 -0.38777797
11.25000000 -0.38802927
11.26000000 -0.38827924
11.27000000 -0.38852782
11.28000000 -0.38877499
11.29000000 -0.38902070
11.30000000 -0.38926492
11.31000000 -0.38950760
11.32000000 -0.38974872
11.33000000 -0.38998824
11.34000000 -0.39022613
11.35000000 -0.39046236
11.36000000 -0.39069688
11.37000000 -0.39092969
11.38000000 -0.39116073
11.39000000 -0.39139000
11.40000000 -0.39161746
11.41000000 -0.39184309
11.42000000 -0.39206686
11.43000000 -0.39228875
11.44000000 -0.39250874
11.45000000 -0.39272681
11.46000000 -0.39294294
11.47000000 -0.39315712
11.48000000 -0.39336933
11.49000000 -0.39357956
11.50000000 -0.39378778
11.51000000 -0.39399400
11.52000000 -0.39419820
11.53000000 -0.39440037
11.54000000 -0.39460051
11.55000000 -0.39479860
11.56000000 -0.39499465
11.57000000 -0.39518866
11.58000000 -0.39538061
11.59000000 -0.39557052
11.60000000 -0.39575838
11.61000000 -0.39594420
11.62000000 -0.39612798
11.63000000 -0.39630972
11.64000000 -0.39648945
11.65000000 -0.39666716
11.66000000 -0.39684286
11.67000000 -0.39701657
11.68000000 -0.39718831
11.69000000 -0.39735808
11.70000000 -0.39752590
11.71000000 -0.39769179
11.72000000 -0.39785578
11.73000000 -0.39801787
11.74000000 -0.39817810
11.75000000 -0.39833648
11.76000000 -0.39849304
11.77000000 -0.39864781
11.78000000 -0.39880081
11.79000000 -0.39895207
11.80000000 -0.39910161
11.81000000 -0.39924948
11.82000000 -0.39939570
11.83000000 -0.39954031
11.84000000 -0.39968333
11.85000000 -0.39982480
11.86000000 -0.39996476
11.87000000 -0.40010324
11.88000000 -0.40024028
11.89000000 -0.40037592
11.90000000 -0.40051020
11.91000000 -0.40064315
11.92000000 -0.40077482
11.93000000 -0.40090524
11.94000000 -0.40103446
11.95000000 -0.40116251
11.96000000 -0.40128945
11.97000000 -0.40141531
11.98000000 -0.40154013
11.99000000 -0.40166397
12.00000000 -0.40178685
12.01000000 -0.40190883
12.02000000 -0.40202995
12.03000000 -0.40215025
12.04000000 -0.40226978
12.05000000 -0.40238858
12.06000000 -0.40250669
12.07000000 -0.40262417
12.08000000 -0.40274104
12.09000000 -0.40285737
12.10000000 -0.40297318
12.11000000 -0.40308853
12.12000000 -0.40320346
12.13000000 -0.40331800
12.14000000 -0.40343221
12.15000000 -0.40354613
12.16000000 -0.40365979
12.17000000 -0.40377324
12.18000000 -0.40388653
12.19000000 -0.40399968
12.20000000 -0.40411275
12.21000000 -0.40422577
12.22000000 -0.40433878
12.23000000 -0.40445183
12.24000000 -0.40456494
12.25000000 -0.40467816
12.26000000 -0.40479152
12.27000000 -0.40490507
12.28000000 -0.40501883
12.29000000 -0.40513285
12.30000000 -0.40524715
12.31000000 -0.40536177
12.32000000 -0.40547675
12.33000000 -0.40559212
12.34000000 -0.40570790
12.35000000 -0.40582414
12.36000000 -0.40594086
12.37000000 -0.40605809
12.38000000 -0.40617587
12.39000000 -0.40629421
12.40000000 -0.40641315
12.41000000 -0.40653272
12.42000000 -0.40665293
12.43000000 -0.40677382
12.44000000 -0.40689542
12.45000000 -0.40701774
12.46000000 -0.40714080
12.47000000 -0.40726464
12.48000000 -0.40738927
12.49000000 -0.40751472
12.50000000 -0.40764099
12.51000000 -0.40776812
12.52000000 -0.40789612
12.53000000 -0.40802501
12.54000000 -0.40815480
12.55000000 -0.40828551
12.56000000 -0.40841716
12.57000000 -0.40854976
12.58000000 -0.40868332
12.59000000 -0.40881786
12.60000000 -0.40895338
12.61000000 -0.40908990
12.62000000 -0.40922742
12.63000000 -0.40936596
12.64000000 -0.40950553
12.65000000 -0.40964612
12.66000000 -0.40978775
12.67000000 -0.40993043
12.68000000 -0.41007414
12.69000000 -0.41021891
12.70000000 -0.41036472
12.71000000 -0.41051159
12.72000000 -0.41065950
12.73000000 -0.41080847
12.74000000 -0.41095848
12.75000000 -0.41110955
12.76000000 -0.41126165
12.77000000 -0.41141479
12.78000000 -0.41156896
12.79000000 -0.41172416
12.80000000 -0.41188037
12.81000000 -0.41203759
12.82000000 -0.41219580
12.83000000 -0.41235501
12.84000000 -0.41251518
12.85000000 -0.41267632
12.86000000 -0.41283841
12.87000000 -0.41300143
12.88000000 -0.41316537
12.89000000 -0.41333021
12.90000000 -0.41349594
12.91000000 -0.41366252
12.92000000 -0.41382996
12.93000000 -0.41399822
12.94000000 -0.41416728
12.95000000 -0.41433712
12.96000000 -0.41450772
12.97000000 -0.41467906
12.98000000 -0.41485111
12.99000000 -0.41502384
13.00000000 -0.41519723
13.01000000 -0.41537125
13.02000000 -0.41554588
13.03000000 -0.41572108
13.04000000 -0.41589684
13.05000000 -0.41607311
13.06000000 -0.41624987
13.07000000 -0.41642709
13.08000000 -0.41660473
13.09000000 -0.41678278
13.10000000 -0.41696118
13.11000000 -0.41713992
13.12000000 -0.41731896
13.13000000 -0.41749827
13.14000000 -0.41767780
13.15000000 -0.41785754
13.16000000 -0.41803745
13.17000000 -0.41821749
13.18000000 -0.41839762
13.19000000 -0.41857783
13.20000000 -0.41875806
13.21000000 -0.41893829
13.22000000 -0.41911848
13.23000000 -0.41929859
13.24000000 -0.41947861
13.25000000 -0.41965848
13.26000000 -0.41983818
13.27000000 -0.42001767
13.28000000 -0.42019691
13.29000000 -0.42037589
13.30000000 -0.42055456
13.31000000 -0.42073288
13.32000000 -0.42091083
13.33000000 -0.42108838
13.34000000 -0.42126549
13.35000000 -0.42144214
13.36000000 -0.42161828
13.37000000 -0.42179389
13.38000000 -0.42196895
13.39000000 -0.42214341
13.40000000 -0.42231726
13.41000000 -0.42249046
13.42000000 -0.42266298
13.43000000 -0.42283480
13.44000000 -0.42300589
13.45000000 -0.42317623
13.46000000 -0.42334578
13.47000000 -0.42351452
13.48000000 -0.42368244
13.49000000 -0.42384949
13.50000000 -0.42401567
13.51000000 -0.42418094
13.52000000 -0.42434529
13.53000000 -0.42450869
13.54000000 -0.42467113
13.55000000 -0.42483258
13.56000000 -0.42499302
13.57000000 -0.42515244
13.58000000 -0.42531081
13.59000000 -0.42546812
13.60000000 -0.42562435
13.61000000 -0.42577949
13.62000000 -0.42593352
13.63000000 -0.42608643
13.64000000 -0.42623820
13.65000000 -0.42638882
13.66000000 -0.42653827
13.67000000 -0.42668655
13.68000000 -0.42683364
13.69000000 -0.42697954
13.70000000 -0.42712422
13.71000000 -0.42726770
13.72000000 -0.42740995
13.73000000 -0.42755097
13.74000000 -0.42769075
13.75000000 -0.42782929
13.76000000 -0.42796658
13.77000000 -0.42810261
13.78000000 -0.42823739
13.79000000 -0.42837092
13.80000000 -0.42850318
13.81000000 -0.42863417
13.82000000 -0.42876391
13.83000000 -0.42889238
13.84000000 -0.42901959
13.85000000 -0.42914554
13.86000000 -0.42927023
13.87000000 -0.42939367
13.88000000 -0.42951585
13.89000000 -0.42963680
13.90000000 -0.42975650
13.91000000 -0.42987497
13.92000000 -0.42999222
13.93000000 -0.43010825
13.94000000 -0.43022307
13.95000000 -0.43033670
13.96000000 -0.43044914
13.97000000 -0.43056040
13.98000000 -0.43067050
13.99000000 -0.43077945
14.00000000 -0.43088726
14.01000000 -0.43099395
14.02000000 -0.43109953
14.03000000 -0.43120402
14.04000000 -0.43130744
14.05000000 -0.43140980
14.06000000 -0.43151113
14.07000000 -0.43161143
14.08000000 -0.43171073
14.09000000 -0.43180906
14.10000000 -0.43190643
14.11000000 -0.43200286
14.12000000 -0.43209838
14.13000000 -0.43219300
14.14000000 -0.43228676
14.15000000 -0.43237968
14.16000000 -0.43247177
14.17000000 -0.43256307
14.18000000 -0.43265361
14.19000000 -0.43274340
14.20000000 -0.43283247
14.21000000 -0.43292086
14.22000000 -0.43300858
14.23000000 -0.43309567
14.24000000 -0.43318216
14.25000000 -0.43326806
14.26000000 -0.43335342
14.27000000 -0.43343826
14.28000000 -0.43352260
14.29000000 -0.43360648
14.30000000 -0.43368993
14.31000000 -0.43377297
14.32000000 -0.43385563
14.33000000 -0.43393795
14.34000000 -0.43401996
14.35000000 -0.43410167
14.36000000 -0.43418313
14.37000000 -0.43426436
14.38000000 -0.43434538
14.39000000 -0.43442623
14.40000000 -0.43450694
14.41000000 -0.43458754
14.42000000 -0.43466804
14.43000000 -0.43474849
14.44000000 -0.43482890
14.45000000 -0.43490930
14.46000000 -0.43498973
14.47000000 -0.43507020
14.48000000 -0.43515075
14.49000000 -0.43523139
14.50000000 -0.43531215
14.51000000 -0.43539306
14.52000000 -0.43547414
14.53000000 -0.43555542
14.54000000 -0.43563690
14.55000000 -0.43571863
14.56000000 -0.43580061
14.57000000 -0.43588288
14.58000000 -0.43596544
14.59000000 -0.43604833
14.60000000 -0.43613155
14.61000000 -0.43621513
14.62000000 -0.43629908
14.63000000 -0.43638342
14.64000000 -0.43646817
14.65000000 -0.43655334
14.66000000 -0.43663895
14.67000000 -0.43672501
14.68000000 -0.43681154
14.69000000 -0.43689855
14.70000000 -0.43698604
14.71000000 -0.43707404
14.72000000 -0.43716256
14.73000000 -0.43725159
14.74000000 -0.43734116
14.75000000 -0.43743127
14.76000000 -0.43752193
14.77000000 -0.43761315
14.78000000 -0.43770493
14.79000000 -0.43779729
14.80000000 -0.43789022
14.81000000 -0.43798373
14.82000000 -0.43807783
14.83000000 -0.43817252
14.84000000 -0.43826781
14.85000000 -0.43836369
14.86000000 -0.43846018
14.87000000 -0.43855726
14.88000000 -0.43865495
14.89000000 -0.43875324
14.90000000 -0.43885213
14.91000000 -0.43895163
14.92000000 -0.43905172
14.93000000 -0.43915242
14.94000000 -0.43925372
14.95000000 -0.43935561
14.96000000 -0.43945810
14.97000000 -0.43956117
14.98000000 -0.43966483
14.99000000 -0.43976907
15.00000000 -0.43987389
15.01000000 -0.43997928
15.02000000 -0.44008523
15.03000000 -0.44019175
15.04000000 -0.44029881
15.05000000 -0.44040642
15.06000000 -0.44051457
15.07000000 -0.44062325
15.08000000 -0.44073245
15.09000000 -0.44084216
15.10000000 -0.44095237
15.11000000 -0.44106308
15.12000000 -0.44117426
15.13000000 -0.44128592
15.14000000 -0.44139805
15.15000000 -0.44151062
15.16000000 -0.44162362
15.17000000 -0.44173706
15.18000000 -0.44185090
15.19000000 -0.44196515
15.20000000 -0.44207978
15.21000000 -0.44219478
15.22000000 -0.44231014
15.23000000 -0.44242584
15.24000000 -0.44254187
15.25000000 -0.44265822
15.26000000 -0.44277485
15.27000000 -0.44289177
15.28000000 -0.44300896
15.29000000 -0.44312639
15.30000000 -0.44324405
15.31000000 -0.44336192
15.32000000 -0.44347998
15.33000000 -0.44359823
15.34000000 -0.44371663
15.35000000 -0.44383517
15.36000000 -0.44395383
15.37000000 -0.44407260
15.38000000 -0.44419144
15.39000000 -0.44431035
15.40000000 -0.44442931
15.41000000 -0.44454829
15.42000000 -0.44466727
15.43000000 -0.44478624
15.44000000 -0.44490517
15.45000000 -0.44502404
15.46000000 -0.44514284
15.47000000 -0.44526155
15.48000000 -0.44538013
15.49000000 -0.44549858
15.50000000 -0.44561688
15.51000000 -0.44573499
15.52000000 -0.44585291
15.53000000 -0.44597062
15.54000000 -0.44608808
15.55000000 -0.44620529
15.56000000 -0.44632223
15.57000000 -0.44643887
15.58000000 -0.44655519
15.59000000 -0.44667119
15.60000000 -0.44678683
15.61000000 -0.44690210
15.62000000 -0.44701698
15.63000000 -0.44713145
15.64000000 -0.44724551
15.65000000 -0.44735912
15.66000000 -0.44747228
15.67000000 -0.44758496
15.68000000 -0.44769715
15.69000000 -0.44780884
15.70000000 -0.44792001
15.71000000 -0.44803064
15.72000000 -0.44814072
15.73000000 -0.44825024
15.74000000 -0.44835919
15.75000000 -0.44846754
15.76000000 -0.44857529
15.77000000 -0.44868243
15.78000000 -0.44878895
15.79000000 -0.44889483
15.80000000 -0.44900006
15.81000000 -0.44910463
15.82000000 -0.44920854
15.83000000 -0.44931177
15.84000000 -0.44941432
15.85000000 -0.44951618
15.86000000 -0.44961734
15.87000000 -0.44971780
15.88000000 -0.44981754
15.89000000 -0.44991656
15.90000000 -0.45001486
15.91000000 -0.45011243
15.92000000 -0.45020926
15.93000000 -0.45030536
15.94000000 -0.45040072
15.95000000 -0.45049533
15.96000000 -0.45058919
15.97000000 -0.45068231
15.98000000 -0.45077467
15.99000000 -0.45086629
16.00000000 -0.45095714
16.01000000 -0.45104725
16.02000000 -0.45113660
16.03000000 -0.45122519
16.04000000 -0.45131304
16.05000000 -0.45140013
16.06000000 -0.45148647
16.07000000 -0.45157206
16.08000000 -0.45165690
16.09000000 -0.45174100
16.10000000 -0.45182436
16.11000000 -0.45190698
16.12000000 -0.45198887
16.13000000 -0.45207002
16.14000000 -0.45215045
16.15000000 -0.45223016
16.16000000 -0.45230916
16.17000000 -0.45238744
16.18000000 -0.45246502
16.19000000 -0.45254190
16.20000000 -0.45261808
16.21000000 -0.45269358
16.22000000 -0.45276840
16.23000000 -0.45284255
16.24000000 -0.45291604
16.25000000 -0.45298886
16.26000000 -0.45306105
16.27000000 -0.45313259
16.28000000 -0.45320350
16.29000000 -0.45327379
16.30000000 -0.45334347
16.31000000 -0.45341255
16.32000000 -0.45348103
16.33000000 -0.45354894
16.34000000 -0.45361627
16.35000000 -0.45368305
16.36000000 -0.45374927
16.37000000 -0.45381497
16.38000000 -0.45388013
16.39000000 -0.45394479
16.40000000 -0.45400895
16.41000000 -0.45407262
16.42000000 -0.45413582
16.43000000 -0.45419857
16.44000000 -0.45426086
16.45000000 -0.45432273
16.46000000 -0.45438418
16.47000000 -0.45444522
16.48000000 -0.45450589
16.49000000 -0.45456617
16.50000000 -0.45462611
16.51000000 -0.45468570
16.52000000 -0.45474496
16.53000000 -0.45480392
16.54000000 -0.45486259
16.55000000 -0.45492098
16.56000000 -0.45497910
16.57000000 -0.45503699
16.58000000 -0.45509465
16.59000000 -0.45515210
16.60000000 -0.45520936
16.61000000 -0.45526644
16.62000000 -0.45532337
16.63000000 -0.45538015
16.64000000 -0.45543681
16.65000000 -0.45549337
16.66000000 -0.45554984
16.67000000 -0.45560623
16.68000000 -0.45566257
16.69000000 -0.45571887
16.70000000 -0.45577515
16.71000000 -0.45583143
16.72000000 -0.45588772
16.73000000 -0.45594404
16.74000000 -0.45600041
16.75000000 -0.45605684
16.76000000 -0.45611334
16.77000000 -0.45616994
16.78000000 -0.45622665
16.79000000 -0.45628348
16.80000000 -0.45634045
16.81000000 -0.45639757
16.82000000 -0.45645486
16.83000000 -0.45651233
16.84000000 -0.45657000
16.85000000 -0.45662787
16.86000000 -0.45668596
16.87000000 -0.45674428
16.88000000 -0.45680285
16.89000000 -0.45686167
16.90000000 -0.45692075
16.91000000 -0.45698011
16.92000000 -0.45703976
16.93000000 -0.45709970
16.94000000 -0.45715994
16.95000000 -0.45722049
16.96000000 -0.45728137
16.97000000 -0.45734257
16.98000000 -0.45740410
16.99000000 -0.45746597
17.00000000 -0.45752819
17.01000000 -0.45759075
17.02000000 -0.45765367
17.03000000 -0.45771695
17.04000000 -0.45778060
17.05000000 -0.45784460
17.06000000 -0.45790898
17.07000000 -0.45797372
17.08000000 -0.45803884
17.09000000 -0.45810433
17.10000000 -0.45817019
17.11000000 -0.45823642
17.12000000 -0.45830303
17.13000000 -0.45837001
17.14000000 -0.45843736
17.15000000 -0.45850508
17.16000000 -0.45857316
17.17000000 -0.45864161
17.18000000 -0.45871042
17.19000000 -0.45877959
17.20000000 -0.45884912
17.21000000 -0.45891899
17.22000000 -0.45898921
17.23000000 -0.45905977
17.24000000 -0.45913067
17.25000000 -0.45920190
17.26000000 -0.45927345
17.27000000 -0.45934533
17.28000000 -0.45941751
17.29000000 -0.45949001
17.30000000 -0.45956280
17.31000000 -0.45963589
17.32000000 -0.45970926
17.33000000 -0.45978292
17.34000000 -0.45985684
17.35000000 -0.45993103
17.36000000 -0.46000547
17.37000000 -0.46008016
17.38000000 -0.46015509
17.39000000 -0.46023025
17.40000000 -0.46030563
17.41000000 -0.46038122
17.42000000 -0.46045702
17.43000000 -0.46053302
17.44000000 -0.46060920
17.45000000 -0.46068555
17.46000000 -0.46076208
17.47000000 -0.46083876
17.48000000 -0.46091559
17.49000000 -0.46099256
17.50000000 -0.46106965
17.51000000 -0.46114687
17.52000000 -0.46122419
17.53000000 -0.46130161
17.54000000 -0.46137912
17.55000000 -0.46145671
17.56000000 -0.46153436
17.57000000 -0.46161208
17.58000000 -0.46168983
17.59000000 -0.46176763
17.60000000 -0.46184544
17.61000000 -0.46192328
17.62000000 -0.46200111
17.63000000 -0.46207894
17.64000000 -0.46215675
17.65000000 -0.46223453
17.66000000 -0.46231226
17.67000000 -0.46238995
17.68000000 -0.46246757
17.69000000 -0.46254512
17.70000000 -0.46262258
17.71000000 -0.46269995
17.72000000 -0.46277720
17.73000000 -0.46285434
17.74000000 -0.46293135
17.75000000 -0.46300821
17.76000000 -0.46308492
17.77000000 -0.46316147
17.78000000 -0.46323784
17.79000000 -0.46331402
17.80000000 -0.46339001
17.81000000 -0.46346578
17.82000000 -0.46354134
17.83000000 -0.46361667
17.84000000 -0.46369175
17.85000000 -0.46376658
17.86000000 -0.46384115
17.87000000 -0.46391545
17.88000000 -0.46398946
17.89000000 -0.46406318
17.90000000 -0.46413659
17.91000000 -0.46420969
17.92000000 -0.46428247
17.93000000 -0.46435492
17.94000000 -0.46442702
17.95000000 -0.46449878
17.96000000 -0.46457018
17.97000000 -0.46464121
17.98000000 -0.46471186
17.99000000 -0.46478214
18.00000000 -0.46485202
18.01000000 -0.46492151
18.02000000 -0.46499059
18.03000000 -0.46505926
18.04000000 -0.46512751
18.05000000 -0.46519534
18.06000000 -0.46526275
18.07000000 -0.46532972
18.08000000 -0.46539625
18.09000000 -0.46546233
18.10000000 -0.46552797
18.11000000 -0.46559316
18.12000000 -0.46565790
18.13000000 -0.46572218
18.14000000 -0.46578600
18.15000000 -0.46584935
18.16000000 -0.46591224
18.17000000 -0.46597467
18.18000000 -0.46603663
18.19000000 -0.46609812
18.20000000 -0.46615914
18.21000000 -0.46621969
18.22000000 -0.46627978
18.23000000 -0.46633940
18.24000000 -0.46639855
18.25000000 -0.46645724
18.26000000 -0.46651546
18.27000000 -0.46657322
18.28000000 -0.46663052
18.29000000 -0.46668737
18.30000000 -0.46674376
18.31000000 -0.46679969
18.32000000 -0.46685518
18.33000000 -0.46691023
18.34000000 -0.46696483
18.35000000 -0.46701900
18.36000000 -0.46707274
18.37000000 -0.46712604
18.38000000 -0.46717893
18.39000000 -0.46723139
18.40000000 -0.46728344
18.41000000 -0.46733508
18.42000000 -0.46738632
18.43000000 -0.46743717
18.44000000 -0.46748761
18.45000000 -0.46753768
18.46000000 -0.46758736
18.47000000 -0.46763667
18.48000000 -0.46768561
18.49000000 -0.46773419
18.50000000 -0.46778241
18.51000000 -0.46783028
18.52000000 -0.46787781
18.53000000 -0.46792500
18.54000000 -0.46797186
18.55000000 -0.46801839
18.56000000 -0.46806461
18.57000000 -0.46811052
18.58000000 -0.46815612
18.59000000 -0.46820142
18.60000000 -0.46824644
18.61000000 -0.46829117
18.62000000 -0.46833562
18.63000000 -0.46837980
18.64000000 -0.46842372
18.65000000 -0.46846738
18.66000000 -0.46851079
18.67000000 -0.46855396
18.68000000 -0.46859689
18.69000000 -0.46863959
18.70000000 -0.46868207
18.71000000 -0.46872433
18.72000000 -0.46876639
18.73000000 -0.46880824
18.74000000 -0.46884990
18.75000000 -0.46889138
18.76000000 -0.46893267
18.77000000 -0.46897379
18.78000000 -0.46901475
18.79000000 -0.46905555
18.80000000 -0.46909620
18.81000000 -0.46913671
18.82000000 -0.46917708
18.83000000 -0.46921733
18.84000000 -0.46925746
18.85000000 -0.46929747
18.86000000 -0.46933738
18.87000000 -0.46937720
18.88000000 -0.46941693
18.89000000 -0.46945657
18.90000000 -0.46949615
18.91000000 -0.46953566
18.92000000 -0.46957512
18.93000000 -0.46961453
18.94000000 -0.46965389
18.95000000 -0.46969323
18.96000000 -0.46973255
18.97000000 -0.46977185
18.98000000 -0.46981114
18.99000000 -0.46985044
19.00000000 -0.46988975
19.01000000 -0.46992907
19.02000000 -0.46996843
19.03000000 -0.47000782
19.04000000 -0.47004725
19.05000000 -0.47008673
19.06000000 -0.47012627
19.07000000 -0.47016589
19.08000000 -0.47020557
19.09000000 -0.47024534
19.10000000 -0.47028520
19.11000000 -0.47032516
19.12000000 -0.47036523
19.13000000 -0.47040541
19.14000000 -0.47044571
19.15000000 -0.47048613
19.16000000 -0.47052670
19.17000000 -0.47056740
19.18000000 -0.47060825
19.19000000 -0.47064925
19.20000000 -0.47069041
19.21000000 -0.47073174
19.22000000 -0.47077324
19.23000000 -0.47081491
19.24000000 -0.47085677
19.25000000 -0.47089881
19.26000000 -0.47094104
19.27000000 -0.47098346
19.28000000 -0.47102608
19.29000000 -0.47106890
19.30000000 -0.47111192
19.31000000 -0.47115515
19.32000000 -0.47119859
19.33000000 -0.47124223
19.34000000 -0.47128610
19.35000000 -0.47133017
19.36000000 -0.47137446
19.37000000 -0.47141896
19.38000000 -0.47146369
19.39000000 -0.47150862
19.40000000 -0.47155377
19.41000000 -0.47159914
19.42000000 -0.47164472
19.43000000 -0.47169052
19.44000000 -0.47173652
19.45000000 -0.47178274
19.46000000 -0.47182916
19.47000000 -0.47187578
19.48000000 -0.47192261
19.49000000 -0.47196963
19.50000000 -0.47201685
19.51000000 -0.47206426
19.52000000 -0.47211186
19.53000000 -0.47215964
19.54000000 -0.47220760
19.55000000 -0.47225574
19.56000000 -0.47230404
19.57000000 -0.47235251
19.58000000 -0.47240113
19.59000000 -0.47244991
19.60000000 -0.47249884
19.61000000 -0.47254791
19.62000000 -0.47259711
19.63000000 -0.47264645
19.64000000 -0.47269591
19.65000000 -0.47274548
19.66000000 -0.47279517
19.67000000 -0.47284496
19.68000000 -0.47289485
19.69000000 -0.47294483
19.70000000 -0.47299490
19.71000000 -0.47304504
19.72000000 -0.47309526
19.73000000 -0.47314554
19.74000000 -0.47319587
19.75000000 -0.47324626
19.76000000 -0.47329669
19.77000000 -0.47334715
19.78000000 -0.47339765
19.79000000 -0.47344817
19.80000000 -0.47349871
19.81000000 -0.47354925
19.82000000 -0.47359980
19.83000000 -0.47365034
19.84000000 -0.47370087
19.85000000 -0.47375139
19.86000000 -0.47380187
19.87000000 -0.47385233
19.88000000 -0.47390275
19.89000000 -0.47395313
19.90000000 -0.47400345
19.91000000 -0.47405372
19.92000000 -0.47410392
19.93000000 -0.47415405
19.94000000 -0.47420411
19.95000000 -0.47425408
19.96000000 -0.47430396
19.97000000 -0.47435375
19.98000000 -0.47440343
19.99000000 -0.47445301
20.00000000 -0.47450247
20.01000000 -0.47455181
20.02000000 -0.47460103
20.03000000 -0.47465011
20.04000000 -0.47469906
20.05000000 -0.47474786
20.06000000 -0.47479652
20.07000000 -0.47484501
20.08000000 -0.47489335
20.09000000 -0.47494152
20.10000000 -0.47498951
20.11000000 -0.47503733
20.12000000 -0.47508496
20.13000000 -0.47513241
20.14000000 -0.47517966
20.15000000 -0.47522671
20.16000000 -0.47527355
20.17000000 -0.47532019
20.18000000 -0.47536660
20.19000000 -0.47541280
20.20000000 -0.47545878
20.21000000 -0.47550452
20.22000000 -0.47555003
20.23000000 -0.47559529
20.24000000 -0.47564032
20.25000000 -0.47568509
20.26000000 -0.47572961
20.27000000 -0.47577388
20.28000000 -0.47581788
20.29000000 -0.47586163
20.30000000 -0.47590510
20.31000000 -0.47594830
20.32000000 -0.47599122
20.33000000 -0.47603387
20.34000000 -0.47607623
20.35000000 -0.47611832
20.36000000 -0.47616011
20.37000000 -0.47620162
20.38000000 -0.47624283
20.39000000 -0.47628375
20.40000000 -0.47632438
20.41000000 -0.47636471
20.42000000 -0.47640475
20.43000000 -0.47644448
20.44000000 -0.47648392
20.45000000 -0.47652305
20.46000000 -0.47656189
20.47000000 -0.47660043
20.48000000 -0.47663867
20.49000000 -0.47667661
20.50000000 -0.47671425
20.51000000 -0.47675159
20.52000000 -0.47678864
20.53000000 -0.47682540
20.54000000 -0.47686186
20.55000000 -0.47689803
20.56000000 -0.47693391
20.57000000 -0.47696951
20.58000000 -0.47700483
20.59000000 -0.47703986
20.60000000 -0.47707462
20.61000000 -0.47710911
20.62000000 -0.47714333
20.63000000 -0.47717728
20.64000000 -0.47721097
20.65000000 -0.47724441
20.66000000 -0.47727759
20.67000000 -0.47731052
20.68000000 -0.47734321
20.69000000 -0.47737567
20.70000000 -0.47740789
20.71000000 -0.47743988
20.72000000 -0.47747165
20.73000000 -0.47750320
20.74000000 -0.47753454
20.75000000 -0.47756567
20.76000000 -0.47759661
20.77000000 -0.47762734
20.78000000 -0.47765789
20.79000000 -0.47768826
20.80000000 -0.47771845
20.81000000 -0.47774847
20.82000000 -0.47777832
20.83000000 -0.47780801
20.84000000 -0.47783755
20.85000000 -0.47786694
20.86000000 -0.47789618
20.87000000 -0.47792529
20.88000000 -0.47795427
20.89000000 -0.47798312
20.90000000 -0.47801185
20.91000000 -0.47804047
20.92000000 -0.47806897
20.93000000 -0.47809738
20.94000000 -0.47812568
20.95000000 -0.47815389
20.96000000 -0.47818201
20.97000000 -0.47821004
20.98000000 -0.47823799
20.99000000 -0.47826587
21.00000000 -0.47829368
21.01000000 -0.47832142
21.02000000 -0.47834910
21.03000000 -0.47837672
21.04000000 -0.47840429
21.05000000 -0.47843181
21.06000000 -0.47845928
21.07000000 -0.47848671
21.08000000 -0.47851410
21.09000000 -0.47854145
21.10000000 -0.47856878
21.11000000 -0.47859607
21.12000000 -0.47862334
21.13000000 -0.47865059
21.14000000 -0.47867781
21.15000000 -0.47870503
21.16000000 -0.47873223
21.17000000 -0.47875942
21.18000000 -0.47878660
21.19000000 -0.47881378
21.20000000 -0.47884095
21.21000000 -0.47886813
21.22000000 -0.47889531
21.23000000 -0.47892250
21.24000000 -0.47894970
21.25000000 -0.47897691
21.26000000 -0.47900414
21.27000000 -0.47903138
21.28000000 -0.47905864
21.29000000 -0.47908592
21.30000000 -0.47911323
21.31000000 -0.47914057
21.32000000 -0.47916794
21.33000000 -0.47919534
21.34000000 -0.47922278
21.35000000 -0.47925025
21.36000000 -0.47927777
21.37000000 -0.47930533
21.38000000 -0.47933293
21.39000000 -0.47936059
21.40000000 -0.47938829
21.41000000 -0.47941605
21.42000000 -0.47944387
21.43000000 -0.47947175
21.44000000 -0.47949969
21.45000000 -0.47952769
21.46000000 -0.47955576
21.47000000 -0.47958390
21.48000000 -0.47961211
21.49000000 -0.47964039
21.50000000 -0.47966876
21.51000000 -0.47969720
21.52000000 -0.47972572
21.53000000 -0.47975433
21.54000000 -0.47978302
21.55000000 -0.47981180
21.56000000 -0.47984067
21.57000000 -0.47986963
21.58000000 -0.47989868
21.59000000 -0.47992783
21.60000000 -0.47995707
21.61000000 -0.47998641
21.62000000 -0.48001585
21.63000000 -0.48004539
21.64000000 -0.48007503
21.65000000 -0.48010477
21.66000000 -0.48013461
21.67000000 -0.48016456
21.68000000 -0.48019461
21.69000000 -0.48022476
21.70000000 -0.48025501
21.71000000 -0.48028536
21.72000000 -0.48031582
21.73000000 -0.48034638
21.74000000 -0.48037704
21.75000000 -0.48040779
21.76000000 -0.48043865
21.77000000 -0.48046960
21.78000000 -0.48050064
21.79000000 -0.48053178
21.80000000 -0.48056301
21.81000000 -0.48059433
21.82000000 -0.48062574
21.83000000 -0.48065723
21.84000000 -0.48068880
21.85000000 -0.48072045
21.86000000 -0.48075217
21.87000000 -0.48078397
21.88000000 -0.48081584
21.89000000 -0.48084777
21.90000000 -0.48087977
21.91000000 -0.48091182
21.92000000 -0.48094393
21.93000000 -0.48097609
21.94000000 -0.48100829
21.95000000 -0.48104054
21.96000000 -0.48107283
21.97000000 -0.48110515
21.98000000 -0.48113751
21.99000000 -0.48116988
22.00000000 -0.48120228
22.01000000 -0.48123470
22.02000000 -0.48126713
22.03000000 -0.48129956
22.04000000 -0.48133200
22.05000000 -0.48136444
22.06000000 -0.48139687
22.07000000 -0.48142929
22.08000000 -0.48146170
22.09000000 -0.48149408
22.10000000 -0.48152645
22.11000000 -0.48155878
22.12000000 -0.48159108
22.13000000 -0.48162335
22.14000000 -0.48165557
22.15000000 -0.48168775
22.16000000 -0.48171988
22.17000000 -0.48175195
22.18000000 -0.48178397
22.19000000 -0.48181593
22.20000000 -0.48184782
22.21000000 -0.48187964
22.22000000 -0.48191138
22.23000000 -0.48194306
22.24000000 -0.48197465
22.25000000 -0.48200615
22.26000000 -0.48203757
22.27000000 -0.48206890
22.28000000 -0.48210014
22.29000000 -0.48213128
22.30000000 -0.48216232
22.31000000 -0.48219326
22.32000000 -0.48222409
22.33000000 -0.48225481
22.34000000 -0.48228542
22.35000000 -0.48231592
22.36000000 -0.48234630
22.37000000 -0.48237656
22.38000000 -0.48240670
22.39000000 -0.48243671
22.40000000 -0.48246660
22.41000000 -0.48249636
22.42000000 -0.48252599
22.43000000 -0.48255548
22.44000000 -0.48258484
22.45000000 -0.48261406
22.46000000 -0.48264314
22.47000000 -0.48267207
22.48000000 -0.48270086
22.49000000 -0.48272951
22.50000000 -0.48275800
22.51000000 -0.48278635
22.52000000 -0.48281454
22.53000000 -0.48284258
22.54000000 -0.48287046
22.55000000 -0.48289818
22.56000000 -0.48292575
22.57000000 -0.48295315
22.58000000 -0.48298039
22.59000000 -0.48300746
22.60000000 -0.48303436
22.61000000 -0.48306110
22.62000000 -0.48308767
22.63000000 -0.48311406
22.64000000 -0.48314028
22.65000000 -0.48316633
22.66000000 -0.48319220
22.67000000 -0.48321790
22.68000000 -0.48324342
22.69000000 -0.48326876
22.70000000 -0.48329392
22.71000000 -0.48331890
22.72000000 -0.48334369
22.73000000 -0.48336831
22.74000000 -0.48339274
22.75000000 -0.48341699
22.76000000 -0.48344106
22.77000000 -0.48346495
22.78000000 -0.48348865
22.79000000 -0.48351217
22.80000000 -0.48353550
22.81000000 -0.48355866
22.82000000 -0.48358163
22.83000000 -0.48360443
22.84000000 -0.48362704
22.85000000 -0.48364947
22.86000000 -0.48367173
22.87000000 -0.48369381
22.88000000 -0.48371572
22.89000000 -0.48373745
22.90000000 -0.48375902
22.91000000 -0.48378041
22.92000000 -0.48380164
22.93000000 -0.48382271
22.94000000 -0.48384361
22.95000000 -0.48386436
22.96000000 -0.48388495
22.97000000 -0.48390539
22.98000000 -0.48392568
22.99000000 -0.48394583
23.00000000 -0.48396583
23.01000000 -0.48398569
23.02000000 -0.48400542
23.03000000 -0.48402502
23.04000000 -0.48404450
23.05000000 -0.48406385
23.06000000 -0.48408308
23.07000000 -0.48410220
23.08000000 -0.48412121
23.09000000 -0.48414012
23.10000000 -0.48415893
23.11000000 -0.48417764
23.12000000 -0.48419626
23.13000000 -0.48421479
23.14000000 -0.48423325
23.15000000 -0.48425162
23.16000000 -0.48426993
23.17000000 -0.48428817
23.18000000 -0.48430635
23.19000000 -0.48432447
23.20000000 -0.48434253
23.21000000 -0.48436055
23.22000000 -0.48437853
23.23000000 -0.48439646
23.24000000 -0.48441437
23.25000000 -0.48443224
23.26000000 -0.48445008
23.27000000 -0.48446791
23.28000000 -0.48448572
23.29000000 -0.48450351
23.30000000 -0.48452129
23.31000000 -0.48453907
23.32000000 -0.48455684
23.33000000 -0.48457462
23.34000000 -0.48459239
23.35000000 -0.48461018
23.36000000 -0.48462797
23.37000000 -0.48464578
23.38000000 -0.48466361
23.39000000 -0.48468145
23.40000000 -0.48469931
23.41000000 -0.48471720
23.42000000 -0.48473511
23.43000000 -0.48475304
23.44000000 -0.48477101
23.45000000 -0.48478901
23.46000000 -0.48480703
23.47000000 -0.48482509
23.48000000 -0.48484319
23.49000000 -0.48486132
23.50000000 -0.48487948
23.51000000 -0.48489768
23.52000000 -0.48491592
23.53000000 -0.48493420
23.54000000 -0.48495252
23.55000000 -0.48497088
23.56000000 -0.48498927
23.57000000 -0.48500771
23.58000000 -0.48502618
23.59000000 -0.48504470
23.60000000 -0.48506325
23.61000000 -0.48508185
23.62000000 -0.48510048
23.63000000 -0.48511916
23.64000000 -0.48513787
23.65000000 -0.48515662
23.66000000 -0.48517542
23.67000000 -0.48519425
23.68000000 -0.48521312
23.69000000 -0.48523202
23.70000000 -0.48525097
23.71000000 -0.48526995
23.72000000 -0.48528897
23.73000000 -0.48530803
23.74000000 -0.48532712
23.75000000 -0.48534625
23.76000000 -0.48536542
23.77000000 -0.48538462
23.78000000 -0.48540386
23.79000000 -0.48542313
23.80000000 -0.48544244
23.81000000 -0.48546179
23.82000000 -0.48548117
23.83000000 -0.48550058
23.84000000 -0.48552003
23.85000000 -0.48553951
23.86000000 -0.48555903
23.87000000 -0.48557859
23.88000000 -0.48559818
23.89000000 -0.48561780
23.90000000 -0.48563746
23.91000000 -0.48565715
23.92000000 -0.48567688
23.93000000 -0.48569664
23.94000000 -0.48571644
23.95000000 -0.48573627
23.96000000 -0.48575614
23.97000000 -0.48577604
23.98000000 -0.48579598
23.99000000 -0.48581595
24.00000000 -0.48583595
24.01000000 -0.48585598
24.02000000 -0.48587605
24.03000000 -0.48589615
24.04000000 -0.48591629
24.05000000 -0.48593645
24.06000000 -0.48595665
24.07000000 -0.48597688
24.08000000 -0.48599713
24.09000000 -0.48601742
24.10000000 -0.48603773
24.11000000 -0.48605807
24.12000000 -0.48607844
24.13000000 -0.48609883
24.14000000 -0.48611925
24.15000000 -0.48613968
24.16000000 -0.48616014
24.17000000 -0.48618062
24.18000000 -0.48620111
24.19000000 -0.48622162
24.20000000 -0.48624214
24.21000000 -0.48626268
24.22000000 -0.48628323
24.23000000 -0.48630378
24.24000000 -0.48632434
24.25000000 -0.48634490
24.26000000 -0.48636547
24.27000000 -0.48638604
24.28000000 -0.48640660
24.29000000 -0.48642715
24.30000000 -0.48644770
24.31000000 -0.48646824
24.32000000 -0.48648877
24.33000000 -0.48650928
24.34000000 -0.48652977
24.35000000 -0.48655024
24.36000000 -0.48657068
24.37000000 -0.48659111
24.38000000 -0.48661150
24.39000000 -0.48663186
24.40000000 -0.48665218
24.41000000 -0.48667247
24.42000000 -0.48669272
24.43000000 -0.48671293
24.44000000 -0.48673309
24.45000000 -0.48675321
24.46000000 -0.48677328
24.47000000 -0.48679329
24.48000000 -0.48681325
24.49000000 -0.48683316
24.50000000 -0.48685301
24.51000000 -0.48687279
24.52000000 -0.48689251
24.53000000 -0.48691217
24.54000000 -0.48693176
24.55000000 -0.48695129
24.56000000 -0.48697074
24.57000000 -0.48699012
24.58000000 -0.48700942
24.59000000 -0.48702866
24.60000000 -0.48704781
24.61000000 -0.48706689
24.62000000 -0.48708589
24.63000000 -0.48710480
24.64000000 -0.48712364
24.65000000 -0.48714240
24.66000000 -0.48716107
24.67000000 -0.48717965
24.68000000 -0.48719816
24.69000000 -0.48721657
24.70000000 -0.48723490
24.71000000 -0.48725315
24.72000000 -0.48727130
24.73000000 -0.48728937
24.74000000 -0.48730735
24.75000000 -0.48732524
24.76000000 -0.48734304
24.77000000 -0.48736076
24.78000000 -0.48737838
24.79000000 -0.48739591
24.80000000 -0.48741336
24.81000000 -0.48743071
24.82000000 -0.48744797
24.83000000 -0.48746515
24.84000000 -0.48748223
24.85000000 -0.48749922
24.86000000 -0.48751611
24.87000000 -0.48753292
24.88000000 -0.48754964
24.89000000 -0.48756626
24.90000000 -0.48758279
24.91000000 -0.48759923
24.92000000 -0.48761558
24.93000000 -0.48763183
24.94000000 -0.48764799
24.95000000 -0.48766406
24.96000000 -0.48768004
24.97000000 -0.48769592
24.98000000 -0.48771170
24.99000000 -0.48772740
