-4.00000000 0.05854401
-3.98000000 0.05718108
-3.96000000 0.05325164
-3.94000000 0.04910531
-3.92000000 0.04628531
-3.90000000 0.04496370
-3.88000000 0.04394549
-3.86000000 0.04123427
-3.84000000 0.03495015
-3.82000000 0.02426296
-3.80000000 0.00999372
-3.78000000 -0.00535118
-3.76000000 -0.01815545
-3.74000000 -0.02471027
-3.72000000 -0.02235221
-3.70000000 -0.01035357
-3.68000000 0.00972688
-3.66000000 0.03435279
-3.64000000 0.05888938
-3.62000000 0.07878673
-3.60000000 0.09071420
-3.58000000 0.09332152
-3.56000000 0.08743255
-3.54000000 0.07566204
-3.52000000 0.06161995
-3.50000000 0.04897641
-3.48000000 0.04066924
-3.46000000 0.03845244
-3.44000000 0.04284334
-3.42000000 0.05338365
-3.40000000 0.06903781
-3.38000000 0.08853928
-3.36000000 0.11056099
-3.34000000 0.13369629
-3.32000000 0.15634250
-3.30000000 0.17663492
-3.28000000 0.19255945
-3.26000000 0.20228510
-3.24000000 0.20463862
-3.22000000 0.19954608
-3.20000000 0.18823504
-3.18000000 0.17304912
-3.16000000 0.15686028
-3.14000000 0.14222607
-3.12000000 0.13056733
-3.10000000 0.12167950
-3.08000000 0.11381007
-3.06000000 0.10435359
-3.04000000 0.09098869
-3.02000000 0.07289007
-3.00000000 0.05156800
-2.98000000 0.03096068
-2.96000000 0.01662336
-2.94000000 0.01415966
-2.92000000 0.02732716
-2.90000000 0.05642011
-2.88000000 0.09751427
-2.86000000 0.14294187
-2.84000000 0.18300167
-2.82000000 0.20851007
-2.80000000 0.21349272
-2.78000000 0.19720963
-2.76000000 0.16485001
-2.74000000 0.12659460
-2.72000000 0.09522130
-2.70000000 0.08287732
-2.68000000 0.09791499
-2.66000000 0.14269657
-2.64000000 0.21300316
-2.62000000 0.29921369
-2.60000000 0.38889472
-2.58000000 0.47002481
-2.56000000 0.53390288
-2.54000000 0.57691247
-2.52000000 0.60069596
-2.50000000 0.61080896
-2.48000000 0.61440717
-2.46000000 0.61780678
-2.44000000 0.62476020
-2.42000000 0.63600105
-2.40000000 0.65013600
-2.38000000 0.66545782
-2.36000000 0.68190158
-2.34000000 0.70229041
-2.32000000 0.73225430
-2.30000000 0.77868239
-2.28000000 0.84712689
-2.26000000 0.93902295
-2.24000000 1.04975836
-2.22000000 1.16844386
-2.20000000 1.27973803
-2.18000000 1.36741801
-2.16000000 1.41877038
-2.14000000 1.42851416
-2.12000000 1.40099533
-2.10000000 1.34982568
-2.08000000 1.29486366
-2.06000000 1.25723800
-2.04000000 1.25374765
-2.02000000 1.29223074
-2.00000000 1.36928430
-1.98000000 1.47108271
-1.96000000 1.57716497
-1.94000000 1.66619584
-1.92000000 1.72211335
-1.90000000 1.73893506
-1.88000000 1.72285533
-1.86000000 1.69102202
-1.84000000 1.66731319
-1.82000000 1.67626923
-1.80000000 1.73683164
-1.78000000 1.85755866
-1.76000000 2.03453439
-1.74000000 2.25240766
-1.72000000 2.48812584
-1.70000000 2.71622352
-1.68000000 2.91418428
-1.66000000 3.06649536
-1.64000000 3.16650530
-1.62000000 3.21590374
-1.60000000 3.22234306
-1.58000000 3.19620265
-1.56000000 3.14762502
-1.54000000 3.08471470
-1.52000000 3.01328561
-1.50000000 2.93795136
-1.48000000 2.86387206
-1.46000000 2.79825570
-1.44000000 2.75082015
-1.42000000 2.73280956
-1.40000000 2.75468894
-1.38000000 2.82313788
-1.36000000 2.93826623
-1.34000000 3.09198604
-1.32000000 3.26819216
-1.30000000 3.44491679
-1.28000000 3.59807832
-1.26000000 3.70600110
-1.24000000 3.75366418
-1.22000000 3.73569641
-1.20000000 3.65744335
-1.18000000 3.53389511
-1.16000000 3.38675188
-1.14000000 3.24029490
-1.12000000 3.11693875
-1.10000000 3.03333963
-1.08000000 2.99775237
-1.06000000 3.00903175
-1.04000000 3.05734256
-1.02000000 3.12634567
-1.00000000 3.19640859
-0.98000000 3.24826516
-0.96000000 3.26651511
-0.94000000 3.24239816
-0.92000000 3.17538786
-0.90000000 3.07332014
-0.88000000 2.95099367
-0.86000000 2.82743670
-0.84000000 2.72229377
-0.82000000 2.65199524
-0.80000000 2.62647409
-0.78000000 2.64713989
-0.76000000 2.70659344
-0.74000000 2.79019730
-0.72000000 2.87918419
-0.70000000 2.95459774
-0.68000000 3.00112936
-0.66000000 3.00992193
-0.64000000 2.97967109
-0.62000000 2.91581146
-0.60000000 2.82810455
-0.58000000 2.72739466
-0.56000000 2.62252860
-0.54000000 2.51836568
-0.52000000 2.41544749
-0.50000000 2.31135300
-0.48000000 2.20320155
-0.46000000 2.09036430
-0.44000000 1.97634180
-0.42000000 1.86900890
-0.40000000 1.77895478
-0.38000000 1.71629825
-0.36000000 1.68692748
-0.34000000 1.68940792
-0.32000000 1.71370839
-0.30000000 1.74241763
-0.28000000 1.75439205
-0.26000000 1.73000440
-0.24000000 1.65659455
-0.22000000 1.53254586
-0.20000000 1.36869967
-0.18000000 1.18651327
-0.16000000 1.01327141
-0.14000000 0.87551710
-0.12000000 0.79241828
-0.10000000 0.77086088
-0.08000000 0.80362434
-0.06000000 0.87116750
-0.04000000 0.94656767
-0.02000000 1.00229399
0.00000000 1.01700572
0.02000000 0.98058500
0.04000000 0.89612966
0.06000000 0.77849062
0.08000000 0.64988818
0.10000000 0.53390937
0.12000000 0.44956372
0.14000000 0.40696540
0.16000000 0.40566897
0.18000000 0.43588980
0.20000000 0.48203024
0.22000000 0.52734194
0.24000000 0.55834005
0.26000000 0.56778195
0.28000000 0.55554463
0.30000000 0.52740245
0.32000000 0.49231346
0.34000000 0.45919080
0.36000000 0.43417872
0.38000000 0.41918516
0.40000000 0.41195561
0.42000000 0.40746806
0.44000000 0.40004522
0.46000000 0.38542657
0.48000000 0.36214320
0.50000000 0.33183610
0.52000000 0.29853798
0.54000000 0.26726903
0.56000000 0.24247609
0.58000000 0.22683058
0.60000000 0.22071812
0.62000000 0.22248214
0.64000000 0.22922619
0.66000000 0.23782247
0.68000000 0.24575929
0.70000000 0.25157877
0.72000000 0.25484784
0.74000000 0.25579355
0.76000000 0.25484545
0.78000000 0.25232748
0.80000000 0.24843931
0.82000000 0.24350963
0.84000000 0.23836087
0.86000000 0.23455562
0.88000000 0.23432866
0.90000000 0.24013396
0.92000000 0.25390207
0.94000000 0.27624588
0.96000000 0.30591130
0.98000000 0.33971658
1.00000000 0.37307358
1.02000000 0.40098707
1.04000000 0.41925458
1.06000000 0.42550352
1.08000000 0.41973864
1.10000000 0.40422227
1.12000000 0.38272318
1.14000000 0.35937452
1.16000000 0.33750602
1.18000000 0.31881798
1.20000000 0.30314262
1.22000000 0.28883632
1.24000000 0.27363323
1.26000000 0.25564240
1.28000000 0.23413659
1.30000000 0.20987098
1.32000000 0.18485043
1.34000000 0.16166610
1.36000000 0.14267382
1.38000000 0.12933125
1.40000000 0.12193404
1.42000000 0.11982295
1.44000000 0.12193855
1.46000000 0.12745474
1.48000000 0.13618404
1.50000000 0.14853696
1.52000000 0.16500406
1.54000000 0.18534492
1.56000000 0.20782852
1.58000000 0.22890705
1.60000000 0.24359198
1.62000000 0.24656628
1.64000000 0.23378535
1.66000000 0.20409023
1.68000000 0.16027006
1.70000000 0.10911247
1.72000000 0.06025428
1.74000000 0.02401461
1.76000000 0.00874171
1.78000000 0.01841631
1.80000000 0.05124745
1.82000000 0.09975705
1.84000000 0.15243828
1.86000000 0.19660817
1.88000000 0.22170016
1.90000000 0.22207704
1.92000000 0.19854929
1.94000000 0.15813571
1.96000000 0.11210290
1.98000000 0.07282087
2.00000000 0.05032167
2.02000000 0.04954108
2.04000000 0.06902826
2.06000000 0.10148232
2.08000000 0.13594504
2.10000000 0.16100203
2.12000000 0.16806274
2.14000000 0.15378234
2.16000000 0.12095430
2.18000000 0.07765651
2.20000000 0.03493898
2.22000000 0.00374619
2.24000000 -0.00804095
2.26000000 0.00237046
2.28000000 0.03210841
2.30000000 0.07358907
2.32000000 0.11665256
2.34000000 0.15123062
2.36000000 0.16979746
2.38000000 0.16897655
2.40000000 0.14996409
2.42000000 0.11778526
2.44000000 0.07971380
2.46000000 0.04336926
2.48000000 0.01502166
2.50000000 -0.00150506
2.52000000 -0.00516860
2.54000000 0.00263991
2.56000000 0.01887889
2.58000000 0.03976212
2.60000000 0.06152483
2.62000000 0.08091141
2.64000000 0.09538740
2.66000000 0.10318116
2.68000000 0.10329042
2.70000000 0.09554544
2.72000000 0.08073155
2.74000000 0.06068658
2.76000000 0.03824518
2.78000000 0.01692710
2.80000000 0.00035253
2.82000000 -0.00851635
2.84000000 -0.00811170
2.86000000 0.00125815
2.88000000 0.01736689
2.90000000 0.03653345
2.92000000 0.05449836
2.94000000 0.06748166
2.96000000 0.07311903
2.98000000 0.07099697
3.00000000 0.06262542
3.02000000 0.05086025
3.04000000 0.03896162
3.06000000 0.02958984
3.08000000 0.02405741
3.10000000 0.02206860
3.12000000 0.02201383
3.14000000 0.02170071
3.16000000 0.01925885
3.18000000 0.01390034
3.20000000 0.00627050
3.22000000 -0.00173341
3.24000000 -0.00761423
3.26000000 -0.00917301
3.28000000 -0.00534271
3.30000000 0.00333387
3.32000000 0.01475473
3.34000000 0.02583350
3.36000000 0.03341792
3.38000000 0.03525591
3.40000000 0.03069614
3.42000000 0.02089715
3.44000000 0.00847991
3.46000000 -0.00326092
3.48000000 -0.01133172
3.50000000 -0.01389173
3.52000000 -0.01072125
3.54000000 -0.00317746
3.56000000 0.00632148
3.58000000 0.01509375
3.60000000 0.02100180
3.62000000 0.02301280
3.64000000 0.02135117
3.66000000 0.01722996
3.68000000 0.01229060
3.70000000 0.00797152
3.72000000 0.00503510
3.74000000 0.00341012
3.76000000 0.00238198
3.78000000 0.00103191
3.80000000 -0.00126321
3.82000000 -0.00447587
3.84000000 -0.00786253
3.86000000 -0.01021867
3.88000000 -0.01035922
3.90000000 -0.00763963
3.92000000 -0.00231131
3.94000000 0.00443888
3.96000000 0.01080154
3.98000000 0.01491657
