-4.00000000 -0.00252339
-3.98000000 0.01052758
-3.96000000 0.02198947
-3.94000000 0.02909476
-3.92000000 0.03059015
-3.90000000 0.02716846
-3.88000000 0.02123162
-3.86000000 0.01605360
-3.84000000 0.01462195
-3.82000000 0.01855516
-3.80000000 0.02747767
-3.78000000 0.03908614
-3.76000000 0.04990696
-3.74000000 0.05650434
-3.72000000 0.05673228
-3.70000000 0.05059256
-3.68000000 0.04037942
-3.66000000 0.03002368
-3.64000000 0.02382055
-3.62000000 0.02494399
-3.60000000 0.03424164
-3.58000000 0.04973232
-3.56000000 0.06701233
-3.54000000 0.08048458
-3.52000000 0.08505119
-3.50000000 0.07774655
-3.48000000 0.05878984
-3.46000000 0.03170796
-3.44000000 0.00246706
-3.42000000 -0.02213722
-3.40000000 -0.03634512
-3.38000000 -0.03698693
-3.36000000 -0.02425740
-3.34000000 -0.00148983
-3.32000000 0.02597520
-3.30000000 0.05245009
-3.28000000 0.07355700
-3.26000000 0.08736743
-3.24000000 0.09469446
-3.22000000 0.09849424
-3.20000000 0.10262473
-3.18000000 0.11041055
-3.16000000 0.12350681
-3.14000000 0.14143175
-3.12000000 0.16189253
-3.10000000 0.18174804
-3.08000000 0.19823327
-3.06000000 0.20998819
-3.04000000 0.21751446
-3.02000000 0.22289786
-3.00000000 0.22890440
-2.98000000 0.23778846
-2.96000000 0.25026068
-2.94000000 0.26501126
-2.92000000 0.27898965
-2.90000000 0.28837172
-2.88000000 0.28989573
-2.86000000 0.28210713
-2.84000000 0.26607129
-2.82000000 0.24528680
-2.80000000 0.22480206
-2.78000000 0.20980977
-2.76000000 0.20417332
-2.74000000 0.20936312
-2.72000000 0.22413986
-2.70000000 0.24506692
-2.68000000 0.26765354
-2.66000000 0.28772460
-2.64000000 0.30255370
-2.62000000 0.31140357
-2.60000000 0.31535102
-2.58000000 0.31654509
-2.56000000 0.31725440
-2.54000000 0.31912411
-2.52000000 0.32295602
-2.50000000 0.32908739
-2.48000000 0.33816455
-2.46000000 0.35189922
-2.44000000 0.37334972
-2.42000000 0.40641983
-2.40000000 0.45457471
-2.38000000 0.51913053
-2.36000000 0.59774534
-2.34000000 0.68380464
-2.32000000 0.76719932
-2.30000000 0.83657182
-2.28000000 0.88258068
-2.26000000 0.90127933
-2.24000000 0.89649451
-2.22000000 0.88022999
-2.20000000 0.87061207
-2.18000000 0.88761534
-2.16000000 0.94754823
-2.14000000 1.05780082
-2.12000000 1.21346631
-2.10000000 1.39706734
-2.08000000 1.58181736
-2.06000000 1.73783765
-2.04000000 1.83982410
-2.02000000 1.87410493
-2.00000000 1.84304773
-1.98000000 1.76539456
-1.96000000 1.67218255
-1.94000000 1.59914941
-1.92000000 1.57756972
-1.90000000 1.62600114
-1.88000000 1.74525974
-1.86000000 1.91810900
-1.84000000 2.11385787
-1.82000000 2.29667921
-1.80000000 2.43538118
-1.78000000 2.51191130
-1.76000000 2.52619019
-1.74000000 2.49588274
-1.72000000 2.45113798
-1.70000000 2.42575956
-1.68000000 2.44729628
-1.66000000 2.52886694
-1.64000000 2.66505912
-1.62000000 2.83310068
-1.60000000 2.99901894
-1.58000000 3.12709938
-1.56000000 3.19002832
-1.54000000 3.17691273
-1.52000000 3.09695966
-1.50000000 2.97779496
-1.48000000 2.85886193
-1.46000000 2.78165671
-1.44000000 2.77937003
-1.42000000 2.86860687
-1.40000000 3.04524231
-1.38000000 3.28533801
-1.36000000 3.55071635
-1.34000000 3.79763353
-1.32000000 3.98630688
-1.30000000 4.08898589
-1.28000000 4.09478591
-1.26000000 4.01044107
-1.24000000 3.85719993
-1.22000000 3.66499099
-1.20000000 3.46550928
-1.18000000 3.28592381
-1.16000000 3.14452512
-1.14000000 3.04897603
-1.12000000 2.99710726
-1.10000000 2.97960875
-1.08000000 2.98364105
-1.06000000 2.99636617
-1.04000000 3.00762455
-1.02000000 3.01135355
-1.00000000 3.00572527
-0.98000000 2.99227684
-0.96000000 2.97445894
-0.94000000 2.95604269
-0.92000000 2.93974150
-0.90000000 2.92628017
-0.88000000 2.91402550
-0.86000000 2.89920180
-0.84000000 2.87664575
-0.82000000 2.84099118
-0.80000000 2.78809819
-0.78000000 2.71645911
-0.76000000 2.62824992
-0.74000000 2.52969128
-0.72000000 2.43047213
-0.70000000 2.34217939
-0.68000000 2.27594006
-0.66000000 2.23974851
-0.64000000 2.23613480
-0.62000000 2.26085092
-0.60000000 2.30307260
-0.58000000 2.34725775
-0.56000000 2.37635365
-0.54000000 2.37563158
-0.52000000 2.33618199
-0.50000000 2.25711917
-0.48000000 2.14584155
-0.46000000 2.01620536
-0.44000000 1.88505490
-0.42000000 1.76803859
-0.40000000 1.67587185
-0.38000000 1.61210137
-0.36000000 1.57299737
-0.34000000 1.54956957
-0.32000000 1.53105492
-0.30000000 1.50876304
-0.28000000 1.47903775
-0.26000000 1.44435340
-0.24000000 1.41214378
-0.22000000 1.39168848
-0.20000000 1.39003261
-0.18000000 1.40828297
-0.16000000 1.43957903
-0.14000000 1.46957843
-0.12000000 1.47954950
-0.10000000 1.45134765
-0.08000000 1.37291671
-0.06000000 1.24270298
-0.04000000 1.07158892
-0.02000000 0.88159780
0.00000000 0.70151092
0.02000000 0.56042022
0.04000000 0.48085341
0.06000000 0.47327289
0.08000000 0.53341084
0.10000000 0.64315391
0.12000000 0.77474368
0.14000000 0.89718293
0.16000000 0.98317782
0.18000000 1.01485418
0.20000000 0.98687776
0.22000000 0.90635809
0.24000000 0.78980179
0.26000000 0.65814778
0.28000000 0.53135372
0.30000000 0.42400295
0.32000000 0.34298853
0.34000000 0.28764898
0.36000000 0.25199381
0.38000000 0.22808477
0.40000000 0.20938932
0.42000000 0.19304878
0.44000000 0.18044225
0.46000000 0.17602467
0.48000000 0.18497933
0.50000000 0.21058022
0.52000000 0.25220842
0.54000000 0.30471056
0.56000000 0.35932170
0.58000000 0.40585642
0.60000000 0.43546615
0.62000000 0.44309054
0.64000000 0.42884115
0.66000000 0.39790091
0.68000000 0.35898746
0.70000000 0.32186389
0.72000000 0.29465344
0.74000000 0.28174802
0.76000000 0.28289357
0.78000000 0.29366166
0.80000000 0.30709721
0.82000000 0.31599590
0.84000000 0.31510922
0.86000000 0.30263707
0.88000000 0.28061683
0.90000000 0.25416724
0.92000000 0.22988489
0.94000000 0.21391797
0.96000000 0.21029680
0.98000000 0.21997838
1.00000000 0.24081402
1.02000000 0.26835912
1.04000000 0.29720496
1.06000000 0.32239235
1.08000000 0.34049243
1.10000000 0.35009086
1.12000000 0.35162779
1.14000000 0.34675388
1.16000000 0.33749606
1.18000000 0.32554789
1.20000000 0.31191338
1.22000000 0.29697558
1.24000000 0.28089282
1.26000000 0.26410533
1.28000000 0.24770095
1.30000000 0.23345066
1.32000000 0.22345634
1.34000000 0.21950626
1.36000000 0.22235526
1.38000000 0.23119259
1.40000000 0.24351566
1.42000000 0.25550634
1.44000000 0.26284709
1.46000000 0.26176968
1.48000000 0.25004542
1.50000000 0.22763042
1.52000000 0.19677199
1.54000000 0.16153411
1.56000000 0.12686550
1.58000000 0.09746290
1.60000000 0.07673743
1.62000000 0.06615673
1.64000000 0.06512342
1.66000000 0.07139447
1.68000000 0.08189310
1.70000000 0.09365953
1.72000000 0.10465799
1.74000000 0.11421096
1.76000000 0.12295053
1.78000000 0.13232366
1.80000000 0.14382086
1.82000000 0.15817818
1.84000000 0.17480816
1.86000000 0.19164733
1.88000000 0.20548600
1.90000000 0.21270570
1.92000000 0.21023084
1.94000000 0.19643591
1.96000000 0.17175546
1.98000000 0.13881897
2.00000000 0.10205512
2.02000000 0.06684744
2.04000000 0.03843917
2.06000000 0.02084954
2.08000000 0.01606066
2.10000000 0.02366621
2.12000000 0.04105761
2.14000000 0.06409132
2.16000000 0.08806596
2.18000000 0.10876734
2.20000000 0.12333136
2.22000000 0.13072784
2.24000000 0.13176905
2.26000000 0.12866700
2.28000000 0.12427452
2.30000000 0.12121758
2.32000000 0.12114495
2.34000000 0.12428193
2.36000000 0.12939063
2.38000000 0.13413189
2.40000000 0.13572228
2.42000000 0.13170818
2.44000000 0.12065587
2.46000000 0.10258447
2.48000000 0.07903923
2.50000000 0.05279622
2.52000000 0.02728053
2.54000000 0.00584684
2.56000000 -0.00890272
2.58000000 -0.01560717
2.60000000 -0.01434119
2.62000000 -0.00649185
2.64000000 0.00562940
2.66000000 0.01932881
2.68000000 0.03209002
2.70000000 0.04202496
2.72000000 0.04812939
2.74000000 0.05031281
2.76000000 0.04922989
2.78000000 0.04598377
2.80000000 0.04179224
2.82000000 0.03770210
2.84000000 0.03441164
2.86000000 0.03222339
2.88000000 0.03111225
2.90000000 0.03086583
2.92000000 0.03124180
2.94000000 0.03209080
2.96000000 0.03341074
2.98000000 0.03532287
3.00000000 0.03798362
3.02000000 0.04146480
3.04000000 0.04564266
3.06000000 0.05013338
3.08000000 0.05430081
3.10000000 0.05734326
3.12000000 0.05844614
3.14000000 0.05696905
3.16000000 0.05262426
3.18000000 0.04560115
3.20000000 0.03659906
3.22000000 0.02674875
3.24000000 0.01742733
3.26000000 0.00999794
3.28000000 0.00552762
3.30000000 0.00454813
3.32000000 0.00692121
3.34000000 0.01184926
3.36000000 0.01803972
3.38000000 0.02399239
3.40000000 0.02834415
3.42000000 0.03018583
3.44000000 0.02926756
3.46000000 0.02603445
3.48000000 0.02147798
3.50000000 0.01683968
3.52000000 0.01324735
3.54000000 0.01138694
3.56000000 0.01130719
3.58000000 0.01241851
3.60000000 0.01369147
3.62000000 0.01399994
3.64000000 0.01250676
3.66000000 0.00897228
3.68000000 0.00388403
3.70000000 -0.00164280
3.72000000 -0.00617554
3.74000000 -0.00839902
3.76000000 -0.00754563
3.78000000 -0.00368543
3.80000000 0.00222293
3.82000000 0.00855045
3.84000000 0.01343413
3.86000000 0.01531067
3.88000000 0.01339153
3.90000000 0.00793440
3.92000000 0.00022144
3.94000000 -0.00776038
3.96000000 -0.01385295
3.98000000 -0.01632518
