-4.00000000 -0.00965094
-3.98000000 -0.01460399
-3.96000000 -0.01253736
-3.94000000 -0.00439436
-3.92000000 0.00659054
-3.90000000 0.01605543
-3.88000000 0.02010150
-3.86000000 0.01674425
-3.84000000 0.00669902
-3.82000000 -0.00679581
-3.80000000 -0.01907556
-3.78000000 -0.02569296
-3.76000000 -0.02403140
-3.74000000 -0.01430852
-3.72000000 0.00040513
-3.70000000 0.01518528
-3.68000000 0.02494214
-3.66000000 0.02621610
-3.64000000 0.01844666
-3.62000000 0.00425182
-3.60000000 -0.01140618
-3.58000000 -0.02290287
-3.56000000 -0.02590993
-3.54000000 -0.01894873
-3.52000000 -0.00398463
-3.50000000 0.01416724
-3.48000000 0.02944183
-3.46000000 0.03659092
-3.44000000 0.03300388
-3.42000000 0.01964324
-3.40000000 0.00075438
-3.38000000 -0.01756696
-3.36000000 -0.02946403
-3.34000000 -0.03134157
-3.32000000 -0.02311030
-3.30000000 -0.00820524
-3.28000000 0.00764407
-3.26000000 0.01847255
-3.24000000 0.02024753
-3.22000000 0.01237310
-3.20000000 -0.00202055
-3.18000000 -0.01713430
-3.16000000 -0.02655826
-3.14000000 -0.02562119
-3.12000000 -0.01319917
-3.10000000 0.00767819
-3.08000000 0.03067830
-3.06000000 0.04821907
-3.04000000 0.05404135
-3.02000000 0.04541572
-3.00000000 0.02420577
-2.98000000 -0.00360878
-2.96000000 -0.02981680
-2.94000000 -0.04664264
-2.92000000 -0.04928729
-2.90000000 -0.03746653
-2.88000000 -0.01540920
-2.86000000 0.00968633
-2.84000000 0.03019609
-2.82000000 0.04071403
-2.80000000 0.03985098
-2.78000000 0.03054009
-2.76000000 0.01873479
-2.74000000 0.01097297
-2.72000000 0.01171047
-2.70000000 0.02143721
-2.68000000 0.03632881
-2.66000000 0.04963767
-2.64000000 0.05437797
-2.62000000 0.04634348
-2.60000000 0.02630911
-2.58000000 0.00049446
-2.56000000 -0.02105063
-2.54000000 -0.02773204
-2.52000000 -0.01231132
-2.50000000 0.02595227
-2.48000000 0.08013372
-2.46000000 0.13706145
-2.44000000 0.18107130
-2.42000000 0.19900191
-2.40000000 0.18481628
-2.38000000 0.14223605
-2.36000000 0.08433175
-2.34000000 0.02996930
-2.32000000 -0.00193187
-2.30000000 0.00142636
-2.28000000 0.04212880
-2.26000000 0.11015596
-2.24000000 0.18585284
-2.22000000 0.24568687
-2.20000000 0.26961695
-2.18000000 0.24778456
-2.16000000 0.18434477
-2.14000000 0.09707763
-2.12000000 0.01271801
-2.10000000 -0.04069025
-2.08000000 -0.04211484
-2.06000000 0.01605814
-2.04000000 0.12558247
-2.02000000 0.26471768
-2.00000000 0.40473599
-1.98000000 0.51857736
-1.96000000 0.58894909
-1.94000000 0.61331497
-1.92000000 0.60419485
-1.90000000 0.58469692
-1.88000000 0.58075096
-1.86000000 0.61259786
-1.84000000 0.68835452
-1.82000000 0.80181274
-1.80000000 0.93524590
-1.78000000 1.06632939
-1.76000000 1.17687457
-1.74000000 1.26039956
-1.72000000 1.32585542
-1.70000000 1.39601960
-1.68000000 1.50079329
-1.66000000 1.66734523
-1.64000000 1.91017585
-1.62000000 2.22434936
-1.60000000 2.58427561
-1.58000000 2.94876760
-1.56000000 3.27116335
-1.54000000 3.51168881
-1.52000000 3.64846525
-1.50000000 3.68388564
-1.48000000 3.64441442
-1.46000000 3.57380072
-1.44000000 3.52164210
-1.42000000 3.53059648
-1.40000000 3.62589805
-1.38000000 3.81008718
-1.36000000 4.06425640
-1.34000000 4.35515028
-1.32000000 4.64574591
-1.30000000 4.90600193
-1.28000000 5.12056552
-1.26000000 5.29130672
-1.24000000 5.43423957
-1.22000000 5.57214449
-1.20000000 5.72547296
-1.18000000 5.90451811
-1.16000000 6.10527956
-1.14000000 6.31015687
-1.12000000 6.49301624
-1.10000000 6.62681331
-1.08000000 6.69124692
-1.06000000 6.67806212
-1.04000000 6.59252603
-1.02000000 6.45092948
-1.00000000 6.27526033
-0.98000000 6.08701901
-0.96000000 5.90225144
-0.94000000 5.72925985
-0.92000000 5.56936961
-0.90000000 5.41998210
-0.88000000 5.27834545
-0.86000000 5.14430469
-0.84000000 5.02079978
-0.82000000 4.91186537
-0.80000000 4.81898006
-0.78000000 4.73739951
-0.76000000 4.65428155
-0.74000000 4.54987845
-0.72000000 4.40199795
-0.70000000 4.19268355
-0.68000000 3.91508212
-0.66000000 3.57812389
-0.64000000 3.20710095
-0.62000000 2.83939135
-0.60000000 2.51608737
-0.58000000 2.27166500
-0.56000000 2.12461478
-0.54000000 2.07185841
-0.52000000 2.08878945
-0.50000000 2.13517925
-0.48000000 2.16545950
-0.46000000 2.14056634
-0.44000000 2.03802481
-0.42000000 1.85743443
-0.40000000 1.61984815
-0.38000000 1.36131590
-0.36000000 1.12254949
-0.34000000 0.93774812
-0.32000000 0.82578464
-0.30000000 0.78615860
-0.28000000 0.80063662
-0.26000000 0.83979127
-0.24000000 0.87224340
-0.22000000 0.87372699
-0.20000000 0.83331216
-0.18000000 0.75513672
-0.16000000 0.65546215
-0.14000000 0.55631020
-0.12000000 0.47790581
-0.10000000 0.43237021
-0.08000000 0.42054644
-0.06000000 0.43271733
-0.04000000 0.45268139
-0.02000000 0.46360892
0.00000000 0.45363200
0.02000000 0.41934721
0.04000000 0.36621855
0.06000000 0.30596187
0.08000000 0.25199565
0.10000000 0.21462750
0.12000000 0.19763765
0.14000000 0.19735220
0.16000000 0.20438855
0.18000000 0.20732720
0.20000000 0.19693469
0.22000000 0.16943314
0.24000000 0.12770748
0.26000000 0.08010491
0.28000000 0.03733607
0.30000000 0.00863549
0.32000000 -0.00143850
0.34000000 0.00554975
0.36000000 0.02268545
0.38000000 0.04036413
0.40000000 0.04985018
0.42000000 0.04644439
0.44000000 0.03113328
0.46000000 0.01014865
0.48000000 -0.00738502
0.50000000 -0.01286012
0.52000000 -0.00142835
0.54000000 0.02608393
0.56000000 0.06327486
0.58000000 0.10025749
0.60000000 0.12701711
0.62000000 0.13686478
0.64000000 0.12877877
0.66000000 0.10780784
0.68000000 0.08337995
0.70000000 0.06608404
0.72000000 0.06402217
0.74000000 0.07998219
0.76000000 0.11040583
0.78000000 0.14651779
0.80000000 0.17724727
0.82000000 0.19296440
0.84000000 0.18877570
0.86000000 0.16626976
0.88000000 0.13312358
0.90000000 0.10069567
0.92000000 0.08040183
0.94000000 0.08006888
0.96000000 0.10145988
0.98000000 0.13976562
1.00000000 0.18519956
1.02000000 0.22614042
1.04000000 0.25276835
1.06000000 0.26000179
1.08000000 0.24880083
1.10000000 0.22546640
1.12000000 0.19923758
1.14000000 0.17904523
1.16000000 0.17053467
1.18000000 0.17434571
1.20000000 0.18618473
1.22000000 0.19860233
1.24000000 0.20381384
1.26000000 0.19656309
1.28000000 0.17604090
1.30000000 0.14621616
1.32000000 0.11449541
1.34000000 0.08920056
1.36000000 0.07674936
1.38000000 0.07950790
1.40000000 0.09503705
1.42000000 0.11696539
1.44000000 0.13716330
1.46000000 0.14845613
1.48000000 0.14694721
1.50000000 0.13317460
1.52000000 0.11173974
1.54000000 0.08957600
1.56000000 0.07348519
1.58000000 0.06780571
1.60000000 0.07300982
1.62000000 0.08568882
1.64000000 0.09989521
1.66000000 0.10934161
1.68000000 0.10966867
1.70000000 0.09998485
1.72000000 0.08314774
1.74000000 0.06470403
1.76000000 0.05087473
1.78000000 0.04630225
1.80000000 0.05235279
1.82000000 0.06656904
1.84000000 0.08346420
1.86000000 0.09638224
1.88000000 0.09978109
1.90000000 0.09115197
1.92000000 0.07191598
1.94000000 0.04699229
1.96000000 0.02318768
1.98000000 0.00695715
2.00000000 0.00229481
2.02000000 0.00946277
2.04000000 0.02497464
2.06000000 0.04282115
2.08000000 0.05650673
2.10000000 0.06119910
2.12000000 0.05526877
2.14000000 0.04071473
2.16000000 0.02236006
2.18000000 0.00611968
2.20000000 -0.00304916
2.22000000 -0.00280906
2.24000000 0.00583931
2.26000000 0.01900462
2.28000000 0.03133588
2.30000000 0.03792188
2.32000000 0.03599384
2.34000000 0.02584829
2.36000000 0.01068706
2.38000000 -0.00454877
2.40000000 -0.01492840
2.42000000 -0.01724788
2.44000000 -0.01111936
2.46000000 0.00093399
2.48000000 0.01439456
2.50000000 0.02434491
2.52000000 0.02717760
2.54000000 0.02182616
2.56000000 0.01009763
2.58000000 -0.00399565
2.60000000 -0.01565921
2.62000000 -0.02099093
2.64000000 -0.01832312
2.66000000 -0.00877128
2.68000000 0.00419022
2.70000000 0.01596594
2.72000000 0.02245147
2.74000000 0.02145599
2.76000000 0.01344407
2.78000000 0.00134677
2.80000000 -0.01048284
2.82000000 -0.01779952
2.84000000 -0.01794672
2.86000000 -0.01077692
2.88000000 0.00130167
2.90000000 0.01416040
2.92000000 0.02337216
2.94000000 0.02572625
2.96000000 0.02031609
2.98000000 0.00883248
3.00000000 -0.00502784
3.02000000 -0.01682462
3.04000000 -0.02286763
3.06000000 -0.02142955
3.08000000 -0.01327124
3.10000000 -0.00131526
3.12000000 0.01040208
3.14000000 0.01812517
3.16000000 0.01963461
3.18000000 0.01493678
3.20000000 0.00616508
3.22000000 -0.00325169
3.24000000 -0.00984612
3.26000000 -0.01134485
3.28000000 -0.00744626
3.30000000 0.00012052
3.32000000 0.00826192
3.34000000 0.01366371
3.36000000 0.01400030
3.38000000 0.00878046
3.40000000 -0.00046620
3.42000000 -0.01072229
3.44000000 -0.01854143
3.46000000 -0.02125641
3.48000000 -0.01791064
3.50000000 -0.00958805
3.52000000 0.00097011
3.54000000 0.01032226
3.56000000 0.01551834
3.58000000 0.01510827
3.60000000 0.00961651
3.62000000 0.00132199
3.64000000 -0.00657272
3.66000000 -0.01108639
3.68000000 -0.01051375
3.70000000 -0.00502035
3.72000000 0.00342781
3.74000000 0.01177095
3.76000000 0.01694607
3.78000000 0.01697638
3.80000000 0.01167642
3.82000000 0.00272657
3.84000000 -0.00690765
3.86000000 -0.01400662
3.88000000 -0.01621626
3.90000000 -0.01286481
3.92000000 -0.00519259
3.94000000 0.00408394
3.96000000 0.01171997
3.98000000 0.01507038
