-4.00000000 0.00639542
-3.98000000 0.00665214
-3.96000000 0.00406259
-3.94000000 -0.00080435
-3.92000000 -0.00657533
-3.90000000 -0.01151833
-3.88000000 -0.01412364
-3.86000000 -0.01361810
-3.84000000 -0.01023113
-3.82000000 -0.00511546
-3.80000000 0.00005336
-3.78000000 0.00366027
-3.76000000 0.00471118
-3.74000000 0.00317114
-3.72000000 -0.00004286
-3.70000000 -0.00341418
-3.68000000 -0.00539927
-3.66000000 -0.00501451
-3.64000000 -0.00222157
-3.62000000 0.00203442
-3.60000000 0.00615602
-3.58000000 0.00848107
-3.56000000 0.00791652
-3.54000000 0.00438499
-3.52000000 -0.00108816
-3.50000000 -0.00669356
-3.48000000 -0.01046136
-3.46000000 -0.01097358
-3.44000000 -0.00790801
-3.42000000 -0.00220798
-3.40000000 0.00420033
-3.38000000 0.00906025
-3.36000000 0.01058654
-3.34000000 0.00813396
-3.32000000 0.00248551
-3.30000000 -0.00435956
-3.28000000 -0.00984354
-3.26000000 -0.01173706
-3.24000000 -0.00894741
-3.22000000 -0.00195644
-3.20000000 0.00728323
-3.18000000 0.01597875
-3.16000000 0.02145038
-3.14000000 0.02208085
-3.12000000 0.01792149
-3.10000000 0.01072435
-3.08000000 0.00336421
-3.06000000 -0.00117014
-3.04000000 -0.00087483
-3.02000000 0.00446825
-3.00000000 0.01308932
-2.98000000 0.02173159
-2.96000000 0.02671760
-2.94000000 0.02523954
-2.92000000 0.01643859
-2.90000000 0.00189106
-2.88000000 -0.01469451
-2.86000000 -0.02850531
-2.84000000 -0.03506696
-2.82000000 -0.03164243
-2.80000000 -0.01813160
-2.78000000 0.00282828
-2.76000000 0.02660230
-2.74000000 0.04790416
-2.72000000 0.06231841
-2.70000000 0.06751562
-2.68000000 0.06378787
-2.66000000 0.05376680
-2.64000000 0.04146251
-2.62000000 0.03098313
-2.60000000 0.02538318
-2.58000000 0.02601438
-2.56000000 0.03254507
-2.54000000 0.04355167
-2.52000000 0.05736797
-2.50000000 0.07279003
-2.48000000 0.08931192
-2.46000000 0.10678560
-2.44000000 0.12467209
-2.42000000 0.14127279
-2.40000000 0.15340203
-2.38000000 0.15683880
-2.36000000 0.14760659
-2.34000000 0.12376979
-2.32000000 0.08713873
-2.30000000 0.04416811
-2.28000000 0.00548460
-2.26000000 -0.01613063
-2.24000000 -0.00895823
-2.22000000 0.03407090
-2.20000000 0.11250867
-2.18000000 0.21727026
-2.16000000 0.33186872
-2.14000000 0.43594082
-2.12000000 0.51027714
-2.10000000 0.54202195
-2.08000000 0.52853343
-2.06000000 0.47867795
-2.04000000 0.41102016
-2.02000000 0.34927138
-2.00000000 0.31620098
-1.98000000 0.32772857
-1.96000000 0.38891929
-1.94000000 0.49307434
-1.92000000 0.62419004
-1.90000000 0.76202711
-1.88000000 0.88821370
-1.86000000 0.99147132
-1.84000000 1.07032528
-1.82000000 1.13247260
-1.80000000 1.19108200
-1.78000000 1.25933945
-1.76000000 1.34518131
-1.74000000 1.44814827
-1.72000000 1.55962164
-1.70000000 1.66656151
-1.68000000 1.75761391
-1.66000000 1.82950655
-1.64000000 1.89134918
-1.62000000 1.96494056
-1.60000000 2.08035593
-1.58000000 2.26761040
-1.56000000 2.54659605
-1.54000000 2.91830973
-1.52000000 3.36032110
-1.50000000 3.82843044
-1.48000000 4.26478036
-1.46000000 4.61078578
-1.44000000 4.82169857
-1.42000000 4.87891060
-1.40000000 4.79647944
-1.38000000 4.61977213
-1.36000000 4.41619442
-1.34000000 4.26012866
-1.32000000 4.21582488
-1.30000000 4.32260256
-1.28000000 4.58613575
-1.26000000 4.97796881
-1.24000000 5.44320187
-1.22000000 5.91412144
-1.20000000 6.32604276
-1.18000000 6.63119143
-1.16000000 6.80718312
-1.14000000 6.85831897
-1.12000000 6.80999747
-1.10000000 6.69843387
-1.08000000 6.55903759
-1.06000000 6.41691935
-1.04000000 6.28209550
-1.02000000 6.15034402
-1.00000000 6.00886296
-0.98000000 5.84444137
-0.96000000 5.65119716
-0.94000000 5.43523166
-0.92000000 5.21466449
-0.90000000 5.01506580
-0.88000000 4.86179687
-0.86000000 4.77174111
-0.84000000 4.74707392
-0.82000000 4.77305665
-0.80000000 4.82058336
-0.78000000 4.85276599
-0.76000000 4.83366435
-0.74000000 4.73670055
-0.72000000 4.55048737
-0.70000000 4.28064974
-0.68000000 3.94743541
-0.66000000 3.58010207
-0.64000000 3.20987626
-0.62000000 2.86348684
-0.60000000 2.55886882
-0.58000000 2.30379345
-0.56000000 2.09721182
-0.54000000 1.93232400
-0.52000000 1.80003556
-0.50000000 1.69160975
-0.48000000 1.59986259
-0.46000000 1.51894877
-0.44000000 1.44337650
-0.42000000 1.36715401
-0.40000000 1.28382741
-0.38000000 1.18769109
-0.36000000 1.07583760
-0.34000000 0.95021426
-0.32000000 0.81867573
-0.30000000 0.69425515
-0.28000000 0.59245792
-0.26000000 0.52711309
-0.24000000 0.50593687
-0.22000000 0.52723261
-0.20000000 0.57894938
-0.18000000 0.64068027
-0.16000000 0.68829116
-0.14000000 0.70001361
-0.12000000 0.66229760
-0.10000000 0.57369194
-0.08000000 0.44553449
-0.06000000 0.29914693
-0.04000000 0.16026396
-0.02000000 0.05226227
0.00000000 -0.00987336
0.02000000 -0.02312324
0.04000000 0.00344188
0.06000000 0.05193555
0.08000000 0.10127228
0.10000000 0.13339126
0.12000000 0.13821697
0.14000000 0.11592596
0.16000000 0.07595764
0.18000000 0.03322656
0.20000000 0.00284242
0.22000000 -0.00493859
0.24000000 0.01205667
0.26000000 0.04746458
0.28000000 0.08874861
0.30000000 0.12152184
0.32000000 0.13436800
0.34000000 0.12258359
0.36000000 0.08965429
0.38000000 0.04604023
0.40000000 0.00572257
0.42000000 -0.01832543
0.44000000 -0.01826067
0.46000000 0.00623131
0.48000000 0.04799485
0.50000000 0.09484677
0.52000000 0.13356773
0.54000000 0.15413038
0.56000000 0.15280786
0.58000000 0.13319696
0.60000000 0.10487959
0.62000000 0.08020604
0.64000000 0.07026848
0.66000000 0.08136173
0.68000000 0.11303808
0.70000000 0.15832653
0.72000000 0.20598615
0.74000000 0.24402680
0.76000000 0.26335780
0.78000000 0.26042570
0.80000000 0.23806240
0.82000000 0.20435565
0.84000000 0.16998006
0.86000000 0.14488613
0.88000000 0.13540136
0.90000000 0.14261297
0.92000000 0.16245318
0.94000000 0.18735004
0.96000000 0.20882404
0.98000000 0.22015304
1.00000000 0.21826639
1.02000000 0.20433323
1.04000000 0.18296751
1.06000000 0.16042353
1.08000000 0.14245558
1.10000000 0.13257247
1.12000000 0.13122909
1.14000000 0.13613987
1.16000000 0.14350265
1.18000000 0.14962280
1.20000000 0.15232213
1.22000000 0.15163208
1.24000000 0.14955542
1.26000000 0.14902934
1.28000000 0.15251101
1.30000000 0.16073669
1.32000000 0.17213504
1.34000000 0.18313480
1.36000000 0.18928294
1.38000000 0.18679626
1.40000000 0.17400794
1.42000000 0.15219544
1.44000000 0.12547731
1.46000000 0.09977467
1.48000000 0.08114354
1.50000000 0.07399468
1.52000000 0.07975780
1.54000000 0.09640781
1.56000000 0.11899881
1.58000000 0.14103759
1.60000000 0.15627430
1.62000000 0.16037175
1.64000000 0.15197021
1.66000000 0.13286654
1.68000000 0.10730581
1.70000000 0.08064897
1.72000000 0.05784948
1.74000000 0.04219673
1.76000000 0.03466739
1.78000000 0.03401221
1.80000000 0.03747045
1.82000000 0.04182327
1.84000000 0.04442318
1.86000000 0.04388512
1.88000000 0.04026821
1.90000000 0.03476139
1.92000000 0.02904614
1.94000000 0.02459552
1.96000000 0.02215770
1.98000000 0.02157938
2.00000000 0.02198696
2.02000000 0.02221552
2.04000000 0.02129862
2.06000000 0.01883084
2.08000000 0.01508066
2.10000000 0.01083629
2.12000000 0.00706870
2.14000000 0.00455714
2.16000000 0.00362447
2.18000000 0.00407470
2.20000000 0.00533937
2.22000000 0.00675621
2.24000000 0.00785608
2.26000000 0.00853790
2.28000000 0.00906320
2.30000000 0.00987960
2.32000000 0.01135434
2.34000000 0.01353656
2.36000000 0.01605588
2.38000000 0.01820946
2.40000000 0.01921203
2.42000000 0.01851434
2.44000000 0.01606220
2.46000000 0.01238490
2.48000000 0.00846339
2.50000000 0.00541214
2.52000000 0.00408289
2.54000000 0.00473529
2.56000000 0.00690217
2.58000000 0.00951206
2.60000000 0.01123943
2.62000000 0.01096830
2.64000000 0.00820848
2.66000000 0.00331312
2.68000000 -0.00258863
2.70000000 -0.00793265
2.72000000 -0.01122598
2.74000000 -0.01154860
2.76000000 -0.00887759
2.78000000 -0.00411780
2.80000000 0.00117811
2.82000000 0.00531064
2.84000000 0.00698879
2.86000000 0.00575219
2.88000000 0.00211650
2.90000000 -0.00260796
2.92000000 -0.00676293
2.94000000 -0.00890210
2.96000000 -0.00827371
2.98000000 -0.00506220
3.00000000 -0.00030903
3.02000000 0.00445685
3.04000000 0.00774828
3.06000000 0.00862451
3.08000000 0.00699702
3.10000000 0.00363287
3.12000000 -0.00014117
3.14000000 -0.00292611
3.16000000 -0.00375527
3.18000000 -0.00243676
3.20000000 0.00038754
3.22000000 0.00348657
3.24000000 0.00550055
3.26000000 0.00545240
3.28000000 0.00312578
3.30000000 -0.00082796
3.32000000 -0.00509702
3.34000000 -0.00816190
3.36000000 -0.00883711
3.38000000 -0.00671099
3.40000000 -0.00232567
3.42000000 0.00297262
3.44000000 0.00746849
3.46000000 0.00965298
3.48000000 0.00874439
3.50000000 0.00497389
3.52000000 -0.00046587
3.54000000 -0.00579748
3.56000000 -0.00923818
3.58000000 -0.00958918
3.60000000 -0.00663719
3.62000000 -0.00123265
3.64000000 0.00498285
3.66000000 0.01010982
3.68000000 0.01260735
3.70000000 0.01178820
3.72000000 0.00802933
3.74000000 0.00263091
3.76000000 -0.00262540
3.78000000 -0.00606813
3.80000000 -0.00667895
3.82000000 -0.00440739
3.84000000 -0.00015693
3.86000000 0.00454593
3.88000000 0.00808186
3.90000000 0.00928586
3.92000000 0.00782685
3.94000000 0.00429567
3.96000000 -0.00002149
3.98000000 -0.00359996
