-4.00000000 0.05203313
-3.98000000 0.04586014
-3.96000000 0.03285361
-3.94000000 0.01484091
-3.92000000 -0.00415614
-3.90000000 -0.01911063
-3.88000000 -0.02567504
-3.86000000 -0.02178778
-3.84000000 -0.00861590
-3.82000000 0.00955680
-3.80000000 0.02654217
-3.78000000 0.03622350
-3.76000000 0.03466924
-3.74000000 0.02166974
-3.72000000 0.00113348
-3.70000000 -0.01986768
-3.68000000 -0.03317139
-3.66000000 -0.03209461
-3.64000000 -0.01368097
-3.62000000 0.02012769
-3.60000000 0.06282796
-3.58000000 0.10515529
-3.56000000 0.13782217
-3.54000000 0.15434365
-3.52000000 0.15304405
-3.50000000 0.13757940
-3.48000000 0.11577615
-3.46000000 0.09713004
-3.44000000 0.08975242
-3.42000000 0.09774646
-3.40000000 0.11987229
-3.38000000 0.14995242
-3.36000000 0.17890645
-3.34000000 0.19776802
-3.32000000 0.20070592
-3.30000000 0.18705656
-3.28000000 0.16168559
-3.26000000 0.13353585
-3.24000000 0.11281022
-3.22000000 0.10768943
-3.20000000 0.12164471
-3.18000000 0.15221978
-3.16000000 0.19168421
-3.14000000 0.22935444
-3.12000000 0.25483862
-3.10000000 0.26116512
-3.08000000 0.24679884
-3.06000000 0.21591975
-3.04000000 0.17691110
-3.02000000 0.13958894
-3.00000000 0.11210695
-2.98000000 0.09855768
-2.96000000 0.09803660
-2.94000000 0.10542791
-2.92000000 0.11358358
-2.90000000 0.11609973
-2.88000000 0.10970620
-2.86000000 0.09543722
-2.84000000 0.07819086
-2.82000000 0.06485810
-2.80000000 0.06170953
-2.78000000 0.07199219
-2.76000000 0.09461620
-2.74000000 0.12442457
-2.72000000 0.15397321
-2.70000000 0.17619925
-2.68000000 0.18702057
-2.66000000 0.18690974
-2.64000000 0.18083077
-2.62000000 0.17650137
-2.60000000 0.18155111
-2.58000000 0.20057032
-2.56000000 0.23312943
-2.54000000 0.27355084
-2.52000000 0.31262401
-2.50000000 0.34076692
-2.48000000 0.35158854
-2.46000000 0.34459829
-2.44000000 0.32602641
-2.42000000 0.30731181
-2.40000000 0.30159407
-2.38000000 0.31925725
-2.36000000 0.36396963
-2.34000000 0.43059578
-2.32000000 0.50582546
-2.30000000 0.57152354
-2.28000000 0.60992052
-2.26000000 0.60912220
-2.24000000 0.56723980
-2.22000000 0.49380016
-2.20000000 0.40789311
-2.18000000 0.33350457
-2.16000000 0.29335706
-2.14000000 0.30305459
-2.12000000 0.36724729
-2.10000000 0.47891437
-2.08000000 0.62190303
-2.06000000 0.77586220
-2.04000000 0.92199129
-2.02000000 1.04781669
-2.00000000 1.14957534
-1.98000000 1.23160330
-1.96000000 1.30312662
-1.94000000 1.37370078
-1.92000000 1.44896380
-1.90000000 1.52821739
-1.88000000 1.60468304
-1.86000000 1.66832110
-1.84000000 1.71017740
-1.82000000 1.72665082
-1.80000000 1.72205980
-1.78000000 1.70844184
-1.76000000 1.70247053
-1.74000000 1.72040197
-1.72000000 1.77271463
-1.70000000 1.86031510
-1.68000000 1.97375202
-1.66000000 2.09593128
-1.64000000 2.20765589
-1.62000000 2.29430688
-1.60000000 2.35148373
-1.58000000 2.38762433
-1.56000000 2.42249285
-1.54000000 2.48170802
-1.52000000 2.58878440
-1.50000000 2.75705663
-1.48000000 2.98404425
-1.46000000 3.25020023
-1.44000000 3.52273157
-1.42000000 3.76365173
-1.40000000 3.93989020
-1.38000000 4.03256373
-1.36000000 4.04264820
-1.34000000 3.99126439
-1.32000000 3.91432842
-1.30000000 3.85296653
-1.28000000 3.84235837
-1.26000000 3.90216730
-1.24000000 4.03128385
-1.22000000 4.20837018
-1.20000000 4.39801424
-1.18000000 4.56068058
-1.16000000 4.66356231
-1.14000000 4.68921460
-1.12000000 4.63954507
-1.10000000 4.53413685
-1.08000000 4.40356109
-1.06000000 4.27979555
-1.04000000 4.18667175
-1.02000000 4.13319688
-1.00000000 4.11167365
-0.98000000 4.10106285
-0.96000000 4.07444940
-0.94000000 4.00825863
-0.92000000 3.89038062
-0.90000000 3.72472890
-0.88000000 3.53086053
-0.86000000 3.33877585
-0.84000000 3.18044886
-0.82000000 3.08059066
-0.80000000 3.04934846
-0.78000000 3.07904956
-0.76000000 3.14590505
-0.74000000 3.21615447
-0.72000000 3.25488266
-0.70000000 3.23502769
-0.68000000 3.14411177
-0.66000000 2.98693652
-0.64000000 2.78366116
-0.62000000 2.56397457
-0.60000000 2.35910892
-0.58000000 2.19394412
-0.56000000 2.08130475
-0.54000000 2.01983014
-0.52000000 1.99573989
-0.50000000 1.98773550
-0.48000000 1.97347850
-0.46000000 1.93577023
-0.44000000 1.86678198
-0.42000000 1.76934619
-0.40000000 1.65520279
-0.38000000 1.54093693
-0.36000000 1.44291587
-0.34000000 1.37269666
-0.32000000 1.33412203
-0.30000000 1.32275567
-0.28000000 1.32761333
-0.26000000 1.33452591
-0.24000000 1.33008788
-0.22000000 1.30508135
-0.20000000 1.25650932
-0.18000000 1.18782466
-0.16000000 1.10746099
-0.14000000 1.02621103
-0.12000000 0.95424787
-0.10000000 0.89859863
-0.08000000 0.86168025
-0.06000000 0.84116870
-0.04000000 0.83110046
-0.02000000 0.82379843
0.00000000 0.81204498
0.02000000 0.79092106
0.04000000 0.75887340
0.06000000 0.71781079
0.08000000 0.67229468
0.10000000 0.62811102
0.12000000 0.59064023
0.14000000 0.56345747
0.16000000 0.54750314
0.18000000 0.54099575
0.20000000 0.54006090
0.22000000 0.53987206
0.24000000 0.53598065
0.26000000 0.52548167
0.28000000 0.50771845
0.30000000 0.48436048
0.32000000 0.45885642
0.34000000 0.43542744
0.36000000 0.41788309
0.38000000 0.40858224
0.40000000 0.40781560
0.42000000 0.41376600
0.44000000 0.42304123
0.46000000 0.43161525
0.48000000 0.43590317
0.50000000 0.43366384
0.52000000 0.42448137
0.54000000 0.40970683
0.56000000 0.39190437
0.58000000 0.37399433
0.60000000 0.35837243
0.62000000 0.34628289
0.64000000 0.33763429
0.66000000 0.33129686
0.68000000 0.32575853
0.70000000 0.31989531
0.72000000 0.31357128
0.74000000 0.30783874
0.76000000 0.30464492
0.78000000 0.30612271
0.80000000 0.31369482
0.82000000 0.32730004
0.84000000 0.34502836
0.86000000 0.36333125
0.88000000 0.37779145
0.90000000 0.38424999
0.92000000 0.37995935
0.94000000 0.36440491
0.96000000 0.33952511
0.98000000 0.30923929
1.00000000 0.27840634
1.02000000 0.25151904
1.04000000 0.23152855
1.06000000 0.21915976
1.08000000 0.21292887
1.10000000 0.20985462
1.12000000 0.20663355
1.14000000 0.20089705
1.16000000 0.19213585
1.18000000 0.18197671
1.20000000 0.17369901
1.22000000 0.17112210
1.24000000 0.17720229
1.26000000 0.19278395
1.28000000 0.21591809
1.30000000 0.24200071
1.32000000 0.26474022
1.34000000 0.27771136
1.36000000 0.27606950
1.38000000 0.25793978
1.40000000 0.22507802
1.42000000 0.18260189
1.44000000 0.13784964
1.46000000 0.09866567
1.48000000 0.07156616
1.50000000 0.06026283
1.52000000 0.06491397
1.54000000 0.08226562
1.56000000 0.10660394
1.58000000 0.13123149
1.60000000 0.15006250
1.62000000 0.15893172
1.64000000 0.15631997
1.66000000 0.14337896
1.68000000 0.12333215
1.70000000 0.10048140
1.72000000 0.07912335
1.74000000 0.06266098
1.76000000 0.05310093
1.78000000 0.05099127
1.80000000 0.05572196
1.82000000 0.06601886
1.84000000 0.08043407
1.86000000 0.09767155
1.88000000 0.11666863
1.90000000 0.13645177
1.92000000 0.15586740
1.94000000 0.17333166
1.96000000 0.18673684
1.98000000 0.19360168
2.00000000 0.19147428
2.02000000 0.17851360
2.04000000 0.15411016
2.06000000 0.11937680
2.08000000 0.07735251
2.10000000 0.03281562
2.12000000 -0.00831518
2.14000000 -0.03991849
2.16000000 -0.05678547
2.18000000 -0.05569253
2.20000000 -0.03619384
2.22000000 -0.00093172
2.24000000 0.04465213
2.26000000 0.09319913
2.28000000 0.13676910
2.30000000 0.16836932
2.32000000 0.18334927
2.34000000 0.18033666
2.36000000 0.16147504
2.38000000 0.13187610
2.40000000 0.09838905
2.42000000 0.06796703
2.44000000 0.04602824
2.46000000 0.03522868
2.48000000 0.03497106
2.50000000 0.04178745
2.52000000 0.05049830
2.54000000 0.05583095
2.56000000 0.05404209
2.58000000 0.04407530
2.60000000 0.02790731
2.62000000 0.00996678
2.64000000 -0.00421822
2.66000000 -0.00975142
2.68000000 -0.00395969
2.70000000 0.01264782
2.72000000 0.03636722
2.74000000 0.06126865
2.76000000 0.08088096
2.78000000 0.09009818
2.80000000 0.08673025
2.82000000 0.07221249
2.84000000 0.05123348
2.86000000 0.03036729
2.88000000 0.01610551
2.90000000 0.01287942
2.92000000 0.02167958
2.94000000 0.03970928
2.96000000 0.06119783
2.98000000 0.07914353
3.00000000 0.08746396
3.02000000 0.08289598
3.04000000 0.06605400
3.06000000 0.04130673
3.08000000 0.01549346
3.10000000 -0.00413913
3.12000000 -0.01215203
3.14000000 -0.00659870
3.16000000 0.01034613
3.18000000 0.03301823
3.20000000 0.05397286
3.22000000 0.06625353
3.24000000 0.06552676
3.26000000 0.05142605
3.28000000 0.02768882
3.30000000 0.00103917
3.32000000 -0.02084551
3.34000000 -0.03166536
3.36000000 -0.02841674
3.38000000 -0.01231645
3.40000000 0.01154605
3.42000000 0.03571825
3.44000000 0.05259504
3.46000000 0.05666182
3.48000000 0.04610093
3.50000000 0.02329304
3.52000000 -0.00591511
3.54000000 -0.03393455
3.56000000 -0.05361765
3.58000000 -0.06024856
3.60000000 -0.05276595
3.62000000 -0.03389188
3.64000000 -0.00917811
3.66000000 0.01469924
3.68000000 0.03185914
3.70000000 0.03877749
3.72000000 0.03505906
3.74000000 0.02324991
3.76000000 0.00781919
3.78000000 -0.00632051
3.80000000 -0.01527339
3.82000000 -0.01716470
3.84000000 -0.01242875
3.86000000 -0.00336479
3.88000000 0.00682493
3.90000000 0.01515588
3.92000000 0.01976472
3.94000000 0.02032509
3.96000000 0.01789186
3.98000000 0.01428933
