-4.00000000 0.03933228
-3.98000000 0.03304073
-3.96000000 0.02389007
-3.94000000 0.01322568
-3.92000000 0.00267325
-3.90000000 -0.00620941
-3.88000000 -0.01218739
-3.86000000 -0.01447521
-3.84000000 -0.01275831
-3.82000000 -0.00716782
-3.80000000 0.00173529
-3.78000000 0.01294733
-3.76000000 0.02501122
-3.74000000 0.03607718
-3.72000000 0.04410523
-3.70000000 0.04723753
-3.68000000 0.04429314
-3.66000000 0.03525787
-3.64000000 0.02159378
-3.62000000 0.00620422
-3.60000000 -0.00702951
-3.58000000 -0.01409301
-3.56000000 -0.01187649
-3.54000000 0.00088430
-3.52000000 0.02307124
-3.50000000 0.05127282
-3.48000000 0.08054815
-3.46000000 0.10570362
-3.44000000 0.12273724
-3.42000000 0.13001718
-3.40000000 0.12880660
-3.38000000 0.12292395
-3.36000000 0.11758979
-3.34000000 0.11777794
-3.32000000 0.12657192
-3.30000000 0.14405991
-3.28000000 0.16716123
-3.26000000 0.19049742
-3.24000000 0.20808541
-3.22000000 0.21534492
-3.20000000 0.21077546
-3.18000000 0.19672427
-3.16000000 0.17892713
-3.14000000 0.16488534
-3.12000000 0.16152687
-3.10000000 0.17286295
-3.08000000 0.19839893
-3.06000000 0.23286382
-3.04000000 0.26743485
-3.02000000 0.29216697
-3.00000000 0.29893829
-2.98000000 0.28402249
-2.96000000 0.24947037
-2.94000000 0.20281624
-2.92000000 0.15512425
-2.90000000 0.11790492
-2.88000000 0.09980005
-2.86000000 0.10403491
-2.84000000 0.12742932
-2.82000000 0.16130083
-2.80000000 0.19402009
-2.78000000 0.21446841
-2.76000000 0.21536036
-2.74000000 0.19542419
-2.72000000 0.15977584
-2.70000000 0.11837390
-2.68000000 0.08303429
-2.66000000 0.06392781
-2.64000000 0.06664217
-2.62000000 0.09070998
-2.60000000 0.13004207
-2.58000000 0.17510522
-2.56000000 0.21613555
-2.54000000 0.24635561
-2.52000000 0.26416781
-2.50000000 0.27362687
-2.48000000 0.28304362
-2.46000000 0.30216747
-2.44000000 0.33884460
-2.42000000 0.39621237
-2.40000000 0.47131695
-2.38000000 0.55558912
-2.36000000 0.63702922
-2.34000000 0.70342320
-2.32000000 0.74560609
-2.30000000 0.75979840
-2.28000000 0.74835756
-2.26000000 0.71879902
-2.24000000 0.68148239
-2.22000000 0.64674952
-2.20000000 0.62242269
-2.18000000 0.61239139
-2.16000000 0.61660710
-2.14000000 0.63231282
-2.12000000 0.65592943
-2.10000000 0.68484030
-2.08000000 0.71841541
-2.06000000 0.75795229
-2.04000000 0.80565637
-2.02000000 0.86317089
-2.00000000 0.93035087
-1.98000000 1.00488327
-1.96000000 1.08301475
-1.94000000 1.16118071
-1.92000000 1.23790979
-1.90000000 1.31517260
-1.88000000 1.39845076
-1.86000000 1.49521051
-1.84000000 1.61205239
-1.82000000 1.75137638
-1.80000000 1.90873998
-1.78000000 2.07204680
-1.76000000 2.22325297
-1.74000000 2.34252527
-1.72000000 2.41394719
-1.70000000 2.43121678
-1.68000000 2.40154687
-1.66000000 2.34628413
-1.64000000 2.29756701
-1.62000000 2.29144402
-1.60000000 2.35896215
-1.58000000 2.51748319
-1.56000000 2.76464325
-1.54000000 3.07684790
-1.52000000 3.41309798
-1.50000000 3.72354807
-1.48000000 3.96088733
-1.46000000 4.09177376
-1.44000000 4.10540363
-1.42000000 4.01692436
-1.40000000 3.86465476
-1.38000000 3.70163598
-1.36000000 3.58348841
-1.34000000 3.55550685
-1.32000000 3.64213343
-1.30000000 3.84135265
-1.28000000 4.12531468
-1.26000000 4.44694270
-1.24000000 4.75082028
-1.22000000 4.98565872
-1.20000000 5.11534963
-1.18000000 5.12606465
-1.16000000 5.02792585
-1.14000000 4.85114203
-1.12000000 4.63783042
-1.10000000 4.43169492
-1.08000000 4.26810042
-1.06000000 4.16681712
-1.04000000 4.12892084
-1.02000000 4.13825426
-1.00000000 4.16676398
-0.98000000 4.18218689
-0.96000000 4.15614245
-0.94000000 4.07075161
-0.92000000 3.92238706
-0.90000000 3.72191289
-0.88000000 3.49160054
-0.86000000 3.25962376
-0.84000000 3.05349703
-0.82000000 2.89395832
-0.80000000 2.79060981
-0.78000000 2.74018589
-0.76000000 2.72772312
-0.74000000 2.73028625
-0.72000000 2.72237806
-0.70000000 2.68182459
-0.68000000 2.59484194
-0.66000000 2.45917180
-0.64000000 2.28458802
-0.62000000 2.09064749
-0.60000000 1.90217267
-0.58000000 1.74347839
-0.56000000 1.63267096
-0.54000000 1.57736694
-0.52000000 1.57287955
-0.50000000 1.60335497
-0.48000000 1.64563100
-0.46000000 1.67490771
-0.44000000 1.67083966
-0.42000000 1.62251713
-0.40000000 1.53105567
-0.38000000 1.40910904
-0.36000000 1.27741584
-0.34000000 1.15927735
-0.32000000 1.07442617
-0.30000000 1.03392196
-0.28000000 1.03744096
-0.26000000 1.07367502
-0.24000000 1.12369917
-0.22000000 1.16634271
-0.20000000 1.18404248
-0.18000000 1.16753091
-0.16000000 1.11805520
-0.14000000 1.04654152
-0.12000000 0.97000244
-0.10000000 0.90627898
-0.08000000 0.86867818
-0.06000000 0.86207626
-0.04000000 0.88160330
-0.02000000 0.91424726
0.00000000 0.94284492
0.02000000 0.95122735
0.04000000 0.92896457
0.06000000 0.87430338
0.08000000 0.79446134
0.10000000 0.70325298
0.12000000 0.61683024
0.14000000 0.54887227
0.16000000 0.50669611
0.18000000 0.48944228
0.20000000 0.48882519
0.22000000 0.49213652
0.24000000 0.48650216
0.26000000 0.46303138
0.28000000 0.41956650
0.30000000 0.36121467
0.32000000 0.29856255
0.34000000 0.24421038
0.36000000 0.20877976
0.38000000 0.19768902
0.40000000 0.20971272
0.42000000 0.23774098
0.44000000 0.27142888
0.46000000 0.30080911
0.48000000 0.31963357
0.50000000 0.32730845
0.52000000 0.32876051
0.54000000 0.33226620
0.56000000 0.34596498
0.58000000 0.37423874
0.60000000 0.41521877
0.62000000 0.46034937
0.64000000 0.49629216
0.66000000 0.50869995
0.68000000 0.48676120
0.70000000 0.42711730
0.72000000 0.33588525
0.74000000 0.22804626
0.76000000 0.12422968
0.78000000 0.04570098
0.80000000 0.00891540
0.82000000 0.02115688
0.84000000 0.07849597
0.86000000 0.16665306
0.88000000 0.26453760
0.90000000 0.34948919
0.92000000 0.40278869
0.94000000 0.41396617
0.96000000 0.38280931
0.98000000 0.31865165
1.00000000 0.23728945
1.02000000 0.15651242
1.04000000 0.09155890
1.06000000 0.05173752
1.08000000 0.03903546
1.10000000 0.04889919
1.12000000 0.07272697
1.14000000 0.10114585
1.16000000 0.12699117
1.18000000 0.14709133
1.20000000 0.16241041
1.22000000 0.17666218
1.24000000 0.19400089
1.26000000 0.21666570
1.28000000 0.24343134
1.30000000 0.26941697
1.32000000 0.28733390
1.34000000 0.28976732
1.36000000 0.27174172
1.38000000 0.23272144
1.40000000 0.17737253
1.42000000 0.11479912
1.44000000 0.05644193
1.46000000 0.01323890
1.48000000 -0.00712903
1.50000000 -0.00211440
1.52000000 0.02522032
1.54000000 0.06722713
1.56000000 0.11385725
1.58000000 0.15533930
1.60000000 0.18456744
1.62000000 0.19853834
1.64000000 0.19849150
1.66000000 0.18881378
1.68000000 0.17513967
1.70000000 0.16230068
1.72000000 0.15278857
1.74000000 0.14620088
1.76000000 0.13980127
1.78000000 0.12995921
1.80000000 0.11394976
1.82000000 0.09148078
1.84000000 0.06540368
1.86000000 0.04132589
1.88000000 0.02619369
1.90000000 0.02624591
1.92000000 0.04494991
1.94000000 0.08155764
1.96000000 0.13075374
1.98000000 0.18355964
2.00000000 0.22929768
2.02000000 0.25811357
2.04000000 0.26339109
2.06000000 0.24341614
2.08000000 0.20184840
2.10000000 0.14687992
2.12000000 0.08930777
2.14000000 0.04002701
2.16000000 0.00758570
2.18000000 -0.00359657
2.20000000 0.00605784
2.22000000 0.03174933
2.24000000 0.06574749
2.26000000 0.09938761
2.28000000 0.12507994
2.30000000 0.13783887
2.32000000 0.13601022
2.34000000 0.12111596
2.36000000 0.09697524
2.38000000 0.06843160
2.40000000 0.04007842
2.42000000 0.01531944
2.44000000 -0.00404246
2.46000000 -0.01767794
2.48000000 -0.02621750
2.50000000 -0.03059967
2.52000000 -0.03153528
2.54000000 -0.02926471
2.56000000 -0.02365646
2.58000000 -0.01456220
2.60000000 -0.00224988
2.62000000 0.01228747
2.64000000 0.02729950
2.66000000 0.04056960
2.68000000 0.04995422
2.70000000 0.05399788
2.72000000 0.05241320
2.74000000 0.04624903
2.76000000 0.03766554
2.78000000 0.02936207
2.80000000 0.02381907
2.82000000 0.02258298
2.84000000 0.02581725
2.86000000 0.03226588
2.88000000 0.03964960
2.90000000 0.04537981
2.92000000 0.04737327
2.94000000 0.04471536
2.96000000 0.03796320
2.98000000 0.02898954
3.00000000 0.02041105
3.02000000 0.01477562
3.04000000 0.01376082
3.06000000 0.01763611
3.08000000 0.02516144
3.10000000 0.03396063
3.12000000 0.04125943
3.14000000 0.04476181
3.16000000 0.04339169
3.18000000 0.03766432
3.20000000 0.02956383
3.22000000 0.02195446
3.24000000 0.01769885
3.26000000 0.01874964
3.28000000 0.02549398
3.30000000 0.03655713
3.32000000 0.04913450
3.34000000 0.05976224
3.36000000 0.06530292
3.38000000 0.06385661
3.40000000 0.05532749
3.42000000 0.04147807
3.44000000 0.02545376
3.46000000 0.01091663
3.48000000 0.00104041
3.50000000 -0.00234359
3.52000000 0.00079153
3.54000000 0.00872160
3.56000000 0.01851094
3.58000000 0.02686989
3.60000000 0.03107596
3.62000000 0.02969531
3.64000000 0.02290971
3.66000000 0.01237653
3.68000000 0.00068730
3.70000000 -0.00939777
3.72000000 -0.01570800
3.74000000 -0.01719893
3.76000000 -0.01413209
3.78000000 -0.00787593
3.80000000 -0.00041794
3.82000000 0.00624568
3.84000000 0.01065493
3.86000000 0.01221528
3.88000000 0.01123926
3.90000000 0.00872208
3.92000000 0.00595003
3.94000000 0.00407980
3.96000000 0.00381873
3.98000000 0.00528813
