-4.00000000 -0.01531840
-3.98000000 -0.01053615
-3.96000000 -0.00314596
-3.94000000 0.00514895
-3.92000000 0.01239423
-3.90000000 0.01684391
-3.88000000 0.01737998
-3.86000000 0.01379155
-3.84000000 0.00684429
-3.82000000 -0.00188085
-3.80000000 -0.01034615
-3.78000000 -0.01653189
-3.76000000 -0.01891695
-3.74000000 -0.01685136
-3.72000000 -0.01072966
-3.70000000 -0.00191982
-3.68000000 0.00754076
-3.66000000 0.01541506
-3.64000000 0.01979397
-3.62000000 0.01955754
-3.60000000 0.01465888
-3.58000000 0.00615927
-3.56000000 -0.00399930
-3.54000000 -0.01343607
-3.52000000 -0.01988776
-3.50000000 -0.02174956
-3.48000000 -0.01847205
-3.46000000 -0.01071632
-3.44000000 -0.00022497
-3.42000000 0.01056699
-3.40000000 0.01909515
-3.38000000 0.02327278
-3.36000000 0.02199901
-3.34000000 0.01544483
-3.32000000 0.00504375
-3.30000000 -0.00681815
-3.28000000 -0.01734641
-3.26000000 -0.02399338
-3.24000000 -0.02507159
-3.22000000 -0.02017840
-3.20000000 -0.01032635
-3.18000000 0.00225978
-3.16000000 0.01463987
-3.14000000 0.02383954
-3.12000000 0.02755894
-3.10000000 0.02474208
-3.08000000 0.01586779
-3.06000000 0.00288536
-3.04000000 -0.01120013
-3.02000000 -0.02300549
-3.00000000 -0.02955768
-2.98000000 -0.02901048
-2.96000000 -0.02111869
-2.94000000 -0.00735120
-2.92000000 0.00939426
-2.90000000 0.02541957
-2.88000000 0.03706094
-2.86000000 0.04154062
-2.84000000 0.03763749
-2.82000000 0.02601500
-2.80000000 0.00912086
-2.78000000 -0.00932970
-2.76000000 -0.02517760
-2.74000000 -0.03476689
-2.72000000 -0.03579757
-2.70000000 -0.02788360
-2.68000000 -0.01267885
-2.66000000 0.00646874
-2.64000000 0.02526537
-2.62000000 0.03945659
-2.60000000 0.04582479
-2.58000000 0.04296510
-2.56000000 0.03165197
-2.54000000 0.01469958
-2.52000000 -0.00366475
-2.50000000 -0.01877944
-2.48000000 -0.02665874
-2.46000000 -0.02497455
-2.44000000 -0.01367275
-2.42000000 0.00493545
-2.40000000 0.02664856
-2.38000000 0.04632618
-2.36000000 0.05911109
-2.34000000 0.06164536
-2.32000000 0.05299357
-2.30000000 0.03504288
-2.28000000 0.01226142
-2.26000000 -0.00915991
-2.24000000 -0.02261418
-2.22000000 -0.02255460
-2.20000000 -0.00581080
-2.18000000 0.02756292
-2.16000000 0.07412246
-2.14000000 0.12762228
-2.12000000 0.18026198
-2.10000000 0.22434453
-2.08000000 0.25399879
-2.06000000 0.26659085
-2.04000000 0.26350332
-2.02000000 0.25008855
-2.00000000 0.23477482
-1.98000000 0.22748771
-1.96000000 0.23770140
-1.94000000 0.27252300
-1.92000000 0.33521622
-1.90000000 0.42448635
-1.88000000 0.53469328
-1.86000000 0.65696549
-1.84000000 0.78099713
-1.82000000 0.89716303
-1.80000000 0.99851609
-1.78000000 1.08225263
-1.76000000 1.15034087
-1.74000000 1.20918261
-1.72000000 1.26838030
-1.70000000 1.33886875
-1.68000000 1.43080120
-1.66000000 1.55162658
-1.64000000 1.70474795
-1.62000000 1.88902234
-1.60000000 2.09917880
-1.58000000 2.32703405
-1.56000000 2.56321792
-1.54000000 2.79901934
-1.52000000 3.02795011
-1.50000000 3.24669939
-1.48000000 3.45529891
-1.46000000 3.65650334
-1.44000000 3.85456928
-1.42000000 4.05375081
-1.40000000 4.25688680
-1.38000000 4.46442545
-1.36000000 4.67411961
-1.34000000 4.88146104
-1.32000000 5.08073941
-1.30000000 5.26645738
-1.28000000 5.43474133
-1.26000000 5.58438155
-1.24000000 5.71721808
-1.22000000 5.83774089
-1.20000000 5.95196124
-1.18000000 6.06579158
-1.16000000 6.18330127
-1.14000000 6.30526404
-1.12000000 6.42836543
-1.10000000 6.54530399
-1.08000000 6.64582573
-1.06000000 6.71852059
-1.04000000 6.75302887
-1.02000000 6.74219738
-1.00000000 6.68371468
-0.98000000 6.58084873
-0.96000000 6.44208998
-0.94000000 6.27973114
-0.92000000 6.10764339
-0.90000000 5.93868765
-0.88000000 5.78228840
-0.86000000 5.64267574
-0.84000000 5.51817197
-0.82000000 5.40168625
-0.80000000 5.28233125
-0.78000000 5.14783969
-0.76000000 4.98728860
-0.74000000 4.79356995
-0.72000000 4.56509517
-0.70000000 4.30637704
-0.68000000 4.02736415
-0.66000000 3.74166170
-0.64000000 3.46400277
-0.62000000 3.20748951
-0.60000000 2.98116974
-0.58000000 2.78844282
-0.56000000 2.62661509
-0.54000000 2.48768548
-0.52000000 2.36018800
-0.50000000 2.23170217
-0.48000000 2.09150960
-0.46000000 1.93285221
-0.44000000 1.75433790
-0.42000000 1.56022203
-0.40000000 1.35952914
-0.38000000 1.16421748
-0.36000000 0.98678087
-0.34000000 0.83778772
-0.32000000 0.72385708
-0.30000000 0.64646751
-0.28000000 0.60181256
-0.26000000 0.58169482
-0.24000000 0.57523885
-0.22000000 0.57104314
-0.20000000 0.55931735
-0.18000000 0.53357316
-0.16000000 0.49154941
-0.14000000 0.43522610
-0.12000000 0.36997874
-0.10000000 0.30310188
-0.08000000 0.24205076
-0.06000000 0.19279050
-0.04000000 0.15859731
-0.02000000 0.13953925
0.00000000 0.13270428
0.02000000 0.13307646
0.04000000 0.13482477
0.06000000 0.13269102
0.08000000 0.12315865
0.10000000 0.10515036
0.12000000 0.08012176
0.14000000 0.05156158
0.16000000 0.02404324
0.18000000 0.00206830
0.20000000 -0.01102115
0.22000000 -0.01381189
0.24000000 -0.00710487
0.26000000 0.00633066
0.28000000 0.02245721
0.30000000 0.03694369
0.32000000 0.04617787
0.34000000 0.04807918
0.36000000 0.04252838
0.38000000 0.03132540
0.40000000 0.01769902
0.42000000 0.00549534
0.44000000 -0.00175682
0.46000000 -0.00168229
0.48000000 0.00639483
0.50000000 0.02131627
0.52000000 0.04038726
0.54000000 0.06002729
0.56000000 0.07661467
0.58000000 0.08732432
0.60000000 0.09076435
0.62000000 0.08726811
0.64000000 0.07878109
0.66000000 0.06837757
0.68000000 0.05952637
0.70000000 0.05528079
0.72000000 0.05758156
0.74000000 0.06683131
0.76000000 0.08183338
0.78000000 0.10010142
0.80000000 0.11846073
0.82000000 0.13379663
0.84000000 0.14377414
0.86000000 0.14736360
0.88000000 0.14505472
0.90000000 0.13871563
0.92000000 0.13113613
0.94000000 0.12536573
0.96000000 0.12400199
0.98000000 0.12859273
1.00000000 0.13928616
1.02000000 0.15480330
1.04000000 0.17273210
1.06000000 0.19006926
1.08000000 0.20388139
1.10000000 0.21193359
1.12000000 0.21314488
1.14000000 0.20777383
1.16000000 0.19730169
1.18000000 0.18405079
1.20000000 0.17063449
1.22000000 0.15937089
1.24000000 0.15179534
1.26000000 0.14837933
1.28000000 0.14851139
1.30000000 0.15073241
1.32000000 0.15315828
1.34000000 0.15398124
1.36000000 0.15192637
1.38000000 0.14655449
1.40000000 0.13834299
1.42000000 0.12853189
1.44000000 0.11877934
1.46000000 0.11071623
1.48000000 0.10551263
1.50000000 0.10356359
1.52000000 0.10437194
1.54000000 0.10665636
1.56000000 0.10865821
1.58000000 0.10857262
1.60000000 0.10499910
1.62000000 0.09730256
1.64000000 0.08579728
1.66000000 0.07170805
1.68000000 0.05691599
1.70000000 0.04354734
1.72000000 0.03350011
1.74000000 0.02801842
1.76000000 0.02741294
1.78000000 0.03099137
1.80000000 0.03721480
1.82000000 0.04404294
1.84000000 0.04938859
1.86000000 0.05157705
1.88000000 0.04970632
1.90000000 0.04382769
1.92000000 0.03490844
1.94000000 0.02458887
1.96000000 0.01479258
1.98000000 0.00728147
2.00000000 0.00325819
2.02000000 0.00310577
2.04000000 0.00632128
2.06000000 0.01165451
2.08000000 0.01741536
2.10000000 0.02187572
2.12000000 0.02367102
2.14000000 0.02210885
2.16000000 0.01731539
2.18000000 0.01018899
2.20000000 0.00217584
2.22000000 -0.00507677
2.24000000 -0.01010686
2.26000000 -0.01197338
2.28000000 -0.01046440
2.30000000 -0.00613222
2.32000000 -0.00015070
2.34000000 0.00596834
2.36000000 0.01073116
2.38000000 0.01300635
2.40000000 0.01227776
2.42000000 0.00874934
2.44000000 0.00328050
2.46000000 -0.00282931
2.48000000 -0.00815360
2.50000000 -0.01147469
2.52000000 -0.01206376
2.54000000 -0.00984113
2.56000000 -0.00538196
2.58000000 0.00023075
2.60000000 0.00566843
2.62000000 0.00967108
2.64000000 0.01133895
2.66000000 0.01033441
2.68000000 0.00694868
2.70000000 0.00202078
2.72000000 -0.00326935
2.74000000 -0.00768282
2.76000000 -0.01021152
2.78000000 -0.01030798
2.80000000 -0.00800297
2.82000000 -0.00388586
2.84000000 0.00104471
2.86000000 0.00562244
2.88000000 0.00878884
2.90000000 0.00983758
2.92000000 0.00857142
2.94000000 0.00533706
2.96000000 0.00093229
2.98000000 -0.00359004
3.00000000 -0.00717322
3.02000000 -0.00900326
3.04000000 -0.00869335
3.06000000 -0.00636456
3.08000000 -0.00260607
3.10000000 0.00167282
3.12000000 0.00546229
3.14000000 0.00788991
3.16000000 0.00842122
3.18000000 0.00697669
3.20000000 0.00393978
3.22000000 0.00005660
3.24000000 -0.00374676
3.26000000 -0.00658483
3.28000000 -0.00781859
3.30000000 -0.00719891
3.32000000 -0.00491548
3.34000000 -0.00154189
3.36000000 0.00210763
3.38000000 0.00517441
3.40000000 0.00695708
3.42000000 0.00707170
3.44000000 0.00553366
3.46000000 0.00274409
3.48000000 -0.00061358
3.50000000 -0.00374063
3.52000000 -0.00591280
3.54000000 -0.00664778
3.56000000 -0.00581185
3.58000000 -0.00364210
3.60000000 -0.00068116
3.62000000 0.00235780
3.64000000 0.00476261
3.66000000 0.00598881
3.68000000 0.00578258
3.70000000 0.00423225
3.72000000 0.00173820
3.74000000 -0.00108962
3.76000000 -0.00358050
3.78000000 -0.00516185
3.80000000 -0.00549063
3.82000000 -0.00452718
3.84000000 -0.00253561
3.86000000 -0.00001301
3.88000000 0.00243415
3.90000000 0.00423560
3.92000000 0.00498999
3.94000000 0.00455397
3.96000000 0.00306781
3.98000000 0.00091364
