-4.00000000 0.00484165
-3.98000000 0.00550555
-3.96000000 0.00625990
-3.94000000 0.00710389
-3.92000000 0.00803724
-3.90000000 0.00905415
-3.88000000 0.01013814
-3.86000000 0.01125999
-3.84000000 0.01238022
-3.82000000 0.01345630
-3.80000000 0.01445338
-3.78000000 0.01535597
-3.76000000 0.01617750
-3.74000000 0.01696456
-3.72000000 0.01779394
-3.70000000 0.01876193
-3.68000000 0.01996720
-3.66000000 0.02149054
-3.64000000 0.02337557
-3.62000000 0.02561473
-3.60000000 0.02814419
-3.58000000 0.03084948
-3.56000000 0.03358185
-3.54000000 0.03618288
-3.52000000 0.03851354
-3.50000000 0.04048266
-3.48000000 0.04207004
-3.46000000 0.04334004
-3.44000000 0.04444315
-3.42000000 0.04560487
-3.40000000 0.04710295
-3.38000000 0.04923582
-3.36000000 0.05228589
-3.34000000 0.05648235
-3.32000000 0.06196795
-3.30000000 0.06877400
-3.28000000 0.07680737
-3.26000000 0.08585193
-3.24000000 0.09558580
-3.22000000 0.10561382
-3.20000000 0.11551295
-3.18000000 0.12488615
-3.16000000 0.13341836
-3.14000000 0.14092702
-3.12000000 0.14739920
-3.10000000 0.15300796
-3.08000000 0.15810321
-3.06000000 0.16317516
-3.04000000 0.16879322
-3.02000000 0.17552715
-3.00000000 0.18386130
-2.98000000 0.19411519
-2.96000000 0.20638378
-2.94000000 0.22050937
-2.92000000 0.23609223
-2.90000000 0.25254192
-2.88000000 0.26916390
-2.86000000 0.28526990
-2.84000000 0.30029554
-2.82000000 0.31390598
-2.80000000 0.32607114
-2.78000000 0.33709570
-2.76000000 0.34759606
-2.74000000 0.35842476
-2.72000000 0.37055218
-2.70000000 0.38492325
-2.68000000 0.40231229
-2.66000000 0.42320055
-2.64000000 0.44769843
-2.62000000 0.47552699
-2.60000000 0.50606354
-2.58000000 0.53844442
-2.56000000 0.57170728
-2.54000000 0.60494745
-2.52000000 0.63745966
-2.50000000 0.66883874
-2.48000000 0.69902072
-2.46000000 0.72825753
-2.44000000 0.75703188
-2.42000000 0.78593157
-2.40000000 0.81551098
-2.38000000 0.84617054
-2.36000000 0.87808090
-2.34000000 0.91116895
-2.32000000 0.94516834
-2.30000000 0.97972271
-2.28000000 1.01451661
-2.26000000 1.04940231
-2.24000000 1.08449020
-2.22000000 1.12017844
-2.20000000 1.15711040
-2.18000000 1.19606554
-2.16000000 1.23780436
-2.14000000 1.28290018
-2.12000000 1.33159394
-2.10000000 1.38370461
-2.08000000 1.43861612
-2.06000000 1.49534554
-2.04000000 1.55267987
-2.02000000 1.60935428
-2.00000000 1.66423696
-1.98000000 1.71648492
-1.96000000 1.76564326
-1.94000000 1.81167368
-1.92000000 1.85491355
-1.90000000 1.89598152
-1.88000000 1.93565465
-1.86000000 1.97474481
-1.84000000 2.01399782
-1.82000000 2.05402865
-1.80000000 2.09529463
-1.78000000 2.13809731
-1.76000000 2.18259748
-1.74000000 2.22882726
-1.72000000 2.27668812
-1.70000000 2.32593356
-1.68000000 2.37614460
-1.66000000 2.42671466
-1.64000000 2.47686195
-1.62000000 2.52568387
-1.60000000 2.57225723
-1.58000000 2.61577447
-1.56000000 2.65569284
-1.54000000 2.69186393
-1.52000000 2.72460964
-1.50000000 2.75471749
-1.48000000 2.78334347
-1.46000000 2.81183051
-1.44000000 2.84147095
-1.42000000 2.87325686
-1.40000000 2.90766892
-1.38000000 2.94454984
-1.36000000 2.98309313
-1.34000000 3.02195496
-1.32000000 3.05947096
-1.30000000 3.09393694
-1.28000000 3.12389790
-1.26000000 3.14838725
-1.24000000 3.16706797
-1.22000000 3.18024801
-1.20000000 3.18876908
-1.18000000 3.19379424
-1.16000000 3.19654096
-1.14000000 3.19801622
-1.12000000 3.19880828
-1.10000000 3.19897556
-1.08000000 3.19805107
-1.06000000 3.19515508
-1.04000000 3.18918674
-1.02000000 3.17905012
-1.00000000 3.16386644
-0.98000000 3.14313076
-0.96000000 3.11678712
-0.94000000 3.08521627
-0.92000000 3.04914923
-0.90000000 3.00953462
-0.88000000 2.96739382
-0.86000000 2.92369506
-0.84000000 2.87926800
-0.82000000 2.83476560
-0.80000000 2.79066641
-0.78000000 2.74730017
-0.76000000 2.70487606
-0.74000000 2.66349607
-0.72000000 2.62314556
-0.70000000 2.58366418
-0.68000000 2.54471131
-0.66000000 2.50574609
-0.64000000 2.46604163
-0.62000000 2.42474593
-0.60000000 2.38098970
-0.58000000 2.33402744
-0.56000000 2.28338623
-0.54000000 2.22899038
-0.52000000 2.17123121
-0.50000000 2.11096048
-0.48000000 2.04940075
-0.46000000 1.98798358
-0.44000000 1.92814245
-0.42000000 1.87109780
-0.40000000 1.81767434
-0.38000000 1.76818488
-0.36000000 1.72240175
-0.34000000 1.67961949
-0.32000000 1.63879475
-0.30000000 1.59873501
-0.28000000 1.55830000
-0.26000000 1.51657956
-0.24000000 1.47301891
-0.22000000 1.42747451
-0.20000000 1.38019850
-0.18000000 1.33176258
-0.16000000 1.28294212
-0.14000000 1.23458508
-0.12000000 1.18748920
-0.10000000 1.14230510
-0.08000000 1.09947499
-0.06000000 1.05920843
-0.04000000 1.02149009
-0.02000000 0.98611090
0.00000000 0.95271309
0.02000000 0.92084136
0.04000000 0.88999488
0.06000000 0.85967747
0.08000000 0.82944481
0.10000000 0.79894731
0.12000000 0.76796660
0.14000000 0.73644200
0.16000000 0.70448246
0.18000000 0.67235999
0.20000000 0.64048250
0.22000000 0.60934726
0.24000000 0.57948001
0.26000000 0.55136803
0.28000000 0.52539766
0.30000000 0.50180621
0.32000000 0.48065631
0.34000000 0.46183644
0.36000000 0.44508660
0.38000000 0.43004353
0.40000000 0.41629649
0.42000000 0.40344345
0.44000000 0.39113810
0.46000000 0.37912115
0.48000000 0.36723275
0.50000000 0.35540703
0.52000000 0.34365305
0.54000000 0.33202816
0.56000000 0.32061059
0.58000000 0.30947675
0.60000000 0.29868702
0.62000000 0.28828135
0.64000000 0.27828384
0.66000000 0.26871356
0.68000000 0.25959836
0.70000000 0.25098771
0.72000000 0.24296149
0.74000000 0.23563225
0.76000000 0.22913984
0.78000000 0.22363822
0.80000000 0.21927590
0.82000000 0.21617229
0.84000000 0.21439337
0.86000000 0.21393067
0.88000000 0.21468751
0.90000000 0.21647595
0.92000000 0.21902668
0.94000000 0.22201172
0.96000000 0.22507813
0.98000000 0.22788816
1.00000000 0.23015991
1.02000000 0.23170197
1.04000000 0.23243569
1.06000000 0.23240114
1.08000000 0.23174516
1.10000000 0.23069321
1.12000000 0.22950994
1.14000000 0.22845513
1.16000000 0.22774281
1.18000000 0.22751021
1.20000000 0.22780168
1.22000000 0.22856909
1.24000000 0.22968785
1.26000000 0.23098421
1.28000000 0.23226827
1.30000000 0.23336637
1.32000000 0.23414732
1.34000000 0.23453866
1.36000000 0.23453132
1.38000000 0.23417338
1.40000000 0.23355531
1.42000000 0.23279013
1.44000000 0.23199239
1.46000000 0.23125920
1.48000000 0.23065590
1.50000000 0.23020756
1.52000000 0.22989694
1.54000000 0.22966823
1.56000000 0.22943560
1.58000000 0.22909521
1.60000000 0.22853896
1.62000000 0.22766840
1.64000000 0.22640711
1.66000000 0.22470996
1.68000000 0.22256806
1.70000000 0.22000858
1.72000000 0.21708950
1.74000000 0.21388985
1.76000000 0.21049719
1.78000000 0.20699432
1.80000000 0.20344771
1.82000000 0.19989974
1.84000000 0.19636632
1.86000000 0.19284039
1.88000000 0.18930054
1.90000000 0.18572305
1.92000000 0.18209474
1.94000000 0.17842380
1.96000000 0.17474614
1.98000000 0.17112548
2.00000000 0.16764662
2.02000000 0.16440273
2.04000000 0.16147857
2.06000000 0.15893240
2.08000000 0.15678005
2.10000000 0.15498390
2.12000000 0.15344953
2.14000000 0.15203106
2.16000000 0.15054539
2.18000000 0.14879375
2.20000000 0.14658798
2.22000000 0.14377766
2.24000000 0.14027429
2.26000000 0.13606831
2.28000000 0.13123590
2.30000000 0.12593378
2.32000000 0.12038192
2.34000000 0.11483607
2.36000000 0.10955382
2.38000000 0.10475914
2.40000000 0.10061091
2.42000000 0.09718060
2.44000000 0.09444288
2.46000000 0.09228100
2.48000000 0.09050626
2.50000000 0.08888833
2.52000000 0.08719165
2.54000000 0.08521159
2.56000000 0.08280455
2.58000000 0.07990713
2.60000000 0.07654159
2.62000000 0.07280731
2.64000000 0.06886057
2.66000000 0.06488672
2.68000000 0.06107002
2.70000000 0.05756650
2.72000000 0.05448392
2.74000000 0.05187165
2.76000000 0.04972071
2.78000000 0.04797280
2.80000000 0.04653526
2.82000000 0.04529860
2.84000000 0.04415317
2.86000000 0.04300223
2.88000000 0.04177023
2.90000000 0.04040595
2.92000000 0.03888158
2.94000000 0.03718931
2.96000000 0.03533693
2.98000000 0.03334404
3.00000000 0.03123932
3.02000000 0.02905907
3.04000000 0.02684636
3.06000000 0.02465006
3.08000000 0.02252287
3.10000000 0.02051818
3.12000000 0.01868562
3.14000000 0.01706598
3.16000000 0.01568656
3.18000000 0.01455772
3.20000000 0.01367161
3.22000000 0.01300346
3.24000000 0.01251520
3.26000000 0.01216081
3.28000000 0.01189234
3.30000000 0.01166560
3.32000000 0.01144434
3.34000000 0.01120249
3.36000000 0.01092419
3.38000000 0.01060201
3.40000000 0.01023407
3.42000000 0.00982091
3.44000000 0.00936304
3.46000000 0.00885965
3.48000000 0.00830883
3.50000000 0.00770896
3.52000000 0.00706094
3.54000000 0.00637038
3.56000000 0.00564904
3.58000000 0.00491514
3.60000000 0.00419207
3.62000000 0.00350583
3.64000000 0.00288160
3.66000000 0.00234008
3.68000000 0.00189444
3.70000000 0.00154848
3.72000000 0.00129628
3.74000000 0.00112361
3.76000000 0.00101054
3.78000000 0.00093490
3.80000000 0.00087574
3.82000000 0.00081630
3.84000000 0.00074581
3.86000000 0.00066000
3.88000000 0.00056042
3.90000000 0.00045269
3.92000000 0.00034443
3.94000000 0.00024322
3.96000000 0.00015506
3.98000000 0.00008362
