-4.00000000 0.00254332
-3.98000000 0.00225421
-3.96000000 0.00202423
-3.94000000 0.00189940
-3.92000000 0.00191341
-3.90000000 0.00208132
-3.88000000 0.00239688
-3.86000000 0.00283450
-3.84000000 0.00335580
-3.82000000 0.00391944
-3.80000000 0.00449227
-3.78000000 0.00505886
-3.76000000 0.00562711
-3.74000000 0.00622837
-3.72000000 0.00691165
-3.70000000 0.00773338
-3.68000000 0.00874507
-3.66000000 0.00998212
-3.64000000 0.01145669
-3.62000000 0.01315664
-3.60000000 0.01505108
-3.58000000 0.01710091
-3.56000000 0.01927198
-3.54000000 0.02154707
-3.52000000 0.02393356
-3.50000000 0.02646478
-3.48000000 0.02919441
-3.46000000 0.03218559
-3.44000000 0.03549757
-3.42000000 0.03917338
-3.40000000 0.04323166
-3.38000000 0.04766432
-3.36000000 0.05244000
-3.34000000 0.05751146
-3.32000000 0.06282387
-3.30000000 0.06832105
-3.28000000 0.07394756
-3.26000000 0.07964646
-3.24000000 0.08535473
-3.22000000 0.09099986
-3.20000000 0.09650169
-3.18000000 0.10178244
-3.16000000 0.10678575
-3.14000000 0.11150225
-3.12000000 0.11599591
-3.10000000 0.12042369
-3.08000000 0.12504073
-3.06000000 0.13018528
-3.04000000 0.13624221
-3.02000000 0.14358874
-3.00000000 0.15253164
-2.98000000 0.16324876
-2.96000000 0.17574845
-2.94000000 0.18985832
-2.92000000 0.20524894
-2.90000000 0.22149093
-2.88000000 0.23813549
-2.86000000 0.25480252
-2.84000000 0.27125724
-2.82000000 0.28745742
-2.80000000 0.30355922
-2.78000000 0.31987807
-2.76000000 0.33681158
-2.74000000 0.35474063
-2.72000000 0.37393036
-2.70000000 0.39445454
-2.68000000 0.41616187
-2.66000000 0.43869448
-2.64000000 0.46155706
-2.62000000 0.48422374
-2.60000000 0.50626068
-2.58000000 0.52743820
-2.56000000 0.54780811
-2.54000000 0.56772886
-2.52000000 0.58783261
-2.50000000 0.60894097
-2.48000000 0.63194695
-2.46000000 0.65768806
-2.44000000 0.68683627
-2.42000000 0.71982584
-2.40000000 0.75683016
-2.38000000 0.79778659
-2.36000000 0.84245667
-2.34000000 0.89050084
-2.32000000 0.94154441
-2.30000000 0.99521496
-2.28000000 1.05114099
-2.26000000 1.10891334
-2.24000000 1.16802374
-2.22000000 1.22780335
-2.20000000 1.28738761
-2.18000000 1.34572940
-2.16000000 1.40167240
-2.14000000 1.45408144
-2.12000000 1.50201102
-2.10000000 1.54488093
-2.08000000 1.58262114
-2.06000000 1.61575081
-2.04000000 1.64536663
-2.02000000 1.67303281
-2.00000000 1.70058545
-1.98000000 1.72988217
-1.96000000 1.76254107
-1.94000000 1.79971662
-1.92000000 1.84195407
-1.90000000 1.88914854
-1.88000000 1.94061424
-1.86000000 1.99524690
-1.84000000 2.05174424
-1.82000000 2.10883848
-1.80000000 2.16549459
-1.78000000 2.22103714
-1.76000000 2.27518634
-1.74000000 2.32800426
-1.72000000 2.37977209
-1.70000000 2.43083328
-1.68000000 2.48144234
-1.66000000 2.53165497
-1.64000000 2.58128254
-1.62000000 2.62991689
-1.60000000 2.67701392
-1.58000000 2.72201071
-1.56000000 2.76444476
-1.54000000 2.80404559
-1.52000000 2.84077810
-1.50000000 2.87483106
-1.48000000 2.90655819
-1.46000000 2.93639108
-1.44000000 2.96474811
-1.42000000 2.99196235
-1.40000000 3.01824324
-1.38000000 3.04367564
-1.36000000 3.06824795
-1.34000000 3.09189293
-1.32000000 3.11452175
-1.30000000 3.13603525
-1.28000000 3.15630557
-1.26000000 3.17513180
-1.24000000 3.19218454
-1.22000000 3.20695993
-1.20000000 3.21876462
-1.18000000 3.22674640
-1.16000000 3.22997468
-1.14000000 3.22756120
-1.12000000 3.21880002
-1.10000000 3.20329843
-1.08000000 3.18107056
-1.06000000 3.15257189
-1.04000000 3.11866533
-1.02000000 3.08052419
-1.00000000 3.03949084
-0.98000000 2.99691878
-0.96000000 2.95402814
-0.94000000 2.91179975
-0.92000000 2.87092223
-0.90000000 2.83179354
-0.88000000 2.79456539
-0.86000000 2.75921028
-0.84000000 2.72558823
-0.82000000 2.69349354
-0.80000000 2.66267113
-0.78000000 2.63280278
-0.76000000 2.60347490
-0.74000000 2.57414591
-0.72000000 2.54413339
-0.70000000 2.51263636
-0.68000000 2.47879912
-0.66000000 2.44181147
-0.64000000 2.40102948
-0.62000000 2.35609342
-0.60000000 2.30701779
-0.58000000 2.25423215
-0.56000000 2.19856069
-0.54000000 2.14114010
-0.52000000 2.08328742
-0.50000000 2.02633905
-0.48000000 1.97148713
-0.46000000 1.91963904
-0.44000000 1.87132081
-0.42000000 1.82663632
-0.40000000 1.78528402
-0.38000000 1.74662377
-0.36000000 1.70977913
-0.34000000 1.67375757
-0.32000000 1.63757050
-0.30000000 1.60033896
-0.28000000 1.56137478
-0.26000000 1.52023276
-0.24000000 1.47673373
-0.22000000 1.43096138
-0.20000000 1.38323764
-0.18000000 1.33408144
-0.16000000 1.28415572
-0.14000000 1.23420688
-0.12000000 1.18500071
-0.10000000 1.13725906
-0.08000000 1.09160169
-0.06000000 1.04849837
-0.04000000 1.00823537
-0.02000000 0.97090014
0.00000000 0.93638584
0.02000000 0.90441498
0.04000000 0.87457928
0.06000000 0.84639058
0.08000000 0.81933614
0.10000000 0.79293189
0.12000000 0.76676732
0.14000000 0.74053801
0.16000000 0.71406330
0.18000000 0.68728919
0.20000000 0.66027825
0.22000000 0.63318937
0.24000000 0.60625116
0.26000000 0.57973237
0.28000000 0.55391253
0.30000000 0.52905546
0.32000000 0.50538732
0.34000000 0.48308066
0.36000000 0.46224511
0.38000000 0.44292486
0.40000000 0.42510271
0.42000000 0.40870955
0.44000000 0.39363773
0.46000000 0.37975614
0.48000000 0.36692482
0.50000000 0.35500683
0.52000000 0.34387586
0.54000000 0.33341919
0.56000000 0.32353645
0.58000000 0.31413597
0.60000000 0.30513114
0.62000000 0.29643921
0.64000000 0.28798436
0.66000000 0.27970571
0.68000000 0.27156936
0.70000000 0.26358194
0.72000000 0.25580207
0.74000000 0.24834596
0.76000000 0.24138370
0.78000000 0.23512481
0.80000000 0.22979340
0.82000000 0.22559596
0.84000000 0.22268660
0.86000000 0.22113610
0.88000000 0.22091065
0.90000000 0.22186524
0.92000000 0.22375409
0.94000000 0.22625754
0.96000000 0.22902159
0.98000000 0.23170379
1.00000000 0.23401782
1.02000000 0.23576906
1.04000000 0.23687487
1.06000000 0.23736611
1.08000000 0.23736976
1.10000000 0.23707604
1.12000000 0.23669594
1.14000000 0.23641729
1.16000000 0.23636699
1.18000000 0.23658643
1.20000000 0.23702400
1.22000000 0.23754589
1.24000000 0.23796261
1.26000000 0.23806616
1.28000000 0.23767072
1.30000000 0.23664929
1.32000000 0.23495977
1.34000000 0.23265568
1.36000000 0.22987985
1.38000000 0.22684236
1.40000000 0.22378683
1.42000000 0.22095124
1.44000000 0.21853021
1.46000000 0.21664556
1.48000000 0.21533031
1.50000000 0.21452867
1.52000000 0.21411200
1.54000000 0.21390747
1.56000000 0.21373400
1.58000000 0.21343864
1.60000000 0.21292624
1.62000000 0.21217665
1.64000000 0.21124589
1.66000000 0.21025066
1.68000000 0.20933895
1.70000000 0.20865229
1.72000000 0.20828713
1.74000000 0.20826313
1.76000000 0.20850546
1.78000000 0.20884553
1.80000000 0.20904111
1.82000000 0.20881322
1.84000000 0.20789358
1.86000000 0.20607394
1.88000000 0.20324816
1.90000000 0.19943848
1.92000000 0.19480048
1.94000000 0.18960476
1.96000000 0.18419791
1.98000000 0.17894917
2.00000000 0.17419193
2.02000000 0.17017042
2.04000000 0.16700095
2.06000000 0.16465449
2.08000000 0.16296359
2.10000000 0.16165203
2.12000000 0.16038185
2.14000000 0.15880914
2.16000000 0.15663896
2.18000000 0.15367011
2.20000000 0.14982262
2.22000000 0.14514425
2.24000000 0.13979624
2.26000000 0.13402189
2.28000000 0.12810450
2.30000000 0.12232257
2.32000000 0.11690983
2.34000000 0.11202640
2.36000000 0.10774483
2.38000000 0.10405176
2.40000000 0.10086317
2.42000000 0.09804912
2.44000000 0.09546236
2.46000000 0.09296547
2.48000000 0.09045160
2.50000000 0.08785616
2.52000000 0.08515824
2.54000000 0.08237305
2.56000000 0.07953806
2.58000000 0.07669662
2.60000000 0.07388286
2.62000000 0.07111117
2.64000000 0.06837237
2.66000000 0.06563693
2.68000000 0.06286442
2.70000000 0.06001659
2.72000000 0.05707121
2.74000000 0.05403326
2.76000000 0.05094101
2.78000000 0.04786513
2.80000000 0.04490093
2.82000000 0.04215464
2.84000000 0.03972642
2.86000000 0.03769297
2.88000000 0.03609313
2.90000000 0.03491912
2.92000000 0.03411509
2.94000000 0.03358343
2.96000000 0.03319772
2.98000000 0.03282014
3.00000000 0.03232047
3.02000000 0.03159335
3.04000000 0.03057133
3.06000000 0.02923149
3.08000000 0.02759521
3.10000000 0.02572141
3.12000000 0.02369493
3.14000000 0.02161236
3.16000000 0.01956781
3.18000000 0.01764099
3.20000000 0.01588930
3.22000000 0.01434468
3.24000000 0.01301510
3.26000000 0.01188973
3.28000000 0.01094615
3.30000000 0.01015796
3.32000000 0.00950106
3.34000000 0.00895756
3.36000000 0.00851676
3.38000000 0.00817343
3.40000000 0.00792419
3.42000000 0.00776320
3.44000000 0.00767837
3.46000000 0.00764916
3.48000000 0.00764674
3.50000000 0.00763646
3.52000000 0.00758234
3.54000000 0.00745242
3.56000000 0.00722416
3.58000000 0.00688835
3.60000000 0.00645100
3.62000000 0.00593252
3.64000000 0.00536442
3.66000000 0.00478410
3.68000000 0.00422874
3.70000000 0.00372943
3.72000000 0.00330666
3.74000000 0.00296789
3.76000000 0.00270761
3.78000000 0.00250966
3.80000000 0.00235127
3.82000000 0.00220790
3.84000000 0.00205790
3.86000000 0.00188608
3.88000000 0.00168577
3.90000000 0.00145890
3.92000000 0.00121462
3.94000000 0.00096664
3.96000000 0.00073017
3.98000000 0.00051901
