-4.00000000 0.00266191
-3.98000000 0.00335247
-3.96000000 0.00409507
-3.94000000 0.00485852
-3.92000000 0.00561023
-3.90000000 0.00632161
-3.88000000 0.00697315
-3.86000000 0.00755810
-3.84000000 0.00808436
-3.82000000 0.00857437
-3.80000000 0.00906341
-3.78000000 0.00959689
-3.76000000 0.01022735
-3.74000000 0.01101149
-3.72000000 0.01200747
-3.70000000 0.01327214
-3.68000000 0.01485792
-3.66000000 0.01680891
-3.64000000 0.01915656
-3.62000000 0.02191515
-3.60000000 0.02507841
-3.58000000 0.02861834
-3.56000000 0.03248718
-3.54000000 0.03662292
-3.52000000 0.04095755
-3.50000000 0.04542646
-3.48000000 0.04997649
-3.46000000 0.05457010
-3.44000000 0.05918405
-3.42000000 0.06380188
-3.40000000 0.06840197
-3.38000000 0.07294418
-3.36000000 0.07735953
-3.34000000 0.08154752
-3.32000000 0.08538442
-3.30000000 0.08874349
-3.28000000 0.09152510
-3.26000000 0.09369160
-3.24000000 0.09529944
-3.22000000 0.09652040
-3.20000000 0.09764472
-3.18000000 0.09906217
-3.16000000 0.10122125
-3.14000000 0.10457153
-3.12000000 0.10949861
-3.10000000 0.11626328
-3.08000000 0.12495720
-3.06000000 0.13548480
-3.04000000 0.14757663
-3.02000000 0.16083365
-3.00000000 0.17479567
-2.98000000 0.18902215
-2.96000000 0.20317065
-2.94000000 0.21705799
-2.92000000 0.23069176
-2.90000000 0.24426535
-2.88000000 0.25811578
-2.86000000 0.27265137
-2.84000000 0.28826189
-2.82000000 0.30522811
-2.80000000 0.32364878
-2.78000000 0.34340092
-2.76000000 0.36414417
-2.74000000 0.38537224
-2.72000000 0.40650580
-2.70000000 0.42701269
-2.68000000 0.44653446
-2.66000000 0.46499464
-2.64000000 0.48266525
-2.62000000 0.50017293
-2.60000000 0.51843574
-2.58000000 0.53853429
-2.56000000 0.56153368
-2.54000000 0.58828468
-2.52000000 0.61923980
-2.50000000 0.65432135
-2.48000000 0.69287263
-2.46000000 0.73371065
-2.44000000 0.77528121
-2.42000000 0.81589733
-2.40000000 0.85402418
-2.38000000 0.88856168
-2.36000000 0.91907203
-2.34000000 0.94590629
-2.32000000 0.97019986
-2.30000000 0.99372956
-2.28000000 1.01865074
-2.26000000 1.04715596
-2.24000000 1.08111274
-2.22000000 1.12174391
-2.20000000 1.16940743
-2.18000000 1.22351569
-2.16000000 1.28260925
-2.14000000 1.34457294
-2.12000000 1.40695678
-2.10000000 1.46734730
-2.08000000 1.52372714
-2.06000000 1.57476577
-2.04000000 1.61999784
-2.02000000 1.65986689
-2.00000000 1.69563496
-1.98000000 1.72917979
-1.96000000 1.76271607
-1.94000000 1.79848489
-1.92000000 1.83845532
-1.90000000 1.88407497
-1.88000000 1.93609583
-1.86000000 1.99448969
-1.84000000 2.05845572
-1.82000000 2.12651402
-1.80000000 2.19667200
-1.78000000 2.26664561
-1.76000000 2.33411401
-1.74000000 2.39698292
-1.72000000 2.45362984
-1.70000000 2.50310262
-1.68000000 2.54524478
-1.66000000 2.58072526
-1.64000000 2.61096052
-1.62000000 2.63792984
-1.60000000 2.66390123
-1.58000000 2.69110141
-1.56000000 2.72137580
-1.54000000 2.75589078
-1.52000000 2.79492765
-1.50000000 2.83780585
-1.48000000 2.88295317
-1.46000000 2.92811647
-1.44000000 2.97068190
-1.42000000 3.00805440
-1.40000000 3.03803512
-1.38000000 3.05913600
-1.36000000 3.07078190
-1.34000000 3.07337116
-1.32000000 3.06819032
-1.30000000 3.05720373
-1.28000000 3.04275900
-1.26000000 3.02726041
-1.24000000 3.01286399
-1.22000000 3.00123950
-1.20000000 2.99342863
-1.18000000 2.98980949
-1.16000000 2.99015813
-1.14000000 2.99378299
-1.12000000 2.99969918
-1.10000000 3.00680799
-1.08000000 3.01405196
-1.06000000 3.02052520
-1.04000000 3.02552987
-1.02000000 3.02858098
-1.00000000 3.02936988
-0.98000000 3.02770203
-0.96000000 3.02342580
-0.94000000 3.01636755
-0.92000000 3.00628428
-0.90000000 2.99284082
-0.88000000 2.97561369
-0.86000000 2.95412008
-0.84000000 2.92786712
-0.82000000 2.89641472
-0.80000000 2.85944366
-0.78000000 2.81681983
-0.76000000 2.76864606
-0.74000000 2.71529317
-0.72000000 2.65740466
-0.70000000 2.59587187
-0.68000000 2.53178051
-0.66000000 2.46633342
-0.64000000 2.40075829
-0.62000000 2.33621136
-0.60000000 2.27368922
-0.58000000 2.21395973
-0.56000000 2.15751981
-0.54000000 2.10458411
-0.52000000 2.05510334
-0.50000000 2.00880698
-0.48000000 1.96526228
-0.46000000 1.92393961
-0.44000000 1.88427530
-0.42000000 1.84572485
-0.40000000 1.80780207
-0.38000000 1.77010290
-0.36000000 1.73231491
-0.34000000 1.69421512
-0.32000000 1.65565896
-0.30000000 1.61656367
-0.28000000 1.57688817
-0.26000000 1.53661172
-0.24000000 1.49571326
-0.22000000 1.45415379
-0.20000000 1.41186461
-0.18000000 1.36874451
-0.16000000 1.32466840
-0.14000000 1.27950847
-0.12000000 1.23316679
-0.10000000 1.18561514
-0.08000000 1.13693546
-0.06000000 1.08735255
-0.04000000 1.03725035
-0.02000000 0.98716530
0.00000000 0.93775384
0.02000000 0.88973603
0.04000000 0.84382262
0.06000000 0.80063682
0.08000000 0.76064434
0.10000000 0.72410428
0.12000000 0.69105046
0.14000000 0.66130643
0.16000000 0.63453140
0.18000000 0.61028734
0.20000000 0.58811370
0.22000000 0.56759431
0.24000000 0.54840328
0.26000000 0.53032148
0.28000000 0.51322215
0.30000000 0.49703141
0.32000000 0.48167532
0.34000000 0.46702867
0.36000000 0.45287985
0.38000000 0.43892318
0.40000000 0.42478296
0.42000000 0.41006646
0.44000000 0.39443562
0.46000000 0.37768269
0.48000000 0.35979301
0.50000000 0.34098048
0.52000000 0.32168642
0.54000000 0.30253961
0.56000000 0.28428330
0.58000000 0.26768136
0.60000000 0.25341935
0.62000000 0.24201745
0.64000000 0.23376889
0.66000000 0.22871251
0.68000000 0.22664137
0.70000000 0.22714288
0.72000000 0.22966079
0.74000000 0.23356679
0.76000000 0.23822955
0.78000000 0.24307142
0.80000000 0.24760698
0.82000000 0.25146215
0.84000000 0.25437665
0.86000000 0.25619494
0.88000000 0.25685177
0.90000000 0.25635762
0.92000000 0.25478710
0.94000000 0.25227122
0.96000000 0.24899180
0.98000000 0.24517539
1.00000000 0.24108374
1.02000000 0.23699874
1.04000000 0.23320168
1.06000000 0.22994845
1.08000000 0.22744411
1.10000000 0.22582082
1.12000000 0.22512324
1.14000000 0.22530419
1.16000000 0.22623175
1.18000000 0.22770679
1.20000000 0.22948829
1.22000000 0.23132247
1.24000000 0.23297141
1.26000000 0.23423724
1.28000000 0.23497895
1.30000000 0.23512052
1.32000000 0.23465043
1.34000000 0.23361400
1.36000000 0.23210072
1.38000000 0.23022923
1.40000000 0.22813222
1.42000000 0.22594324
1.44000000 0.22378624
1.46000000 0.22176846
1.48000000 0.21997606
1.50000000 0.21847217
1.52000000 0.21729627
1.54000000 0.21646457
1.56000000 0.21597077
1.58000000 0.21578749
1.60000000 0.21586828
1.62000000 0.21615086
1.64000000 0.21656162
1.66000000 0.21702149
1.68000000 0.21745260
1.70000000 0.21778504
1.72000000 0.21796249
1.74000000 0.21794550
1.76000000 0.21771153
1.78000000 0.21725144
1.80000000 0.21656264
1.82000000 0.21564034
1.84000000 0.21446879
1.86000000 0.21301462
1.88000000 0.21122464
1.90000000 0.20902917
1.92000000 0.20635138
1.94000000 0.20312135
1.96000000 0.19929244
1.98000000 0.19485677
2.00000000 0.18985618
2.02000000 0.18438589
2.04000000 0.17858919
2.06000000 0.17264327
2.08000000 0.16673830
2.10000000 0.16105322
2.12000000 0.15573259
2.14000000 0.15086876
2.16000000 0.14649273
2.18000000 0.14257505
2.20000000 0.13903641
2.22000000 0.13576546
2.24000000 0.13264018
2.26000000 0.12954859
2.28000000 0.12640501
2.30000000 0.12315950
2.32000000 0.11979946
2.34000000 0.11634441
2.36000000 0.11283599
2.38000000 0.10932604
2.40000000 0.10586555
2.42000000 0.10249623
2.44000000 0.09924584
2.46000000 0.09612690
2.48000000 0.09313773
2.50000000 0.09026465
2.52000000 0.08748416
2.54000000 0.08476469
2.56000000 0.08206816
2.58000000 0.07935218
2.60000000 0.07657375
2.62000000 0.07369510
2.64000000 0.07069133
2.66000000 0.06755865
2.68000000 0.06432136
2.70000000 0.06103510
2.72000000 0.05778453
2.74000000 0.05467454
2.76000000 0.05181535
2.78000000 0.04930384
2.80000000 0.04720428
2.82000000 0.04553263
2.84000000 0.04424804
2.86000000 0.04325385
2.88000000 0.04240895
2.90000000 0.04154768
2.92000000 0.04050508
2.94000000 0.03914267
2.96000000 0.03737011
2.98000000 0.03515866
3.00000000 0.03254423
3.02000000 0.02961985
3.04000000 0.02651946
3.06000000 0.02339666
3.08000000 0.02040258
3.10000000 0.01766695
3.12000000 0.01528530
3.14000000 0.01331361
3.16000000 0.01177006
3.18000000 0.01064192
3.20000000 0.00989496
3.22000000 0.00948275
3.24000000 0.00935358
3.26000000 0.00945413
3.28000000 0.00973001
3.30000000 0.01012442
3.32000000 0.01057649
3.34000000 0.01102119
3.36000000 0.01139168
3.38000000 0.01162438
3.40000000 0.01166598
3.42000000 0.01148100
3.44000000 0.01105781
3.46000000 0.01041172
3.48000000 0.00958399
3.50000000 0.00863656
3.52000000 0.00764346
3.54000000 0.00668012
3.56000000 0.00581290
3.58000000 0.00509031
3.60000000 0.00453761
3.62000000 0.00415550
3.64000000 0.00392262
3.66000000 0.00380126
3.68000000 0.00374486
3.70000000 0.00370596
3.72000000 0.00364305
3.74000000 0.00352566
3.76000000 0.00333687
3.78000000 0.00307358
3.80000000 0.00274469
3.82000000 0.00236804
3.84000000 0.00196661
3.86000000 0.00156486
3.88000000 0.00118550
3.90000000 0.00084705
3.92000000 0.00056239
3.94000000 0.00033807
3.96000000 0.00017458
3.98000000 0.00006706
