-4.00000000 0.00086823
-3.98000000 0.00098468
-3.96000000 0.00126769
-3.94000000 0.00173124
-3.92000000 0.00238729
-3.90000000 0.00324838
-3.88000000 0.00432855
-3.86000000 0.00564186
-3.84000000 0.00719804
-3.82000000 0.00899608
-3.80000000 0.01101682
-3.78000000 0.01321641
-3.76000000 0.01552277
-3.74000000 0.01783690
-3.72000000 0.02003991
-3.70000000 0.02200599
-3.68000000 0.02361991
-3.66000000 0.02479636
-3.64000000 0.02549786
-3.62000000 0.02574746
-3.60000000 0.02563299
-3.58000000 0.02530123
-3.56000000 0.02494170
-3.54000000 0.02476255
-3.52000000 0.02496223
-3.50000000 0.02570240
-3.48000000 0.02708742
-3.46000000 0.02915466
-3.44000000 0.03187801
-3.42000000 0.03518402
-3.40000000 0.03897708
-3.38000000 0.04316815
-3.36000000 0.04769991
-3.34000000 0.05256229
-3.32000000 0.05779381
-3.30000000 0.06346780
-3.28000000 0.06966636
-3.26000000 0.07644787
-3.24000000 0.08381647
-3.22000000 0.09170168
-3.20000000 0.09995474
-3.18000000 0.10836436
-3.16000000 0.11669017
-3.14000000 0.12470762
-3.12000000 0.13225475
-3.10000000 0.13927048
-3.08000000 0.14581537
-3.06000000 0.15206961
-3.04000000 0.15830831
-3.02000000 0.16485968
-3.00000000 0.17205564
-2.98000000 0.18018680
-2.96000000 0.18947229
-2.94000000 0.20005144
-2.92000000 0.21199838
-2.90000000 0.22535440
-2.88000000 0.24016774
-2.86000000 0.25652764
-2.84000000 0.27458030
-2.82000000 0.29451815
-2.80000000 0.31654056
-2.78000000 0.34079178
-2.76000000 0.36728833
-2.74000000 0.39585279
-2.72000000 0.42607124
-2.70000000 0.45728814
-2.68000000 0.48864578
-2.66000000 0.51916648
-2.64000000 0.54786689
-2.62000000 0.57388677
-2.60000000 0.59661131
-2.58000000 0.61576644
-2.56000000 0.63147143
-2.54000000 0.64424077
-2.52000000 0.65493591
-2.50000000 0.66467597
-2.48000000 0.67472253
-2.46000000 0.68635632
-2.44000000 0.70076289
-2.42000000 0.71894075
-2.40000000 0.74163957
-2.38000000 0.76933001
-2.36000000 0.80220170
-2.34000000 0.84018195
-2.32000000 0.88296736
-2.30000000 0.93006088
-2.28000000 0.98080976
-2.26000000 1.03444269
-2.24000000 1.09010712
-2.22000000 1.14690929
-2.20000000 1.20395940
-2.18000000 1.26042290
-2.16000000 1.31557643
-2.14000000 1.36886368
-2.12000000 1.41994442
-2.10000000 1.46872800
-2.08000000 1.51538327
-2.06000000 1.56031889
-2.04000000 1.60413173
-2.02000000 1.64752633
-2.00000000 1.69121382
-1.98000000 1.73580357
-1.96000000 1.78170446
-1.94000000 1.82905296
-1.92000000 1.87768319
-1.90000000 1.92714831
-1.88000000 1.97679416
-1.86000000 2.02587648
-1.84000000 2.07370345
-1.82000000 2.11977827
-1.80000000 2.16391340
-1.78000000 2.20629063
-1.76000000 2.24744928
-1.74000000 2.28819758
-1.72000000 2.32945762
-1.70000000 2.37206941
-1.68000000 2.41659037
-1.66000000 2.46313151
-1.64000000 2.51126757
-1.62000000 2.56004659
-1.60000000 2.60810569
-1.58000000 2.65387859
-1.56000000 2.69586024
-1.54000000 2.73287991
-1.52000000 2.76432941
-1.50000000 2.79029919
-1.48000000 2.81159165
-1.46000000 2.82960447
-1.44000000 2.84610266
-1.42000000 2.86292086
-1.40000000 2.88165204
-1.38000000 2.90338184
-1.36000000 2.92851893
-1.34000000 2.95675202
-1.32000000 2.98713821
-1.30000000 3.01830111
-1.28000000 3.04869512
-1.26000000 3.07688041
-1.24000000 3.10175283
-1.22000000 3.12268480
-1.20000000 3.13955344
-1.18000000 3.15265703
-1.16000000 3.16254470
-1.14000000 3.16980093
-1.12000000 3.17483484
-1.10000000 3.17772054
-1.08000000 3.17812232
-1.06000000 3.17531925
-1.04000000 3.16832225
-1.02000000 3.15605838
-1.00000000 3.13758390
-0.98000000 3.11228403
-0.96000000 3.08002101
-0.94000000 3.04120404
-0.92000000 2.99676993
-0.90000000 2.94808042
-0.88000000 2.89675630
-0.86000000 2.84447851
-0.84000000 2.79279017
-0.82000000 2.74293104
-0.80000000 2.69572862
-0.78000000 2.65155889
-0.76000000 2.61037732
-0.74000000 2.57180896
-0.72000000 2.53527695
-0.70000000 2.50014342
-0.68000000 2.46583565
-0.66000000 2.43193417
-0.64000000 2.39820734
-0.62000000 2.36458785
-0.60000000 2.33109847
-0.58000000 2.29774541
-0.56000000 2.26440558
-0.54000000 2.23073692
-0.52000000 2.19613790
-0.50000000 2.15977332
-0.48000000 2.12066995
-0.46000000 2.07786974
-0.44000000 2.03061389
-0.42000000 1.97852098
-0.40000000 1.92171943
-0.38000000 1.86090068
-0.36000000 1.79727300
-0.34000000 1.73241558
-0.32000000 1.66805400
-0.30000000 1.60579621
-0.28000000 1.54687947
-0.26000000 1.49197950
-0.24000000 1.44112235
-0.22000000 1.39372038
-0.20000000 1.34872778
-0.18000000 1.30488637
-0.16000000 1.26101234
-0.14000000 1.21626498
-0.12000000 1.17034151
-0.10000000 1.12355695
-0.08000000 1.07679231
-0.06000000 1.03132174
-0.04000000 0.98855520
-0.02000000 0.94975022
0.00000000 0.91575251
0.02000000 0.88681773
0.04000000 0.86254883
0.06000000 0.84195831
0.08000000 0.82363888
0.10000000 0.80600435
0.12000000 0.78755051
0.14000000 0.76708456
0.16000000 0.74388198
0.18000000 0.71774731
0.20000000 0.68897738
0.22000000 0.65824511
0.24000000 0.62643667
0.26000000 0.59447997
0.28000000 0.56319958
0.30000000 0.53322216
0.32000000 0.50494195
0.34000000 0.47854068
0.36000000 0.45404504
0.38000000 0.43139868
0.40000000 0.41052675
0.42000000 0.39137699
0.44000000 0.37393096
0.46000000 0.35818873
0.48000000 0.34413798
0.50000000 0.33172174
0.52000000 0.32081794
0.54000000 0.31123895
0.56000000 0.30275232
0.58000000 0.29511697
0.60000000 0.28812433
0.62000000 0.28163265
0.64000000 0.27558448
0.66000000 0.27000262
0.68000000 0.26496546
0.70000000 0.26056884
0.72000000 0.25688437
0.74000000 0.25392538
0.76000000 0.25162892
0.78000000 0.24985781
0.80000000 0.24842143
0.82000000 0.24710921
0.84000000 0.24572778
0.86000000 0.24413284
0.88000000 0.24224833
0.90000000 0.24006988
0.92000000 0.23765359
0.94000000 0.23509473
0.96000000 0.23250340
0.98000000 0.22998378
1.00000000 0.22762180
1.02000000 0.22548296
1.04000000 0.22361848
1.06000000 0.22207554
1.08000000 0.22090618
1.10000000 0.22017027
1.12000000 0.21992988
1.14000000 0.22023571
1.16000000 0.22110889
1.18000000 0.22252353
1.20000000 0.22439552
1.22000000 0.22658213
1.24000000 0.22889402
1.26000000 0.23111831
1.28000000 0.23304823
1.30000000 0.23451338
1.32000000 0.23540387
1.34000000 0.23568361
1.36000000 0.23539018
1.38000000 0.23462207
1.40000000 0.23351713
1.42000000 0.23222744
1.44000000 0.23089665
1.46000000 0.22964418
1.48000000 0.22855859
1.50000000 0.22769944
1.52000000 0.22710461
1.54000000 0.22679858
1.56000000 0.22679723
1.58000000 0.22710617
1.60000000 0.22771209
1.62000000 0.22856932
1.64000000 0.22958600
1.66000000 0.23061551
1.68000000 0.23145786
1.70000000 0.23187402
1.72000000 0.23161289
1.74000000 0.23044731
1.76000000 0.22821250
1.78000000 0.22483921
1.80000000 0.22037399
1.82000000 0.21498130
1.84000000 0.20892575
1.86000000 0.20253680
1.88000000 0.19616214
1.90000000 0.19011824
1.92000000 0.18464742
1.94000000 0.17988921
1.96000000 0.17587084
1.98000000 0.17251763
2.00000000 0.16967995
2.02000000 0.16717007
2.04000000 0.16480087
2.06000000 0.16241818
2.08000000 0.15992091
2.10000000 0.15726609
2.12000000 0.15445960
2.14000000 0.15153677
2.16000000 0.14853876
2.18000000 0.14549139
2.20000000 0.14239180
2.22000000 0.13920600
2.24000000 0.13587744
2.26000000 0.13234380
2.28000000 0.12855738
2.30000000 0.12450351
2.32000000 0.12021221
2.34000000 0.11575997
2.36000000 0.11126115
2.38000000 0.10685074
2.40000000 0.10266237
2.42000000 0.09880640
2.44000000 0.09535253
2.46000000 0.09232046
2.48000000 0.08967987
2.50000000 0.08735908
2.52000000 0.08525992
2.54000000 0.08327518
2.56000000 0.08130490
2.58000000 0.07926839
2.60000000 0.07711029
2.62000000 0.07480047
2.64000000 0.07232907
2.66000000 0.06969906
2.68000000 0.06691879
2.70000000 0.06399681
2.72000000 0.06094028
2.74000000 0.05775700
2.76000000 0.05446018
2.78000000 0.05107414
2.80000000 0.04763895
2.82000000 0.04421218
2.84000000 0.04086690
2.86000000 0.03768574
2.88000000 0.03475202
2.90000000 0.03213946
2.92000000 0.02990256
2.94000000 0.02806939
2.96000000 0.02663806
2.98000000 0.02557749
3.00000000 0.02483208
3.02000000 0.02432930
3.04000000 0.02398878
3.06000000 0.02373121
3.08000000 0.02348588
3.10000000 0.02319576
3.12000000 0.02282000
3.14000000 0.02233389
3.16000000 0.02172696
3.18000000 0.02099999
3.20000000 0.02016174
3.22000000 0.01922593
3.24000000 0.01820901
3.26000000 0.01712849
3.28000000 0.01600203
3.30000000 0.01484687
3.32000000 0.01367942
3.34000000 0.01251498
3.36000000 0.01136744
3.38000000 0.01024911
3.40000000 0.00917072
3.42000000 0.00814177
3.44000000 0.00717103
3.46000000 0.00626717
3.48000000 0.00543938
3.50000000 0.00469754
3.52000000 0.00405199
3.54000000 0.00351264
3.56000000 0.00308765
3.58000000 0.00278172
3.60000000 0.00259456
3.62000000 0.00251961
3.64000000 0.00254357
3.66000000 0.00264672
3.68000000 0.00280415
3.70000000 0.00298774
3.72000000 0.00316856
3.74000000 0.00331944
3.76000000 0.00341732
3.78000000 0.00344509
3.80000000 0.00339283
3.82000000 0.00325833
3.84000000 0.00304691
3.86000000 0.00277059
3.88000000 0.00244680
3.90000000 0.00209664
3.92000000 0.00174286
3.94000000 0.00140769
3.96000000 0.00111068
3.98000000 0.00086677
