-4.00000000 0.00193920
-3.98000000 0.00160581
-3.96000000 0.00134751
-3.94000000 0.00123925
-3.92000000 0.00136496
-3.90000000 0.00180715
-3.88000000 0.00263394
-3.86000000 0.00388541
-3.84000000 0.00556201
-3.82000000 0.00761769
-3.80000000 0.00995985
-3.78000000 0.01245719
-3.76000000 0.01495490
-3.74000000 0.01729520
-3.72000000 0.01933986
-3.70000000 0.02099086
-3.68000000 0.02220521
-3.66000000 0.02300114
-3.64000000 0.02345443
-3.62000000 0.02368540
-3.60000000 0.02383920
-3.58000000 0.02406319
-3.56000000 0.02448583
-3.54000000 0.02520096
-3.52000000 0.02626031
-3.50000000 0.02767505
-3.48000000 0.02942530
-3.46000000 0.03147475
-3.44000000 0.03378657
-3.42000000 0.03633664
-3.40000000 0.03912102
-3.38000000 0.04215598
-3.36000000 0.04547097
-3.34000000 0.04909678
-3.32000000 0.05305235
-3.30000000 0.05733441
-3.28000000 0.06191343
-3.26000000 0.06673815
-3.24000000 0.07174893
-3.22000000 0.07689769
-3.20000000 0.08217059
-3.18000000 0.08760808
-3.16000000 0.09331672
-3.14000000 0.09946844
-3.12000000 0.10628475
-3.10000000 0.11400639
-3.08000000 0.12285219
-3.06000000 0.13297366
-3.04000000 0.14441376
-3.02000000 0.15707878
-3.00000000 0.17073111
-2.98000000 0.18500759
-2.96000000 0.19946405
-2.94000000 0.21364155
-2.92000000 0.22714539
-2.90000000 0.23972408
-2.88000000 0.25133415
-2.86000000 0.26217751
-2.84000000 0.27270158
-2.82000000 0.28355813
-2.80000000 0.29552392
-2.78000000 0.30939317
-2.76000000 0.32585789
-2.74000000 0.34539546
-2.72000000 0.36818272
-2.70000000 0.39405275
-2.68000000 0.42250334
-2.66000000 0.45275829
-2.64000000 0.48387297
-2.62000000 0.51486812
-2.60000000 0.54487057
-2.58000000 0.57323827
-2.56000000 0.59964952
-2.54000000 0.62414283
-2.52000000 0.64710228
-2.50000000 0.66919281
-2.48000000 0.69125834
-2.46000000 0.71420115
-2.44000000 0.73886352
-2.42000000 0.76593023
-2.40000000 0.79586570
-2.38000000 0.82889185
-2.36000000 0.86500426
-2.34000000 0.90401762
-2.32000000 0.94562612
-2.30000000 0.98946368
-2.28000000 1.03515067
-2.26000000 1.08231910
-2.24000000 1.13061475
-2.22000000 1.17968166
-2.20000000 1.22913941
-2.18000000 1.27856635
-2.16000000 1.32750051
-2.14000000 1.37546621
-2.12000000 1.42202716
-2.10000000 1.46685934
-2.08000000 1.50983036
-2.06000000 1.55106711
-2.04000000 1.59099344
-2.02000000 1.63032289
-2.00000000 1.66999898
-1.98000000 1.71108583
-1.96000000 1.75462193
-1.94000000 1.80145946
-1.92000000 1.85211626
-1.90000000 1.90666817
-1.88000000 1.96470387
-1.86000000 2.02535413
-1.84000000 2.08739439
-1.82000000 2.14940536
-1.80000000 2.20996529
-1.78000000 2.26784045
-1.76000000 2.32214007
-1.74000000 2.37240841
-1.72000000 2.41863839
-1.70000000 2.46120674
-1.68000000 2.50074601
-1.66000000 2.53798140
-1.64000000 2.57356730
-1.62000000 2.60795757
-1.60000000 2.64133657
-1.58000000 2.67362345
-1.56000000 2.70454689
-1.54000000 2.73377088
-1.52000000 2.76104095
-1.50000000 2.78631514
-1.48000000 2.80984693
-1.46000000 2.83219742
-1.44000000 2.85416968
-1.42000000 2.87667499
-1.40000000 2.90055659
-1.38000000 2.92640612
-1.36000000 2.95441115
-1.34000000 2.98426648
-1.32000000 3.01516977
-1.30000000 3.04590551
-1.28000000 3.07500368
-1.26000000 3.10094501
-1.24000000 3.12237550
-1.22000000 3.13829184
-1.20000000 3.14816530
-1.18000000 3.15198395
-1.16000000 3.15020936
-1.14000000 3.14365948
-1.12000000 3.13334268
-1.10000000 3.12027566
-1.08000000 3.10531874
-1.06000000 3.08905637
-1.04000000 3.07174057
-1.02000000 3.05330151
-1.00000000 3.03341669
-0.98000000 3.01162004
-0.96000000 2.98742628
-0.94000000 2.96044581
-0.92000000 2.93046971
-0.90000000 2.89751254
-0.88000000 2.86181039
-0.86000000 2.82378080
-0.84000000 2.78395780
-0.82000000 2.74291869
-0.80000000 2.70121821
-0.78000000 2.65934189
-0.76000000 2.61768363
-0.74000000 2.57654617
-0.72000000 2.53615701
-0.70000000 2.49668924
-0.68000000 2.45827645
-0.66000000 2.42101382
-0.64000000 2.38494231
-0.62000000 2.35001911
-0.60000000 2.31608278
-0.58000000 2.28282468
-0.56000000 2.24977881
-0.54000000 2.21633935
-0.52000000 2.18180941
-0.50000000 2.14547769
-0.48000000 2.10671233
-0.46000000 2.06505622
-0.44000000 2.02030550
-0.42000000 1.97255460
-0.40000000 1.92219631
-0.38000000 1.86987344
-0.36000000 1.81638792
-0.34000000 1.76258165
-0.32000000 1.70920979
-0.30000000 1.65682937
-0.28000000 1.60572386
-0.26000000 1.55587827
-0.24000000 1.50701005
-0.22000000 1.45865035
-0.20000000 1.41026114
-0.18000000 1.36136637
-0.16000000 1.31167273
-0.14000000 1.26115756
-0.12000000 1.21010716
-0.10000000 1.15909788
-0.08000000 1.10892278
-0.06000000 1.06047619
-0.04000000 1.01461573
-0.02000000 0.97202535
0.00000000 0.93310224
0.02000000 0.89788633
0.04000000 0.86604392
0.06000000 0.83690795
0.08000000 0.80956862
0.10000000 0.78300045
0.12000000 0.75620649
0.14000000 0.72835859
0.16000000 0.69891367
0.18000000 0.66768975
0.20000000 0.63489205
0.22000000 0.60108617
0.24000000 0.56712338
0.26000000 0.53402884
0.28000000 0.50286885
0.30000000 0.47461524
0.32000000 0.45002498
0.34000000 0.42955038
0.36000000 0.41329067
0.38000000 0.40098934
0.40000000 0.39207573
0.42000000 0.38574285
0.44000000 0.38104908
0.46000000 0.37702912
0.48000000 0.37279892
0.50000000 0.36764189
0.52000000 0.36106729
0.54000000 0.35283675
0.56000000 0.34295972
0.58000000 0.33166298
0.60000000 0.31934187
0.62000000 0.30650227
0.64000000 0.29370130
0.66000000 0.28149302
0.68000000 0.27038294
0.70000000 0.26079261
0.72000000 0.25303386
0.74000000 0.24729164
0.76000000 0.24361437
0.78000000 0.24191169
0.80000000 0.24196031
0.82000000 0.24341935
0.84000000 0.24585603
0.86000000 0.24878169
0.88000000 0.25169604
0.90000000 0.25413557
0.92000000 0.25572017
0.94000000 0.25619155
0.96000000 0.25543719
0.98000000 0.25349601
1.00000000 0.25054441
1.02000000 0.24686537
1.04000000 0.24280577
1.06000000 0.23872967
1.08000000 0.23497536
1.10000000 0.23182278
1.12000000 0.22947543
1.14000000 0.22805709
1.16000000 0.22762067
1.18000000 0.22816381
1.20000000 0.22964511
1.22000000 0.23199541
1.24000000 0.23512121
1.26000000 0.23889998
1.28000000 0.24317066
1.30000000 0.24772455
1.32000000 0.25230264
1.34000000 0.25660417
1.36000000 0.26030857
1.38000000 0.26310921
1.40000000 0.26475373
1.42000000 0.26508305
1.44000000 0.26406025
1.46000000 0.26178175
1.48000000 0.25846639
1.50000000 0.25442253
1.52000000 0.24999828
1.54000000 0.24552371
1.56000000 0.24125651
1.58000000 0.23734193
1.60000000 0.23379567
1.62000000 0.23051319
1.64000000 0.22730399
1.66000000 0.22394355
1.68000000 0.22023203
1.70000000 0.21604718
1.72000000 0.21138013
1.74000000 0.20634619
1.76000000 0.20116819
1.78000000 0.19613573
1.80000000 0.19154863
1.82000000 0.18765645
1.84000000 0.18460630
1.86000000 0.18240992
1.88000000 0.18093627
1.90000000 0.17993124
1.92000000 0.17906020
1.94000000 0.17796486
1.96000000 0.17632344
1.98000000 0.17390280
2.00000000 0.17059331
2.02000000 0.16642093
2.04000000 0.16153585
2.06000000 0.15618091
2.08000000 0.15064713
2.10000000 0.14522495
2.12000000 0.14015996
2.14000000 0.13562004
2.16000000 0.13167831
2.18000000 0.12831251
2.20000000 0.12541913
2.22000000 0.12283771
2.24000000 0.12038033
2.26000000 0.11786109
2.28000000 0.11512136
2.30000000 0.11204820
2.32000000 0.10858495
2.34000000 0.10473419
2.36000000 0.10055411
2.38000000 0.09614986
2.40000000 0.09166114
2.42000000 0.08724731
2.44000000 0.08307094
2.46000000 0.07928095
2.48000000 0.07599634
2.50000000 0.07329224
2.52000000 0.07118986
2.54000000 0.06965205
2.56000000 0.06858583
2.58000000 0.06785229
2.60000000 0.06728315
2.62000000 0.06670209
2.64000000 0.06594786
2.66000000 0.06489556
2.68000000 0.06347263
2.70000000 0.06166669
2.72000000 0.05952382
2.74000000 0.05713757
2.76000000 0.05463052
2.78000000 0.05213179
2.80000000 0.04975451
2.82000000 0.04757709
2.84000000 0.04563178
2.86000000 0.04390204
2.88000000 0.04232901
2.90000000 0.04082550
2.92000000 0.03929455
2.94000000 0.03764916
2.96000000 0.03582938
2.98000000 0.03381395
3.00000000 0.03162462
3.02000000 0.02932273
3.04000000 0.02699901
3.06000000 0.02475869
3.08000000 0.02270468
3.10000000 0.02092172
3.12000000 0.01946399
3.14000000 0.01834798
3.16000000 0.01755151
3.18000000 0.01701850
3.20000000 0.01666848
3.22000000 0.01640900
3.24000000 0.01614896
3.26000000 0.01581059
3.28000000 0.01533877
3.30000000 0.01470617
3.32000000 0.01391416
3.34000000 0.01298950
3.36000000 0.01197789
3.38000000 0.01093550
3.40000000 0.00991995
3.42000000 0.00898220
3.44000000 0.00816031
3.46000000 0.00747583
3.48000000 0.00693297
3.50000000 0.00652037
3.52000000 0.00621468
3.54000000 0.00598540
3.56000000 0.00579978
3.58000000 0.00562732
3.60000000 0.00544322
3.62000000 0.00523048
3.64000000 0.00498075
3.66000000 0.00469406
3.68000000 0.00437772
3.70000000 0.00404472
3.72000000 0.00371180
3.74000000 0.00339740
3.76000000 0.00311957
3.78000000 0.00289394
3.80000000 0.00273170
3.82000000 0.00263801
3.84000000 0.00261080
3.86000000 0.00264041
3.88000000 0.00271018
3.90000000 0.00279811
3.92000000 0.00287949
3.94000000 0.00293023
3.96000000 0.00293030
3.98000000 0.00286674
