-4.00000000 0.00435744
-3.98000000 0.00460061
-3.96000000 0.00503186
-3.94000000 0.00569475
-3.92000000 0.00660621
-3.90000000 0.00774947
-3.88000000 0.00907092
-3.86000000 0.01048201
-3.84000000 0.01186670
-3.82000000 0.01309441
-3.80000000 0.01403754
-3.78000000 0.01459172
-3.76000000 0.01469599
-3.74000000 0.01434978
-3.72000000 0.01362294
-3.70000000 0.01265615
-3.68000000 0.01164981
-3.66000000 0.01084148
-3.64000000 0.01047438
-3.62000000 0.01076123
-3.60000000 0.01184964
-3.58000000 0.01379570
-3.56000000 0.01655159
-3.54000000 0.01997113
-3.52000000 0.02383361
-3.50000000 0.02788283
-3.48000000 0.03187441
-3.46000000 0.03562242
-3.44000000 0.03903541
-3.42000000 0.04213361
-3.40000000 0.04504250
-3.38000000 0.04796286
-3.36000000 0.05112259
-3.34000000 0.05472022
-3.32000000 0.05887281
-3.30000000 0.06358065
-3.28000000 0.06871880
-3.26000000 0.07405991
-3.24000000 0.07932624
-3.22000000 0.08426182
-3.20000000 0.08871042
-3.18000000 0.09268238
-3.16000000 0.09639374
-3.14000000 0.10026627
-3.12000000 0.10488337
-3.10000000 0.11090634
-3.08000000 0.11896383
-3.06000000 0.12953373
-3.04000000 0.14284021
-3.02000000 0.15878717
-3.00000000 0.17694382
-2.98000000 0.19658926
-2.96000000 0.21681211
-2.94000000 0.23665022
-2.92000000 0.25524775
-2.90000000 0.27200183
-2.88000000 0.28667203
-2.86000000 0.29943126
-2.84000000 0.31084670
-2.82000000 0.32179122
-2.80000000 0.33329885
-2.78000000 0.34638745
-2.76000000 0.36187890
-2.74000000 0.38024748
-2.72000000 0.40152330
-2.70000000 0.42526805
-2.68000000 0.45062834
-2.66000000 0.47645890
-2.64000000 0.50149622
-2.62000000 0.52455531
-2.60000000 0.54471918
-2.58000000 0.56149250
-2.56000000 0.57489751
-2.54000000 0.58550009
-2.52000000 0.59436457
-2.50000000 0.60294616
-2.48000000 0.61293780
-2.46000000 0.62609237
-2.44000000 0.64404244
-2.42000000 0.66813741
-2.40000000 0.69931347
-2.38000000 0.73800682
-2.36000000 0.78411518
-2.34000000 0.83700806
-2.32000000 0.89558294
-2.30000000 0.95836140
-2.28000000 1.02361719
-2.26000000 1.08952563
-2.24000000 1.15432212
-2.22000000 1.21645512
-2.20000000 1.27471876
-2.18000000 1.32835058
-2.16000000 1.37708290
-2.14000000 1.42114159
-2.12000000 1.46119241
-2.10000000 1.49824271
-2.08000000 1.53351300
-2.06000000 1.56829684
-2.04000000 1.60382900
-2.02000000 1.64117886
-2.00000000 1.68118022
-1.98000000 1.72440099
-1.96000000 1.77114826
-1.94000000 1.82149805
-1.92000000 1.87533637
-1.90000000 1.93239864
-1.88000000 1.99229914
-1.86000000 2.05454768
-1.84000000 2.11855715
-1.82000000 2.18364976
-1.80000000 2.24907063
-1.78000000 2.31401527
-1.76000000 2.37767180
-1.74000000 2.43927289
-1.72000000 2.49814684
-1.70000000 2.55375517
-1.68000000 2.60570582
-1.66000000 2.65373704
-1.64000000 2.69767529
-1.62000000 2.73737930
-1.60000000 2.77268848
-1.58000000 2.80339545
-1.56000000 2.82925832
-1.54000000 2.85005863
-1.52000000 2.86569854
-1.50000000 2.87631792
-1.48000000 2.88240301
-1.46000000 2.88485544
-1.44000000 2.88499498
-1.42000000 2.88448187
-1.40000000 2.88516074
-1.38000000 2.88884615
-1.36000000 2.89708411
-1.34000000 2.91093138
-1.32000000 2.93079291
-1.30000000 2.95634780
-1.28000000 2.98657732
-1.26000000 3.01988897
-1.24000000 3.05431313
-1.22000000 3.08773637
-1.20000000 3.11813181
-1.18000000 3.14375156
-1.16000000 3.16325784
-1.14000000 3.17578434
-1.12000000 3.18093460
-1.10000000 3.17873462
-1.08000000 3.16956172
-1.06000000 3.15406946
-1.04000000 3.13312108
-1.02000000 3.10773422
-1.00000000 3.07903086
-0.98000000 3.04818175
-0.96000000 3.01633506
-0.94000000 2.98452506
-0.92000000 2.95356602
-0.90000000 2.92394635
-0.88000000 2.89574505
-0.86000000 2.86859379
-0.84000000 2.84170314
-0.82000000 2.81395993
-0.80000000 2.78408835
-0.78000000 2.75085237
-0.76000000 2.71326600
-0.74000000 2.67077320
-0.72000000 2.62336297
-0.70000000 2.57159578
-0.68000000 2.51653432
-0.66000000 2.45958941
-0.64000000 2.40230830
-0.62000000 2.34614284
-0.60000000 2.29223852
-0.58000000 2.24127991
-0.56000000 2.19341701
-0.54000000 2.14828085
-0.52000000 2.10508111
-0.50000000 2.06276440
-0.48000000 2.02020339
-0.46000000 1.97638413
-0.44000000 1.93056229
-0.42000000 1.88236692
-0.40000000 1.83184048
-0.38000000 1.77941515
-0.36000000 1.72583442
-0.34000000 1.67203602
-0.32000000 1.61901541
-0.30000000 1.56768964
-0.28000000 1.51877915
-0.26000000 1.47272133
-0.24000000 1.42962458
-0.22000000 1.38926651
-0.20000000 1.35113460
-0.18000000 1.31450279
-0.16000000 1.27853338
-0.14000000 1.24239062
-0.12000000 1.20535076
-0.10000000 1.16689395
-0.08000000 1.12676566
-0.06000000 1.08499967
-0.04000000 1.04190067
-0.02000000 0.99799059
0.00000000 0.95392854
0.02000000 0.91041857
0.04000000 0.86812051
0.06000000 0.82757821
0.08000000 0.78917524
0.10000000 0.75312240
0.12000000 0.71947475
0.14000000 0.68817038
0.16000000 0.65907930
0.18000000 0.63204976
0.20000000 0.60694144
0.22000000 0.58363871
0.24000000 0.56204327
0.26000000 0.54205042
0.28000000 0.52351779
0.30000000 0.50623724
0.32000000 0.48992008
0.34000000 0.47420248
0.36000000 0.45867336
0.38000000 0.44292164
0.40000000 0.42659488
0.42000000 0.40945848
0.44000000 0.39144360
0.46000000 0.37267381
0.48000000 0.35346413
0.50000000 0.33429094
0.52000000 0.31573672
0.54000000 0.29841777
0.56000000 0.28290596
0.58000000 0.26965651
0.60000000 0.25895241
0.62000000 0.25087318
0.64000000 0.24529147
0.66000000 0.24189668
0.68000000 0.24024065
0.70000000 0.23979770
0.72000000 0.24002948
0.74000000 0.24044557
0.76000000 0.24065195
0.78000000 0.24038204
0.80000000 0.23950800
0.82000000 0.23803321
0.84000000 0.23606921
0.86000000 0.23380228
0.88000000 0.23145582
0.90000000 0.22925404
0.92000000 0.22739216
0.94000000 0.22601584
0.96000000 0.22521141
0.98000000 0.22500612
1.00000000 0.22537628
1.02000000 0.22626033
1.04000000 0.22757333
1.06000000 0.22922000
1.08000000 0.23110413
1.10000000 0.23313348
1.12000000 0.23522055
1.14000000 0.23728057
1.16000000 0.23922888
1.18000000 0.24097969
1.20000000 0.24244800
1.22000000 0.24355532
1.24000000 0.24423877
1.26000000 0.24446178
1.28000000 0.24422403
1.30000000 0.24356755
1.32000000 0.24257669
1.34000000 0.24137033
1.36000000 0.24008635
1.38000000 0.23886025
1.40000000 0.23780091
1.42000000 0.23696808
1.44000000 0.23635590
1.46000000 0.23588635
1.48000000 0.23541474
1.50000000 0.23474761
1.52000000 0.23367054
1.54000000 0.23198203
1.56000000 0.22952774
1.58000000 0.22622948
1.60000000 0.22210400
1.62000000 0.21726819
1.64000000 0.21192990
1.66000000 0.20636561
1.68000000 0.20088869
1.70000000 0.19581292
1.72000000 0.19141669
1.74000000 0.18791255
1.76000000 0.18542579
1.78000000 0.18398362
1.80000000 0.18351549
1.82000000 0.18386290
1.84000000 0.18479682
1.86000000 0.18604007
1.88000000 0.18729230
1.90000000 0.18825550
1.92000000 0.18865838
1.94000000 0.18827827
1.96000000 0.18695926
1.98000000 0.18462514
2.00000000 0.18128574
2.02000000 0.17703557
2.04000000 0.17204367
2.06000000 0.16653526
2.08000000 0.16076611
2.10000000 0.15499278
2.12000000 0.14944207
2.14000000 0.14428438
2.16000000 0.13961496
2.18000000 0.13544623
2.20000000 0.13171269
2.22000000 0.12828759
2.24000000 0.12500874
2.26000000 0.12170894
2.28000000 0.11824581
2.30000000 0.11452580
2.32000000 0.11051859
2.34000000 0.10625966
2.36000000 0.10184113
2.38000000 0.09739334
2.40000000 0.09306073
2.42000000 0.08897690
2.44000000 0.08524325
2.46000000 0.08191458
2.48000000 0.07899376
2.50000000 0.07643553
2.52000000 0.07415791
2.54000000 0.07205866
2.56000000 0.07003341
2.58000000 0.06799239
2.60000000 0.06587314
2.62000000 0.06364756
2.64000000 0.06132283
2.66000000 0.05893669
2.68000000 0.05654831
2.70000000 0.05422639
2.72000000 0.05203660
2.74000000 0.05002994
2.76000000 0.04823372
2.78000000 0.04664622
2.80000000 0.04523573
2.82000000 0.04394403
2.84000000 0.04269408
2.86000000 0.04140079
2.88000000 0.03998355
2.90000000 0.03837886
2.92000000 0.03655099
2.94000000 0.03449912
2.96000000 0.03225953
2.98000000 0.02990210
3.00000000 0.02752170
3.02000000 0.02522517
3.04000000 0.02311619
3.06000000 0.02128021
3.08000000 0.01977207
3.10000000 0.01860825
3.12000000 0.01776526
3.14000000 0.01718432
3.16000000 0.01678153
3.18000000 0.01646180
3.20000000 0.01613398
3.22000000 0.01572474
3.24000000 0.01518871
3.26000000 0.01451345
3.28000000 0.01371853
3.30000000 0.01284928
3.32000000 0.01196654
3.34000000 0.01113449
3.36000000 0.01040877
3.38000000 0.00982703
3.40000000 0.00940317
3.42000000 0.00912615
3.44000000 0.00896317
3.46000000 0.00886612
3.48000000 0.00878009
3.50000000 0.00865221
3.52000000 0.00843927
3.54000000 0.00811307
3.56000000 0.00766298
3.58000000 0.00709551
3.60000000 0.00643159
3.62000000 0.00570221
3.64000000 0.00494359
3.66000000 0.00419241
3.68000000 0.00348213
3.70000000 0.00284038
3.72000000 0.00228769
3.74000000 0.00183716
3.76000000 0.00149487
3.78000000 0.00126051
3.80000000 0.00112812
3.82000000 0.00108671
3.84000000 0.00112083
3.86000000 0.00121123
3.88000000 0.00133585
3.90000000 0.00147113
3.92000000 0.00159379
3.94000000 0.00168292
3.96000000 0.00172204
3.98000000 0.00170088
