-4.00000000 0.00253609
-3.98000000 0.00285043
-3.96000000 0.00363439
-3.94000000 0.00490720
-3.92000000 0.00662996
-3.90000000 0.00870819
-3.88000000 0.01100162
-3.86000000 0.01333971
-3.84000000 0.01554045
-3.82000000 0.01743026
-3.80000000 0.01886265
-3.78000000 0.01973426
-3.76000000 0.01999701
-3.74000000 0.01966591
-3.72000000 0.01882207
-3.70000000 0.01761039
-3.68000000 0.01623179
-3.66000000 0.01492956
-3.64000000 0.01397012
-3.62000000 0.01361898
-3.60000000 0.01411395
-3.58000000 0.01563820
-3.56000000 0.01829694
-3.54000000 0.02210133
-3.52000000 0.02696277
-3.50000000 0.03269955
-3.48000000 0.03905581
-3.46000000 0.04573075
-3.44000000 0.05241414
-3.42000000 0.05882293
-3.40000000 0.06473342
-3.38000000 0.07000406
-3.36000000 0.07458568
-3.34000000 0.07851803
-3.32000000 0.08191384
-3.30000000 0.08493382
-3.28000000 0.08775710
-3.26000000 0.09055231
-3.24000000 0.09345403
-3.22000000 0.09654821
-3.20000000 0.09986835
-3.18000000 0.10340278
-3.16000000 0.10711135
-3.14000000 0.11094871
-3.12000000 0.11489033
-3.10000000 0.11895701
-3.08000000 0.12323383
-3.06000000 0.12787972
-3.04000000 0.13312550
-3.02000000 0.13925911
-3.00000000 0.14659937
-2.98000000 0.15546098
-2.96000000 0.16611586
-2.94000000 0.17875687
-2.92000000 0.19347044
-2.90000000 0.21022356
-2.88000000 0.22886832
-2.86000000 0.24916415
-2.84000000 0.27081398
-2.82000000 0.29350732
-2.80000000 0.31696150
-2.78000000 0.34095173
-2.76000000 0.36532321
-2.74000000 0.38998235
-2.72000000 0.41486930
-2.70000000 0.43991939
-2.68000000 0.46502460
-2.66000000 0.49000739
-2.64000000 0.51461743
-2.62000000 0.53855667
-2.60000000 0.56153105
-2.58000000 0.58332013
-2.56000000 0.60384944
-2.54000000 0.62324787
-2.52000000 0.64187351
-2.50000000 0.66029698
-2.48000000 0.67924038
-2.46000000 0.69947978
-2.44000000 0.72172896
-2.42000000 0.74652738
-2.40000000 0.77415685
-2.38000000 0.80460613
-2.36000000 0.83759379
-2.34000000 0.87264703
-2.32000000 0.90922188
-2.30000000 0.94684066
-2.28000000 0.98521760
-2.26000000 1.02434524
-2.24000000 1.06452167
-2.22000000 1.10631048
-2.20000000 1.15043897
-2.18000000 1.19765314
-2.16000000 1.24855630
-2.14000000 1.30346212
-2.12000000 1.36228964
-2.10000000 1.42452024
-2.08000000 1.48922508
-2.06000000 1.55515908
-2.04000000 1.62090693
-2.02000000 1.68505865
-2.00000000 1.74638890
-1.98000000 1.80401508
-1.96000000 1.85751314
-1.94000000 1.90697684
-1.92000000 1.95301292
-1.90000000 1.99667249
-1.88000000 2.03932514
-1.86000000 2.08248829
-1.84000000 2.12762929
-1.82000000 2.17596175
-1.80000000 2.22826041
-1.78000000 2.28471934
-1.76000000 2.34487611
-1.74000000 2.40761860
-1.72000000 2.47128149
-1.70000000 2.53382661
-1.68000000 2.59308744
-1.66000000 2.64704542
-1.64000000 2.69409714
-1.62000000 2.73326957
-1.60000000 2.76434679
-1.58000000 2.78788544
-1.56000000 2.80511554
-1.54000000 2.81774478
-1.52000000 2.82770264
-1.50000000 2.83687259
-1.48000000 2.84686206
-1.46000000 2.85885054
-1.44000000 2.87353771
-1.42000000 2.89119022
-1.40000000 2.91176218
-1.38000000 2.93504758
-1.36000000 2.96081610
-1.34000000 2.98888945
-1.32000000 3.01913250
-1.30000000 3.05135839
-1.28000000 3.08517250
-1.26000000 3.11980137
-1.24000000 3.15396233
-1.22000000 3.18582579
-1.20000000 3.21310404
-1.18000000 3.23327219
-1.16000000 3.24389496
-1.14000000 3.24300457
-1.12000000 3.22945735
-1.10000000 3.20319456
-1.08000000 3.16534692
-1.06000000 3.11815122
-1.04000000 3.06468329
-1.02000000 3.00844874
-1.00000000 2.95290140
-0.98000000 2.90097443
-0.96000000 2.85470646
-0.94000000 2.81502645
-0.92000000 2.78172932
-0.90000000 2.75363807
-0.88000000 2.72891327
-0.86000000 2.70544599
-0.84000000 2.68125828
-0.82000000 2.65483975
-0.80000000 2.62536573
-0.78000000 2.59276895
-0.76000000 2.55766574
-0.74000000 2.52116391
-0.72000000 2.48459773
-0.70000000 2.44924328
-0.68000000 2.41606477
-0.66000000 2.38553114
-0.64000000 2.35752577
-0.62000000 2.33135444
-0.60000000 2.30584090
-0.58000000 2.27948802
-0.56000000 2.25067652
-0.54000000 2.21787201
-0.52000000 2.17981409
-0.50000000 2.13566636
-0.48000000 2.08511295
-0.46000000 2.02839402
-0.44000000 1.96627919
-0.42000000 1.89998471
-0.40000000 1.83104556
-0.38000000 1.76115891
-0.36000000 1.69201842
-0.34000000 1.62516018
-0.32000000 1.56183901
-0.30000000 1.50294925
-0.28000000 1.44899656
-0.26000000 1.40011859
-0.24000000 1.35614430
-0.22000000 1.31667520
-0.20000000 1.28116973
-0.18000000 1.24901358
-0.16000000 1.21956483
-0.14000000 1.19217098
-0.12000000 1.16616380
-0.10000000 1.14084465
-0.08000000 1.11547601
-0.06000000 1.08929325
-0.04000000 1.06154472
-0.02000000 1.03155936
0.00000000 0.99883212
0.02000000 0.96310981
0.04000000 0.92445771
0.06000000 0.88328868
0.08000000 0.84034381
0.10000000 0.79662323
0.12000000 0.75327652
0.14000000 0.71147071
0.16000000 0.67225823
0.18000000 0.63646710
0.20000000 0.60462974
0.22000000 0.57695844
0.24000000 0.55336546
0.26000000 0.53351753
0.28000000 0.51690900
0.30000000 0.50293728
0.32000000 0.49096732
0.34000000 0.48037773
0.36000000 0.47058801
0.38000000 0.46107212
0.40000000 0.45136628
0.42000000 0.44107900
0.44000000 0.42990769
0.46000000 0.41766173
0.48000000 0.40428664
0.50000000 0.38988141
0.52000000 0.37470009
0.54000000 0.35913198
0.56000000 0.34365909
0.58000000 0.32879578
0.60000000 0.31502027
0.62000000 0.30271058
0.64000000 0.29209740
0.66000000 0.28324275
0.68000000 0.27604813
0.70000000 0.27028929
0.72000000 0.26566933
0.74000000 0.26187835
0.76000000 0.25864741
0.78000000 0.25578668
0.80000000 0.25320221
0.82000000 0.25089091
0.84000000 0.24891801
0.86000000 0.24738449
0.88000000 0.24639301
0.90000000 0.24601938
0.92000000 0.24629442
0.94000000 0.24719711
0.96000000 0.24865767
0.98000000 0.25056677
1.00000000 0.25278716
1.02000000 0.25516457
1.04000000 0.25753664
1.06000000 0.25974001
1.08000000 0.26161719
1.10000000 0.26302451
1.12000000 0.26384227
1.14000000 0.26398627
1.16000000 0.26341888
1.18000000 0.26215682
1.20000000 0.26027272
1.22000000 0.25788879
1.24000000 0.25516241
1.26000000 0.25226582
1.28000000 0.24936342
1.30000000 0.24659120
1.32000000 0.24404242
1.34000000 0.24176214
1.36000000 0.23975126
1.38000000 0.23797822
1.40000000 0.23639500
1.42000000 0.23495295
1.44000000 0.23361469
1.46000000 0.23235922
1.48000000 0.23117983
1.50000000 0.23007615
1.52000000 0.22904324
1.54000000 0.22806150
1.56000000 0.22709042
1.58000000 0.22606829
1.60000000 0.22491800
1.62000000 0.22355749
1.64000000 0.22191218
1.66000000 0.21992627
1.68000000 0.21757044
1.70000000 0.21484436
1.72000000 0.21177424
1.74000000 0.20840650
1.76000000 0.20479993
1.78000000 0.20101843
1.80000000 0.19712597
1.82000000 0.19318443
1.84000000 0.18925365
1.86000000 0.18539241
1.88000000 0.18165832
1.90000000 0.17810561
1.92000000 0.17477995
1.94000000 0.17171114
1.96000000 0.16890543
1.98000000 0.16633973
2.00000000 0.16395999
2.02000000 0.16168535
2.04000000 0.15941813
2.06000000 0.15705839
2.08000000 0.15452039
2.10000000 0.15174758
2.12000000 0.14872269
2.14000000 0.14547061
2.16000000 0.14205299
2.18000000 0.13855554
2.20000000 0.13507063
2.22000000 0.13167869
2.24000000 0.12843256
2.26000000 0.12534791
2.28000000 0.12240186
2.30000000 0.11953978
2.32000000 0.11668862
2.34000000 0.11377382
2.36000000 0.11073582
2.38000000 0.10754284
2.40000000 0.10419711
2.42000000 0.10073366
2.44000000 0.09721220
2.46000000 0.09370410
2.48000000 0.09027773
2.50000000 0.08698518
2.52000000 0.08385319
2.54000000 0.08088003
2.56000000 0.07803853
2.58000000 0.07528422
2.60000000 0.07256667
2.62000000 0.06984139
2.64000000 0.06707996
2.66000000 0.06427648
2.68000000 0.06144951
2.70000000 0.05863948
2.72000000 0.05590255
2.74000000 0.05330231
2.76000000 0.05090092
2.78000000 0.04875109
2.80000000 0.04688985
2.82000000 0.04533459
2.84000000 0.04408141
2.86000000 0.04310542
2.88000000 0.04236266
2.90000000 0.04179320
2.92000000 0.04132528
2.94000000 0.04088029
2.96000000 0.04037853
2.98000000 0.03974542
3.00000000 0.03891800
3.02000000 0.03785089
3.04000000 0.03652095
3.06000000 0.03493006
3.08000000 0.03310513
3.10000000 0.03109526
3.12000000 0.02896616
3.14000000 0.02679256
3.16000000 0.02464973
3.18000000 0.02260531
3.20000000 0.02071273
3.22000000 0.01900724
3.24000000 0.01750480
3.26000000 0.01620393
3.28000000 0.01508967
3.30000000 0.01413891
3.32000000 0.01332561
3.34000000 0.01262520
3.36000000 0.01201723
3.38000000 0.01148614
3.40000000 0.01102025
3.42000000 0.01060970
3.44000000 0.01024402
3.46000000 0.00991022
3.48000000 0.00959201
3.50000000 0.00927049
3.52000000 0.00892617
3.54000000 0.00854198
3.56000000 0.00810654
3.58000000 0.00761693
3.60000000 0.00708022
3.62000000 0.00651342
3.64000000 0.00594164
3.66000000 0.00539458
3.68000000 0.00490217
3.70000000 0.00448977
3.72000000 0.00417399
3.74000000 0.00395977
3.76000000 0.00383929
3.78000000 0.00379280
3.80000000 0.00379138
3.82000000 0.00380115
3.84000000 0.00378812
3.86000000 0.00372303
3.88000000 0.00358534
3.90000000 0.00336575
3.92000000 0.00306691
3.94000000 0.00270241
3.96000000 0.00229410
3.98000000 0.00186851
