-4.00000000 0.00242310
-3.98000000 0.00273367
-3.96000000 0.00300874
-3.94000000 0.00326823
-3.92000000 0.00354829
-3.90000000 0.00389398
-3.88000000 0.00434989
-3.86000000 0.00495134
-3.84000000 0.00571813
-3.82000000 0.00665265
-3.80000000 0.00774265
-3.78000000 0.00896780
-3.76000000 0.01030806
-3.74000000 0.01175119
-3.72000000 0.01329679
-3.70000000 0.01495533
-3.68000000 0.01674185
-3.66000000 0.01866599
-3.64000000 0.02072103
-3.62000000 0.02287576
-3.60000000 0.02507232
-3.58000000 0.02723225
-3.56000000 0.02927062
-3.54000000 0.03111602
-3.52000000 0.03273218
-3.50000000 0.03413597
-3.48000000 0.03540662
-3.46000000 0.03668279
-3.44000000 0.03814650
-3.42000000 0.03999614
-3.40000000 0.04241342
-3.38000000 0.04553080
-3.36000000 0.04940657
-3.34000000 0.05401290
-3.32000000 0.05923994
-3.30000000 0.06491549
-3.28000000 0.07083642
-3.26000000 0.07680572
-3.24000000 0.08266779
-3.22000000 0.08833522
-3.20000000 0.09380229
-3.18000000 0.09914323
-3.16000000 0.10449622
-3.14000000 0.11003703
-3.12000000 0.11594725
-3.10000000 0.12238310
-3.08000000 0.12944971
-3.06000000 0.13718458
-3.04000000 0.14555238
-3.02000000 0.15445146
-3.00000000 0.16373143
-2.98000000 0.17321996
-2.96000000 0.18275648
-2.94000000 0.19222916
-2.92000000 0.20161103
-2.90000000 0.21098985
-2.88000000 0.22058576
-2.86000000 0.23075102
-2.84000000 0.24194758
-2.82000000 0.25470100
-2.80000000 0.26953365
-2.78000000 0.28688471
-2.76000000 0.30702901
-2.74000000 0.33000918
-2.72000000 0.35559598
-2.70000000 0.38328801
-2.68000000 0.41235628
-2.66000000 0.44193068
-2.64000000 0.47111678
-2.62000000 0.49912474
-2.60000000 0.52538819
-2.58000000 0.54965176
-2.56000000 0.57201127
-2.54000000 0.59289914
-2.52000000 0.61301810
-2.50000000 0.63323603
-2.48000000 0.65446175
-2.46000000 0.67752408
-2.44000000 0.70307459
-2.42000000 0.73152814
-2.40000000 0.76304685
-2.38000000 0.79756407
-2.36000000 0.83483827
-2.34000000 0.87452263
-2.32000000 0.91623606
-2.30000000 0.95962435
-2.28000000 1.00440470
-2.26000000 1.05039136
-2.24000000 1.09750374
-2.22000000 1.14575918
-2.20000000 1.19525239
-2.18000000 1.24612203
-2.16000000 1.29850446
-2.14000000 1.35247548
-2.12000000 1.40798463
-2.10000000 1.46479128
-2.08000000 1.52241685
-2.06000000 1.58013051
-2.04000000 1.63698373
-2.02000000 1.69190307
-2.00000000 1.74383795
-1.98000000 1.79194621
-1.96000000 1.83578571
-1.94000000 1.87547129
-1.92000000 1.91175535
-1.90000000 1.94599960
-1.88000000 1.98002476
-1.86000000 2.01585052
-1.84000000 2.05536436
-1.82000000 2.09997941
-1.80000000 2.15035073
-1.78000000 2.20621440
-1.76000000 2.26639286
-1.74000000 2.32897717
-1.72000000 2.39165892
-1.70000000 2.45214982
-1.68000000 2.50860412
-1.66000000 2.55995404
-1.64000000 2.60608366
-1.62000000 2.64779972
-1.60000000 2.68660173
-1.58000000 2.72429876
-1.56000000 2.76255637
-1.54000000 2.80247474
-1.52000000 2.84429440
-1.50000000 2.88729910
-1.48000000 2.92994161
-1.46000000 2.97016818
-1.44000000 3.00587172
-1.42000000 3.03537318
-1.40000000 3.05782272
-1.38000000 3.07342872
-1.36000000 3.08345985
-1.34000000 3.09001541
-1.32000000 3.09561023
-1.30000000 3.10266145
-1.28000000 3.11298602
-1.26000000 3.12741574
-1.24000000 3.14561082
-1.22000000 3.16611051
-1.20000000 3.18660909
-1.18000000 3.20439819
-1.16000000 3.21688367
-1.14000000 3.22207167
-1.12000000 3.21892770
-1.10000000 3.20754143
-1.08000000 3.18907103
-1.06000000 3.16548579
-1.04000000 3.13916485
-1.02000000 3.11243489
-1.00000000 3.08713753
-0.98000000 3.06430624
-0.96000000 3.04400739
-0.94000000 3.02536578
-0.92000000 3.00676004
-0.90000000 2.98614317
-0.88000000 2.96142474
-0.86000000 2.93084515
-0.84000000 2.89327952
-0.82000000 2.84842553
-0.80000000 2.79685260
-0.78000000 2.73991402
-0.76000000 2.67954434
-0.74000000 2.61797998
-0.72000000 2.55744827
-0.70000000 2.49987072
-0.68000000 2.44662008
-0.66000000 2.39836065
-0.64000000 2.35498809
-0.62000000 2.31567196
-0.60000000 2.27899148
-0.58000000 2.24314425
-0.56000000 2.20620021
-0.54000000 2.16636790
-0.52000000 2.12223933
-0.50000000 2.07298230
-0.48000000 2.01845521
-0.46000000 1.95922923
-0.44000000 1.89651466
-0.42000000 1.83200102
-0.40000000 1.76763289
-0.38000000 1.70535268
-0.36000000 1.64684699
-0.34000000 1.59333268
-0.32000000 1.54541337
-0.30000000 1.50302585
-0.28000000 1.46548228
-0.26000000 1.43159902
-0.24000000 1.39988927
-0.22000000 1.36878767
-0.20000000 1.33687060
-0.18000000 1.30303850
-0.16000000 1.26663422
-0.14000000 1.22748354
-0.12000000 1.18585807
-0.10000000 1.14237374
-0.08000000 1.09784862
-0.06000000 1.05314870
-0.04000000 1.00905026
-0.02000000 0.96614177
0.00000000 0.92477852
0.02000000 0.88509199
0.04000000 0.84704456
0.06000000 0.81051187
0.08000000 0.77537082
0.10000000 0.74157151
0.12000000 0.70917694
0.14000000 0.67836212
0.16000000 0.64937447
0.18000000 0.62246617
0.20000000 0.59781584
0.22000000 0.57545905
0.24000000 0.55524563
0.26000000 0.53683555
0.28000000 0.51973673
0.30000000 0.50337862
0.32000000 0.48720753
0.34000000 0.47078429
0.36000000 0.45386390
0.38000000 0.43644012
0.40000000 0.41874496
0.42000000 0.40120212
0.44000000 0.38434313
0.46000000 0.36870237
0.48000000 0.35471202
0.50000000 0.34261772
0.52000000 0.33243172
0.54000000 0.32393273
0.56000000 0.31671202
0.58000000 0.31025602
0.60000000 0.30404844
0.62000000 0.29767112
0.64000000 0.29088339
0.66000000 0.28366456
0.68000000 0.27621165
0.70000000 0.26889401
0.72000000 0.26217482
0.74000000 0.25651606
0.76000000 0.25228604
0.78000000 0.24968757
0.80000000 0.24871986
0.82000000 0.24917984
0.84000000 0.25070060
0.86000000 0.25281722
0.88000000 0.25504554
0.90000000 0.25695796
0.92000000 0.25824192
0.94000000 0.25873184
0.96000000 0.25841100
0.98000000 0.25738664
1.00000000 0.25584656
1.02000000 0.25400819
1.04000000 0.25207144
1.06000000 0.25018437
1.08000000 0.24842659
1.10000000 0.24681079
1.12000000 0.24529870
1.14000000 0.24382537
1.16000000 0.24232436
1.18000000 0.24074810
1.20000000 0.23907953
1.22000000 0.23733421
1.24000000 0.23555478
1.26000000 0.23380097
1.28000000 0.23213906
1.30000000 0.23063351
1.32000000 0.22934220
1.34000000 0.22831454
1.36000000 0.22759085
1.38000000 0.22720040
1.40000000 0.22715669
1.42000000 0.22744945
1.44000000 0.22803495
1.46000000 0.22882741
1.48000000 0.22969538
1.50000000 0.23046617
1.52000000 0.23094010
1.54000000 0.23091397
1.56000000 0.23021073
1.58000000 0.22870988
1.60000000 0.22637268
1.62000000 0.22325620
1.64000000 0.21951208
1.66000000 0.21536917
1.68000000 0.21110176
1.70000000 0.20698892
1.72000000 0.20327192
1.74000000 0.20011754
1.76000000 0.19759399
1.78000000 0.19566382
1.80000000 0.19419491
1.82000000 0.19298721
1.84000000 0.19181008
1.86000000 0.19044312
1.88000000 0.18871309
1.90000000 0.18652062
1.92000000 0.18385223
1.94000000 0.18077654
1.96000000 0.17742586
1.98000000 0.17396744
2.00000000 0.17056979
2.02000000 0.16737033
2.04000000 0.16445005
2.06000000 0.16181922
2.08000000 0.15941627
2.10000000 0.15711979
2.12000000 0.15477107
2.14000000 0.15220335
2.16000000 0.14927267
2.18000000 0.14588511
2.20000000 0.14201604
2.22000000 0.13771781
2.24000000 0.13311486
2.26000000 0.12838662
2.28000000 0.12374095
2.30000000 0.11938222
2.32000000 0.11547935
2.34000000 0.11213868
2.36000000 0.10938660
2.38000000 0.10716447
2.40000000 0.10533701
2.42000000 0.10371263
2.44000000 0.10207245
2.46000000 0.10020310
2.48000000 0.09792796
2.50000000 0.09513167
2.52000000 0.09177427
2.54000000 0.08789306
2.56000000 0.08359248
2.58000000 0.07902448
2.60000000 0.07436333
2.62000000 0.06977943
2.64000000 0.06541662
2.66000000 0.06137652
2.68000000 0.05771157
2.70000000 0.05442696
2.72000000 0.05148993
2.74000000 0.04884351
2.76000000 0.04642172
2.78000000 0.04416300
2.80000000 0.04201986
2.82000000 0.03996353
2.84000000 0.03798378
2.86000000 0.03608497
2.88000000 0.03427994
2.90000000 0.03258361
2.92000000 0.03100758
2.94000000 0.02955674
2.96000000 0.02822793
2.98000000 0.02701049
3.00000000 0.02588780
3.02000000 0.02483919
3.04000000 0.02384174
3.06000000 0.02287165
3.08000000 0.02190544
3.10000000 0.02092115
3.12000000 0.01990011
3.14000000 0.01882912
3.16000000 0.01770319
3.18000000 0.01652796
3.20000000 0.01532142
3.22000000 0.01411389
3.24000000 0.01294586
3.26000000 0.01186355
3.28000000 0.01091271
3.30000000 0.01013148
3.32000000 0.00954368
3.34000000 0.00915391
3.36000000 0.00894540
3.38000000 0.00888140
3.40000000 0.00890980
3.42000000 0.00897029
3.44000000 0.00900282
3.46000000 0.00895577
3.48000000 0.00879236
3.50000000 0.00849441
3.52000000 0.00806281
3.54000000 0.00751509
3.56000000 0.00688079
3.58000000 0.00619571
3.60000000 0.00549637
3.62000000 0.00481544
3.64000000 0.00417899
3.66000000 0.00360553
3.68000000 0.00310643
3.70000000 0.00268739
3.72000000 0.00235001
3.74000000 0.00209311
3.76000000 0.00191336
3.78000000 0.00180534
3.80000000 0.00176121
3.82000000 0.00177048
3.84000000 0.00182010
3.86000000 0.00189528
3.88000000 0.00198078
3.90000000 0.00206268
3.92000000 0.00212994
3.94000000 0.00217557
3.96000000 0.00219691
3.98000000 0.00219506
