-4.00000000 0.00052371
-3.98000000 0.00030819
-3.96000000 -0.00002055
-3.94000000 -0.00034771
-3.92000000 -0.00055701
-3.90000000 -0.00057191
-3.88000000 -0.00038361
-3.86000000 -0.00005538
-3.84000000 0.00029856
-3.82000000 0.00055266
-3.80000000 0.00061456
-3.78000000 0.00045853
-3.76000000 0.00013601
-3.74000000 -0.00024121
-3.72000000 -0.00053961
-3.70000000 -0.00065112
-3.68000000 -0.00053217
-3.66000000 -0.00022060
-3.64000000 0.00017616
-3.62000000 0.00051795
-3.60000000 0.00068129
-3.58000000 0.00060394
-3.56000000 0.00030844
-3.54000000 -0.00010398
-3.52000000 -0.00048793
-3.50000000 -0.00070496
-3.48000000 -0.00067340
-3.46000000 -0.00039896
-3.44000000 0.00002518
-3.42000000 0.00044984
-3.40000000 0.00072207
-3.38000000 0.00074022
-3.36000000 0.00049177
-3.34000000 0.00006009
-3.32000000 -0.00040326
-3.30000000 -0.00073166
-3.28000000 -0.00080335
-3.26000000 -0.00058673
-3.24000000 -0.00015402
-3.22000000 0.00034257
-3.20000000 0.00072486
-3.18000000 0.00085395
-3.16000000 0.00068340
-3.14000000 0.00028011
-3.12000000 -0.00019598
-3.10000000 -0.00054781
-3.08000000 -0.00061373
-3.06000000 -0.00033059
-3.04000000 0.00023621
-3.02000000 0.00090877
-3.00000000 0.00145539
-2.98000000 0.00167299
-2.96000000 0.00146428
-2.94000000 0.00088145
-2.92000000 0.00011818
-2.90000000 -0.00054981
-2.88000000 -0.00085744
-2.86000000 -0.00064404
-2.84000000 0.00008564
-2.82000000 0.00115781
-2.80000000 0.00228830
-2.78000000 0.00318643
-2.76000000 0.00366918
-2.74000000 0.00374466
-2.72000000 0.00363165
-2.70000000 0.00370297
-2.68000000 0.00436621
-2.66000000 0.00591938
-2.64000000 0.00843058
-2.62000000 0.01168649
-2.60000000 0.01523389
-2.58000000 0.01850812
-2.56000000 0.02101187
-2.54000000 0.02248809
-2.52000000 0.02302881
-2.50000000 0.02307981
-2.48000000 0.02333392
-2.46000000 0.02454259
-2.44000000 0.02730493
-2.42000000 0.03190327
-2.40000000 0.03824226
-2.38000000 0.04591545
-2.36000000 0.05438117
-2.34000000 0.06319089
-2.32000000 0.07219317
-2.30000000 0.08164129
-2.28000000 0.09216312
-2.26000000 0.10459880
-2.24000000 0.11975854
-2.22000000 0.13818468
-2.20000000 0.16000508
-2.18000000 0.18493772
-2.16000000 0.21245454
-2.14000000 0.24205507
-2.12000000 0.27355443
-2.10000000 0.30727584
-2.08000000 0.34406091
-2.06000000 0.38506762
-2.04000000 0.43140068
-2.02000000 0.48368513
-2.00000000 0.54173079
-1.98000000 0.60442401
-1.96000000 0.66992459
-1.94000000 0.73615337
-1.92000000 0.80145674
-1.90000000 0.86526111
-1.88000000 0.92850821
-1.86000000 0.99370473
-1.84000000 1.06451948
-1.82000000 1.14499161
-1.80000000 1.23853758
-1.78000000 1.34702318
-1.76000000 1.47017148
-1.74000000 1.60550227
-1.72000000 1.74885905
-1.70000000 1.89541348
-1.68000000 2.04089288
-1.66000000 2.18269701
-1.64000000 2.32058430
-1.62000000 2.45671454
-1.60000000 2.59500955
-1.58000000 2.73998620
-1.56000000 2.89537284
-1.54000000 3.06289332
-1.52000000 3.24156778
-1.50000000 3.42774334
-1.48000000 3.61586618
-1.46000000 3.79979616
-1.44000000 3.97430642
-1.42000000 4.13635030
-1.40000000 4.28573542
-1.38000000 4.42500632
-1.36000000 4.55855760
-1.34000000 4.69121648
-1.32000000 4.82668603
-1.30000000 4.96628263
-1.28000000 5.10832169
-1.26000000 5.24832600
-1.24000000 5.38000145
-1.22000000 5.49671173
-1.20000000 5.59304631
-1.18000000 5.66605340
-1.16000000 5.71580761
-1.14000000 5.74517130
-1.12000000 5.75883459
-1.10000000 5.76191773
-1.08000000 5.75853428
-1.06000000 5.75071413
-1.04000000 5.73797374
-1.02000000 5.71763077
-1.00000000 5.68574804
-0.98000000 5.63841754
-0.96000000 5.57300821
-0.94000000 5.48902265
-0.92000000 5.38833033
-0.90000000 5.27472806
-0.88000000 5.15297116
-0.86000000 5.02756367
-0.84000000 4.90165510
-0.82000000 4.77635051
-0.80000000 4.65061447
-0.78000000 4.52177792
-0.76000000 4.38648891
-0.74000000 4.24183101
-0.72000000 4.08629776
-0.70000000 3.92036326
-0.68000000 3.74650964
-0.66000000 3.56872501
-0.64000000 3.39162592
-0.62000000 3.21944968
-0.60000000 3.05518134
-0.58000000 2.90002796
-0.56000000 2.75334830
-0.54000000 2.61302135
-0.52000000 2.47612735
-0.50000000 2.33974882
-0.48000000 2.20168891
-0.46000000 2.06094775
-0.44000000 1.91787656
-0.42000000 1.77401794
-0.40000000 1.63171521
-0.38000000 1.49361520
-0.36000000 1.36219147
-0.34000000 1.23938511
-0.32000000 1.12641117
-0.30000000 1.02372837
-0.28000000 0.93113244
-0.26000000 0.84791712
-0.24000000 0.77305112
-0.22000000 0.70533781
-0.20000000 0.64354597
-0.18000000 0.58651619
-0.16000000 0.53325254
-0.14000000 0.48300377
-0.12000000 0.43532712
-0.10000000 0.39011812
-0.08000000 0.34758806
-0.06000000 0.30817915
-0.04000000 0.27242450
-0.02000000 0.24077874
0.00000000 0.21346007
0.02000000 0.19034627
0.04000000 0.17095677
0.06000000 0.15452977
0.08000000 0.14017625
0.10000000 0.12706915
0.12000000 0.11461465
0.14000000 0.10255670
0.16000000 0.09098584
0.18000000 0.08025176
0.20000000 0.07080826
0.22000000 0.06303906
0.24000000 0.05711769
0.26000000 0.05294271
0.28000000 0.05016526
0.30000000 0.04829618
0.32000000 0.04685560
0.34000000 0.04551554
0.36000000 0.04418982
0.38000000 0.04304360
0.40000000 0.04242159
0.42000000 0.04271987
0.44000000 0.04424376
0.46000000 0.04709725
0.48000000 0.05113843
0.50000000 0.05601295
0.52000000 0.06125268
0.54000000 0.06640610
0.56000000 0.07115831
0.58000000 0.07540340
0.60000000 0.07924858
0.62000000 0.08295231
0.64000000 0.08681973
0.66000000 0.09109151
0.68000000 0.09586270
0.70000000 0.10105681
0.72000000 0.10646098
0.74000000 0.11180757
0.76000000 0.11687242
0.78000000 0.12155541
0.80000000 0.12591560
0.82000000 0.13014923
0.84000000 0.13451809
0.86000000 0.13925251
0.88000000 0.14446130
0.90000000 0.15007861
0.92000000 0.15586548
0.94000000 0.16146603
0.96000000 0.16650075
0.98000000 0.17066778
1.00000000 0.17382093
1.02000000 0.17600123
1.04000000 0.17741333
1.06000000 0.17835597
1.08000000 0.17912904
1.10000000 0.17994641
1.12000000 0.18088085
1.14000000 0.18185592
1.16000000 0.18268479
1.18000000 0.18314108
1.20000000 0.18303766
1.22000000 0.18228769
1.24000000 0.18092942
1.26000000 0.17910812
1.28000000 0.17702282
1.30000000 0.17485636
1.32000000 0.17271184
1.34000000 0.17057599
1.36000000 0.16832089
1.38000000 0.16574300
1.40000000 0.16262715
1.42000000 0.15881571
1.44000000 0.15426202
1.46000000 0.14905280
1.48000000 0.14339348
1.50000000 0.13756171
1.52000000 0.13184285
1.54000000 0.12646573
1.56000000 0.12155560
1.58000000 0.11711521
1.60000000 0.11303669
1.62000000 0.10913804
1.64000000 0.10521252
1.66000000 0.10107725
1.68000000 0.09660923
1.70000000 0.09176254
1.72000000 0.08656624
1.74000000 0.08110765
1.76000000 0.07550881
1.78000000 0.06990347
1.80000000 0.06441994
1.82000000 0.05917130
1.84000000 0.05425164
1.86000000 0.04973465
1.88000000 0.04567163
1.90000000 0.04208701
1.92000000 0.03897243
1.94000000 0.03628202
1.96000000 0.03393274
1.98000000 0.03181249
2.00000000 0.02979652
2.02000000 0.02776971
2.04000000 0.02564998
2.06000000 0.02340669
2.08000000 0.02106866
2.10000000 0.01871880
2.12000000 0.01647573
2.14000000 0.01446634
2.16000000 0.01279567
2.18000000 0.01152148
2.20000000 0.01063970
2.22000000 0.01008422
2.24000000 0.00974089
2.26000000 0.00947229
2.28000000 0.00914689
2.30000000 0.00866597
2.32000000 0.00798194
2.34000000 0.00710443
2.36000000 0.00609344
2.38000000 0.00504181
2.40000000 0.00405185
2.42000000 0.00321177
2.44000000 0.00257731
2.46000000 0.00216233
2.48000000 0.00193983
2.50000000 0.00185220
2.52000000 0.00182761
2.54000000 0.00179807
2.56000000 0.00171470
2.58000000 0.00155683
2.60000000 0.00133298
2.62000000 0.00107435
2.64000000 0.00082299
2.66000000 0.00061816
2.68000000 0.00048467
2.70000000 0.00042627
2.72000000 0.00042575
2.74000000 0.00045121
2.76000000 0.00046652
2.78000000 0.00044270
2.80000000 0.00036675
2.82000000 0.00024535
2.84000000 0.00010235
2.86000000 -0.00002909
2.88000000 -0.00011719
2.90000000 -0.00014177
2.92000000 -0.00010077
2.94000000 -0.00001108
2.96000000 0.00009667
2.98000000 0.00018762
3.00000000 0.00023356
3.02000000 0.00022155
3.04000000 0.00015773
3.06000000 0.00006491
3.08000000 -0.00002515
3.10000000 -0.00008235
3.12000000 -0.00008822
3.14000000 -0.00004198
3.16000000 0.00003923
3.18000000 0.00012612
3.20000000 0.00018716
3.22000000 0.00019913
3.24000000 0.00015513
3.26000000 0.00006698
3.28000000 -0.00003847
3.30000000 -0.00012822
3.32000000 -0.00017402
3.34000000 -0.00016182
3.36000000 -0.00009652
3.38000000 -0.00000035
3.40000000 0.00009442
3.42000000 0.00015629
3.44000000 0.00016495
3.46000000 0.00011802
3.48000000 0.00003180
3.50000000 -0.00006433
3.52000000 -0.00013784
3.54000000 -0.00016404
3.56000000 -0.00013438
3.58000000 -0.00005929
3.60000000 0.00003546
3.62000000 0.00011753
3.64000000 0.00015907
3.66000000 0.00014612
3.68000000 0.00008338
3.70000000 -0.00000751
3.72000000 -0.00009538
3.74000000 -0.00015021
3.76000000 -0.00015339
3.78000000 -0.00010404
3.80000000 -0.00001927
3.82000000 0.00007175
3.84000000 0.00013780
3.86000000 0.00015632
3.88000000 0.00012112
3.90000000 0.00004447
3.92000000 -0.00004716
3.94000000 -0.00012225
3.96000000 -0.00015506
3.98000000 -0.00013444
