-4.00000000 0.00882902
-3.98000000 0.00887433
-3.96000000 0.00880348
-3.94000000 0.00868191
-3.92000000 0.00858952
-3.90000000 0.00860919
-3.88000000 0.00881356
-3.86000000 0.00925248
-3.84000000 0.00994336
-3.82000000 0.01086659
-3.80000000 0.01196713
-3.78000000 0.01316259
-3.76000000 0.01435663
-3.74000000 0.01545597
-3.72000000 0.01638796
-3.70000000 0.01711602
-3.68000000 0.01765001
-3.66000000 0.01804958
-3.64000000 0.01841953
-3.62000000 0.01889752
-3.60000000 0.01963588
-3.58000000 0.02078008
-3.56000000 0.02244743
-3.54000000 0.02470930
-3.52000000 0.02757984
-3.50000000 0.03101303
-3.48000000 0.03490852
-3.46000000 0.03912504
-3.44000000 0.04349909
-3.42000000 0.04786552
-3.40000000 0.05207667
-3.38000000 0.05601723
-3.36000000 0.05961306
-3.34000000 0.06283394
-3.32000000 0.06569134
-3.30000000 0.06823359
-3.28000000 0.07054090
-3.26000000 0.07272222
-3.24000000 0.07491491
-3.22000000 0.07728637
-3.20000000 0.08003552
-3.18000000 0.08339122
-3.16000000 0.08760455
-3.14000000 0.09293315
-3.12000000 0.09961771
-3.10000000 0.10785283
-3.08000000 0.11775673
-3.06000000 0.12934545
-3.04000000 0.14251735
-3.02000000 0.15705219
-3.00000000 0.17262678
-2.98000000 0.18884606
-2.96000000 0.20528551
-2.94000000 0.22153861
-2.92000000 0.23726229
-2.90000000 0.25221414
-2.88000000 0.26627692
-2.86000000 0.27946874
-2.84000000 0.29193998
-2.82000000 0.30395971
-2.80000000 0.31589549
-2.78000000 0.32818951
-2.76000000 0.34133291
-2.74000000 0.35583805
-2.72000000 0.37220765
-2.70000000 0.39089897
-2.68000000 0.41228303
-2.66000000 0.43660080
-2.64000000 0.46392137
-2.62000000 0.49410984
-2.60000000 0.52681349
-2.58000000 0.56147424
-2.56000000 0.59737174
-2.54000000 0.63369646
-2.52000000 0.66964576
-2.50000000 0.70453007
-2.48000000 0.73787260
-2.46000000 0.76948454
-2.44000000 0.79950092
-2.42000000 0.82836761
-2.40000000 0.85677899
-2.38000000 0.88557423
-2.36000000 0.91560882
-2.34000000 0.94762282
-2.32000000 0.98212912
-2.30000000 1.01934154
-2.28000000 1.05915617
-2.26000000 1.10118935
-2.24000000 1.14486543
-2.22000000 1.18953782
-2.20000000 1.23462040
-2.18000000 1.27970386
-2.16000000 1.32463381
-2.14000000 1.36953419
-2.12000000 1.41476952
-2.10000000 1.46085111
-2.08000000 1.50830350
-2.06000000 1.55751619
-2.04000000 1.60861003
-2.02000000 1.66134716
-2.00000000 1.71510682
-1.98000000 1.76893860
-1.96000000 1.82169053
-1.94000000 1.87219484
-1.92000000 1.91948125
-1.90000000 1.96298001
-1.88000000 2.00267496
-1.86000000 2.03917316
-1.84000000 2.07367022
-1.82000000 2.10780840
-1.80000000 2.14344417
-1.78000000 2.18235982
-1.76000000 2.22596616
-1.74000000 2.27504771
-1.72000000 2.32959641
-1.70000000 2.38876601
-1.68000000 2.45095849
-1.66000000 2.51403106
-1.64000000 2.57559043
-1.62000000 2.63332628
-1.60000000 2.68532899
-1.58000000 2.73034095
-1.56000000 2.76790350
-1.54000000 2.79838089
-1.52000000 2.82286444
-1.50000000 2.84297946
-1.48000000 2.86063154
-1.46000000 2.87773470
-1.44000000 2.89596182
-1.42000000 2.91654875
-1.40000000 2.94017075
-1.38000000 2.96689622
-1.36000000 2.99621135
-1.34000000 3.02710218
-1.32000000 3.05817761
-1.30000000 3.08781789
-1.28000000 3.11433581
-1.26000000 3.13614031
-1.24000000 3.15189341
-1.22000000 3.16065013
-1.20000000 3.16196885
-1.18000000 3.15597743
-1.16000000 3.14338067
-1.14000000 3.12539852
-1.12000000 3.10363295
-1.10000000 3.07987276
-1.08000000 3.05585879
-1.06000000 3.03304248
-1.04000000 3.01237693
-1.02000000 2.99417799
-1.00000000 2.97808328
-0.98000000 2.96312109
-0.96000000 2.94788097
-0.94000000 2.93075835
-0.92000000 2.91023100
-0.90000000 2.88511817
-0.88000000 2.85477729
-0.86000000 2.81920471
-0.84000000 2.77902675
-0.82000000 2.73538795
-0.80000000 2.68976269
-0.78000000 2.64372846
-0.76000000 2.59874319
-0.74000000 2.55596343
-0.72000000 2.51612817
-0.70000000 2.47951683
-0.68000000 2.44597470
-0.66000000 2.41498697
-0.64000000 2.38577783
-0.62000000 2.35741182
-0.60000000 2.32888217
-0.58000000 2.29917968
-0.56000000 2.26734547
-0.54000000 2.23251622
-0.52000000 2.19397180
-0.50000000 2.15119141
-0.48000000 2.10391675
-0.46000000 2.05221313
-0.44000000 1.99651304
-0.42000000 1.93762491
-0.40000000 1.87669331
-0.38000000 1.81510511
-0.36000000 1.75434736
-0.34000000 1.69583428
-0.32000000 1.64072942
-0.30000000 1.58979295
-0.28000000 1.54328137
-0.26000000 1.50091884
-0.24000000 1.46194644
-0.22000000 1.42524205
-0.20000000 1.38949066
-0.18000000 1.35337685
-0.16000000 1.31576783
-0.14000000 1.27585905
-0.12000000 1.23326191
-0.10000000 1.18802468
-0.08000000 1.14058909
-0.06000000 1.09169554
-0.04000000 1.04225663
-0.02000000 0.99322175
0.00000000 0.94545377
0.02000000 0.89963492
0.04000000 0.85621179
0.06000000 0.81538271
0.08000000 0.77712373
0.10000000 0.74124465
0.12000000 0.70746282
0.14000000 0.67548165
0.16000000 0.64506077
0.18000000 0.61606748
0.20000000 0.58850192
0.22000000 0.56249299
0.24000000 0.53826627
0.26000000 0.51608989
0.28000000 0.49620775
0.30000000 0.47877216
0.32000000 0.46378831
0.34000000 0.45108161
0.36000000 0.44029517
0.38000000 0.43091948
0.40000000 0.42235067
0.42000000 0.41396779
0.44000000 0.40521591
0.46000000 0.39568025
0.48000000 0.38513786
0.50000000 0.37357751
0.52000000 0.36118454
0.54000000 0.34829418
0.56000000 0.33532289
0.58000000 0.32269140
0.60000000 0.31075421
0.62000000 0.29974865
0.64000000 0.28977174
0.66000000 0.28078752
0.68000000 0.27266045
0.70000000 0.26520607
0.72000000 0.25824656
0.74000000 0.25165881
0.76000000 0.24540520
0.78000000 0.23954143
0.80000000 0.23420119
0.82000000 0.22956246
0.84000000 0.22580367
0.86000000 0.22305973
0.88000000 0.22138711
0.90000000 0.22074466
0.92000000 0.22099319
0.94000000 0.22191286
0.96000000 0.22323402
0.98000000 0.22467496
1.00000000 0.22597946
1.02000000 0.22694789
1.04000000 0.22745742
1.06000000 0.22746939
1.08000000 0.22702448
1.10000000 0.22622807
1.12000000 0.22522933
1.14000000 0.22419809
1.16000000 0.22330279
1.18000000 0.22269214
1.20000000 0.22248185
1.22000000 0.22274678
1.24000000 0.22351809
1.26000000 0.22478442
1.28000000 0.22649597
1.30000000 0.22857041
1.32000000 0.23089985
1.34000000 0.23335809
1.36000000 0.23580805
1.38000000 0.23810902
1.40000000 0.24012377
1.42000000 0.24172556
1.44000000 0.24280478
1.46000000 0.24327530
1.48000000 0.24307989
1.50000000 0.24219437
1.52000000 0.24062984
1.54000000 0.23843227
1.56000000 0.23567920
1.58000000 0.23247326
1.60000000 0.22893309
1.62000000 0.22518246
1.64000000 0.22133908
1.66000000 0.21750475
1.68000000 0.21375842
1.70000000 0.21015338
1.72000000 0.20671905
1.74000000 0.20346683
1.76000000 0.20039857
1.78000000 0.19751570
1.80000000 0.19482649
1.82000000 0.19234941
1.84000000 0.19011139
1.86000000 0.18814081
1.88000000 0.18645651
1.90000000 0.18505519
1.92000000 0.18390021
1.94000000 0.18291484
1.96000000 0.18198244
1.98000000 0.18095437
2.00000000 0.17966539
2.02000000 0.17795414
2.04000000 0.17568543
2.06000000 0.17277042
2.08000000 0.16918101
2.10000000 0.16495562
2.12000000 0.16019540
2.14000000 0.15505144
2.16000000 0.14970511
2.18000000 0.14434512
2.20000000 0.13914493
2.22000000 0.13424400
2.24000000 0.12973551
2.26000000 0.12566142
2.28000000 0.12201485
2.30000000 0.11874806
2.32000000 0.11578386
2.34000000 0.11302817
2.36000000 0.11038153
2.38000000 0.10774851
2.40000000 0.10504439
2.42000000 0.10219960
2.44000000 0.09916256
2.46000000 0.09590175
2.48000000 0.09240752
2.50000000 0.08869363
2.52000000 0.08479804
2.54000000 0.08078198
2.56000000 0.07672669
2.58000000 0.07272703
2.60000000 0.06888235
2.62000000 0.06528540
2.64000000 0.06201082
2.66000000 0.05910530
2.68000000 0.05658125
2.70000000 0.05441548
2.72000000 0.05255338
2.74000000 0.05091821
2.76000000 0.04942382
2.78000000 0.04798860
2.80000000 0.04654800
2.82000000 0.04506329
2.84000000 0.04352497
2.86000000 0.04195033
2.88000000 0.04037591
2.90000000 0.03884640
2.92000000 0.03740268
2.94000000 0.03607126
2.96000000 0.03485739
2.98000000 0.03374307
3.00000000 0.03269019
3.02000000 0.03164789
3.04000000 0.03056244
3.06000000 0.02938748
3.08000000 0.02809245
3.10000000 0.02666771
3.12000000 0.02512546
3.14000000 0.02349666
3.16000000 0.02182483
3.18000000 0.02015838
3.20000000 0.01854299
3.22000000 0.01701568
3.24000000 0.01560141
3.26000000 0.01431260
3.28000000 0.01315106
3.30000000 0.01211144
3.32000000 0.01118515
3.34000000 0.01036358
3.36000000 0.00963985
3.38000000 0.00900896
3.40000000 0.00846642
3.42000000 0.00800613
3.44000000 0.00761821
3.46000000 0.00728785
3.48000000 0.00699534
3.50000000 0.00671786
3.52000000 0.00643242
3.54000000 0.00611947
3.56000000 0.00576643
3.58000000 0.00537010
3.60000000 0.00493758
3.62000000 0.00448524
3.64000000 0.00403596
3.66000000 0.00361512
3.68000000 0.00324603
3.70000000 0.00294580
3.72000000 0.00272227
3.74000000 0.00257259
3.76000000 0.00248373
3.78000000 0.00243473
3.80000000 0.00240025
3.82000000 0.00235480
3.84000000 0.00227688
3.86000000 0.00215231
3.88000000 0.00197628
3.90000000 0.00175377
3.92000000 0.00149841
3.94000000 0.00122990
3.96000000 0.00097057
3.98000000 0.00074169
