-4.00000000 0.00934787
-3.98000000 0.00918254
-3.96000000 0.00878523
-3.94000000 0.00818220
-3.92000000 0.00741323
-3.90000000 0.00652828
-3.88000000 0.00558398
-3.86000000 0.00464075
-3.84000000 0.00376104
-3.82000000 0.00300904
-3.80000000 0.00245123
-3.78000000 0.00215704
-3.76000000 0.00219844
-3.74000000 0.00264748
-3.72000000 0.00357130
-3.70000000 0.00502463
-3.68000000 0.00704114
-3.66000000 0.00962506
-3.64000000 0.01274531
-3.62000000 0.01633395
-3.60000000 0.02029002
-3.58000000 0.02448875
-3.56000000 0.02879503
-3.54000000 0.03307873
-3.52000000 0.03722909
-3.50000000 0.04116563
-3.48000000 0.04484340
-3.46000000 0.04825234
-3.44000000 0.05141133
-3.42000000 0.05435923
-3.40000000 0.05714563
-3.38000000 0.05982407
-3.36000000 0.06244947
-3.34000000 0.06508026
-3.32000000 0.06778402
-3.30000000 0.07064420
-3.28000000 0.07376511
-3.26000000 0.07727247
-3.24000000 0.08130827
-3.22000000 0.08602027
-3.20000000 0.09154838
-3.18000000 0.09801127
-3.16000000 0.10549680
-3.14000000 0.11405915
-3.12000000 0.12372330
-3.10000000 0.13449524
-3.08000000 0.14637395
-3.06000000 0.15935964
-3.04000000 0.17345320
-3.02000000 0.18864322
-3.00000000 0.20488083
-2.98000000 0.22204629
-2.96000000 0.23991553
-2.94000000 0.25813717
-2.92000000 0.27623090
-2.90000000 0.29361539
-2.88000000 0.30966874
-2.86000000 0.32381746
-2.84000000 0.33564247
-2.82000000 0.34498464
-2.80000000 0.35202917
-2.78000000 0.35734884
-2.76000000 0.36189141
-2.74000000 0.36690530
-2.72000000 0.37380849
-2.70000000 0.38401723
-2.68000000 0.39875941
-2.66000000 0.41890270
-2.64000000 0.44482669
-2.62000000 0.47636182
-2.60000000 0.51280724
-2.58000000 0.55302606
-2.56000000 0.59560308
-2.54000000 0.63903898
-2.52000000 0.68194937
-2.50000000 0.72323625
-2.48000000 0.76220621
-2.46000000 0.79861936
-2.44000000 0.83266662
-2.42000000 0.86488539
-2.40000000 0.89603383
-2.38000000 0.92694894
-2.36000000 0.95841410
-2.34000000 0.99105589
-2.32000000 1.02528207
-2.30000000 1.06126244
-2.28000000 1.09894566
-2.26000000 1.13809955
-2.24000000 1.17836085
-2.22000000 1.21928282
-2.20000000 1.26037437
-2.18000000 1.30113072
-2.16000000 1.34106088
-2.14000000 1.37971959
-2.12000000 1.41675017
-2.10000000 1.45194023
-2.08000000 1.48528542
-2.06000000 1.51704993
-2.04000000 1.54780759
-2.02000000 1.57844712
-2.00000000 1.61012881
-1.98000000 1.64418861
-1.96000000 1.68199592
-1.94000000 1.72478271
-1.92000000 1.77346952
-1.90000000 1.82851714
-1.88000000 1.88982993
-1.86000000 1.95672839
-1.84000000 2.02799559
-1.82000000 2.10198908
-1.80000000 2.17679784
-1.78000000 2.25041736
-1.76000000 2.32091569
-1.74000000 2.38656891
-1.72000000 2.44595519
-1.70000000 2.49800857
-1.68000000 2.54204360
-1.66000000 2.57776761
-1.64000000 2.60529591
-1.62000000 2.62517815
-1.60000000 2.63843235
-1.58000000 2.64657088
-1.56000000 2.65159384
-1.54000000 2.65592312
-1.52000000 2.66225697
-1.50000000 2.67333973
-1.48000000 2.69166148
-1.46000000 2.71912374
-1.44000000 2.75672374
-1.42000000 2.80431719
-1.40000000 2.86051404
-1.38000000 2.92274392
-1.36000000 2.98749964
-1.34000000 3.05073452
-1.32000000 3.10835822
-1.30000000 3.15675426
-1.28000000 3.19323422
-1.26000000 3.21635256
-1.24000000 3.22602947
-1.22000000 3.22346394
-1.20000000 3.21085740
-1.18000000 3.19100222
-1.16000000 3.16681277
-1.14000000 3.14088384
-1.12000000 3.11515210
-1.10000000 3.09071223
-1.08000000 3.06780677
-1.06000000 3.04597418
-1.04000000 3.02431009
-1.02000000 3.00177896
-1.00000000 2.97750923
-0.98000000 2.95101467
-0.96000000 2.92230549
-0.94000000 2.89187857
-0.92000000 2.86060143
-0.90000000 2.82952454
-0.88000000 2.79966641
-0.86000000 2.77181605
-0.84000000 2.74638841
-0.82000000 2.72335307
-0.80000000 2.70224046
-0.78000000 2.68221471
-0.76000000 2.66219278
-0.74000000 2.64098571
-0.72000000 2.61743914
-0.70000000 2.59055593
-0.68000000 2.55958993
-0.66000000 2.52410660
-0.64000000 2.48400994
-0.62000000 2.43953753
-0.60000000 2.39122589
-0.58000000 2.33984863
-0.56000000 2.28633065
-0.54000000 2.23164436
-0.52000000 2.17669704
-0.50000000 2.12222258
-0.48000000 2.06869315
-0.46000000 2.01626644
-0.44000000 1.96478021
-0.42000000 1.91379911
-0.40000000 1.86270906
-0.38000000 1.81084509
-0.36000000 1.75763086
-0.34000000 1.70270452
-0.32000000 1.64600742
-0.30000000 1.58781916
-0.28000000 1.52873302
-0.26000000 1.46957793
-0.24000000 1.41130357
-0.22000000 1.35485210
-0.20000000 1.30104099
-0.18000000 1.25047732
-0.16000000 1.20351521
-0.14000000 1.16025750
-0.12000000 1.12059277
-0.10000000 1.08425234
-0.08000000 1.05086946
-0.06000000 1.02002619
-0.04000000 0.99127960
-0.02000000 0.96416769
0.00000000 0.93820260
0.02000000 0.91286336
0.04000000 0.88760069
0.06000000 0.86186246
0.08000000 0.83514136
0.10000000 0.80703844
0.12000000 0.77732930
0.14000000 0.74601673
0.16000000 0.71335445
0.18000000 0.67983220
0.20000000 0.64612065
0.22000000 0.61298387
0.24000000 0.58117498
0.26000000 0.55133449
0.28000000 0.52391091
0.30000000 0.49911807
0.32000000 0.47693568
0.34000000 0.45715021
0.36000000 0.43942464
0.38000000 0.42338044
0.40000000 0.40867341
0.42000000 0.39504807
0.44000000 0.38236136
0.46000000 0.37057427
0.48000000 0.35971737
0.50000000 0.34984191
0.52000000 0.34097029
0.54000000 0.33305860
0.56000000 0.32597984
0.58000000 0.31953084
0.60000000 0.31345988
0.62000000 0.30750761
0.64000000 0.30145131
0.66000000 0.29514273
0.68000000 0.28853197
0.70000000 0.28167382
0.72000000 0.27471647
0.74000000 0.26787656
0.76000000 0.26140603
0.78000000 0.25555702
0.80000000 0.25055024
0.82000000 0.24655038
0.84000000 0.24365020
0.86000000 0.24186328
0.88000000 0.24112448
0.90000000 0.24129650
0.92000000 0.24218158
0.94000000 0.24353726
0.96000000 0.24509579
0.98000000 0.24658629
1.00000000 0.24775863
1.02000000 0.24840702
1.04000000 0.24839083
1.06000000 0.24764988
1.08000000 0.24621166
1.10000000 0.24418887
1.12000000 0.24176717
1.14000000 0.23918430
1.16000000 0.23670332
1.18000000 0.23458350
1.20000000 0.23305244
1.22000000 0.23228283
1.24000000 0.23237586
1.26000000 0.23335245
1.28000000 0.23515201
1.30000000 0.23763801
1.32000000 0.24060879
1.34000000 0.24381268
1.36000000 0.24696606
1.38000000 0.24977398
1.40000000 0.25195227
1.42000000 0.25325040
1.44000000 0.25347352
1.46000000 0.25250144
1.48000000 0.25030221
1.50000000 0.24693766
1.52000000 0.24255909
1.54000000 0.23739249
1.56000000 0.23171438
1.58000000 0.22582103
1.60000000 0.21999540
1.62000000 0.21447671
1.64000000 0.20943743
1.66000000 0.20497123
1.68000000 0.20109330
1.70000000 0.19775242
1.72000000 0.19485163
1.74000000 0.19227284
1.76000000 0.18990046
1.78000000 0.18763928
1.80000000 0.18542359
1.82000000 0.18321697
1.84000000 0.18100390
1.86000000 0.17877681
1.88000000 0.17652269
1.90000000 0.17421357
1.92000000 0.17180385
1.94000000 0.16923562
1.96000000 0.16645085
1.98000000 0.16340754
2.00000000 0.16009552
2.02000000 0.15654770
2.04000000 0.15284314
2.06000000 0.14910051
2.08000000 0.14546209
2.10000000 0.14207141
2.12000000 0.13904838
2.14000000 0.13646700
2.16000000 0.13434010
2.18000000 0.13261426
2.20000000 0.13117586
2.22000000 0.12986748
2.24000000 0.12851124
2.26000000 0.12693506
2.28000000 0.12499699
2.30000000 0.12260363
2.32000000 0.11971970
2.34000000 0.11636811
2.36000000 0.11262102
2.38000000 0.10858458
2.40000000 0.10438054
2.42000000 0.10012816
2.44000000 0.09592950
2.46000000 0.09186002
2.48000000 0.08796515
2.50000000 0.08426240
2.52000000 0.08074740
2.54000000 0.07740205
2.56000000 0.07420280
2.58000000 0.07112730
2.60000000 0.06815869
2.62000000 0.06528714
2.64000000 0.06250914
2.66000000 0.05982537
2.68000000 0.05723800
2.70000000 0.05474841
2.72000000 0.05235583
2.74000000 0.05005704
2.76000000 0.04784703
2.78000000 0.04572027
2.80000000 0.04367201
2.82000000 0.04169929
2.84000000 0.03980137
2.86000000 0.03797958
2.88000000 0.03623662
2.90000000 0.03457572
2.92000000 0.03299980
2.94000000 0.03151079
2.96000000 0.03010940
2.98000000 0.02879502
3.00000000 0.02756580
3.02000000 0.02641864
3.04000000 0.02534901
3.06000000 0.02435053
3.08000000 0.02341448
3.10000000 0.02252946
3.12000000 0.02168144
3.14000000 0.02085453
3.16000000 0.02003250
3.18000000 0.01920106
3.20000000 0.01835057
3.22000000 0.01747857
3.24000000 0.01659167
3.26000000 0.01570611
3.28000000 0.01484663
3.30000000 0.01404348
3.32000000 0.01332790
3.34000000 0.01272675
3.36000000 0.01225713
3.38000000 0.01192211
3.40000000 0.01170851
3.42000000 0.01158737
3.44000000 0.01151723
3.46000000 0.01144986
3.48000000 0.01133750
3.50000000 0.01114039
3.52000000 0.01083307
3.54000000 0.01040839
3.56000000 0.00987826
3.58000000 0.00927103
3.60000000 0.00862590
3.62000000 0.00798545
3.64000000 0.00738767
3.66000000 0.00685915
3.68000000 0.00641052
3.70000000 0.00603529
3.72000000 0.00571194
3.74000000 0.00540912
3.76000000 0.00509255
3.78000000 0.00473244
3.80000000 0.00430989
3.82000000 0.00382095
3.84000000 0.00327773
3.86000000 0.00270634
3.88000000 0.00214221
3.90000000 0.00162370
3.92000000 0.00118533
3.94000000 0.00085196
3.96000000 0.00063478
3.98000000 0.00053000
