-4.00000000 0.00324282
-3.98000000 0.00335994
-3.96000000 0.00364244
-3.94000000 0.00409320
-3.92000000 0.00471650
-3.90000000 0.00551903
-3.88000000 0.00650761
-3.86000000 0.00768403
-3.84000000 0.00903827
-3.82000000 0.01054231
-3.80000000 0.01214695
-3.78000000 0.01378345
-3.76000000 0.01537086
-3.74000000 0.01682828
-3.72000000 0.01808990
-3.70000000 0.01911967
-3.68000000 0.01992181
-3.66000000 0.02054448
-3.64000000 0.02107469
-3.62000000 0.02162495
-3.60000000 0.02231377
-3.58000000 0.02324368
-3.56000000 0.02448137
-3.54000000 0.02604399
-3.52000000 0.02789464
-3.50000000 0.02994811
-3.48000000 0.03208582
-3.46000000 0.03417733
-3.44000000 0.03610421
-3.42000000 0.03778231
-3.40000000 0.03917848
-3.38000000 0.04031938
-3.36000000 0.04129147
-3.34000000 0.04223255
-3.32000000 0.04331683
-3.30000000 0.04473569
-3.28000000 0.04667721
-3.26000000 0.04930682
-3.24000000 0.05275153
-3.22000000 0.05708963
-3.20000000 0.06234691
-3.18000000 0.06850033
-3.16000000 0.07548865
-3.14000000 0.08322896
-3.12000000 0.09163666
-3.10000000 0.10064569
-3.08000000 0.11022511
-3.06000000 0.12038828
-3.04000000 0.13119191
-3.02000000 0.14272428
-3.00000000 0.15508396
-2.98000000 0.16835322
-2.96000000 0.18257190
-2.94000000 0.19771805
-2.92000000 0.21370085
-2.90000000 0.23036869
-2.88000000 0.24753187
-2.86000000 0.26499567
-2.84000000 0.28259667
-2.82000000 0.30023393
-2.80000000 0.31788764
-2.78000000 0.33562074
-2.76000000 0.35356331
-2.74000000 0.37188395
-2.72000000 0.39075596
-2.70000000 0.41032730
-2.68000000 0.43070202
-2.66000000 0.45193729
-2.64000000 0.47405520
-2.62000000 0.49706355
-2.60000000 0.52097663
-2.58000000 0.54582683
-2.56000000 0.57166049
-2.54000000 0.59851689
-2.52000000 0.62639579
-2.50000000 0.65522451
-2.48000000 0.68483833
-2.46000000 0.71498672
-2.44000000 0.74537202
-2.42000000 0.77571880
-2.40000000 0.80586174
-2.38000000 0.83583189
-2.36000000 0.86591771
-2.34000000 0.89667879
-2.32000000 0.92889929
-2.30000000 0.96348096
-2.28000000 1.00129054
-2.26000000 1.04298967
-2.24000000 1.08888263
-2.22000000 1.13881726
-2.20000000 1.19216522
-2.18000000 1.24789226
-2.16000000 1.30470930
-2.14000000 1.36127717
-2.12000000 1.41642437
-2.10000000 1.46933335
-2.08000000 1.51965672
-2.06000000 1.56753998
-2.04000000 1.61354806
-2.02000000 1.65851489
-2.00000000 1.70335195
-1.98000000 1.74886080
-1.96000000 1.79559193
-1.94000000 1.84377992
-1.92000000 1.89336495
-1.90000000 1.94408825
-1.88000000 1.99563027
-1.86000000 2.04774899
-1.84000000 2.10037586
-1.82000000 2.15363795
-1.80000000 2.20779447
-1.78000000 2.26309952
-1.76000000 2.31962443
-1.74000000 2.37708716
-1.72000000 2.43473896
-1.70000000 2.49134881
-1.68000000 2.54530588
-1.66000000 2.59483333
-1.64000000 2.63827996
-1.62000000 2.67443510
-1.60000000 2.70280205
-1.58000000 2.72376898
-1.56000000 2.73863357
-1.54000000 2.74946459
-1.52000000 2.75881623
-1.50000000 2.76934073
-1.48000000 2.78336703
-1.46000000 2.80252245
-1.44000000 2.82746797
-1.42000000 2.85779851
-1.40000000 2.89212863
-1.38000000 2.92835009
-1.36000000 2.96401494
-1.34000000 2.99677413
-1.32000000 3.02479087
-1.30000000 3.04705253
-1.28000000 3.06352341
-1.26000000 3.07511042
-1.24000000 3.08344834
-1.22000000 3.09054478
-1.20000000 3.09835094
-1.18000000 3.10833796
-1.16000000 3.12115770
-1.14000000 3.13645152
-1.12000000 3.15284369
-1.10000000 3.16812258
-1.08000000 3.17957916
-1.06000000 3.18444412
-1.04000000 3.18034720
-1.02000000 3.16571918
-1.00000000 3.14006686
-0.98000000 3.10407440
-0.96000000 3.05951478
-0.94000000 3.00898822
-0.92000000 2.95553362
-0.90000000 2.90218007
-0.88000000 2.85151405
-0.86000000 2.80533308
-0.84000000 2.76444015
-0.82000000 2.72860697
-0.80000000 2.69670490
-0.78000000 2.66697364
-0.76000000 2.63737563
-0.74000000 2.60597200
-0.72000000 2.57125506
-0.70000000 2.53238334
-0.68000000 2.48928442
-0.66000000 2.44261593
-0.64000000 2.39359996
-0.62000000 2.34376769
-0.60000000 2.29466437
-0.58000000 2.24756936
-0.56000000 2.20327995
-0.54000000 2.16199359
-0.52000000 2.12330382
-0.50000000 2.08630394
-0.48000000 2.04977365
-0.46000000 2.01241024
-0.44000000 1.97306041
-0.42000000 1.93091112
-0.40000000 1.88560787
-0.38000000 1.83728390
-0.36000000 1.78650116
-0.34000000 1.73411985
-0.32000000 1.68112549
-0.30000000 1.62844841
-0.28000000 1.57680972
-0.26000000 1.52662040
-0.24000000 1.47794882
-0.22000000 1.43055779
-0.20000000 1.38399934
-0.18000000 1.33774528
-0.16000000 1.29132625
-0.14000000 1.24445222
-0.12000000 1.19709262
-0.10000000 1.14950301
-0.08000000 1.10219584
-0.06000000 1.05586326
-0.04000000 1.01126768
-0.02000000 0.96912049
0.00000000 0.92997022
0.02000000 0.89411784
0.04000000 0.86157182
0.06000000 0.83204794
0.08000000 0.80501151
0.10000000 0.77975386
0.12000000 0.75548991
0.14000000 0.73146225
0.16000000 0.70703692
0.18000000 0.68177831
0.20000000 0.65549438
0.22000000 0.62824767
0.24000000 0.60033244
0.26000000 0.57222267
0.28000000 0.54449945
0.30000000 0.51776878
0.32000000 0.49258186
0.34000000 0.46936906
0.36000000 0.44839678
0.38000000 0.42975225
0.40000000 0.41335664
0.42000000 0.39900230
0.44000000 0.38640545
0.46000000 0.37526338
0.48000000 0.36530464
0.50000000 0.35632252
0.52000000 0.34818623
0.54000000 0.34082895
0.56000000 0.33421749
0.58000000 0.32831231
0.60000000 0.32302890
0.62000000 0.31821138
0.64000000 0.31362613
0.66000000 0.30897862
0.68000000 0.30395102
0.70000000 0.29825335
0.72000000 0.29167699
0.74000000 0.28413922
0.76000000 0.27570844
0.78000000 0.26660440
0.80000000 0.25717271
0.82000000 0.24783839
0.84000000 0.23904744
0.86000000 0.23120750
0.88000000 0.22463822
0.90000000 0.21953936
0.92000000 0.21598034
0.94000000 0.21391040
0.96000000 0.21318450
0.98000000 0.21359744
1.00000000 0.21491830
1.02000000 0.21691864
1.04000000 0.21939049
1.06000000 0.22215352
1.08000000 0.22505352
1.10000000 0.22795632
1.12000000 0.23074156
1.14000000 0.23329982
1.16000000 0.23553476
1.18000000 0.23736978
1.20000000 0.23875669
1.22000000 0.23968323
1.24000000 0.24017622
1.26000000 0.24029821
1.28000000 0.24013753
1.30000000 0.23979319
1.32000000 0.23935766
1.34000000 0.23890125
1.36000000 0.23846123
1.38000000 0.23803785
1.40000000 0.23759787
1.42000000 0.23708426
1.44000000 0.23642969
1.46000000 0.23557077
1.48000000 0.23446012
1.50000000 0.23307408
1.52000000 0.23141530
1.54000000 0.22951050
1.56000000 0.22740461
1.58000000 0.22515326
1.60000000 0.22281521
1.62000000 0.22044616
1.64000000 0.21809439
1.66000000 0.21579822
1.68000000 0.21358470
1.70000000 0.21146873
1.72000000 0.20945207
1.74000000 0.20752208
1.76000000 0.20565053
1.78000000 0.20379309
1.80000000 0.20189043
1.82000000 0.19987152
1.84000000 0.19765937
1.86000000 0.19517888
1.88000000 0.19236596
1.90000000 0.18917628
1.92000000 0.18559246
1.94000000 0.18162796
1.96000000 0.17732699
1.98000000 0.17276001
2.00000000 0.16801545
2.02000000 0.16318877
2.04000000 0.15837070
2.06000000 0.15363657
2.08000000 0.14903858
2.10000000 0.14460237
2.12000000 0.14032860
2.14000000 0.13619911
2.16000000 0.13218673
2.18000000 0.12826662
2.20000000 0.12442699
2.22000000 0.12067681
2.24000000 0.11704853
2.26000000 0.11359500
2.28000000 0.11038049
2.30000000 0.10746729
2.32000000 0.10490029
2.34000000 0.10269264
2.36000000 0.10081580
2.38000000 0.09919643
2.40000000 0.09772180
2.42000000 0.09625342
2.44000000 0.09464708
2.46000000 0.09277591
2.48000000 0.09055217
2.50000000 0.08794343
2.52000000 0.08497959
2.54000000 0.08174887
2.56000000 0.07838298
2.58000000 0.07503388
2.60000000 0.07184650
2.62000000 0.06893248
2.64000000 0.06635039
2.66000000 0.06409620
2.68000000 0.06210618
2.70000000 0.06027169
2.72000000 0.05846279
2.74000000 0.05655599
2.76000000 0.05446030
2.78000000 0.05213638
2.80000000 0.04960474
2.82000000 0.04694161
2.84000000 0.04426341
2.86000000 0.04170329
2.88000000 0.03938478
2.90000000 0.03739807
2.92000000 0.03578365
2.94000000 0.03452651
2.96000000 0.03356154
2.98000000 0.03278846
3.00000000 0.03209271
3.02000000 0.03136747
3.04000000 0.03053216
3.06000000 0.02954378
3.08000000 0.02839915
3.10000000 0.02712839
3.12000000 0.02578192
3.14000000 0.02441433
3.16000000 0.02306936
3.18000000 0.02176924
3.20000000 0.02051085
3.22000000 0.01926893
3.24000000 0.01800534
3.26000000 0.01668166
3.28000000 0.01527191
3.30000000 0.01377238
3.32000000 0.01220604
3.34000000 0.01062087
3.36000000 0.00908240
3.38000000 0.00766224
3.40000000 0.00642534
3.42000000 0.00541839
3.44000000 0.00466209
3.46000000 0.00414826
3.48000000 0.00384237
3.50000000 0.00369052
3.52000000 0.00362918
3.54000000 0.00359572
3.56000000 0.00353768
3.58000000 0.00341922
3.60000000 0.00322403
3.62000000 0.00295448
3.64000000 0.00262800
3.66000000 0.00227140
3.68000000 0.00191475
3.70000000 0.00158585
3.72000000 0.00130606
3.74000000 0.00108807
3.76000000 0.00093553
3.78000000 0.00084410
3.80000000 0.00080363
3.82000000 0.00080064
3.84000000 0.00082075
3.86000000 0.00085063
3.88000000 0.00087939
3.90000000 0.00089922
3.92000000 0.00090562
3.94000000 0.00089716
3.96000000 0.00087504
3.98000000 0.00084250
