-4.00000000 0.00256896
-3.98000000 0.00255776
-3.96000000 0.00257186
-3.94000000 0.00265552
-3.92000000 0.00286680
-3.90000000 0.00327086
-3.88000000 0.00392987
-3.86000000 0.00489119
-3.84000000 0.00617562
-3.82000000 0.00776832
-3.80000000 0.00961453
-3.78000000 0.01162193
-3.76000000 0.01367054
-3.74000000 0.01562934
-3.72000000 0.01737785
-3.70000000 0.01882907
-3.68000000 0.01994989
-3.66000000 0.02077443
-3.64000000 0.02140688
-3.62000000 0.02201209
-3.60000000 0.02279388
-3.58000000 0.02396412
-3.56000000 0.02570727
-3.54000000 0.02814675
-3.52000000 0.03131956
-3.50000000 0.03516465
-3.48000000 0.03952785
-3.46000000 0.04418352
-3.44000000 0.04886934
-3.42000000 0.05332835
-3.40000000 0.05735023
-3.38000000 0.06080453
-3.36000000 0.06365946
-3.34000000 0.06598349
-3.32000000 0.06793001
-3.30000000 0.06970925
-3.28000000 0.07155384
-3.26000000 0.07368544
-3.24000000 0.07628917
-3.22000000 0.07950019
-3.20000000 0.08340353
-3.18000000 0.08804528
-3.16000000 0.09345006
-3.14000000 0.09963930
-3.12000000 0.10664446
-3.10000000 0.11451171
-3.08000000 0.12329708
-3.06000000 0.13305395
-3.04000000 0.14381684
-3.02000000 0.15558640
-3.00000000 0.16831998
-2.98000000 0.18193020
-2.96000000 0.19629178
-2.94000000 0.21125448
-2.92000000 0.22665862
-2.90000000 0.24234948
-2.88000000 0.25818787
-2.86000000 0.27405622
-2.84000000 0.28986170
-2.82000000 0.30553920
-2.80000000 0.32105746
-2.78000000 0.33643055
-2.76000000 0.35173426
-2.74000000 0.36712432
-2.72000000 0.38285061
-2.70000000 0.39926040
-2.68000000 0.41678453
-2.66000000 0.43590295
-2.64000000 0.45709088
-2.62000000 0.48075167
-2.60000000 0.50714699
-2.58000000 0.53633758
-2.56000000 0.56814759
-2.54000000 0.60216276
-2.52000000 0.63776664
-2.50000000 0.67421267
-2.48000000 0.71072282
-2.46000000 0.74659802
-2.44000000 0.78132325
-2.42000000 0.81465038
-2.40000000 0.84664549
-2.38000000 0.87769308
-2.36000000 0.90845631
-2.34000000 0.93979884
-2.32000000 0.97267895
-2.30000000 1.00802961
-2.28000000 1.04663904
-2.26000000 1.08904549
-2.24000000 1.13545746
-2.22000000 1.18570794
-2.20000000 1.23924795
-2.18000000 1.29518160
-2.16000000 1.35234160
-2.14000000 1.40940044
-2.12000000 1.46500885
-2.10000000 1.51794874
-2.08000000 1.56728428
-2.06000000 1.61249204
-2.04000000 1.65355112
-2.02000000 1.69097616
-2.00000000 1.72578257
-1.98000000 1.75938168
-1.96000000 1.79341413
-1.94000000 1.82954045
-1.92000000 1.86921613
-1.90000000 1.91348339
-1.88000000 1.96281111
-1.86000000 2.01700856
-1.84000000 2.07522773
-1.82000000 2.13605578
-1.80000000 2.19768453
-1.78000000 2.25813254
-1.76000000 2.31548719
-1.74000000 2.36813242
-1.72000000 2.41493136
-1.70000000 2.45534186
-1.68000000 2.48945421
-1.66000000 2.51795271
-1.64000000 2.54201325
-1.62000000 2.56315593
-1.60000000 2.58307516
-1.58000000 2.60346800
-1.56000000 2.62587768
-1.54000000 2.65156331
-1.52000000 2.68140097
-1.50000000 2.71581733
-1.48000000 2.75475452
-1.46000000 2.79766481
-1.44000000 2.84353490
-1.42000000 2.89094112
-1.40000000 2.93813715
-1.38000000 2.98317483
-1.36000000 3.02405504
-1.34000000 3.05890079
-1.32000000 3.08613853
-1.30000000 3.10466874
-1.28000000 3.11400388
-1.26000000 3.11435191
-1.24000000 3.10662797
-1.22000000 3.09238485
-1.20000000 3.07366353
-1.18000000 3.05277672
-1.16000000 3.03204962
-1.14000000 3.01354986
-1.12000000 2.99884213
-1.10000000 2.98880140
-1.08000000 2.98351156
-1.06000000 2.98226472
-1.04000000 2.98366258
-1.02000000 2.98580702
-1.00000000 2.98655408
-0.98000000 2.98379711
-0.96000000 2.97574116
-0.94000000 2.96113240
-0.92000000 2.93941355
-0.90000000 2.91078704
-0.88000000 2.87618035
-0.86000000 2.83712115
-0.84000000 2.79554058
-0.82000000 2.75353127
-0.80000000 2.71309064
-0.78000000 2.67587984
-0.76000000 2.64302567
-0.74000000 2.61498606
-0.72000000 2.59149257
-0.70000000 2.57157436
-0.68000000 2.55366017
-0.66000000 2.53574717
-0.64000000 2.51561886
-0.62000000 2.49108952
-0.60000000 2.46024917
-0.58000000 2.42168211
-0.56000000 2.37463361
-0.54000000 2.31910375
-0.52000000 2.25585503
-0.50000000 2.18632999
-0.48000000 2.11248687
-0.46000000 2.03657249
-0.44000000 1.96086168
-0.42000000 1.88739822
-0.40000000 1.81777364
-0.38000000 1.75297526
-0.36000000 1.69332514
-0.34000000 1.63851703
-0.32000000 1.58774324
-0.30000000 1.53988824
-0.28000000 1.49375524
-0.26000000 1.44828707
-0.24000000 1.40274450
-0.22000000 1.35681376
-0.20000000 1.31062869
-0.18000000 1.26470812
-0.16000000 1.21982484
-0.14000000 1.17683349
-0.12000000 1.13649074
-0.10000000 1.09930067
-0.08000000 1.06541154
-0.06000000 1.03457934
-0.04000000 1.00620044
-0.02000000 0.97940366
0.00000000 0.95318224
0.02000000 0.92654170
0.04000000 0.89863881
0.06000000 0.86889127
0.08000000 0.83704469
0.10000000 0.80319131
0.12000000 0.76774327
0.14000000 0.73136878
0.16000000 0.69490344
0.18000000 0.65925021
0.20000000 0.62528025
0.22000000 0.59374525
0.24000000 0.56520859
0.26000000 0.54000026
0.28000000 0.51819801
0.30000000 0.49963484
0.32000000 0.48393120
0.34000000 0.47054805
0.36000000 0.45885502
0.38000000 0.44820588
0.40000000 0.43801233
0.42000000 0.42780663
0.44000000 0.41728459
0.46000000 0.40632311
0.48000000 0.39497000
0.50000000 0.38340858
0.52000000 0.37190361
0.54000000 0.36073866
0.56000000 0.35015636
0.58000000 0.34031236
0.60000000 0.33125087
0.62000000 0.32290530
0.64000000 0.31512246
0.66000000 0.30770398
0.68000000 0.30045559
0.70000000 0.29323362
0.72000000 0.28597913
0.74000000 0.27873330
0.76000000 0.27163183
0.78000000 0.26488048
0.80000000 0.25871773
0.82000000 0.25337244
0.84000000 0.24902493
0.86000000 0.24577817
0.88000000 0.24364342
0.90000000 0.24254090
0.92000000 0.24231350
0.94000000 0.24274933
0.96000000 0.24360785
0.98000000 0.24464502
1.00000000 0.24563406
1.02000000 0.24638025
1.04000000 0.24673001
1.06000000 0.24657540
1.08000000 0.24585584
1.10000000 0.24455843
1.12000000 0.24271729
1.14000000 0.24041170
1.16000000 0.23776188
1.18000000 0.23492134
1.20000000 0.23206512
1.22000000 0.22937425
1.24000000 0.22701780
1.26000000 0.22513507
1.28000000 0.22382065
1.30000000 0.22311503
1.32000000 0.22300246
1.34000000 0.22341640
1.36000000 0.22425133
1.38000000 0.22537846
1.40000000 0.22666226
1.42000000 0.22797459
1.44000000 0.22920448
1.46000000 0.23026235
1.48000000 0.23107936
1.50000000 0.23160380
1.52000000 0.23179669
1.54000000 0.23162921
1.56000000 0.23108335
1.58000000 0.23015600
1.60000000 0.22886530
1.62000000 0.22725684
1.64000000 0.22540675
1.66000000 0.22341918
1.68000000 0.22141656
1.70000000 0.21952295
1.72000000 0.21784243
1.74000000 0.21643635
1.76000000 0.21530402
1.78000000 0.21437134
1.80000000 0.21349100
1.82000000 0.21245582
1.84000000 0.21102430
1.86000000 0.20895516
1.88000000 0.20604556
1.90000000 0.20216683
1.92000000 0.19729132
1.94000000 0.19150554
1.96000000 0.18500674
1.98000000 0.17808281
2.00000000 0.17107828
2.02000000 0.16435132
2.04000000 0.15822823
2.06000000 0.15296223
2.08000000 0.14870259
2.10000000 0.14547843
2.12000000 0.14319916
2.14000000 0.14167084
2.16000000 0.14062551
2.18000000 0.13975868
2.20000000 0.13876916
2.22000000 0.13739560
2.24000000 0.13544482
2.26000000 0.13280877
2.28000000 0.12946864
2.30000000 0.12548698
2.32000000 0.12099009
2.34000000 0.11614431
2.36000000 0.11113034
2.38000000 0.10611942
2.40000000 0.10125463
2.42000000 0.09663926
2.44000000 0.09233290
2.46000000 0.08835461
2.48000000 0.08469141
2.50000000 0.08130995
2.52000000 0.07816864
2.54000000 0.07522828
2.56000000 0.07245931
2.58000000 0.06984506
2.60000000 0.06738095
2.62000000 0.06507030
2.64000000 0.06291815
2.66000000 0.06092461
2.68000000 0.05907916
2.70000000 0.05735716
2.72000000 0.05571946
2.74000000 0.05411515
2.76000000 0.05248714
2.78000000 0.05077984
2.80000000 0.04894750
2.82000000 0.04696209
2.84000000 0.04481911
2.86000000 0.04254044
2.88000000 0.04017348
2.90000000 0.03778635
2.92000000 0.03545984
2.94000000 0.03327695
2.96000000 0.03131151
2.98000000 0.02961766
3.00000000 0.02822164
3.02000000 0.02711739
3.04000000 0.02626668
3.06000000 0.02560375
3.08000000 0.02504410
3.10000000 0.02449585
3.12000000 0.02387227
3.14000000 0.02310330
3.16000000 0.02214468
3.18000000 0.02098306
3.20000000 0.01963682
3.22000000 0.01815226
3.24000000 0.01659631
3.26000000 0.01504671
3.28000000 0.01358141
3.30000000 0.01226863
3.32000000 0.01115895
3.34000000 0.01028035
3.36000000 0.00963653
3.38000000 0.00920847
3.40000000 0.00895858
3.42000000 0.00883666
3.44000000 0.00878667
3.46000000 0.00875340
3.48000000 0.00868817
3.50000000 0.00855311
3.52000000 0.00832367
3.54000000 0.00798933
3.56000000 0.00755269
3.58000000 0.00702727
3.60000000 0.00643456
3.62000000 0.00580057
3.64000000 0.00515265
3.66000000 0.00451658
3.68000000 0.00391453
3.70000000 0.00336371
3.72000000 0.00287594
3.74000000 0.00245782
3.76000000 0.00211135
3.78000000 0.00183489
3.80000000 0.00162398
3.82000000 0.00147214
3.84000000 0.00137145
3.86000000 0.00131292
3.88000000 0.00128681
3.90000000 0.00128295
3.92000000 0.00129118
3.94000000 0.00130188
3.96000000 0.00130660
3.98000000 0.00129866
