-4.00000000 0.00312241
-3.98000000 0.00416126
-3.96000000 0.00522914
-3.94000000 0.00623288
-3.92000000 0.00708151
-3.90000000 0.00770460
-3.88000000 0.00806905
-3.86000000 0.00819031
-3.84000000 0.00813475
-3.82000000 0.00801154
-3.80000000 0.00795454
-3.78000000 0.00809707
-3.76000000 0.00854462
-3.74000000 0.00935102
-3.72000000 0.01050406
-3.70000000 0.01192427
-3.68000000 0.01347843
-3.66000000 0.01500583
-3.64000000 0.01635252
-3.62000000 0.01740646
-3.60000000 0.01812583
-3.58000000 0.01855394
-3.56000000 0.01881649
-3.54000000 0.01910097
-3.52000000 0.01962163
-3.50000000 0.02057723
-3.48000000 0.02211034
-3.46000000 0.02427731
-3.44000000 0.02703605
-3.42000000 0.03025473
-3.40000000 0.03374056
-3.38000000 0.03728275
-3.36000000 0.04070073
-3.34000000 0.04388723
-3.32000000 0.04683636
-3.30000000 0.04965027
-3.28000000 0.05252217
-3.26000000 0.05569892
-3.24000000 0.05943079
-3.22000000 0.06391954
-3.20000000 0.06927603
-3.18000000 0.07549754
-3.16000000 0.08247056
-3.14000000 0.08999959
-3.12000000 0.09785699
-3.10000000 0.10584393
-3.08000000 0.11384999
-3.06000000 0.12189842
-3.04000000 0.13016695
-3.02000000 0.13897802
-3.00000000 0.14875889
-2.98000000 0.15997748
-2.96000000 0.17306517
-2.94000000 0.18834040
-2.92000000 0.20594705
-2.90000000 0.22581929
-2.88000000 0.24767969
-2.86000000 0.27107157
-2.84000000 0.29542027
-2.82000000 0.32011315
-2.80000000 0.34458467
-2.78000000 0.36839264
-2.76000000 0.39127322
-2.74000000 0.41316666
-2.72000000 0.43421084
-2.70000000 0.45470532
-2.68000000 0.47505360
-2.66000000 0.49569413
-2.64000000 0.51703207
-2.62000000 0.53938248
-2.60000000 0.56293294
-2.58000000 0.58772957
-2.56000000 0.61368634
-2.54000000 0.64061385
-2.52000000 0.66826128
-2.50000000 0.69636435
-2.48000000 0.72469217
-2.46000000 0.75308738
-2.44000000 0.78149574
-2.42000000 0.80998298
-2.40000000 0.83873820
-2.38000000 0.86806380
-2.36000000 0.89835241
-2.34000000 0.93005142
-2.32000000 0.96361663
-2.30000000 0.99945736
-2.28000000 1.03787738
-2.26000000 1.07901805
-2.24000000 1.12281169
-2.22000000 1.16895427
-2.20000000 1.21690529
-2.18000000 1.26592050
-2.16000000 1.31511790
-2.14000000 1.36357221
-2.12000000 1.41042692
-2.10000000 1.45500875
-2.08000000 1.49692703
-2.06000000 1.53614206
-2.04000000 1.57299068
-2.02000000 1.60816440
-2.00000000 1.64264369
-1.98000000 1.67759909
-1.96000000 1.71427530
-1.94000000 1.75387549
-1.92000000 1.79746082
-1.90000000 1.84587445
-1.88000000 1.89969212
-1.86000000 1.95919446
-1.84000000 2.02435200
-1.82000000 2.09481312
-1.80000000 2.16988900
-1.78000000 2.24853622
-1.76000000 2.32934569
-1.74000000 2.41055290
-1.72000000 2.49008712
-1.70000000 2.56567385
-1.68000000 2.63499594
-1.66000000 2.69590565
-1.64000000 2.74666486
-1.62000000 2.78617845
-1.60000000 2.81417903
-1.58000000 2.83132324
-1.56000000 2.83917066
-1.54000000 2.84003552
-1.52000000 2.83672430
-1.50000000 2.83219503
-1.48000000 2.82919116
-1.46000000 2.82991010
-1.44000000 2.83576213
-1.42000000 2.84725943
-1.40000000 2.86405081
-1.38000000 2.88509017
-1.36000000 2.90890183
-1.34000000 2.93388860
-1.32000000 2.95862300
-1.30000000 2.98206866
-1.28000000 3.00369617
-1.26000000 3.02348163
-1.24000000 3.04180056
-1.22000000 3.05925007
-1.20000000 3.07644333
-1.18000000 3.09382146
-1.16000000 3.11151814
-1.14000000 3.12929676
-1.12000000 3.14656089
-1.10000000 3.16242309
-1.08000000 3.17580704
-1.06000000 3.18555581
-1.04000000 3.19052500
-1.02000000 3.18965005
-1.00000000 3.18198930
-0.98000000 3.16675389
-0.96000000 3.14333969
-0.94000000 3.11137399
-0.92000000 3.07078117
-0.90000000 3.02185990
-0.88000000 2.96535377
-0.86000000 2.90249049
-0.84000000 2.83496506
-0.82000000 2.76485060
-0.80000000 2.69443451
-0.78000000 2.62599506
-0.76000000 2.56154950
-0.74000000 2.50261507
-0.72000000 2.45002665
-0.70000000 2.40384678
-0.68000000 2.36338823
-0.66000000 2.32734826
-0.64000000 2.29403234
-0.62000000 2.26162783
-0.60000000 2.22847934
-0.58000000 2.19331790
-0.56000000 2.15540657
-0.54000000 2.11458308
-0.52000000 2.07120017
-0.50000000 2.02598440
-0.48000000 1.97984764
-0.46000000 1.93369175
-0.44000000 1.88824417
-0.42000000 1.84395151
-0.40000000 1.80094404
-0.38000000 1.75906714
-0.36000000 1.71796330
-0.34000000 1.67717935
-0.32000000 1.63627244
-0.30000000 1.59489258
-0.28000000 1.55282848
-0.26000000 1.51001408
-0.24000000 1.46650303
-0.22000000 1.42242509
-0.20000000 1.37794036
-0.18000000 1.33320524
-0.16000000 1.28835809
-0.14000000 1.24352544
-0.12000000 1.19884262
-0.10000000 1.15447832
-0.08000000 1.11065120
-0.06000000 1.06762945
-0.04000000 1.02570888
-0.02000000 0.98517211
0.00000000 0.94623715
0.02000000 0.90900805
0.04000000 0.87344093
0.06000000 0.83933657
0.08000000 0.80636495
0.10000000 0.77412033
0.12000000 0.74219811
0.14000000 0.71027910
0.16000000 0.67820433
0.18000000 0.64602421
0.20000000 0.61401076
0.22000000 0.58262824
0.24000000 0.55246618
0.26000000 0.52414625
0.28000000 0.49822019
0.30000000 0.47507766
0.32000000 0.45488155
0.34000000 0.43754274
0.36000000 0.42273867
0.38000000 0.40997149
0.40000000 0.39865412
0.42000000 0.38820720
0.44000000 0.37814858
0.46000000 0.36815889
0.48000000 0.35811236
0.50000000 0.34806921
0.52000000 0.33823376
0.54000000 0.32888887
0.56000000 0.32032137
0.58000000 0.31275384
0.60000000 0.30629560
0.62000000 0.30092078
0.64000000 0.29647551
0.66000000 0.29270968
0.68000000 0.28932485
0.70000000 0.28602705
0.72000000 0.28257390
0.74000000 0.27880783
0.76000000 0.27467116
0.78000000 0.27020298
0.80000000 0.26552150
0.82000000 0.26079754
0.84000000 0.25622557
0.86000000 0.25199744
0.88000000 0.24828224
0.90000000 0.24521302
0.92000000 0.24287979
0.94000000 0.24132666
0.96000000 0.24055135
0.98000000 0.24050604
1.00000000 0.24109937
1.02000000 0.24220082
1.04000000 0.24364878
1.06000000 0.24526321
1.08000000 0.24686285
1.10000000 0.24828518
1.12000000 0.24940622
1.14000000 0.25015623
1.16000000 0.25052772
1.18000000 0.25057323
1.20000000 0.25039232
1.22000000 0.25010947
1.24000000 0.24984671
1.26000000 0.24969612
1.28000000 0.24969751
1.30000000 0.24982589
1.32000000 0.24999119
1.34000000 0.25005068
1.36000000 0.24983163
1.38000000 0.24916038
1.40000000 0.24789250
1.42000000 0.24593893
1.44000000 0.24328385
1.46000000 0.23999159
1.48000000 0.23620184
1.50000000 0.23211412
1.52000000 0.22796430
1.54000000 0.22399626
1.56000000 0.22043294
1.58000000 0.21745008
1.60000000 0.21515593
1.62000000 0.21357920
1.64000000 0.21266634
1.66000000 0.21228853
1.68000000 0.21225741
1.70000000 0.21234752
1.72000000 0.21232282
1.74000000 0.21196377
1.76000000 0.21109137
1.78000000 0.20958491
1.80000000 0.20739104
1.82000000 0.20452308
1.84000000 0.20105115
1.86000000 0.19708532
1.88000000 0.19275502
1.90000000 0.18818894
1.92000000 0.18349902
1.94000000 0.17877127
1.96000000 0.17406475
1.98000000 0.16941771
2.00000000 0.16485854
2.02000000 0.16041806
2.04000000 0.15613903
2.06000000 0.15208003
2.08000000 0.14831185
2.10000000 0.14490682
2.12000000 0.14192309
2.14000000 0.13938782
2.16000000 0.13728330
2.18000000 0.13554000
2.20000000 0.13403906
2.22000000 0.13262473
2.24000000 0.13112518
2.26000000 0.12937804
2.28000000 0.12725597
2.30000000 0.12468738
2.32000000 0.12166820
2.34000000 0.11826224
2.36000000 0.11459011
2.38000000 0.11080843
2.40000000 0.10708349
2.42000000 0.10356376
2.44000000 0.10035659
2.46000000 0.09751275
2.48000000 0.09502160
2.50000000 0.09281713
2.52000000 0.09079349
2.54000000 0.08882679
2.56000000 0.08679911
2.58000000 0.08462030
2.60000000 0.08224386
2.62000000 0.07967434
2.64000000 0.07696529
2.66000000 0.07420845
2.68000000 0.07151647
2.70000000 0.06900218
2.72000000 0.06675836
2.74000000 0.06484122
2.76000000 0.06326031
2.78000000 0.06197644
2.80000000 0.06090761
2.82000000 0.05994165
2.84000000 0.05895337
2.86000000 0.05782308
2.88000000 0.05645347
2.90000000 0.05478226
2.92000000 0.05278867
2.94000000 0.05049316
2.96000000 0.04795090
2.98000000 0.04524049
3.00000000 0.04245020
3.02000000 0.03966428
3.04000000 0.03695148
3.06000000 0.03435777
3.08000000 0.03190378
3.10000000 0.02958723
3.12000000 0.02738907
3.14000000 0.02528205
3.16000000 0.02323969
3.18000000 0.02124402
3.20000000 0.01929069
3.22000000 0.01739073
3.24000000 0.01556888
3.26000000 0.01385908
3.28000000 0.01229819
3.30000000 0.01091910
3.32000000 0.00974462
3.34000000 0.00878312
3.36000000 0.00802654
3.38000000 0.00745109
3.40000000 0.00702023
3.42000000 0.00668955
3.44000000 0.00641255
3.46000000 0.00614656
3.48000000 0.00585785
3.50000000 0.00552528
3.52000000 0.00514209
3.54000000 0.00471556
3.56000000 0.00426481
3.58000000 0.00381702
3.60000000 0.00340264
3.62000000 0.00305046
3.64000000 0.00278295
3.66000000 0.00261278
3.68000000 0.00254079
3.70000000 0.00255581
3.72000000 0.00263613
3.74000000 0.00275254
3.76000000 0.00287229
3.78000000 0.00296355
3.80000000 0.00299949
3.82000000 0.00296162
3.84000000 0.00284183
3.86000000 0.00264292
3.88000000 0.00237764
3.90000000 0.00206645
3.92000000 0.00173444
3.94000000 0.00140785
3.96000000 0.00111068
3.98000000 0.00086197
