-4.00000000 0.00070976
-3.98000000 0.00114755
-3.96000000 0.00177134
-3.94000000 0.00261477
-3.92000000 0.00370398
-3.90000000 0.00505226
-3.88000000 0.00665436
-3.86000000 0.00848144
-3.84000000 0.01047779
-3.82000000 0.01256104
-3.80000000 0.01462684
-3.78000000 0.01655876
-3.76000000 0.01824283
-3.74000000 0.01958521
-3.72000000 0.02053012
-3.70000000 0.02107465
-3.68000000 0.02127706
-3.66000000 0.02125584
-3.64000000 0.02117854
-3.62000000 0.02124124
-3.60000000 0.02164159
-3.58000000 0.02255013
-3.56000000 0.02408503
-3.54000000 0.02629545
-3.52000000 0.02915674
-3.50000000 0.03257881
-3.48000000 0.03642610
-3.46000000 0.04054497
-3.44000000 0.04479317
-3.42000000 0.04906516
-3.40000000 0.05330811
-3.38000000 0.05752573
-3.36000000 0.06176932
-3.34000000 0.06611854
-3.32000000 0.07065657
-3.30000000 0.07544535
-3.28000000 0.08050653
-3.26000000 0.08581249
-3.24000000 0.09128941
-3.22000000 0.09683186
-3.20000000 0.10232610
-3.18000000 0.10767748
-3.16000000 0.11283680
-3.14000000 0.11782087
-3.12000000 0.12272370
-3.10000000 0.12771673
-3.08000000 0.13303821
-3.06000000 0.13897375
-3.04000000 0.14583083
-3.02000000 0.15391102
-3.00000000 0.16348299
-2.98000000 0.17475928
-2.96000000 0.18787858
-2.94000000 0.20289455
-2.92000000 0.21977136
-2.90000000 0.23838544
-2.88000000 0.25853261
-2.86000000 0.27993965
-2.84000000 0.30227926
-2.82000000 0.32518781
-2.80000000 0.34828539
-2.78000000 0.37119787
-2.76000000 0.39358106
-2.74000000 0.41514656
-2.72000000 0.43568880
-2.70000000 0.45511171
-2.68000000 0.47345290
-2.66000000 0.49090166
-2.64000000 0.50780699
-2.62000000 0.52467151
-2.60000000 0.54212787
-2.58000000 0.56089628
-2.56000000 0.58172456
-2.54000000 0.60531492
-2.52000000 0.63224550
-2.50000000 0.66289638
-2.48000000 0.69739138
-2.46000000 0.73556537
-2.44000000 0.77696448
-2.42000000 0.82088176
-2.40000000 0.86642539
-2.38000000 0.91261140
-2.36000000 0.95846844
-2.34000000 1.00313997
-2.32000000 1.04596970
-2.30000000 1.08655861
-2.28000000 1.12478680
-2.26000000 1.16079950
-2.24000000 1.19496172
-2.22000000 1.22779143
-2.20000000 1.25988307
-2.18000000 1.29183399
-2.16000000 1.32418418
-2.14000000 1.35737599
-2.12000000 1.39173616
-2.10000000 1.42747785
-2.08000000 1.46471721
-2.06000000 1.50349694
-2.04000000 1.54380914
-2.02000000 1.58561154
-2.00000000 1.62883338
-1.98000000 1.67337094
-1.96000000 1.71907540
-1.94000000 1.76573812
-1.92000000 1.81307998
-1.90000000 1.86075059
-1.88000000 1.90834231
-1.86000000 1.95542076
-1.84000000 2.00157046
-1.82000000 2.04645048
-1.80000000 2.08985189
-1.78000000 2.13174698
-1.76000000 2.17231967
-1.74000000 2.21196871
-1.72000000 2.25127836
-1.70000000 2.29095694
-1.68000000 2.33174929
-1.66000000 2.37433493
-1.64000000 2.41922749
-1.62000000 2.46669245
-1.60000000 2.51669813
-1.58000000 2.56890990
-1.56000000 2.62272953
-1.54000000 2.67737335
-1.52000000 2.73197454
-1.50000000 2.78568980
-1.48000000 2.83778926
-1.46000000 2.88771200
-1.44000000 2.93507701
-1.42000000 2.97964981
-1.40000000 3.02127558
-1.38000000 3.05979822
-1.36000000 3.09498916
-1.34000000 3.12650786
-1.32000000 3.15390910
-1.30000000 3.17670037
-1.28000000 3.19443943
-1.26000000 3.20685008
-1.24000000 3.21392725
-1.22000000 3.21600126
-1.20000000 3.21373868
-1.18000000 3.20807008
-1.16000000 3.20005182
-1.14000000 3.19068620
-1.12000000 3.18073629
-1.10000000 3.17057703
-1.08000000 3.16011939
-1.06000000 3.14883103
-1.04000000 3.13585644
-1.02000000 3.12021712
-1.00000000 3.10105262
-0.98000000 3.07785059
-0.96000000 3.05061294
-0.94000000 3.01991538
-0.92000000 2.98683872
-0.90000000 2.95277736
-0.88000000 2.91915849
-0.86000000 2.88712756
-0.84000000 2.85726723
-0.82000000 2.82941426
-0.80000000 2.80262177
-0.78000000 2.77528618
-0.76000000 2.74542392
-0.74000000 2.71105008
-0.72000000 2.67058691
-0.70000000 2.62321967
-0.68000000 2.56912404
-0.66000000 2.50951195
-0.64000000 2.44647777
-0.62000000 2.38266670
-0.60000000 2.32082385
-0.58000000 2.26330864
-0.56000000 2.21166818
-0.54000000 2.16635371
-0.52000000 2.12663710
-0.50000000 2.09074550
-0.48000000 2.05618931
-0.46000000 2.02022061
-0.44000000 1.98033348
-0.42000000 1.93471084
-0.40000000 1.88253371
-0.38000000 1.82409806
-0.36000000 1.76072344
-0.34000000 1.69447895
-0.32000000 1.62778746
-0.30000000 1.56299014
-0.28000000 1.50195737
-0.26000000 1.44581822
-0.24000000 1.39485247
-0.22000000 1.34855373
-0.20000000 1.30583666
-0.18000000 1.26533425
-0.16000000 1.22571657
-0.14000000 1.18596405
-0.12000000 1.14554367
-0.10000000 1.10446186
-0.08000000 1.06319650
-0.06000000 1.02253612
-0.04000000 0.98337133
-0.02000000 0.94648855
0.00000000 0.91240996
0.02000000 0.88130758
0.04000000 0.85299913
0.06000000 0.82701416
0.08000000 0.80270428
0.10000000 0.77936568
0.12000000 0.75634467
0.14000000 0.73310688
0.16000000 0.70926407
0.18000000 0.68456557
0.20000000 0.65887022
0.22000000 0.63211782
0.24000000 0.60431547
0.26000000 0.57554550
0.28000000 0.54599199
0.30000000 0.51597316
0.32000000 0.48596262
0.34000000 0.45658303
0.36000000 0.42856231
0.38000000 0.40265277
0.40000000 0.37952451
0.42000000 0.35965365
0.44000000 0.34323012
0.46000000 0.33010737
0.48000000 0.31980931
0.50000000 0.31159710
0.52000000 0.30458605
0.54000000 0.29789129
0.56000000 0.29077446
0.58000000 0.28276330
0.60000000 0.27372151
0.62000000 0.26385655
0.64000000 0.25366607
0.66000000 0.24383515
0.68000000 0.23510570
0.70000000 0.22814333
0.72000000 0.22342540
0.74000000 0.22116817
0.76000000 0.22130190
0.78000000 0.22349310
0.80000000 0.22720506
0.82000000 0.23178207
0.84000000 0.23654111
0.86000000 0.24085635
0.88000000 0.24422560
0.90000000 0.24631286
0.92000000 0.24696612
0.94000000 0.24621302
0.96000000 0.24423900
0.98000000 0.24135315
1.00000000 0.23794620
1.02000000 0.23444461
1.04000000 0.23126351
1.06000000 0.22876169
1.08000000 0.22720190
1.10000000 0.22672032
1.12000000 0.22730949
1.14000000 0.22881796
1.16000000 0.23096874
1.18000000 0.23339555
1.20000000 0.23569311
1.22000000 0.23747474
1.24000000 0.23842852
1.26000000 0.23836290
1.28000000 0.23723403
1.30000000 0.23514980
1.32000000 0.23234990
1.34000000 0.22916518
1.36000000 0.22596347
1.38000000 0.22309114
1.40000000 0.22082027
1.42000000 0.21930995
1.44000000 0.21858733
1.46000000 0.21855042
1.48000000 0.21899066
1.50000000 0.21963031
1.52000000 0.22016765
1.54000000 0.22032232
1.56000000 0.21987414
1.58000000 0.21869029
1.60000000 0.21673842
1.62000000 0.21408536
1.64000000 0.21088341
1.66000000 0.20734737
1.68000000 0.20372613
1.70000000 0.20027285
1.72000000 0.19721689
1.74000000 0.19474024
1.76000000 0.19296021
1.78000000 0.19191940
1.80000000 0.19158334
1.82000000 0.19184551
1.84000000 0.19253918
1.86000000 0.19345449
1.88000000 0.19435949
1.90000000 0.19502259
1.92000000 0.19523447
1.94000000 0.19482693
1.96000000 0.19368676
1.98000000 0.19176321
2.00000000 0.18906846
2.02000000 0.18567119
2.04000000 0.18168464
2.06000000 0.17725067
2.08000000 0.17252203
2.10000000 0.16764524
2.12000000 0.16274575
2.14000000 0.15791722
2.16000000 0.15321548
2.18000000 0.14865774
2.20000000 0.14422634
2.22000000 0.13987642
2.24000000 0.13554623
2.26000000 0.13116864
2.28000000 0.12668247
2.30000000 0.12204235
2.32000000 0.11722601
2.34000000 0.11223823
2.36000000 0.10711127
2.38000000 0.10190182
2.40000000 0.09668518
2.42000000 0.09154760
2.44000000 0.08657790
2.46000000 0.08185963
2.48000000 0.07746455
2.50000000 0.07344814
2.52000000 0.06984715
2.54000000 0.06667886
2.56000000 0.06394159
2.58000000 0.06161564
2.60000000 0.05966441
2.62000000 0.05803541
2.64000000 0.05666146
2.66000000 0.05546293
2.68000000 0.05435135
2.70000000 0.05323526
2.72000000 0.05202807
2.74000000 0.05065739
2.76000000 0.04907448
2.78000000 0.04726192
2.80000000 0.04523767
2.82000000 0.04305393
2.84000000 0.04079029
2.86000000 0.03854147
2.88000000 0.03640171
2.90000000 0.03444834
2.92000000 0.03272788
2.94000000 0.03124765
2.96000000 0.02997490
2.98000000 0.02884403
3.00000000 0.02777074
3.02000000 0.02667051
3.04000000 0.02547738
3.06000000 0.02415930
3.08000000 0.02272652
3.10000000 0.02123105
3.12000000 0.01975713
3.14000000 0.01840456
3.16000000 0.01726830
3.18000000 0.01641847
3.20000000 0.01588511
3.22000000 0.01565067
3.24000000 0.01565188
3.26000000 0.01579042
3.28000000 0.01595030
3.30000000 0.01601817
3.32000000 0.01590267
3.34000000 0.01554903
3.36000000 0.01494628
3.38000000 0.01412626
3.40000000 0.01315492
3.42000000 0.01211829
3.44000000 0.01110599
3.46000000 0.01019570
3.48000000 0.00944126
3.50000000 0.00886625
3.52000000 0.00846360
3.54000000 0.00820059
3.56000000 0.00802756
3.58000000 0.00788838
3.60000000 0.00773034
3.62000000 0.00751209
3.64000000 0.00720835
3.66000000 0.00681117
3.68000000 0.00632838
3.70000000 0.00577980
3.72000000 0.00519255
3.74000000 0.00459629
3.76000000 0.00401926
3.78000000 0.00348541
3.80000000 0.00301280
3.82000000 0.00261301
3.84000000 0.00229130
3.86000000 0.00204715
3.88000000 0.00187510
3.90000000 0.00176548
3.92000000 0.00170533
3.94000000 0.00167935
3.96000000 0.00167103
3.98000000 0.00166391
