-4.00000000 0.00234915
-3.98000000 0.00251040
-3.96000000 0.00273525
-3.94000000 0.00299044
-3.92000000 0.00325582
-3.90000000 0.00352836
-3.88000000 0.00382257
-3.86000000 0.00416775
-3.84000000 0.00460303
-3.82000000 0.00517160
-3.80000000 0.00591511
-3.78000000 0.00686959
-3.76000000 0.00806299
-3.74000000 0.00951466
-3.72000000 0.01123609
-3.70000000 0.01323233
-3.68000000 0.01550321
-3.66000000 0.01804383
-3.64000000 0.02084402
-3.62000000 0.02388654
-3.60000000 0.02714471
-3.58000000 0.03057982
-3.56000000 0.03413913
-3.54000000 0.03775529
-3.52000000 0.04134787
-3.50000000 0.04482739
-3.48000000 0.04810200
-3.46000000 0.05108648
-3.44000000 0.05371275
-3.42000000 0.05594057
-3.40000000 0.05776673
-3.38000000 0.05923109
-3.36000000 0.06041763
-3.34000000 0.06144975
-3.32000000 0.06247942
-3.30000000 0.06367135
-3.28000000 0.06518407
-3.26000000 0.06715099
-3.24000000 0.06966444
-3.22000000 0.07276580
-3.20000000 0.07644361
-3.18000000 0.08064030
-3.16000000 0.08526648
-3.14000000 0.09022045
-3.12000000 0.09540957
-3.10000000 0.10077006
-3.08000000 0.10628245
-3.06000000 0.11198070
-3.04000000 0.11795492
-3.02000000 0.12434814
-3.00000000 0.13134867
-2.98000000 0.13917924
-2.96000000 0.14808367
-2.94000000 0.15831088
-2.92000000 0.17009538
-2.90000000 0.18363369
-2.88000000 0.19905680
-2.86000000 0.21640107
-2.84000000 0.23558185
-2.82000000 0.25637623
-2.80000000 0.27842218
-2.78000000 0.30124008
-2.76000000 0.32427967
-2.74000000 0.34699032
-2.72000000 0.36890675
-2.70000000 0.38973681
-2.68000000 0.40943460
-2.66000000 0.42824186
-2.64000000 0.44668420
-2.62000000 0.46551605
-2.60000000 0.48561799
-2.58000000 0.50786012
-2.56000000 0.53295389
-2.54000000 0.56131930
-2.52000000 0.59299394
-2.50000000 0.62760386
-2.48000000 0.66440608
-2.46000000 0.70239859
-2.44000000 0.74048086
-2.42000000 0.77763750
-2.40000000 0.81311252
-2.38000000 0.84654257
-2.36000000 0.87802520
-2.34000000 0.90810958
-2.32000000 0.93771155
-2.30000000 0.96796817
-2.28000000 1.00005732
-2.26000000 1.03501295
-2.24000000 1.07356630
-2.22000000 1.11603720
-2.20000000 1.16229043
-2.18000000 1.21176030
-2.16000000 1.26353591
-2.14000000 1.31649095
-2.12000000 1.36943634
-2.10000000 1.42127288
-2.08000000 1.47112291
-2.06000000 1.51842477
-2.04000000 1.56298038
-2.02000000 1.60495314
-2.00000000 1.64482031
-1.98000000 1.68328958
-1.96000000 1.72119402
-1.94000000 1.75938174
-1.92000000 1.79861660
-1.90000000 1.83950410
-1.88000000 1.88245190
-1.86000000 1.92766792
-1.84000000 1.97519216
-1.82000000 2.02495116
-1.80000000 2.07681953
-1.78000000 2.13067099
-1.76000000 2.18640375
-1.74000000 2.24393097
-1.72000000 2.30313602
-1.70000000 2.36380215
-1.68000000 2.42553478
-1.66000000 2.48769941
-1.64000000 2.54939798
-1.62000000 2.60950010
-1.60000000 2.66673484
-1.58000000 2.71983465
-1.56000000 2.76771036
-1.54000000 2.80962583
-1.52000000 2.84533787
-1.50000000 2.87517076
-1.48000000 2.90000553
-1.46000000 2.92117976
-1.44000000 2.94031079
-1.42000000 2.95907022
-1.40000000 2.97894668
-1.38000000 3.00103637
-1.36000000 3.02589478
-1.34000000 3.05347155
-1.32000000 3.08313481
-1.30000000 3.11377634
-1.28000000 3.14397608
-1.26000000 3.17219764
-1.24000000 3.19698464
-1.22000000 3.21713165
-1.20000000 3.23181042
-1.18000000 3.24064092
-1.16000000 3.24370425
-1.14000000 3.24150111
-1.12000000 3.23486358
-1.10000000 3.22483059
-1.08000000 3.21249997
-1.06000000 3.19887176
-1.04000000 3.18470030
-1.02000000 3.17037416
-1.00000000 3.15584354
-0.98000000 3.14061154
-0.96000000 3.12379891
-0.94000000 3.10428056
-0.92000000 3.08087878
-0.90000000 3.05258451
-0.88000000 3.01876801
-0.86000000 2.97933720
-0.84000000 2.93480725
-0.82000000 2.88625930
-0.80000000 2.83518754
-0.78000000 2.78325716
-0.76000000 2.73201688
-0.74000000 2.68262271
-0.72000000 2.63563109
-0.70000000 2.59090782
-0.68000000 2.54767671
-0.66000000 2.50470231
-0.64000000 2.46057171
-0.62000000 2.41401743
-0.60000000 2.36421245
-0.58000000 2.31097299
-0.56000000 2.25482296
-0.54000000 2.19690386
-0.52000000 2.13874691
-0.50000000 2.08195499
-0.48000000 2.02786137
-0.46000000 1.97723836
-0.44000000 1.93011812
-0.42000000 1.88576435
-0.40000000 1.84280180
-0.38000000 1.79947748
-0.36000000 1.75400098
-0.34000000 1.70489621
-0.32000000 1.65129591
-0.30000000 1.59312395
-0.28000000 1.53113407
-0.26000000 1.46680237
-0.24000000 1.40209884
-0.22000000 1.33918377
-0.20000000 1.28008569
-0.18000000 1.22641641
-0.16000000 1.17916740
-0.14000000 1.13861347
-0.12000000 1.10432897
-0.10000000 1.07530194
-0.08000000 1.05011800
-0.06000000 1.02717759
-0.04000000 1.00491100
-0.02000000 0.98196060
0.00000000 0.95731013
0.02000000 0.93035163
0.04000000 0.90089141
0.06000000 0.86910415
0.08000000 0.83544997
0.10000000 0.80057066
0.12000000 0.76518152
0.14000000 0.72997267
0.16000000 0.69553050
0.18000000 0.66228627
0.20000000 0.63049507
0.22000000 0.60024414
0.24000000 0.57148672
0.26000000 0.54409389
0.28000000 0.51791526
0.30000000 0.49283789
0.32000000 0.46883350
0.34000000 0.44598581
0.36000000 0.42449315
0.38000000 0.40464553
0.40000000 0.38677994
0.42000000 0.37122135
0.44000000 0.35821957
0.46000000 0.34789294
0.48000000 0.34018875
0.50000000 0.33486758
0.52000000 0.33151460
0.54000000 0.32957662
0.56000000 0.32841929
0.58000000 0.32739572
0.60000000 0.32591653
0.62000000 0.32351079
0.64000000 0.31986970
0.66000000 0.31486747
0.68000000 0.30855772
0.70000000 0.30114767
0.72000000 0.29295545
0.74000000 0.28435819
0.76000000 0.27573953
0.78000000 0.26744426
0.80000000 0.25974605
0.82000000 0.25283138
0.84000000 0.24679947
0.86000000 0.24167527
0.88000000 0.23743028
0.90000000 0.23400531
0.92000000 0.23132976
0.94000000 0.22933351
0.96000000 0.22795035
0.98000000 0.22711392
1.00000000 0.22674986
1.02000000 0.22676814
1.04000000 0.22706001
1.06000000 0.22750206
1.08000000 0.22796770
1.10000000 0.22834399
1.12000000 0.22854982
1.14000000 0.22855034
1.16000000 0.22836335
1.18000000 0.22805507
1.20000000 0.22772526
1.22000000 0.22748463
1.24000000 0.22742956
1.26000000 0.22762017
1.28000000 0.22806691
1.30000000 0.22872913
1.32000000 0.22952584
1.34000000 0.23035581
1.36000000 0.23112174
1.38000000 0.23175220
1.40000000 0.23221564
1.42000000 0.23252277
1.44000000 0.23271700
1.46000000 0.23285559
1.48000000 0.23298693
1.50000000 0.23313025
1.52000000 0.23326362
1.54000000 0.23332371
1.56000000 0.23321770
1.58000000 0.23284435
1.60000000 0.23211880
1.62000000 0.23099434
1.64000000 0.22947534
1.66000000 0.22761764
1.68000000 0.22551599
1.70000000 0.22328141
1.72000000 0.22101439
1.74000000 0.21878043
1.76000000 0.21659444
1.78000000 0.21441799
1.80000000 0.21217036
1.82000000 0.20975075
1.84000000 0.20706634
1.86000000 0.20405936
1.88000000 0.20072646
1.90000000 0.19712561
1.92000000 0.19336868
1.94000000 0.18960103
1.96000000 0.18597274
1.98000000 0.18260744
2.00000000 0.17957576
2.02000000 0.17687866
2.04000000 0.17444420
2.06000000 0.17213791
2.08000000 0.16978465
2.10000000 0.16719719
2.12000000 0.16420606
2.14000000 0.16068517
2.16000000 0.15656903
2.18000000 0.15185916
2.20000000 0.14661989
2.22000000 0.14096505
2.24000000 0.13503902
2.26000000 0.12899597
2.28000000 0.12298071
2.30000000 0.11711420
2.32000000 0.11148509
2.34000000 0.10614784
2.36000000 0.10112621
2.38000000 0.09642089
2.40000000 0.09201878
2.42000000 0.08790223
2.44000000 0.08405628
2.46000000 0.08047299
2.48000000 0.07715226
2.50000000 0.07409952
2.52000000 0.07132105
2.54000000 0.06881819
2.56000000 0.06658176
2.58000000 0.06458818
2.60000000 0.06279802
2.62000000 0.06115778
2.64000000 0.05960471
2.66000000 0.05807385
2.68000000 0.05650632
2.70000000 0.05485720
2.72000000 0.05310159
2.74000000 0.05123753
2.76000000 0.04928531
2.78000000 0.04728293
2.80000000 0.04527877
2.82000000 0.04332262
2.84000000 0.04145686
2.86000000 0.03970950
2.88000000 0.03809026
2.90000000 0.03659051
2.92000000 0.03518688
2.94000000 0.03384765
2.96000000 0.03254050
2.98000000 0.03123987
3.00000000 0.02993234
3.02000000 0.02861889
3.04000000 0.02731363
3.06000000 0.02603925
3.08000000 0.02482051
3.10000000 0.02367709
3.12000000 0.02261762
3.14000000 0.02163631
3.16000000 0.02071306
3.18000000 0.01981701
3.20000000 0.01891314
3.22000000 0.01797017
3.24000000 0.01696839
3.26000000 0.01590550
3.28000000 0.01479919
3.30000000 0.01368580
3.32000000 0.01261510
3.34000000 0.01164227
3.36000000 0.01081836
3.38000000 0.01018136
3.40000000 0.00974926
3.42000000 0.00951657
3.44000000 0.00945491
3.46000000 0.00951727
3.48000000 0.00964529
3.50000000 0.00977782
3.52000000 0.00985939
3.54000000 0.00984693
3.56000000 0.00971384
3.58000000 0.00945092
3.60000000 0.00906438
3.62000000 0.00857187
3.64000000 0.00799748
3.66000000 0.00736709
3.68000000 0.00670469
3.70000000 0.00603051
3.72000000 0.00536080
3.74000000 0.00470882
3.76000000 0.00408642
3.78000000 0.00350541
3.80000000 0.00297812
3.82000000 0.00251675
3.84000000 0.00213187
3.86000000 0.00183018
3.88000000 0.00161249
3.90000000 0.00147234
3.92000000 0.00139600
3.94000000 0.00136379
3.96000000 0.00135280
3.98000000 0.00134024
