-4.00000000 0.04625480
-3.98000000 0.04849555
-3.96000000 0.04896609
-3.94000000 0.04777850
-3.92000000 0.04539697
-3.90000000 0.04254444
-3.88000000 0.04005404
-3.86000000 0.03869822
-3.84000000 0.03903369
-3.82000000 0.04129607
-3.80000000 0.04536721
-3.78000000 0.05082114
-3.76000000 0.05703738
-3.74000000 0.06335481
-3.72000000 0.06923061
-3.70000000 0.07436789
-3.68000000 0.07878275
-3.66000000 0.08279559
-3.64000000 0.08694859
-3.62000000 0.09186775
-3.60000000 0.09810073
-3.58000000 0.10596687
-3.56000000 0.11545336
-3.54000000 0.12618159
-3.52000000 0.13745225
-3.50000000 0.14836136
-3.48000000 0.15796396
-3.46000000 0.16545264
-3.44000000 0.17031523
-3.42000000 0.17244063
-3.40000000 0.17215295
-3.38000000 0.17016848
-3.36000000 0.16748549
-3.34000000 0.16522924
-3.32000000 0.16448195
-3.30000000 0.16612873
-3.28000000 0.17074524
-3.26000000 0.17854336
-3.24000000 0.18937930
-3.22000000 0.20281661
-3.20000000 0.21822817
-3.18000000 0.23491594
-3.16000000 0.25222723
-3.14000000 0.26964976
-3.12000000 0.28687428
-3.10000000 0.30382018
-3.08000000 0.32062608
-3.06000000 0.33761156
-3.04000000 0.35521831
-3.02000000 0.37393907
-3.00000000 0.39424168
-2.98000000 0.41649446
-2.96000000 0.44089846
-2.94000000 0.46743254
-2.92000000 0.49581818
-2.90000000 0.52551148
-2.88000000 0.55572936
-2.86000000 0.58551439
-2.84000000 0.61383737
-2.82000000 0.63973016
-2.80000000 0.66243328
-2.78000000 0.68153627
-2.76000000 0.69708557
-2.74000000 0.70963540
-2.72000000 0.72022404
-2.70000000 0.73026920
-2.68000000 0.74139051
-2.66000000 0.75518217
-2.64000000 0.77297087
-2.62000000 0.79560007
-2.60000000 0.82328051
-2.58000000 0.85553726
-2.56000000 0.89126721
-2.54000000 0.92890103
-2.52000000 0.96664379
-2.50000000 1.00275291
-2.48000000 1.03580457
-2.46000000 1.06490159
-2.44000000 1.08978749
-2.42000000 1.11084968
-2.40000000 1.12901724
-2.38000000 1.14557880
-2.36000000 1.16196076
-2.34000000 1.17951148
-2.32000000 1.19933244
-2.30000000 1.22218319
-2.28000000 1.24846788
-2.26000000 1.27829039
-2.24000000 1.31154919
-2.22000000 1.34803458
-2.20000000 1.38749357
-2.18000000 1.42963942
-2.16000000 1.47410196
-2.14000000 1.52033568
-2.12000000 1.56752032
-2.10000000 1.61449719
-2.08000000 1.65978164
-2.06000000 1.70167735
-2.04000000 1.73849351
-2.02000000 1.76883764
-2.00000000 1.79193127
-1.98000000 1.80787968
-1.96000000 1.81782503
-1.94000000 1.82392787
-1.92000000 1.82915134
-1.90000000 1.83686230
-1.88000000 1.85030445
-1.86000000 1.87203163
-1.84000000 1.90340764
-1.82000000 1.94427554
-1.80000000 1.99287438
-1.78000000 2.04603834
-1.76000000 2.09965965
-1.74000000 2.14934343
-1.72000000 2.19114105
-1.70000000 2.22222741
-1.68000000 2.24139258
-1.66000000 2.24925004
-1.64000000 2.24811546
-1.62000000 2.24157377
-1.60000000 2.23381359
-1.58000000 2.22885549
-1.56000000 2.22982363
-1.54000000 2.23840318
-1.52000000 2.25459056
-1.50000000 2.27678520
-1.48000000 2.30220307
-1.46000000 2.32752650
-1.44000000 2.34965619
-1.42000000 2.36640938
-1.40000000 2.37701824
-1.38000000 2.38232241
-1.36000000 2.38461192
-1.34000000 2.38714822
-1.32000000 2.39345775
-1.30000000 2.40654017
-1.28000000 2.42815254
-1.26000000 2.45831730
-1.24000000 2.49515842
-1.22000000 2.53510551
-1.20000000 2.57343335
-1.18000000 2.60503803
-1.16000000 2.62530503
-1.14000000 2.63090736
-1.12000000 2.62038608
-1.10000000 2.59440919
-1.08000000 2.55566660
-1.06000000 2.50842830
-1.04000000 2.45785394
-1.02000000 2.40918488
-1.00000000 2.36696512
-0.98000000 2.33442452
-0.96000000 2.31311995
-0.94000000 2.30287601
-0.92000000 2.30200912
-0.90000000 2.30776762
-0.88000000 2.31688739
-0.86000000 2.32615104
-0.84000000 2.33285100
-0.82000000 2.33508725
-0.80000000 2.33187162
-0.78000000 2.32305240
-0.76000000 2.30910721
-0.74000000 2.29087102
-0.72000000 2.26926821
-0.70000000 2.24510419
-0.68000000 2.21894728
-0.66000000 2.19110381
-0.64000000 2.16166542
-0.62000000 2.13059266
-0.60000000 2.09779694
-0.58000000 2.06319224
-0.56000000 2.02670546
-0.54000000 1.98825367
-0.52000000 1.94771208
-0.50000000 1.90490309
-0.48000000 1.85963207
-0.46000000 1.81178054
-0.44000000 1.76144658
-0.42000000 1.70910081
-0.40000000 1.65571162
-0.38000000 1.60279003
-0.36000000 1.55231542
-0.34000000 1.50652673
-0.32000000 1.46759592
-0.30000000 1.43723285
-0.28000000 1.41629630
-0.26000000 1.40449660
-0.24000000 1.40026772
-0.22000000 1.40085977
-0.20000000 1.40266179
-0.18000000 1.40171687
-0.16000000 1.39434774
-0.14000000 1.37778039
-0.12000000 1.35064482
-0.10000000 1.31324762
-0.08000000 1.26755034
-0.06000000 1.21684270
-0.04000000 1.16516003
-0.02000000 1.11654775
0.00000000 1.07431048
0.02000000 1.04039135
0.04000000 1.01500619
0.06000000 0.99661004
0.08000000 0.98220974
0.10000000 0.96796730
0.12000000 0.94998055
0.14000000 0.92508960
0.16000000 0.89155056
0.18000000 0.84944172
0.20000000 0.80071876
0.22000000 0.74890378
0.24000000 0.69846495
0.26000000 0.65400434
0.28000000 0.61940931
0.30000000 0.59712993
0.32000000 0.58771991
0.34000000 0.58972674
0.36000000 0.59994868
0.38000000 0.61400554
0.40000000 0.62711097
0.42000000 0.63489778
0.44000000 0.63414125
0.46000000 0.62324933
0.48000000 0.60243745
0.50000000 0.57356841
0.52000000 0.53970341
0.54000000 0.50446287
0.56000000 0.47132841
0.58000000 0.44302169
0.60000000 0.42107429
0.62000000 0.40565910
0.64000000 0.39569876
0.66000000 0.38921149
0.68000000 0.38380993
0.70000000 0.37724375
0.72000000 0.36787478
0.74000000 0.35499369
0.76000000 0.33892492
0.78000000 0.32091223
0.80000000 0.30282157
0.82000000 0.28673254
0.84000000 0.27450676
0.86000000 0.26742067
0.88000000 0.26593098
0.90000000 0.26961020
0.92000000 0.27725307
0.94000000 0.28712124
0.96000000 0.29726921
0.98000000 0.30588325
1.00000000 0.31156929
1.02000000 0.31354099
1.04000000 0.31168402
1.06000000 0.30649842
1.08000000 0.29894411
1.10000000 0.29022984
1.12000000 0.28159114
1.14000000 0.27409839
1.16000000 0.26852365
1.18000000 0.26527917
1.20000000 0.26442392
1.22000000 0.26572224
1.24000000 0.26873192
1.26000000 0.27289843
1.28000000 0.27763711
1.30000000 0.28239326
1.32000000 0.28667842
1.34000000 0.29008805
1.36000000 0.29230916
1.38000000 0.29312572
1.40000000 0.29242665
1.42000000 0.29021594
1.44000000 0.28662030
1.46000000 0.28188754
1.48000000 0.27636933
1.50000000 0.27048569
1.52000000 0.26467363
1.54000000 0.25932803
1.56000000 0.25474635
1.58000000 0.25108968
1.60000000 0.24837001
1.62000000 0.24646783
1.64000000 0.24517662
1.66000000 0.24426412
1.68000000 0.24353488
1.70000000 0.24287801
1.72000000 0.24228689
1.74000000 0.24184447
1.76000000 0.24167704
1.78000000 0.24188786
1.80000000 0.24248862
1.82000000 0.24334864
1.84000000 0.24417868
1.86000000 0.24455866
1.88000000 0.24400768
1.90000000 0.24208390
1.92000000 0.23849272
1.94000000 0.23317771
1.96000000 0.22637075
1.98000000 0.21858504
2.00000000 0.21054746
2.02000000 0.20307981
2.04000000 0.19695133
2.06000000 0.19273248
2.08000000 0.19068114
2.10000000 0.19068710
2.12000000 0.19228828
2.14000000 0.19475732
2.16000000 0.19724143
2.18000000 0.19892653
2.20000000 0.19919087
2.22000000 0.19771532
2.24000000 0.19452695
2.26000000 0.18996718
2.28000000 0.18459288
2.30000000 0.17903380
2.32000000 0.17383967
2.34000000 0.16935270
2.36000000 0.16563522
2.38000000 0.16246930
2.40000000 0.15942837
2.42000000 0.15600366
2.44000000 0.15175497
2.46000000 0.14644889
2.48000000 0.14014995
2.50000000 0.13324017
2.52000000 0.12635931
2.54000000 0.12027614
2.56000000 0.11571797
2.58000000 0.11319632
2.60000000 0.11286887
2.62000000 0.11447095
2.64000000 0.11733549
2.66000000 0.12050089
2.68000000 0.12288691
2.70000000 0.12350325
2.72000000 0.12164714
2.74000000 0.11704819
2.76000000 0.10992902
2.78000000 0.10096788
2.80000000 0.09117028
2.82000000 0.08167573
2.84000000 0.07353969
2.86000000 0.06753568
2.88000000 0.06401811
2.90000000 0.06287292
2.92000000 0.06356455
2.94000000 0.06526685
2.96000000 0.06704832
2.98000000 0.06807108
3.00000000 0.06776091
3.02000000 0.06591339
3.04000000 0.06271546
3.06000000 0.05868092
3.08000000 0.05451686
3.10000000 0.05095261
3.12000000 0.04856999
3.14000000 0.04767202
3.16000000 0.04821777
3.18000000 0.04983570
3.20000000 0.05190983
3.22000000 0.05371781
3.24000000 0.05458873
3.26000000 0.05404549
3.28000000 0.05190135
3.30000000 0.04829100
3.32000000 0.04363223
3.34000000 0.03852916
3.36000000 0.03364075
3.38000000 0.02954479
3.40000000 0.02662701
3.42000000 0.02501820
3.44000000 0.02459014
3.46000000 0.02500754
3.48000000 0.02582071
3.50000000 0.02657540
3.52000000 0.02691371
3.54000000 0.02664357
3.56000000 0.02576302
3.58000000 0.02443674
3.60000000 0.02293404
3.62000000 0.02154590
3.64000000 0.02050284
3.66000000 0.01991417
3.68000000 0.01974269
3.70000000 0.01981972
3.72000000 0.01989492
3.74000000 0.01970707
3.76000000 0.01905680
3.78000000 0.01786287
3.80000000 0.01618744
3.82000000 0.01422456
3.84000000 0.01225482
3.86000000 0.01057808
3.88000000 0.00944088
3.90000000 0.00897685
3.92000000 0.00917465
3.94000000 0.00988107
3.96000000 0.01083835
3.98000000 0.01174615
