-4.00000000 0.03901532
-3.98000000 0.04337047
-3.96000000 0.04874595
-3.94000000 0.05470538
-3.92000000 0.06071961
-3.90000000 0.06626597
-3.88000000 0.07092517
-3.86000000 0.07445564
-3.84000000 0.07683029
-3.82000000 0.07822833
-3.80000000 0.07898484
-3.78000000 0.07950970
-3.76000000 0.08019410
-3.74000000 0.08132545
-3.72000000 0.08302943
-3.70000000 0.08525172
-3.68000000 0.08778295
-3.66000000 0.09032076
-3.64000000 0.09255447
-3.62000000 0.09425280
-3.60000000 0.09533459
-3.58000000 0.09590631
-3.56000000 0.09625792
-3.54000000 0.09681793
-3.52000000 0.09807815
-3.50000000 0.10050492
-3.48000000 0.10445693
-3.46000000 0.11012737
-3.44000000 0.11752253
-3.42000000 0.12647963
-3.40000000 0.13671756
-3.38000000 0.14790608
-3.36000000 0.15973491
-3.34000000 0.17196487
-3.32000000 0.18444807
-3.30000000 0.19711326
-3.28000000 0.20992228
-3.26000000 0.22281244
-3.24000000 0.23564504
-3.22000000 0.24818006
-3.20000000 0.26009175
-3.18000000 0.27102918
-3.16000000 0.28071364
-3.14000000 0.28905244
-3.12000000 0.29624043
-3.10000000 0.30281874
-3.08000000 0.30966541
-3.06000000 0.31790545
-3.04000000 0.32874482
-3.02000000 0.34325181
-3.00000000 0.36212465
-2.98000000 0.38549358
-2.96000000 0.41280429
-2.94000000 0.44281889
-2.92000000 0.47374998
-2.90000000 0.50351742
-2.88000000 0.53009089
-2.86000000 0.55186000
-2.84000000 0.56796185
-2.82000000 0.57849856
-2.80000000 0.58459249
-2.78000000 0.58825555
-2.76000000 0.59208323
-2.74000000 0.59881975
-2.72000000 0.61086920
-2.70000000 0.62984301
-2.68000000 0.65623268
-2.66000000 0.68927749
-2.64000000 0.72706283
-2.62000000 0.76684151
-2.60000000 0.80552677
-2.58000000 0.84026972
-2.56000000 0.86901365
-2.54000000 0.89091728
-2.52000000 0.90656058
-2.50000000 0.91788546
-2.48000000 0.92787376
-2.46000000 0.94001623
-2.44000000 0.95766869
-2.42000000 0.98341647
-2.40000000 1.01857022
-2.38000000 1.06289360
-2.36000000 1.11462045
-2.34000000 1.17076344
-2.32000000 1.22765879
-2.30000000 1.28164376
-2.28000000 1.32973495
-2.26000000 1.37017316
-2.24000000 1.40272393
-2.22000000 1.42867054
-2.20000000 1.45049658
-2.18000000 1.47131845
-2.16000000 1.49418020
-2.14000000 1.52135433
-2.12000000 1.55379443
-2.10000000 1.59085903
-2.08000000 1.63037369
-2.06000000 1.66903164
-2.04000000 1.70306390
-2.02000000 1.72905251
-2.00000000 1.74472666
-1.98000000 1.74957881
-1.96000000 1.74516765
-1.94000000 1.73503188
-1.92000000 1.72421298
-1.90000000 1.71846129
-1.88000000 1.72326433
-1.86000000 1.74287454
-1.84000000 1.77951884
-1.82000000 1.83294254
-1.80000000 1.90037969
-1.78000000 1.97696322
-1.76000000 2.05650557
-1.74000000 2.13251035
-1.72000000 2.19923102
-1.70000000 2.25258370
-1.68000000 2.29074860
-1.66000000 2.31435405
-1.64000000 2.32621696
-1.62000000 2.33069762
-1.60000000 2.33280021
-1.58000000 2.33719633
-1.56000000 2.34736147
-1.54000000 2.36498816
-1.52000000 2.38978234
-1.50000000 2.41967137
-1.48000000 2.45136921
-1.46000000 2.48117326
-1.44000000 2.50582225
-1.42000000 2.52323433
-1.40000000 2.53297118
-1.38000000 2.53633210
-1.36000000 2.53605936
-1.34000000 2.53571738
-1.32000000 2.53887668
-1.30000000 2.54827500
-1.28000000 2.56513413
-1.26000000 2.58878072
-1.24000000 2.61665766
-1.22000000 2.64473369
-1.20000000 2.66823667
-1.18000000 2.68256870
-1.16000000 2.68422214
-1.14000000 2.67151201
-1.12000000 2.64497469
-1.10000000 2.60734683
-1.08000000 2.56312057
-1.06000000 2.51775466
-1.04000000 2.47668910
-1.02000000 2.44435028
-1.00000000 2.42333640
-0.98000000 2.41393853
-0.96000000 2.41408793
-0.94000000 2.41973854
-0.92000000 2.42561035
-0.90000000 2.42615138
-0.88000000 2.41653655
-0.86000000 2.39351804
-0.84000000 2.35597352
-0.82000000 2.30505986
-0.80000000 2.24395741
-0.78000000 2.17726782
-0.76000000 2.11019220
-0.74000000 2.04765257
-0.72000000 1.99352313
-0.70000000 1.95010747
-0.68000000 1.91794278
-0.66000000 1.89594200
-0.64000000 1.88181684
-0.62000000 1.87267082
-0.60000000 1.86562397
-0.58000000 1.85833352
-0.56000000 1.84930686
-0.54000000 1.83795628
-0.52000000 1.82440717
-0.50000000 1.80912929
-0.48000000 1.79250064
-0.46000000 1.77442793
-0.44000000 1.75413268
-0.42000000 1.73017124
-0.40000000 1.70070027
-0.38000000 1.66393754
-0.36000000 1.61871695
-0.34000000 1.56500668
-0.32000000 1.50425781
-0.30000000 1.43947980
-0.28000000 1.37499163
-0.26000000 1.31586488
-0.24000000 1.26714161
-0.22000000 1.23296320
-0.20000000 1.21577337
-0.18000000 1.21575413
-0.16000000 1.23061655
-0.14000000 1.25580572
-0.12000000 1.28510311
-0.10000000 1.31153446
-0.08000000 1.32843159
-0.06000000 1.33046499
-0.04000000 1.31446613
-0.02000000 1.27989484
0.00000000 1.22887072
0.02000000 1.16576611
0.04000000 1.09643707
0.06000000 1.02723319
0.08000000 0.96396404
0.10000000 0.91100437
0.12000000 0.87068991
0.14000000 0.84309883
0.16000000 0.82624005
0.18000000 0.81659498
0.20000000 0.80989603
0.22000000 0.80198709
0.24000000 0.78960241
0.26000000 0.77092372
0.28000000 0.74582367
0.30000000 0.71576745
0.32000000 0.68341106
0.34000000 0.65199037
0.36000000 0.62463042
0.38000000 0.60371309
0.40000000 0.59042238
0.42000000 0.58454620
0.44000000 0.58455903
0.46000000 0.58795415
0.48000000 0.59174702
0.50000000 0.59304237
0.52000000 0.58955141
0.54000000 0.57996198
0.56000000 0.56409940
0.58000000 0.54286107
0.60000000 0.51795377
0.62000000 0.49150012
0.64000000 0.46560243
0.66000000 0.44195487
0.68000000 0.42157853
0.70000000 0.40472386
0.72000000 0.39094691
0.74000000 0.37932907
0.76000000 0.36878171
0.78000000 0.35836244
0.80000000 0.34753179
0.82000000 0.33629565
0.84000000 0.32520664
0.86000000 0.31522938
0.88000000 0.30750426
0.90000000 0.30306508
0.92000000 0.30257426
0.94000000 0.30613344
0.96000000 0.31321006
0.98000000 0.32269435
1.00000000 0.33307398
1.02000000 0.34268926
1.04000000 0.35001648
1.06000000 0.35392274
1.08000000 0.35384356
1.10000000 0.34985157
1.12000000 0.34260781
1.14000000 0.33321047
1.16000000 0.32297546
1.18000000 0.31319443
1.20000000 0.30491744
1.22000000 0.29879926
1.24000000 0.29503319
1.26000000 0.29337674
1.28000000 0.29325515
1.30000000 0.29391448
1.32000000 0.29458838
1.34000000 0.29464376
1.36000000 0.29367823
1.38000000 0.29155538
1.40000000 0.28837873
1.42000000 0.28441847
1.44000000 0.28001399
1.46000000 0.27547846
1.48000000 0.27102814
1.50000000 0.26675097
1.52000000 0.26261828
1.54000000 0.25853169
1.56000000 0.25438959
1.58000000 0.25015268
1.60000000 0.24588979
1.62000000 0.24179035
1.64000000 0.23813919
1.66000000 0.23525893
1.68000000 0.23343349
1.70000000 0.23283132
1.72000000 0.23344741
1.74000000 0.23507883
1.76000000 0.23734124
1.78000000 0.23972433
1.80000000 0.24167527
1.82000000 0.24269299
1.84000000 0.24241361
1.86000000 0.24066914
1.88000000 0.23750762
1.90000000 0.23317119
1.92000000 0.22803771
1.94000000 0.22253931
1.96000000 0.21707580
1.98000000 0.21194174
2.00000000 0.20728212
2.02000000 0.20308517
2.04000000 0.19921223
2.06000000 0.19545613
2.08000000 0.19161356
2.10000000 0.18755373
2.12000000 0.18326685
2.14000000 0.17888064
2.16000000 0.17464037
2.18000000 0.17085664
2.20000000 0.16783205
2.22000000 0.16578329
2.24000000 0.16477661
2.26000000 0.16469177
2.28000000 0.16522418
2.30000000 0.16592690
2.32000000 0.16628555
2.34000000 0.16581242
2.36000000 0.16414158
2.38000000 0.16110616
2.40000000 0.15678202
2.42000000 0.15148852
2.44000000 0.14574473
2.46000000 0.14018848
2.48000000 0.13547199
2.50000000 0.13215269
2.52000000 0.13059829
2.54000000 0.13092260
2.56000000 0.13296288
2.58000000 0.13630197
2.60000000 0.14033047
2.62000000 0.14433756
2.64000000 0.14761465
2.66000000 0.14955418
2.68000000 0.14972804
2.70000000 0.14793403
2.72000000 0.14420504
2.74000000 0.13878222
2.76000000 0.13205951
2.78000000 0.12451091
2.80000000 0.11661429
2.82000000 0.10878458
2.84000000 0.10132674
2.86000000 0.09441424
2.88000000 0.08809413
2.90000000 0.08231456
2.92000000 0.07696730
2.94000000 0.07193554
2.96000000 0.06713709
2.98000000 0.06255486
3.00000000 0.05824920
3.02000000 0.05435060
3.04000000 0.05103488
3.06000000 0.04848612
3.08000000 0.04685483
3.10000000 0.04621923
3.12000000 0.04655709
3.14000000 0.04773354
3.16000000 0.04950733
3.18000000 0.05155525
3.20000000 0.05351095
3.22000000 0.05501256
3.24000000 0.05575166
3.26000000 0.05551615
3.28000000 0.05422027
3.30000000 0.05191732
3.32000000 0.04879256
3.34000000 0.04513751
3.36000000 0.04130905
3.38000000 0.03767923
3.40000000 0.03458319
3.42000000 0.03227277
3.44000000 0.03088243
3.46000000 0.03041267
3.48000000 0.03073305
3.50000000 0.03160433
3.52000000 0.03271615
3.54000000 0.03373452
3.56000000 0.03435173
3.58000000 0.03433123
3.60000000 0.03354070
3.62000000 0.03196861
3.64000000 0.02972192
3.66000000 0.02700598
3.68000000 0.02409003
3.70000000 0.02126418
3.72000000 0.01879470
3.74000000 0.01688479
3.76000000 0.01564676
3.78000000 0.01508941
3.80000000 0.01512218
3.82000000 0.01557445
3.84000000 0.01622646
3.86000000 0.01684608
3.88000000 0.01722548
3.90000000 0.01721159
3.92000000 0.01672602
3.94000000 0.01577157
3.96000000 0.01442540
3.98000000 0.01282053
