-4.00000000 0.02730116
-3.98000000 0.02560158
-3.96000000 0.02432720
-3.94000000 0.02392294
-3.92000000 0.02469949
-3.90000000 0.02680183
-3.88000000 0.03021391
-3.86000000 0.03479436
-3.84000000 0.04033090
-3.82000000 0.04659847
-3.80000000 0.05340656
-3.78000000 0.06062571
-3.76000000 0.06818939
-3.74000000 0.07607457
-3.72000000 0.08426955
-3.70000000 0.09274055
-3.68000000 0.10140786
-3.66000000 0.11013856
-3.64000000 0.11875753
-3.62000000 0.12707257
-3.60000000 0.13490529
-3.58000000 0.14211797
-3.56000000 0.14862810
-3.54000000 0.15440702
-3.52000000 0.15946453
-3.50000000 0.16382701
-3.48000000 0.16751964
-3.46000000 0.17056302
-3.44000000 0.17299068
-3.42000000 0.17488674
-3.40000000 0.17643524
-3.38000000 0.17796565
-3.36000000 0.17997595
-3.34000000 0.18311615
-3.32000000 0.18812299
-3.30000000 0.19570772
-3.28000000 0.20641251
-3.26000000 0.22046333
-3.24000000 0.23765373
-3.22000000 0.25729384
-3.20000000 0.27824949
-3.18000000 0.29907980
-3.16000000 0.31825992
-3.14000000 0.33445434
-3.12000000 0.34678975
-3.10000000 0.35506938
-3.08000000 0.35987665
-3.06000000 0.36253372
-3.04000000 0.36490847
-3.02000000 0.36909581
-3.00000000 0.37702877
-2.98000000 0.39009558
-2.96000000 0.40884408
-2.94000000 0.43284281
-2.92000000 0.46073944
-2.90000000 0.49051746
-2.88000000 0.51990810
-2.86000000 0.54687760
-2.84000000 0.57008662
-2.82000000 0.58921764
-2.80000000 0.60508763
-2.78000000 0.61950496
-2.76000000 0.63488410
-2.74000000 0.65368700
-2.72000000 0.67780497
-2.70000000 0.70801760
-2.68000000 0.74365996
-2.66000000 0.78259429
-2.64000000 0.82152286
-2.62000000 0.85660666
-2.60000000 0.88428393
-2.58000000 0.90212861
-2.56000000 0.90956595
-2.54000000 0.90827578
-2.52000000 0.90216537
-2.50000000 0.89687403
-2.48000000 0.89886591
-2.46000000 0.91425779
-2.44000000 0.94759447
-2.42000000 1.00081226
-2.40000000 1.07261080
-2.38000000 1.15838795
-2.36000000 1.25079098
-2.34000000 1.34081961
-2.32000000 1.41930432
-2.30000000 1.47850089
-2.28000000 1.51350574
-2.26000000 1.52321770
-2.24000000 1.51064680
-2.22000000 1.48248801
-2.20000000 1.44801556
-2.18000000 1.41748503
-2.16000000 1.40032979
-2.14000000 1.40348485
-2.12000000 1.43015452
-2.10000000 1.47926133
-2.08000000 1.54568804
-2.06000000 1.62127376
-2.04000000 1.69638064
-2.02000000 1.76173575
-2.00000000 1.81019763
-1.98000000 1.83810891
-1.96000000 1.84597457
-1.94000000 1.83833467
-1.92000000 1.82285609
-1.90000000 1.80881912
-1.88000000 1.80529243
-1.86000000 1.81935048
-1.84000000 1.85467845
-1.82000000 1.91083416
-1.80000000 1.98330768
-1.78000000 2.06436365
-1.76000000 2.14450000
-1.74000000 2.21423753
-1.72000000 2.26589392
-1.70000000 2.29500126
-1.68000000 2.30109974
-1.66000000 2.28776394
-1.64000000 2.26186869
-1.62000000 2.23224835
-1.60000000 2.20801759
-1.58000000 2.19688168
-1.56000000 2.20375875
-1.54000000 2.22996837
-1.52000000 2.27312420
-1.50000000 2.32772851
-1.48000000 2.38632980
-1.46000000 2.44100059
-1.44000000 2.48483794
-1.42000000 2.51319639
-1.40000000 2.52442612
-1.38000000 2.51999576
-1.36000000 2.50400530
-1.34000000 2.48221527
-1.32000000 2.46080838
-1.30000000 2.44514374
-1.28000000 2.43875282
-1.26000000 2.44276619
-1.24000000 2.45586365
-1.22000000 2.47472977
-1.20000000 2.49489412
-1.18000000 2.51176237
-1.16000000 2.52161373
-1.14000000 2.52235763
-1.12000000 2.51390145
-1.10000000 2.49806882
-1.08000000 2.47810437
-1.06000000 2.45788627
-1.04000000 2.44102477
-1.02000000 2.43004234
-1.00000000 2.42580798
-0.98000000 2.42733906
-0.96000000 2.43200463
-0.94000000 2.43607964
-0.92000000 2.43552864
-0.90000000 2.42685375
-0.88000000 2.40783346
-0.86000000 2.37800506
-0.84000000 2.33879954
-0.82000000 2.29330872
-0.80000000 2.24573698
-0.78000000 2.20064915
-0.76000000 2.16216049
-0.74000000 2.13321935
-0.72000000 2.11510868
-0.70000000 2.10724585
-0.68000000 2.10730127
-0.66000000 2.11159808
-0.64000000 2.11570855
-0.62000000 2.11513534
-0.60000000 2.10596139
-0.58000000 2.08536931
-0.56000000 2.05196361
-0.54000000 2.00586959
-0.52000000 1.94862210
-0.50000000 1.88288818
-0.48000000 1.81208569
-0.46000000 1.73996363
-0.44000000 1.67020171
-0.42000000 1.60607010
-0.40000000 1.55017158
-0.38000000 1.50427154
-0.36000000 1.46921023
-0.34000000 1.44488690
-0.32000000 1.43030652
-0.30000000 1.42368338
-0.28000000 1.42259891
-0.26000000 1.42421155
-0.24000000 1.42551154
-0.22000000 1.42360562
-0.20000000 1.41600633
-0.18000000 1.40089188
-0.16000000 1.37729942
-0.14000000 1.34521791
-0.12000000 1.30555907
-0.10000000 1.26000355
-0.08000000 1.21074118
-0.06000000 1.16014500
-0.04000000 1.11043271
-0.02000000 1.06337390
0.00000000 1.02009367
0.02000000 0.98100504
0.04000000 0.94587733
0.06000000 0.91401946
0.08000000 0.88453395
0.10000000 0.85658294
0.12000000 0.82960610
0.14000000 0.80344234
0.16000000 0.77833003
0.18000000 0.75478949
0.20000000 0.73341966
0.22000000 0.71466224
0.24000000 0.69859543
0.26000000 0.68481391
0.28000000 0.67243248
0.30000000 0.66022184
0.32000000 0.64685308
0.34000000 0.63119968
0.36000000 0.61262877
0.38000000 0.59121126
0.40000000 0.56779502
0.42000000 0.54391242
0.44000000 0.52152930
0.46000000 0.50267798
0.48000000 0.48904450
0.50000000 0.48159417
0.52000000 0.48031552
0.54000000 0.48414148
0.56000000 0.49107254
0.58000000 0.49848568
0.60000000 0.50357512
0.62000000 0.50384257
0.64000000 0.49754368
0.66000000 0.48400425
0.68000000 0.46374509
0.70000000 0.43839156
0.72000000 0.41038581
0.74000000 0.38255800
0.76000000 0.35763908
0.78000000 0.33780725
0.80000000 0.32435114
0.82000000 0.31750744
0.84000000 0.31649461
0.86000000 0.31972537
0.88000000 0.32514678
0.90000000 0.33063472
0.92000000 0.33436389
0.94000000 0.33508458
0.96000000 0.33226179
0.98000000 0.32606388
1.00000000 0.31721989
1.02000000 0.30679069
1.04000000 0.29591287
1.06000000 0.28557422
1.08000000 0.27646640
1.10000000 0.26893750
1.12000000 0.26304079
1.14000000 0.25865255
1.16000000 0.25561614
1.18000000 0.25386596
1.20000000 0.25349315
1.22000000 0.25473275
1.24000000 0.25787499
1.26000000 0.26312545
1.28000000 0.27045448
1.30000000 0.27948147
1.32000000 0.28943324
1.34000000 0.29919892
1.36000000 0.30748021
1.38000000 0.31301205
1.40000000 0.31480895
1.42000000 0.31238307
1.44000000 0.30588241
1.46000000 0.29611239
1.48000000 0.28442799
1.50000000 0.27251100
1.52000000 0.26207292
1.54000000 0.25454114
1.56000000 0.25079197
1.58000000 0.25098577
1.60000000 0.25453970
1.62000000 0.26024550
1.64000000 0.26651011
1.66000000 0.27167120
1.68000000 0.27432408
1.70000000 0.27359429
1.72000000 0.26930081
1.74000000 0.26197815
1.76000000 0.25275414
1.78000000 0.24311000
1.80000000 0.23457319
1.82000000 0.22840610
1.84000000 0.22535405
1.86000000 0.22550234
1.88000000 0.22826912
1.90000000 0.23253248
1.92000000 0.23686296
1.94000000 0.23981190
1.96000000 0.24019613
1.98000000 0.23732222
2.00000000 0.23110724
2.02000000 0.22207596
2.04000000 0.21123961
2.06000000 0.19988553
2.08000000 0.18932344
2.10000000 0.18064096
2.12000000 0.17451644
2.14000000 0.17112314
2.16000000 0.17013844
2.18000000 0.17084961
2.20000000 0.17232857
2.22000000 0.17363567
2.24000000 0.17400902
2.26000000 0.17300210
2.28000000 0.17054522
2.30000000 0.16692411
2.32000000 0.16268668
2.34000000 0.15850297
2.36000000 0.15501120
2.38000000 0.15268330
2.40000000 0.15173635
2.42000000 0.15210433
2.44000000 0.15347080
2.46000000 0.15534969
2.48000000 0.15719258
2.50000000 0.15849681
2.52000000 0.15889147
2.54000000 0.15818519
2.56000000 0.15636997
2.58000000 0.15358603
2.60000000 0.15006054
2.62000000 0.14603840
2.64000000 0.14172254
2.66000000 0.13723735
2.68000000 0.13262141
2.70000000 0.12784767
2.72000000 0.12286220
2.74000000 0.11762831
2.76000000 0.11216249
2.78000000 0.10655138
2.80000000 0.10094509
2.82000000 0.09552860
2.84000000 0.09047933
2.86000000 0.08592285
2.88000000 0.08189921
2.90000000 0.07834996
2.92000000 0.07513053
2.94000000 0.07204623
2.96000000 0.06890395
2.98000000 0.06556732
3.00000000 0.06200179
3.02000000 0.05829812
3.04000000 0.05466722
3.06000000 0.05140618
3.08000000 0.04884154
3.10000000 0.04726149
3.12000000 0.04685121
3.14000000 0.04764521
3.16000000 0.04950703
3.18000000 0.05214079
3.20000000 0.05513264
3.22000000 0.05801383
3.24000000 0.06033305
3.26000000 0.06172394
3.28000000 0.06195565
3.30000000 0.06095762
3.32000000 0.05881600
3.34000000 0.05574443
3.36000000 0.05203709
3.38000000 0.04801443
3.40000000 0.04397270
3.42000000 0.04014624
3.44000000 0.03668772
3.46000000 0.03366716
3.48000000 0.03108652
3.50000000 0.02890339
3.52000000 0.02705668
3.54000000 0.02548766
3.56000000 0.02415212
3.58000000 0.02302253
3.60000000 0.02208212
3.62000000 0.02131474
3.64000000 0.02069548
3.66000000 0.02018591
3.68000000 0.01973636
3.70000000 0.01929469
3.72000000 0.01881905
3.74000000 0.01829029
3.76000000 0.01771973
3.78000000 0.01714869
3.80000000 0.01663890
3.82000000 0.01625506
3.84000000 0.01604363
3.86000000 0.01601328
3.88000000 0.01612261
3.90000000 0.01627933
3.92000000 0.01635252
3.94000000 0.01619649
3.96000000 0.01568141
3.98000000 0.01472433
