-4.00000000 0.02431376
-3.98000000 0.03284091
-3.96000000 0.04520849
-3.94000000 0.06005961
-3.92000000 0.07552295
-3.90000000 0.08957373
-3.88000000 0.10042882
-3.86000000 0.10689212
-3.84000000 0.10857644
-3.82000000 0.10595496
-3.80000000 0.10023329
-3.78000000 0.09307251
-3.76000000 0.08622701
-3.74000000 0.08117993
-3.72000000 0.07885863
-3.70000000 0.07949374
-3.68000000 0.08265151
-3.66000000 0.08742762
-3.64000000 0.09275204
-3.62000000 0.09772715
-3.60000000 0.10191197
-3.58000000 0.10547736
-3.56000000 0.10918718
-3.54000000 0.11420272
-3.52000000 0.12175250
-3.50000000 0.13274567
-3.48000000 0.14742639
-3.46000000 0.16516290
-3.44000000 0.18443870
-3.42000000 0.20306876
-3.40000000 0.21861126
-3.38000000 0.22889618
-3.36000000 0.23255786
-3.34000000 0.22944864
-3.32000000 0.22082758
-3.30000000 0.20926099
-3.28000000 0.19823069
-3.26000000 0.19151043
-3.24000000 0.19242573
-3.22000000 0.20314558
-3.20000000 0.22415755
-3.18000000 0.25404804
-3.16000000 0.28965279
-3.14000000 0.32656858
-3.12000000 0.35994186
-3.10000000 0.38538896
-3.08000000 0.39986875
-3.06000000 0.40233122
-3.04000000 0.39400420
-3.02000000 0.37824884
-3.00000000 0.35999925
-2.98000000 0.34488591
-2.96000000 0.33820777
-2.94000000 0.34395232
-2.92000000 0.36405613
-2.90000000 0.39805375
-2.88000000 0.44318641
-2.86000000 0.49495111
-2.84000000 0.54798172
-2.82000000 0.59708714
-2.80000000 0.63823884
-2.78000000 0.66931038
-2.76000000 0.69042149
-2.74000000 0.70381958
-2.72000000 0.71332606
-2.70000000 0.72346349
-2.68000000 0.73844539
-2.66000000 0.76123828
-2.64000000 0.79289147
-2.62000000 0.83227481
-2.60000000 0.87628145
-2.58000000 0.92045699
-2.56000000 0.95992848
-2.54000000 0.99044488
-2.52000000 1.00931613
-2.50000000 1.01605766
-2.48000000 1.01260509
-2.46000000 1.00304984
-2.44000000 0.99294203
-2.42000000 0.98829311
-2.40000000 0.99447093
-2.38000000 1.01520098
-2.36000000 1.05186674
-2.34000000 1.10324340
-2.32000000 1.16571449
-2.30000000 1.23392755
-2.28000000 1.30176138
-2.26000000 1.36341949
-2.24000000 1.41444349
-2.22000000 1.45245931
-2.20000000 1.47752373
-2.18000000 1.49201770
-2.16000000 1.50011957
-2.14000000 1.50696957
-2.12000000 1.51769089
-2.10000000 1.53645381
-2.08000000 1.56575379
-2.06000000 1.60602707
-2.04000000 1.65565840
-2.02000000 1.71135964
-2.00000000 1.76882889
-1.98000000 1.82355254
-1.96000000 1.87159292
-1.94000000 1.91021693
-1.92000000 1.93825992
-1.90000000 1.95617664
-1.88000000 1.96579483
-1.86000000 1.96984303
-1.84000000 1.97136394
-1.82000000 1.97313912
-1.80000000 1.97723951
-1.78000000 1.98478328
-1.76000000 1.99593383
-1.74000000 2.01011886
-1.72000000 2.02640538
-1.70000000 2.04393478
-1.68000000 2.06231256
-1.66000000 2.08185931
-1.64000000 2.10366077
-1.62000000 2.12939811
-1.60000000 2.16098652
-1.58000000 2.20009108
-1.56000000 2.24761691
-1.54000000 2.30327947
-1.52000000 2.36535008
-1.50000000 2.43064321
-1.48000000 2.49477005
-1.46000000 2.55263688
-1.44000000 2.59912200
-1.42000000 2.62983188
-1.40000000 2.64181871
-1.38000000 2.63414270
-1.36000000 2.60818189
-1.34000000 2.56762742
-1.32000000 2.51814788
-1.30000000 2.46675525
-1.28000000 2.42095028
-1.26000000 2.38775975
-1.24000000 2.37279717
-1.22000000 2.37947845
-1.20000000 2.40850597
-1.18000000 2.45769872
-1.16000000 2.52219974
-1.14000000 2.59503944
-1.12000000 2.66798335
-1.10000000 2.73255198
-1.08000000 2.78107503
-1.06000000 2.80763605
-1.04000000 2.80877853
-1.02000000 2.78387757
-1.00000000 2.73512943
-0.98000000 2.66716598
-0.96000000 2.58635581
-0.94000000 2.49989807
-0.92000000 2.41484480
-0.90000000 2.33719473
-0.88000000 2.27118823
-0.86000000 2.21889867
-0.84000000 2.18016714
-0.82000000 2.15287279
-0.80000000 2.13347837
-0.78000000 2.11774919
-0.76000000 2.10152044
-0.74000000 2.08138522
-0.72000000 2.05519542
-0.70000000 2.02230400
-0.68000000 1.98352517
-0.66000000 1.94083885
-0.64000000 1.89690905
-0.62000000 1.85451504
-0.60000000 1.81600474
-0.58000000 1.78287001
-0.56000000 1.75551624
-0.54000000 1.73325911
-0.52000000 1.71453783
-0.50000000 1.69729376
-0.48000000 1.67943444
-0.46000000 1.65928982
-0.44000000 1.63597226
-0.42000000 1.60957274
-0.40000000 1.58115858
-0.38000000 1.55257581
-0.36000000 1.52609550
-0.34000000 1.50397106
-0.32000000 1.48798773
-0.30000000 1.47908509
-0.28000000 1.47711831
-0.26000000 1.48079783
-0.24000000 1.48781569
-0.22000000 1.49513524
-0.20000000 1.49939487
-0.18000000 1.49736047
-0.16000000 1.48635669
-0.14000000 1.46461428
-0.12000000 1.43148733
-0.10000000 1.38751645
-0.08000000 1.33433816
-0.06000000 1.27446235
-0.04000000 1.21095582
-0.02000000 1.14707929
0.00000000 1.08592605
0.02000000 1.03010577
0.04000000 0.98150625
0.06000000 0.94115302
0.08000000 0.90917350
0.10000000 0.88485972
0.12000000 0.86681432
0.14000000 0.85315722
0.16000000 0.84176692
0.18000000 0.83052923
0.20000000 0.81756765
0.22000000 0.80143279
0.24000000 0.78123373
0.26000000 0.75670006
0.28000000 0.72817130
0.30000000 0.69651780
0.32000000 0.66300539
0.34000000 0.62912190
0.36000000 0.59638852
0.38000000 0.56618018
0.40000000 0.53957717
0.42000000 0.51726552
0.44000000 0.49949544
0.46000000 0.48609874
0.48000000 0.47655676
0.50000000 0.47010379
0.52000000 0.46584637
0.54000000 0.46287879
0.56000000 0.46037796
0.58000000 0.45766708
0.60000000 0.45424455
0.62000000 0.44978217
0.64000000 0.44410167
0.66000000 0.43714150
0.68000000 0.42892513
0.70000000 0.41953872
0.72000000 0.40912083
0.74000000 0.39786186
0.76000000 0.38600648
0.78000000 0.37385118
0.80000000 0.36172997
0.82000000 0.34998552
0.84000000 0.33892808
0.86000000 0.32878985
0.88000000 0.31968633
0.90000000 0.31159642
0.92000000 0.30437065
0.94000000 0.29777081
0.96000000 0.29153654
0.98000000 0.28546685
1.00000000 0.27949846
1.02000000 0.27376138
1.04000000 0.26859435
1.06000000 0.26451033
1.08000000 0.26211255
1.10000000 0.26197296
1.12000000 0.26449550
1.14000000 0.26979175
1.16000000 0.27759770
1.18000000 0.28725363
1.20000000 0.29775827
1.22000000 0.30789337
1.24000000 0.31640023
1.26000000 0.32217757
1.28000000 0.32446405
1.30000000 0.32296983
1.32000000 0.31793002
1.34000000 0.31006764
1.36000000 0.30047098
1.38000000 0.29040736
1.40000000 0.28110829
1.42000000 0.27356678
1.44000000 0.26838547
1.46000000 0.26570351
1.48000000 0.26521454
1.50000000 0.26626912
1.52000000 0.26803787
1.54000000 0.26969970
1.56000000 0.27061483
1.58000000 0.27044664
1.60000000 0.26920805
1.62000000 0.26722516
1.64000000 0.26502872
1.66000000 0.26320016
1.68000000 0.26220800
1.70000000 0.26227259
1.72000000 0.26329011
1.74000000 0.26483336
1.76000000 0.26622978
1.78000000 0.26669979
1.80000000 0.26552520
1.82000000 0.26221085
1.84000000 0.25660406
1.86000000 0.24894579
1.88000000 0.23984206
1.90000000 0.23016132
1.92000000 0.22087933
1.94000000 0.21290351
1.96000000 0.20691290
1.98000000 0.20324533
2.00000000 0.20185294
2.02000000 0.20233211
2.04000000 0.20401824
2.06000000 0.20612251
2.08000000 0.20788044
2.10000000 0.20868121
2.12000000 0.20815290
2.14000000 0.20619002
2.16000000 0.20292350
2.18000000 0.19864604
2.20000000 0.19371492
2.22000000 0.18845778
2.24000000 0.18310402
2.26000000 0.17775645
2.28000000 0.17240646
2.30000000 0.16698447
2.32000000 0.16142840
2.34000000 0.15574849
2.36000000 0.15006834
2.38000000 0.14462861
2.40000000 0.13974992
2.42000000 0.13576280
2.44000000 0.13292184
2.46000000 0.13132601
2.48000000 0.13086719
2.50000000 0.13122240
2.52000000 0.13189559
2.54000000 0.13230264
2.56000000 0.13188250
2.58000000 0.13021044
2.60000000 0.12708771
2.62000000 0.12258640
2.64000000 0.11703813
2.66000000 0.11096731
2.68000000 0.10498286
2.70000000 0.09965154
2.72000000 0.09538112
2.74000000 0.09233936
2.76000000 0.09042730
2.78000000 0.08931326
2.80000000 0.08851985
2.82000000 0.08754449
2.84000000 0.08598574
2.86000000 0.08364619
2.88000000 0.08058752
2.90000000 0.07712402
2.92000000 0.07375451
2.94000000 0.07104676
2.96000000 0.06949969
2.98000000 0.06941393
3.00000000 0.07080032
3.02000000 0.07334818
3.04000000 0.07646244
3.06000000 0.07936369
3.08000000 0.08123193
3.10000000 0.08136470
3.12000000 0.07931708
3.14000000 0.07499455
3.16000000 0.06867934
3.18000000 0.06098463
3.20000000 0.05274583
3.22000000 0.04487098
3.24000000 0.03818017
3.26000000 0.03326582
3.28000000 0.03040025
3.30000000 0.02950732
3.32000000 0.03020083
3.34000000 0.03187927
3.36000000 0.03385549
3.38000000 0.03549365
3.40000000 0.03632609
3.42000000 0.03612793
3.44000000 0.03493730
3.46000000 0.03302106
3.48000000 0.03079666
3.50000000 0.02872941
3.52000000 0.02722800
3.54000000 0.02655977
3.56000000 0.02680155
3.58000000 0.02783338
3.60000000 0.02937260
3.62000000 0.03103812
3.64000000 0.03242894
3.66000000 0.03319990
3.68000000 0.03311971
3.70000000 0.03210182
3.72000000 0.03020530
3.74000000 0.02760964
3.76000000 0.02457202
3.78000000 0.02137837
3.80000000 0.01829851
3.82000000 0.01555339
3.84000000 0.01329768
3.86000000 0.01161703
3.88000000 0.01053578
3.90000000 0.01002935
3.92000000 0.01003603
3.94000000 0.01046480
3.96000000 0.01119870
3.98000000 0.01209606
