-4.00000000 0.01230152
-3.98000000 0.00978467
-3.96000000 0.00840811
-3.94000000 0.00890865
-3.92000000 0.01192605
-3.90000000 0.01786081
-3.88000000 0.02675630
-3.86000000 0.03823414
-3.84000000 0.05150312
-3.82000000 0.06544821
-3.80000000 0.07878943
-3.78000000 0.09028524
-3.76000000 0.09894431
-3.74000000 0.10420581
-3.72000000 0.10605320
-3.70000000 0.10503869
-3.68000000 0.10221232
-3.66000000 0.09896820
-3.64000000 0.09683593
-3.62000000 0.09725501
-3.60000000 0.10137181
-3.58000000 0.10989230
-3.56000000 0.12301150
-3.54000000 0.14042442
-3.52000000 0.16140784
-3.50000000 0.18495010
-3.48000000 0.20990006
-3.46000000 0.23510679
-3.44000000 0.25952796
-3.42000000 0.28229514
-3.40000000 0.30273561
-3.38000000 0.32035979
-3.36000000 0.33483008
-3.34000000 0.34592796
-3.32000000 0.35353401
-3.30000000 0.35762908
-3.28000000 0.35831780
-3.26000000 0.35586814
-3.24000000 0.35075525
-3.22000000 0.34369517
-3.20000000 0.33565373
-3.18000000 0.32781910
-3.16000000 0.32153119
-3.14000000 0.31816812
-3.12000000 0.31899721
-3.10000000 0.32500589
-3.08000000 0.33673453
-3.06000000 0.35413831
-3.04000000 0.37650605
-3.02000000 0.40246149
-3.00000000 0.43006313
-2.98000000 0.45700575
-2.96000000 0.48090857
-2.94000000 0.49965694
-2.92000000 0.51174813
-2.90000000 0.51658302
-2.88000000 0.51464609
-2.86000000 0.50752891
-2.84000000 0.49777633
-2.82000000 0.48856564
-2.80000000 0.48326220
-2.78000000 0.48492299
-2.76000000 0.49583501
-2.74000000 0.51717495
-2.72000000 0.54885675
-2.70000000 0.58959988
-2.68000000 0.63720725
-2.66000000 0.68899900
-2.64000000 0.74231505
-2.62000000 0.79498442
-2.60000000 0.84566563
-2.58000000 0.89399114
-2.56000000 0.94049130
-2.54000000 0.98632283
-2.52000000 1.03286965
-2.50000000 1.08131129
-2.48000000 1.13225925
-2.46000000 1.18554284
-2.44000000 1.24018856
-2.42000000 1.29458942
-2.40000000 1.34681509
-2.38000000 1.39498129
-2.36000000 1.43758535
-2.34000000 1.47372726
-2.32000000 1.50316823
-2.30000000 1.52622334
-2.28000000 1.54352942
-2.26000000 1.55576264
-2.24000000 1.56339330
-2.22000000 1.56655460
-2.20000000 1.56507060
-2.18000000 1.55864374
-2.16000000 1.54715675
-2.14000000 1.53100791
-2.12000000 1.51138420
-2.10000000 1.49038560
-2.08000000 1.47094643
-2.06000000 1.45654639
-2.04000000 1.45075500
-2.02000000 1.45669520
-2.00000000 1.47653457
-1.98000000 1.51111096
-1.96000000 1.55977257
-1.94000000 1.62046794
-1.92000000 1.69006854
-1.90000000 1.76485830
-1.88000000 1.84109145
-1.86000000 1.91550889
-1.84000000 1.98571638
-1.82000000 2.05036093
-1.80000000 2.10908628
-1.78000000 2.16229472
-1.76000000 2.21077969
-1.74000000 2.25531491
-1.72000000 2.29628785
-1.70000000 2.33344915
-1.68000000 2.36582150
-1.66000000 2.39177707
-1.64000000 2.40926167
-1.62000000 2.41612023
-1.60000000 2.41046670
-1.58000000 2.39104106
-1.56000000 2.35750489
-1.54000000 2.31064020
-1.52000000 2.25243104
-1.50000000 2.18601963
-1.48000000 2.11553904
-1.46000000 2.04583196
-1.44000000 1.98207269
-1.42000000 1.92931819
-1.40000000 1.89202475
-1.38000000 1.87357786
-1.36000000 1.87589183
-1.34000000 1.89913871
-1.32000000 1.94165879
-1.30000000 2.00008688
-1.28000000 2.06969908
-1.26000000 2.14494869
-1.24000000 2.22012389
-1.22000000 2.29003123
-1.20000000 2.35059615
-1.18000000 2.39927878
-1.16000000 2.43523184
-1.14000000 2.45917241
-1.12000000 2.47299382
-1.10000000 2.47919533
-1.08000000 2.48024557
-1.06000000 2.47801030
-1.04000000 2.47336353
-1.02000000 2.46606209
-1.00000000 2.45490779
-0.98000000 2.43815780
-0.96000000 2.41408799
-0.94000000 2.38157816
-0.92000000 2.34058092
-0.90000000 2.29235944
-0.88000000 2.23942952
-0.86000000 2.18520689
-0.84000000 2.13342771
-0.82000000 2.08746289
-0.80000000 2.04967423
-0.78000000 2.02095446
-0.76000000 2.00055656
-0.74000000 1.98625653
-0.72000000 1.97482255
-0.70000000 1.96269707
-0.68000000 1.94675213
-0.66000000 1.92496142
-0.64000000 1.89684966
-0.62000000 1.86362622
-0.60000000 1.82797554
-0.58000000 1.79354762
-0.56000000 1.76425202
-0.54000000 1.74349666
-0.52000000 1.73352006
-0.50000000 1.73494296
-0.48000000 1.74661785
-0.46000000 1.76579386
-0.44000000 1.78855381
-0.42000000 1.81043107
-0.40000000 1.82708681
-0.38000000 1.83492622
-0.36000000 1.83155368
-0.34000000 1.81600540
-0.32000000 1.78874371
-0.30000000 1.75144066
-0.28000000 1.70661046
-0.26000000 1.65716756
-0.24000000 1.60598704
-0.22000000 1.55553085
-0.20000000 1.50758217
-0.18000000 1.46310628
-0.16000000 1.42223586
-0.14000000 1.38436364
-0.12000000 1.34831777
-0.10000000 1.31259208
-0.08000000 1.27560416
-0.06000000 1.23595479
-0.04000000 1.19266247
-0.02000000 1.14534664
0.00000000 1.09433412
0.02000000 1.04066726
0.04000000 0.98600231
0.06000000 0.93240091
0.08000000 0.88203693
0.10000000 0.83685974
0.12000000 0.79826981
0.14000000 0.76686799
0.16000000 0.74233291
0.18000000 0.72346135
0.20000000 0.70837648
0.22000000 0.69487488
0.24000000 0.68085201
0.26000000 0.66472512
0.28000000 0.64576818
0.30000000 0.62428706
0.32000000 0.60159337
0.34000000 0.57977562
0.36000000 0.56130872
0.38000000 0.54857711
0.40000000 0.54340591
0.42000000 0.54669332
0.44000000 0.55821644
0.46000000 0.57664657
0.48000000 0.59976595
0.50000000 0.62483738
0.52000000 0.64904821
0.54000000 0.66993840
0.56000000 0.68573064
0.58000000 0.69550540
0.60000000 0.69920017
0.62000000 0.69745054
0.64000000 0.69132257
0.66000000 0.68200481
0.68000000 0.67053025
0.70000000 0.65758485
0.72000000 0.64343382
0.74000000 0.62796671
0.76000000 0.61083497
0.78000000 0.59163680
0.80000000 0.57009804
0.82000000 0.54620433
0.84000000 0.52025674
0.86000000 0.49284434
0.88000000 0.46474883
0.90000000 0.43681131
0.92000000 0.40979752
0.94000000 0.38429483
0.96000000 0.36066250
0.98000000 0.33904139
1.00000000 0.31941358
1.02000000 0.30169046
1.04000000 0.28580281
1.06000000 0.27176834
1.08000000 0.25971975
1.10000000 0.24988828
1.12000000 0.24254874
1.14000000 0.23794148
1.16000000 0.23619101
1.18000000 0.23724037
1.20000000 0.24081550
1.22000000 0.24642619
1.24000000 0.25340240
1.26000000 0.26095783
1.28000000 0.26826910
1.30000000 0.27455788
1.32000000 0.27916502
1.34000000 0.28160902
1.36000000 0.28162467
1.38000000 0.27918063
1.40000000 0.27447630
1.42000000 0.26791942
1.44000000 0.26008584
1.46000000 0.25166339
1.48000000 0.24338302
1.50000000 0.23594205
1.52000000 0.22992683
1.54000000 0.22574429
1.56000000 0.22357245
1.58000000 0.22333919
1.60000000 0.22473503
1.62000000 0.22726076
1.64000000 0.23030419
1.66000000 0.23323452
1.68000000 0.23549855
1.70000000 0.23670177
1.72000000 0.23665924
1.74000000 0.23540699
1.76000000 0.23317209
1.78000000 0.23030806
1.80000000 0.22720943
1.82000000 0.22422378
1.84000000 0.22157979
1.86000000 0.21934662
1.88000000 0.21743260
1.90000000 0.21562250
1.92000000 0.21364393
1.94000000 0.21124662
1.96000000 0.20827542
1.98000000 0.20471912
2.00000000 0.20072289
2.02000000 0.19656045
2.04000000 0.19257177
2.06000000 0.18908050
2.08000000 0.18631044
2.10000000 0.18432154
2.12000000 0.18298177
2.14000000 0.18198345
2.16000000 0.18090254
2.18000000 0.17928914
2.20000000 0.17676994
2.22000000 0.17313945
2.24000000 0.16841896
2.26000000 0.16286835
2.28000000 0.15694646
2.30000000 0.15122686
2.32000000 0.14628654
2.34000000 0.14259123
2.36000000 0.14040266
2.38000000 0.13972835
2.40000000 0.14032566
2.42000000 0.14175945
2.44000000 0.14350070
2.46000000 0.14504414
2.48000000 0.14601819
2.50000000 0.14626234
2.52000000 0.14585402
2.54000000 0.14507860
2.56000000 0.14434921
2.58000000 0.14409421
2.60000000 0.14463809
2.62000000 0.14610301
2.64000000 0.14835367
2.66000000 0.15099875
2.68000000 0.15344962
2.70000000 0.15502429
2.72000000 0.15507473
2.74000000 0.15311112
2.76000000 0.14889708
2.78000000 0.14249703
2.80000000 0.13426709
2.82000000 0.12479286
2.84000000 0.11478840
2.86000000 0.10497786
2.88000000 0.09598329
2.90000000 0.08823964
2.92000000 0.08195079
2.94000000 0.07709076
2.96000000 0.07344528
2.98000000 0.07068083
3.00000000 0.06842455
3.02000000 0.06633823
3.04000000 0.06417296
3.06000000 0.06179719
3.08000000 0.05919733
3.10000000 0.05645599
3.12000000 0.05371672
3.14000000 0.05114494
3.16000000 0.04889387
3.18000000 0.04708062
3.20000000 0.04577424
3.22000000 0.04499420
3.24000000 0.04471548
3.26000000 0.04487619
3.28000000 0.04538459
3.30000000 0.04612404
3.32000000 0.04695668
3.34000000 0.04772749
3.36000000 0.04827135
3.38000000 0.04842445
3.40000000 0.04804005
3.42000000 0.04700671
3.44000000 0.04526557
3.46000000 0.04282269
3.48000000 0.03975287
3.50000000 0.03619301
3.52000000 0.03232537
3.54000000 0.02835305
3.56000000 0.02447227
3.58000000 0.02084659
3.60000000 0.01758782
3.62000000 0.01474716
3.64000000 0.01231776
3.66000000 0.01024750
3.68000000 0.00845887
3.70000000 0.00687157
3.72000000 0.00542305
3.74000000 0.00408315
3.76000000 0.00286054
3.78000000 0.00180006
3.80000000 0.00097247
3.82000000 0.00045892
3.84000000 0.00033326
3.86000000 0.00064561
3.88000000 0.00140947
3.90000000 0.00259436
3.92000000 0.00412451
3.94000000 0.00588353
3.96000000 0.00772412
3.98000000 0.00948176
