-4.00000000 0.06194680
-3.98000000 0.06502739
-3.96000000 0.06448512
-3.94000000 0.06080488
-3.92000000 0.05524825
-3.90000000 0.04960093
-3.88000000 0.04578969
-3.86000000 0.04544934
-3.84000000 0.04953564
-3.82000000 0.05807319
-3.80000000 0.07010171
-3.78000000 0.08384196
-3.76000000 0.09705470
-3.74000000 0.10752209
-3.72000000 0.11355024
-3.70000000 0.11438276
-3.68000000 0.11042987
-3.66000000 0.10325363
-3.64000000 0.09530089
-3.62000000 0.08942968
-3.60000000 0.08832142
-3.58000000 0.09389980
-3.56000000 0.10688018
-3.54000000 0.12655030
-3.52000000 0.15083785
-3.50000000 0.17666148
-3.48000000 0.20050242
-3.46000000 0.21908597
-3.44000000 0.23003593
-3.42000000 0.23236772
-3.40000000 0.22671601
-3.38000000 0.21524574
-3.36000000 0.20125955
-3.34000000 0.18857737
-3.32000000 0.18081158
-3.30000000 0.18068369
-3.28000000 0.18952085
-3.26000000 0.20703421
-3.24000000 0.23142313
-3.22000000 0.25978206
-3.20000000 0.28872397
-3.18000000 0.31508946
-3.16000000 0.33659279
-3.14000000 0.35226980
-3.12000000 0.36263421
-3.10000000 0.36951093
-3.08000000 0.37558279
-3.06000000 0.38374865
-3.04000000 0.39643109
-3.02000000 0.41498336
-3.00000000 0.43932589
-2.98000000 0.46789473
-2.96000000 0.49791981
-2.94000000 0.52598111
-2.92000000 0.54873218
-2.90000000 0.56364342
-2.88000000 0.56961102
-2.86000000 0.56730217
-2.84000000 0.55915866
-2.82000000 0.54904845
-2.80000000 0.54162455
-2.78000000 0.54150934
-2.76000000 0.55245762
-2.74000000 0.57665667
-2.72000000 0.61429649
-2.70000000 0.66349180
-2.68000000 0.72057131
-2.66000000 0.78068104
-2.64000000 0.83859096
-2.62000000 0.88955875
-2.60000000 0.93009660
-2.58000000 0.95850842
-2.56000000 0.97510975
-2.54000000 0.98210223
-2.52000000 0.98313733
-2.50000000 0.98265738
-2.48000000 0.98513759
-2.46000000 0.99436403
-2.44000000 1.01286901
-2.42000000 1.04161098
-2.40000000 1.07993821
-2.38000000 1.12582354
-2.36000000 1.17631155
-2.34000000 1.22808669
-2.32000000 1.27805663
-2.30000000 1.32385033
-2.28000000 1.36415224
-2.26000000 1.39882828
-2.24000000 1.42883718
-2.22000000 1.45595808
-2.20000000 1.48239282
-2.18000000 1.51031798
-2.16000000 1.54146435
-2.14000000 1.57679148
-2.12000000 1.61630544
-2.10000000 1.65904243
-2.08000000 1.70321427
-2.06000000 1.74648761
-2.04000000 1.78635056
-2.02000000 1.82050959
-2.00000000 1.84725776
-1.98000000 1.86576050
-1.96000000 1.87621853
-1.94000000 1.87988429
-1.92000000 1.87892924
-1.90000000 1.87617953
-1.88000000 1.87475598
-1.86000000 1.87766844
-1.84000000 1.88742134
-1.82000000 1.90568703
-1.80000000 1.93309454
-1.78000000 1.96916487
-1.76000000 2.01240239
-1.74000000 2.06052761
-1.72000000 2.11081417
-1.70000000 2.16047586
-1.68000000 2.20704108
-1.66000000 2.24865485
-1.64000000 2.28426163
-1.62000000 2.31364434
-1.60000000 2.33732169
-1.58000000 2.35633274
-1.56000000 2.37195800
-1.54000000 2.38543752
-1.52000000 2.39774427
-1.50000000 2.40945650
-1.48000000 2.42074887
-1.46000000 2.43149313
-1.44000000 2.44143252
-1.42000000 2.45037549
-1.40000000 2.45834856
-1.38000000 2.46565794
-1.36000000 2.47283210
-1.34000000 2.48044951
-1.32000000 2.48888910
-1.30000000 2.49806762
-1.28000000 2.50724155
-1.26000000 2.51494561
-1.24000000 2.51911583
-1.22000000 2.51740594
-1.20000000 2.50765897
-1.18000000 2.48845191
-1.16000000 2.45960091
-1.14000000 2.42250529
-1.12000000 2.38022646
-1.10000000 2.33724053
-1.08000000 2.29886439
-1.06000000 2.27042402
-1.04000000 2.25629520
-1.02000000 2.25898821
-1.00000000 2.27845830
-0.98000000 2.31179855
-0.96000000 2.35341206
-0.94000000 2.39567754
-0.92000000 2.43002941
-0.90000000 2.44828926
-0.88000000 2.44402733
-0.86000000 2.41371258
-0.84000000 2.35743526
-0.82000000 2.27905308
-0.80000000 2.18571040
-0.78000000 2.08679215
-0.76000000 1.99247852
-0.74000000 1.91214370
-0.72000000 1.85287549
-0.70000000 1.81837602
-0.68000000 1.80843792
-0.66000000 1.81908810
-0.64000000 1.84337031
-0.62000000 1.87262168
-0.60000000 1.89800886
-0.58000000 1.91204386
-0.56000000 1.90980638
-0.54000000 1.88965786
-0.52000000 1.85333011
-0.50000000 1.80539088
-0.48000000 1.75220516
-0.46000000 1.70060405
-0.44000000 1.65652293
-0.42000000 1.62387033
-0.40000000 1.60383778
-0.38000000 1.59477029
-0.36000000 1.59260548
-0.34000000 1.59177846
-0.32000000 1.58640155
-0.30000000 1.57147883
-0.28000000 1.54391509
-0.26000000 1.50312484
-0.24000000 1.45113074
-0.22000000 1.39214350
-0.20000000 1.33171742
-0.18000000 1.27565631
-0.16000000 1.22888898
-0.14000000 1.19453360
-0.12000000 1.17332757
-0.10000000 1.16352339
-0.08000000 1.16125831
-0.06000000 1.16131364
-0.04000000 1.15810796
-0.02000000 1.14672915
0.00000000 1.12381060
0.02000000 1.08809466
0.04000000 1.04059285
0.06000000 0.98433316
0.08000000 0.92376291
0.10000000 0.86393696
0.12000000 0.80965324
0.14000000 0.76469671
0.16000000 0.73132086
0.18000000 0.71004095
0.20000000 0.69974755
0.22000000 0.69808714
0.24000000 0.70200958
0.26000000 0.70835987
0.28000000 0.71439524
0.30000000 0.71813685
0.32000000 0.71850909
0.34000000 0.71526962
0.36000000 0.70877765
0.38000000 0.69967798
0.40000000 0.68858897
0.42000000 0.67587166
0.44000000 0.66153049
0.46000000 0.64525920
0.48000000 0.62660767
0.50000000 0.60521656
0.52000000 0.58105079
0.54000000 0.55456527
0.56000000 0.52675404
0.58000000 0.49906294
0.60000000 0.47317952
0.62000000 0.45074335
0.64000000 0.43303949
0.66000000 0.42074282
0.68000000 0.41377042
0.70000000 0.41127651
0.72000000 0.41179365
0.74000000 0.41349311
0.76000000 0.41451237
0.78000000 0.41328428
0.80000000 0.40880283
0.82000000 0.40077479
0.84000000 0.38963059
0.86000000 0.37639701
0.88000000 0.36246202
0.90000000 0.34928251
0.92000000 0.33809518
0.94000000 0.32968755
0.96000000 0.32427132
0.98000000 0.32147771
1.00000000 0.32046898
1.02000000 0.32013718
1.04000000 0.31934532
1.06000000 0.31716024
1.08000000 0.31303096
1.10000000 0.30688022
1.12000000 0.29909620
1.14000000 0.29043225
1.16000000 0.28184045
1.18000000 0.27427588
1.20000000 0.26851210
1.22000000 0.26500291
1.24000000 0.26381356
1.26000000 0.26462942
1.28000000 0.26683399
1.30000000 0.26963570
1.32000000 0.27221522
1.34000000 0.27386416
1.36000000 0.27409066
1.38000000 0.27267660
1.40000000 0.26968224
1.42000000 0.26540465
1.44000000 0.26030411
1.46000000 0.25491643
1.48000000 0.24976882
1.50000000 0.24531286
1.52000000 0.24188175
1.54000000 0.23967289
1.56000000 0.23875090
1.58000000 0.23906371
1.60000000 0.24046336
1.62000000 0.24272572
1.64000000 0.24556642
1.66000000 0.24865392
1.68000000 0.25162337
1.70000000 0.25409570
1.72000000 0.25570508
1.74000000 0.25613497
1.76000000 0.25515945
1.78000000 0.25268279
1.80000000 0.24876848
1.82000000 0.24364885
1.84000000 0.23770918
1.86000000 0.23144449
1.88000000 0.22539311
1.90000000 0.22005622
1.92000000 0.21581703
1.94000000 0.21287430
1.96000000 0.21120377
1.98000000 0.21055660
2.00000000 0.21049732
2.02000000 0.21047654
2.04000000 0.20992672
2.06000000 0.20836444
2.08000000 0.20548090
2.10000000 0.20120379
2.12000000 0.19571862
2.14000000 0.18944465
2.16000000 0.18296882
2.18000000 0.17694876
2.20000000 0.17200141
2.22000000 0.16859687
2.24000000 0.16697571
2.26000000 0.16710435
2.28000000 0.16867586
2.30000000 0.17115601
2.32000000 0.17386609
2.34000000 0.17608829
2.36000000 0.17717525
2.38000000 0.17664571
2.40000000 0.17425061
2.42000000 0.16999984
2.44000000 0.16414675
2.46000000 0.15713512
2.48000000 0.14951939
2.50000000 0.14187324
2.52000000 0.13470275
2.54000000 0.12837894
2.56000000 0.12310002
2.58000000 0.11888785
2.60000000 0.11561657
2.62000000 0.11306544
2.64000000 0.11098379
2.66000000 0.10915432
2.68000000 0.10744181
2.70000000 0.10581810
2.72000000 0.10435891
2.74000000 0.10321436
2.76000000 0.10256036
2.78000000 0.10254172
2.80000000 0.10321984
2.82000000 0.10453655
2.84000000 0.10630253
2.86000000 0.10821343
2.88000000 0.10989148
2.90000000 0.11094450
2.92000000 0.11103099
2.94000000 0.10991830
2.96000000 0.10752216
2.98000000 0.10391954
3.00000000 0.09933202
3.02000000 0.09408307
3.04000000 0.08853764
3.06000000 0.08303637
3.08000000 0.07783776
3.10000000 0.07307989
3.12000000 0.06876946
3.14000000 0.06479977
3.16000000 0.06099352
3.18000000 0.05716069
3.20000000 0.05315856
3.22000000 0.04894031
3.24000000 0.04458111
3.26000000 0.04027503
3.28000000 0.03630292
3.30000000 0.03297711
3.32000000 0.03057471
3.34000000 0.02927340
3.36000000 0.02910411
3.38000000 0.02993126
3.40000000 0.03146587
3.42000000 0.03331014
3.44000000 0.03502525
3.46000000 0.03620910
3.48000000 0.03656872
3.50000000 0.03597240
3.52000000 0.03447114
3.54000000 0.03228473
3.56000000 0.02975525
3.58000000 0.02727734
3.60000000 0.02521906
3.62000000 0.02384943
3.64000000 0.02328674
3.66000000 0.02347765
3.68000000 0.02421061
3.70000000 0.02516007
3.72000000 0.02595201
3.74000000 0.02623692
3.76000000 0.02575578
3.78000000 0.02438616
3.80000000 0.02216034
3.82000000 0.01925324
3.84000000 0.01594443
3.86000000 0.01256327
3.88000000 0.00942933
3.90000000 0.00680013
3.92000000 0.00483613
3.94000000 0.00358811
3.96000000 0.00300696
3.98000000 0.00297127
