-4.00000000 0.03360263
-3.98000000 0.03533173
-3.96000000 0.03666205
-3.94000000 0.03757921
-3.92000000 0.03821802
-3.90000000 0.03885716
-3.88000000 0.03986995
-3.86000000 0.04164093
-3.84000000 0.04446880
-3.82000000 0.04848138
-3.80000000 0.05358738
-3.78000000 0.05948144
-3.76000000 0.06570617
-3.74000000 0.07175946
-3.72000000 0.07722275
-3.70000000 0.08187813
-3.68000000 0.08578233
-3.66000000 0.08927473
-3.64000000 0.09291131
-3.62000000 0.09733545
-3.60000000 0.10311340
-3.58000000 0.11057397
-3.56000000 0.11969430
-3.54000000 0.13006548
-3.52000000 0.14095480
-3.50000000 0.15145855
-3.48000000 0.16071610
-3.46000000 0.16813833
-3.44000000 0.17359520
-3.42000000 0.17751253
-3.40000000 0.18084492
-3.38000000 0.18491844
-3.36000000 0.19116704
-3.34000000 0.20081331
-3.32000000 0.21456180
-3.30000000 0.23237586
-3.28000000 0.25339578
-3.26000000 0.27602881
-3.24000000 0.29820575
-3.22000000 0.31776154
-3.20000000 0.33286728
-3.18000000 0.34242531
-3.16000000 0.34634157
-3.14000000 0.34561089
-3.12000000 0.34218735
-3.10000000 0.33865595
-3.08000000 0.33776430
-3.06000000 0.34190498
-3.04000000 0.35265248
-3.02000000 0.37045072
-3.00000000 0.39451851
-2.98000000 0.42299652
-2.96000000 0.45330995
-2.94000000 0.48267538
-2.92000000 0.50864978
-2.90000000 0.52960926
-2.88000000 0.54505888
-2.86000000 0.55570926
-2.84000000 0.56330422
-2.82000000 0.57023557
-2.80000000 0.57902609
-2.78000000 0.59178956
-2.76000000 0.60978168
-2.74000000 0.63313685
-2.72000000 0.66084665
-2.70000000 0.69098519
-2.68000000 0.72113480
-2.66000000 0.74892354
-2.64000000 0.77256284
-2.62000000 0.79127378
-2.60000000 0.80551340
-2.58000000 0.81695373
-2.56000000 0.82821636
-2.54000000 0.84241395
-2.52000000 0.86258759
-2.50000000 0.89114726
-2.48000000 0.92941959
-2.46000000 0.97738328
-2.44000000 1.03363445
-2.42000000 1.09557979
-2.40000000 1.15981416
-2.38000000 1.22260950
-2.36000000 1.28042806
-2.34000000 1.33037735
-2.32000000 1.37054324
-2.30000000 1.40016606
-2.28000000 1.41965579
-2.26000000 1.43046872
-2.24000000 1.43488500
-2.22000000 1.43573212
-2.20000000 1.43609430
-2.18000000 1.43903603
-2.16000000 1.44735429
-2.14000000 1.46336305
-2.12000000 1.48870910
-2.10000000 1.52422056
-2.08000000 1.56979704
-2.06000000 1.62435907
-2.04000000 1.68588022
-2.02000000 1.75152330
-2.00000000 1.81789057
-1.98000000 1.88137843
-1.96000000 1.93860215
-1.94000000 1.98683319
-1.92000000 2.02437680
-1.90000000 2.05081613
-1.88000000 2.06706478
-1.86000000 2.07520107
-1.84000000 2.07809858
-1.82000000 2.07891148
-1.80000000 2.08050868
-1.78000000 2.08496884
-1.76000000 2.09324372
-1.74000000 2.10506743
-1.72000000 2.11914007
-1.70000000 2.13355449
-1.68000000 2.14637771
-1.66000000 2.15625775
-1.64000000 2.16291184
-1.62000000 2.16736973
-1.60000000 2.17189390
-1.58000000 2.17956800
-1.56000000 2.19362233
-1.54000000 2.21663197
-1.52000000 2.24976504
-1.50000000 2.29226239
-1.48000000 2.34129348
-1.46000000 2.39226060
-1.44000000 2.43952928
-1.42000000 2.47746569
-1.40000000 2.50158408
-1.38000000 2.50956635
-1.36000000 2.50192476
-1.34000000 2.48213685
-1.32000000 2.45618167
-1.30000000 2.43152727
-1.28000000 2.41573849
-1.26000000 2.41496372
-1.24000000 2.43260073
-1.22000000 2.46842246
-1.20000000 2.51836505
-1.18000000 2.57505610
-1.16000000 2.62901558
-1.14000000 2.67032269
-1.12000000 2.69044092
-1.10000000 2.68385005
-1.08000000 2.64916103
-1.06000000 2.58948258
-1.04000000 2.51195096
-1.02000000 2.42649773
-1.00000000 2.34408217
-0.98000000 2.27472438
-0.96000000 2.22571777
-0.94000000 2.20036756
-0.92000000 2.19749913
-0.90000000 2.21182815
-0.88000000 2.23511281
-0.86000000 2.25785316
-0.84000000 2.27119438
-0.82000000 2.26865279
-0.80000000 2.24732281
-0.78000000 2.20833190
-0.76000000 2.15646624
-0.74000000 2.09905981
-0.72000000 2.04438909
-0.70000000 1.99991334
-0.68000000 1.97072662
-0.66000000 1.95853805
-0.64000000 1.96138139
-0.62000000 1.97409991
-0.60000000 1.98948901
-0.58000000 1.99984367
-0.56000000 1.99857651
-0.54000000 1.98156329
-0.52000000 1.94793607
-0.50000000 1.90016600
-0.48000000 1.84343142
-0.46000000 1.78441913
-0.44000000 1.72982544
-0.42000000 1.68488389
-0.40000000 1.65223623
-0.38000000 1.63138513
-0.36000000 1.61883994
-0.34000000 1.60891623
-0.32000000 1.59501087
-0.30000000 1.57107451
-0.28000000 1.53296424
-0.26000000 1.47938877
-0.24000000 1.41224829
-0.22000000 1.33630254
-0.20000000 1.25824359
-0.18000000 1.18537472
-0.16000000 1.12417688
-0.14000000 1.07906256
-0.12000000 1.05157239
-0.10000000 1.04017093
-0.08000000 1.04066905
-0.06000000 1.04716778
-0.04000000 1.05331183
-0.02000000 1.05358157
0.00000000 1.04435251
0.02000000 1.02450873
0.04000000 0.99549840
0.06000000 0.96084202
0.08000000 0.92522025
0.10000000 0.89335403
0.12000000 0.86892672
0.14000000 0.85377976
0.16000000 0.84754637
0.18000000 0.84778661
0.20000000 0.85057581
0.22000000 0.85140154
0.24000000 0.84616169
0.26000000 0.83204186
0.28000000 0.80808424
0.30000000 0.77533505
0.32000000 0.73655406
0.34000000 0.69556689
0.36000000 0.65641695
0.38000000 0.62251185
0.40000000 0.59595334
0.42000000 0.57719138
0.44000000 0.56506508
0.46000000 0.55720379
0.48000000 0.55068124
0.50000000 0.54276194
0.52000000 0.53156400
0.54000000 0.51648709
0.56000000 0.49831358
0.58000000 0.47896884
0.60000000 0.46100604
0.62000000 0.44694304
0.64000000 0.43861060
0.66000000 0.43666515
0.68000000 0.44037850
0.70000000 0.44775105
0.72000000 0.45591963
0.74000000 0.46176380
0.76000000 0.46257051
0.78000000 0.45660582
0.80000000 0.44346593
0.82000000 0.42413233
0.84000000 0.40072434
0.86000000 0.37601139
0.88000000 0.35280057
0.90000000 0.33334116
0.92000000 0.31888064
0.94000000 0.30946926
0.96000000 0.30405075
0.98000000 0.30081004
1.00000000 0.29768966
1.02000000 0.29294888
1.04000000 0.28563139
1.06000000 0.27583046
1.08000000 0.26468911
1.10000000 0.25413514
1.12000000 0.24641316
1.14000000 0.24352299
1.16000000 0.24669584
1.18000000 0.25603128
1.20000000 0.27038193
1.22000000 0.28751630
1.24000000 0.30452796
1.26000000 0.31840337
1.28000000 0.32662528
1.30000000 0.32768084
1.32000000 0.32136451
1.34000000 0.30881137
1.36000000 0.29225546
1.38000000 0.27456715
1.40000000 0.25867055
1.42000000 0.24696592
1.44000000 0.24087808
1.46000000 0.24062235
1.48000000 0.24522985
1.50000000 0.25281737
1.52000000 0.26103497
1.54000000 0.26758820
1.56000000 0.27072018
1.58000000 0.26955188
1.60000000 0.26421404
1.62000000 0.25575320
1.64000000 0.24584426
1.66000000 0.23638351
1.68000000 0.22905883
1.70000000 0.22499420
1.72000000 0.22454353
1.74000000 0.22727157
1.76000000 0.23211454
1.78000000 0.23767209
1.80000000 0.24255428
1.82000000 0.24569815
1.84000000 0.24657958
1.86000000 0.24527507
1.88000000 0.24236636
1.90000000 0.23871933
1.92000000 0.23519943
1.94000000 0.23239941
1.96000000 0.23045131
1.98000000 0.22897191
2.00000000 0.22715751
2.02000000 0.22400556
2.04000000 0.21860882
2.06000000 0.21044833
2.08000000 0.19960992
2.10000000 0.18686569
2.12000000 0.17359274
2.14000000 0.16153907
2.16000000 0.15248314
2.18000000 0.14785949
2.20000000 0.14843270
2.22000000 0.15409354
2.24000000 0.16382572
2.26000000 0.17585542
2.28000000 0.18795652
2.30000000 0.19785085
2.32000000 0.20362240
2.34000000 0.20406160
2.36000000 0.19887102
2.38000000 0.18869301
2.40000000 0.17495785
2.42000000 0.15958760
2.44000000 0.14461982
2.46000000 0.13182955
2.48000000 0.12242535
2.50000000 0.11687661
2.52000000 0.11489933
2.54000000 0.11559287
2.56000000 0.11768930
2.58000000 0.11985479
2.60000000 0.12097567
2.62000000 0.12036910
2.64000000 0.11787877
2.66000000 0.11384388
2.68000000 0.10895894
2.70000000 0.10406480
2.72000000 0.09992482
2.74000000 0.09703947
2.76000000 0.09554080
2.78000000 0.09518668
2.80000000 0.09545011
2.82000000 0.09567625
2.84000000 0.09526506
2.86000000 0.09383294
2.88000000 0.09131365
2.90000000 0.08797491
2.92000000 0.08434846
2.94000000 0.08109221
2.96000000 0.07881942
2.98000000 0.07793701
3.00000000 0.07853244
3.02000000 0.08033648
3.04000000 0.08277052
3.06000000 0.08506760
3.08000000 0.08643863
3.10000000 0.08624550
3.12000000 0.08414130
3.14000000 0.08014624
3.16000000 0.07464269
3.18000000 0.06829158
3.20000000 0.06188996
3.22000000 0.05620221
3.24000000 0.05180259
3.26000000 0.04896324
3.28000000 0.04761052
3.30000000 0.04735681
3.32000000 0.04759806
3.34000000 0.04765297
3.36000000 0.04691192
3.38000000 0.04496290
3.40000000 0.04166838
3.42000000 0.03717947
3.44000000 0.03188813
3.46000000 0.02633217
3.48000000 0.02107703
3.50000000 0.01660234
3.52000000 0.01321771
3.54000000 0.01102408
3.56000000 0.00992498
3.58000000 0.00968014
3.60000000 0.00998445
3.62000000 0.01055042
3.64000000 0.01117339
3.66000000 0.01176441
3.68000000 0.01234528
3.70000000 0.01301017
3.72000000 0.01386700
3.74000000 0.01497665
3.76000000 0.01630768
3.78000000 0.01772010
3.80000000 0.01898327
3.82000000 0.01982396
3.84000000 0.01999236
3.86000000 0.01932895
3.88000000 0.01781432
3.90000000 0.01558835
3.92000000 0.01293224
3.94000000 0.01021620
3.96000000 0.00782428
3.98000000 0.00607316
