-4.00000000 0.04384388
-3.98000000 0.03956339
-3.96000000 0.03755029
-3.94000000 0.03851155
-3.92000000 0.04247617
-3.90000000 0.04880719
-3.88000000 0.05636311
-3.86000000 0.06377077
-3.84000000 0.06974574
-3.82000000 0.07338512
-3.80000000 0.07436385
-3.78000000 0.07298860
-3.76000000 0.07009659
-3.74000000 0.06682482
-3.72000000 0.06430627
-3.70000000 0.06336931
-3.68000000 0.06431707
-3.66000000 0.06684572
-3.64000000 0.07012816
-3.62000000 0.07304898
-3.60000000 0.07453783
-3.58000000 0.07392095
-3.56000000 0.07120103
-3.54000000 0.06718746
-3.52000000 0.06343029
-3.50000000 0.06195537
-3.48000000 0.06484590
-3.46000000 0.07375537
-3.44000000 0.08945957
-3.42000000 0.11155465
-3.40000000 0.13838280
-3.38000000 0.16722216
-3.36000000 0.19472137
-3.34000000 0.21750436
-3.32000000 0.23282950
-3.30000000 0.23916875
-3.28000000 0.23658235
-3.26000000 0.22680115
-3.24000000 0.21298598
-3.22000000 0.19919896
-3.20000000 0.18968214
-3.18000000 0.18808157
-3.16000000 0.19676913
-3.14000000 0.21639843
-3.12000000 0.24578554
-3.10000000 0.28214091
-3.08000000 0.32160792
-3.06000000 0.36000132
-3.04000000 0.39359805
-3.02000000 0.41982280
-3.00000000 0.43769287
-2.98000000 0.44793719
-2.96000000 0.45277209
-2.94000000 0.45538698
-2.92000000 0.45925241
-2.90000000 0.46739747
-2.88000000 0.48180737
-2.86000000 0.50306341
-2.84000000 0.53029425
-2.82000000 0.56143953
-2.80000000 0.59376070
-2.78000000 0.62448203
-2.76000000 0.65141956
-2.74000000 0.67346083
-2.72000000 0.69079363
-2.70000000 0.70483810
-2.68000000 0.71790215
-2.66000000 0.73264032
-2.64000000 0.75143803
-2.62000000 0.77585791
-2.60000000 0.80626979
-2.58000000 0.84174463
-2.56000000 0.88023428
-2.54000000 0.91899692
-2.52000000 0.95517530
-2.50000000 0.98640315
-2.48000000 1.01131048
-2.46000000 1.02982203
-2.44000000 1.04318854
-2.42000000 1.05374828
-2.40000000 1.06447304
-2.38000000 1.07839672
-2.36000000 1.09804689
-2.34000000 1.12499476
-2.32000000 1.15961078
-2.30000000 1.20106618
-2.28000000 1.24756745
-2.26000000 1.29676243
-2.24000000 1.34622292
-2.22000000 1.39389764
-2.20000000 1.43844159
-2.18000000 1.47936009
-2.16000000 1.51695044
-2.14000000 1.55207036
-2.12000000 1.58580023
-2.10000000 1.61908709
-2.08000000 1.65245869
-2.06000000 1.68587564
-2.04000000 1.71875479
-2.02000000 1.75015499
-2.00000000 1.77907775
-1.98000000 1.80480789
-1.96000000 1.82720969
-1.94000000 1.84690361
-1.92000000 1.86527469
-1.90000000 1.88430097
-1.88000000 1.90622938
-1.86000000 1.93315935
-1.84000000 1.96661515
-1.82000000 2.00719044
-1.80000000 2.05433548
-1.78000000 2.10632994
-1.76000000 2.16045008
-1.74000000 2.21330406
-1.72000000 2.26128116
-1.70000000 2.30104374
-1.68000000 2.32998740
-1.66000000 2.34660393
-1.64000000 2.35070028
-1.62000000 2.34345074
-1.60000000 2.32728262
-1.58000000 2.30561637
-1.56000000 2.28249460
-1.54000000 2.26214253
-1.52000000 2.24850466
-1.50000000 2.24480148
-1.48000000 2.25314732
-1.46000000 2.27426732
-1.44000000 2.30734683
-1.42000000 2.35004025
-1.40000000 2.39865571
-1.38000000 2.44851619
-1.36000000 2.49447644
-1.34000000 2.53155036
-1.32000000 2.55557887
-1.30000000 2.56384940
-1.28000000 2.55556989
-1.26000000 2.53210788
-1.24000000 2.49693043
-1.22000000 2.45522148
-1.20000000 2.41320551
-1.18000000 2.37726003
-1.16000000 2.35294518
-1.14000000 2.34410604
-1.12000000 2.35220434
-1.10000000 2.37600836
-1.08000000 2.41171550
-1.06000000 2.45350886
-1.04000000 2.49447106
-1.02000000 2.52770924
-1.00000000 2.54749920
-0.98000000 2.55024518
-0.96000000 2.53507724
-0.94000000 2.50396978
-0.92000000 2.46134996
-0.90000000 2.41325956
-0.88000000 2.36621907
-0.86000000 2.32600211
-0.84000000 2.29654872
-0.82000000 2.27922332
-0.80000000 2.27256006
-0.78000000 2.27254700
-0.76000000 2.27339800
-0.74000000 2.26866803
-0.72000000 2.25250151
-0.70000000 2.22077749
-0.68000000 2.17193609
-0.66000000 2.10733179
-0.64000000 2.03105087
-0.62000000 1.94923239
-0.60000000 1.86902576
-0.58000000 1.79738450
-0.56000000 1.73992161
-0.54000000 1.70003477
-0.52000000 1.67845126
-0.50000000 1.67325782
-0.48000000 1.68038566
-0.46000000 1.69443589
-0.44000000 1.70967126
-0.42000000 1.72097840
-0.40000000 1.72462275
-0.38000000 1.71867058
-0.36000000 1.70302777
-0.34000000 1.67912498
-0.32000000 1.64934857
-0.30000000 1.61636052
-0.28000000 1.58246197
-0.26000000 1.54913259
-0.24000000 1.51682872
-0.22000000 1.48505926
-0.20000000 1.45269451
-0.18000000 1.41841339
-0.16000000 1.38116906
-0.14000000 1.34055687
-0.12000000 1.29699829
-0.10000000 1.25170308
-0.08000000 1.20642696
-0.06000000 1.16309022
-0.04000000 1.12335376
-0.02000000 1.08825600
0.00000000 1.05799644
0.02000000 1.03191439
0.04000000 1.00866367
0.06000000 0.98653799
0.08000000 0.96386750
0.10000000 0.93939242
0.12000000 0.91252835
0.14000000 0.88346550
0.16000000 0.85308554
0.18000000 0.82272322
0.20000000 0.79383565
0.22000000 0.76766194
0.24000000 0.74495490
0.26000000 0.72584580
0.28000000 0.70986839
0.30000000 0.69612779
0.32000000 0.68356374
0.34000000 0.67123574
0.36000000 0.65855311
0.38000000 0.64538945
0.40000000 0.63205204
0.42000000 0.61911567
0.44000000 0.60716744
0.46000000 0.59653404
0.48000000 0.58707037
0.50000000 0.57807509
0.52000000 0.56836800
0.54000000 0.55652325
0.56000000 0.54121077
0.58000000 0.52156690
0.60000000 0.49750174
0.62000000 0.46985918
0.64000000 0.44037561
0.66000000 0.41142748
0.68000000 0.38560769
0.70000000 0.36521338
0.72000000 0.35175381
0.74000000 0.34558934
0.76000000 0.34578978
0.78000000 0.35025604
0.80000000 0.35609378
0.82000000 0.36017153
0.84000000 0.35975316
0.86000000 0.35307383
0.88000000 0.33973587
0.90000000 0.32083544
0.92000000 0.29878516
0.94000000 0.27686094
0.96000000 0.25856047
0.98000000 0.24690148
1.00000000 0.24380319
1.02000000 0.24967891
1.04000000 0.26332575
1.06000000 0.28213626
1.08000000 0.30259098
1.10000000 0.32093258
1.12000000 0.33388481
1.14000000 0.33927093
1.16000000 0.33640721
1.18000000 0.32619448
1.20000000 0.31089332
1.22000000 0.29363341
1.24000000 0.27776146
1.26000000 0.26616342
1.28000000 0.26069938
1.30000000 0.26186328
1.32000000 0.26873104
1.34000000 0.27919935
1.36000000 0.29045758
1.38000000 0.29958874
1.40000000 0.30417181
1.42000000 0.30276148
1.44000000 0.29515083
1.46000000 0.28237081
1.48000000 0.26643668
1.50000000 0.24990363
1.52000000 0.23533146
1.54000000 0.22477273
1.56000000 0.21938940
1.58000000 0.21927130
1.60000000 0.22348453
1.62000000 0.23032800
1.64000000 0.23773391
1.66000000 0.24372067
1.68000000 0.24680052
1.70000000 0.24625850
1.72000000 0.24225140
1.74000000 0.23571616
1.76000000 0.22811838
1.78000000 0.22110383
1.80000000 0.21613290
1.82000000 0.21417666
1.84000000 0.21553513
1.86000000 0.21980815
1.88000000 0.22601449
1.90000000 0.23282318
1.92000000 0.23883928
1.94000000 0.24287895
1.96000000 0.24417601
1.98000000 0.24248203
2.00000000 0.23804852
2.02000000 0.23150743
2.04000000 0.22368723
2.06000000 0.21541368
2.08000000 0.20734260
2.10000000 0.19986071
2.12000000 0.19307003
2.14000000 0.18685001
2.16000000 0.18097212
2.18000000 0.17523053
2.20000000 0.16955078
2.22000000 0.16404678
2.24000000 0.15901172
2.26000000 0.15484702
2.28000000 0.15195027
2.30000000 0.15059357
2.32000000 0.15082632
2.34000000 0.15242968
2.36000000 0.15493646
2.38000000 0.15771318
2.40000000 0.16008504
2.42000000 0.16147320
2.44000000 0.16151081
2.46000000 0.16010904
2.48000000 0.15745691
2.50000000 0.15395527
2.52000000 0.15010160
2.54000000 0.14635467
2.56000000 0.14301329
2.58000000 0.14014010
2.60000000 0.13754998
2.62000000 0.13486711
2.64000000 0.13163690
2.66000000 0.12746550
2.68000000 0.12215157
2.70000000 0.11577621
2.72000000 0.10872634
2.74000000 0.10164209
2.76000000 0.09529717
2.78000000 0.09043747
2.80000000 0.08761398
2.82000000 0.08704861
2.84000000 0.08856509
2.86000000 0.09160282
2.88000000 0.09531346
2.90000000 0.09872094
2.92000000 0.10091129
2.94000000 0.10121151
2.96000000 0.09931858
2.98000000 0.09535072
3.00000000 0.08980996
3.02000000 0.08346445
3.04000000 0.07717694
3.06000000 0.07171713
3.08000000 0.06759924
3.10000000 0.06497983
3.12000000 0.06363756
3.14000000 0.06303801
3.16000000 0.06246786
3.18000000 0.06120771
3.20000000 0.05870449
3.22000000 0.05470521
3.24000000 0.04932277
3.26000000 0.04301990
3.28000000 0.03651582
3.30000000 0.03063658
3.32000000 0.02614255
3.34000000 0.02357048
3.36000000 0.02312382
3.38000000 0.02463364
3.40000000 0.02759687
3.42000000 0.03128156
3.44000000 0.03487494
3.46000000 0.03764164
3.48000000 0.03905859
3.50000000 0.03889946
3.52000000 0.03725353
3.54000000 0.03447897
3.56000000 0.03110424
3.58000000 0.02770251
3.60000000 0.02476773
3.62000000 0.02261955
3.64000000 0.02135578
3.66000000 0.02085944
3.68000000 0.02085466
3.70000000 0.02099474
3.72000000 0.02095924
3.74000000 0.02053649
3.76000000 0.01967219
3.78000000 0.01847427
3.80000000 0.01717491
3.82000000 0.01606084
3.84000000 0.01539061
3.86000000 0.01531962
3.88000000 0.01585165
3.90000000 0.01682858
3.92000000 0.01796066
3.94000000 0.01888983
3.96000000 0.01927126
3.98000000 0.01885356
