-4.00000000 0.08854305
-3.98000000 0.08993303
-3.96000000 0.09135585
-3.94000000 0.09281291
-3.92000000 0.09430538
-3.90000000 0.09583411
-3.88000000 0.09739991
-3.86000000 0.09900385
-3.84000000 0.10064743
-3.82000000 0.10233237
-3.80000000 0.10406023
-3.78000000 0.10583226
-3.76000000 0.10764957
-3.74000000 0.10951345
-3.72000000 0.11142568
-3.70000000 0.11338835
-3.68000000 0.11540352
-3.66000000 0.11747297
-3.64000000 0.11959823
-3.62000000 0.12178098
-3.60000000 0.12402334
-3.58000000 0.12632791
-3.56000000 0.12869737
-3.54000000 0.13113417
-3.52000000 0.13364049
-3.50000000 0.13621856
-3.48000000 0.13887104
-3.46000000 0.14160116
-3.44000000 0.14441242
-3.42000000 0.14730819
-3.40000000 0.15029154
-3.38000000 0.15336553
-3.36000000 0.15653361
-3.34000000 0.15979991
-3.32000000 0.16316902
-3.30000000 0.16664553
-3.28000000 0.17023380
-3.26000000 0.17393811
-3.24000000 0.17776311
-3.22000000 0.18171422
-3.20000000 0.18579751
-3.18000000 0.19001931
-3.16000000 0.19438580
-3.14000000 0.19890308
-3.12000000 0.20357762
-3.10000000 0.20841673
-3.08000000 0.21342865
-3.06000000 0.21862216
-3.04000000 0.22400609
-3.02000000 0.22958929
-3.00000000 0.23538100
-2.98000000 0.24139144
-2.96000000 0.24763205
-2.94000000 0.25411522
-2.92000000 0.26085375
-2.90000000 0.26786068
-2.88000000 0.27514955
-2.86000000 0.28273512
-2.84000000 0.29063379
-2.82000000 0.29886345
-2.80000000 0.30744298
-2.78000000 0.31639193
-2.76000000 0.32573071
-2.74000000 0.33548136
-2.72000000 0.34566815
-2.70000000 0.35631770
-2.68000000 0.36745852
-2.66000000 0.37912063
-2.64000000 0.39133563
-2.62000000 0.40413752
-2.60000000 0.41756358
-2.58000000 0.43165478
-2.56000000 0.44645548
-2.54000000 0.46201304
-2.52000000 0.47837789
-2.50000000 0.49560439
-2.48000000 0.51375202
-2.46000000 0.53288623
-2.44000000 0.55307849
-2.42000000 0.57440607
-2.40000000 0.59695214
-2.38000000 0.62080684
-2.36000000 0.64606894
-2.34000000 0.67284731
-2.32000000 0.70126164
-2.30000000 0.73144263
-2.28000000 0.76353249
-2.26000000 0.79768638
-2.24000000 0.83407484
-2.22000000 0.87288639
-2.20000000 0.91432929
-2.18000000 0.95863273
-2.16000000 1.00604814
-2.14000000 1.05685148
-2.12000000 1.11134701
-2.10000000 1.16987139
-2.08000000 1.23279722
-2.06000000 1.30053564
-2.04000000 1.37353870
-2.02000000 1.45230267
-2.00000000 1.53737259
-1.98000000 1.62934732
-1.96000000 1.72888327
-1.94000000 1.83669579
-1.92000000 1.95355846
-1.90000000 2.08030079
-1.88000000 2.21780429
-1.86000000 2.36699486
-1.84000000 2.52882792
-1.82000000 2.70426268
-1.80000000 2.89422284
-1.78000000 3.09954183
-1.76000000 3.32088951
-1.74000000 3.55867528
-1.72000000 3.81292104
-1.70000000 4.08309930
-1.68000000 4.36793719
-1.66000000 4.66519523
-1.64000000 4.97143911
-1.62000000 5.28183378
-1.60000000 5.59000234
-1.58000000 5.88800717
-1.56000000 6.16652115
-1.54000000 6.41524971
-1.52000000 6.62363013
-1.50000000 6.78176936
-1.48000000 6.88150103
-1.46000000 6.91737539
-1.44000000 6.88737466
-1.42000000 6.79318834
-1.40000000 6.63998233
-1.38000000 6.43571736
-1.36000000 6.19017538
-1.34000000 5.91390021
-1.32000000 5.61724299
-1.30000000 5.30963881
-1.28000000 4.99916007
-1.26000000 4.69232506
-1.24000000 4.39410255
-1.22000000 4.10804457
-1.20000000 3.83648841
-1.18000000 3.58078425
-1.16000000 3.34151790
-1.14000000 3.11870956
-1.12000000 2.91197885
-1.10000000 2.72067490
-1.08000000 2.54397564
-1.06000000 2.38096297
-1.04000000 2.23067905
-1.02000000 2.09216689
-1.00000000 1.96449718
-0.98000000 1.84678406
-0.96000000 1.73819317
-0.94000000 1.63794581
-0.92000000 1.54532134
-0.90000000 1.45965809
-0.88000000 1.38035220
-0.86000000 1.30685396
-0.84000000 1.23866297
-0.82000000 1.17532335
-0.80000000 1.11642041
-0.78000000 1.06157819
-0.76000000 1.01045694
-0.74000000 0.96274967
-0.72000000 0.91817803
-0.70000000 0.87648853
-0.68000000 0.83745005
-0.66000000 0.80085248
-0.64000000 0.76650561
-0.62000000 0.73423738
-0.60000000 0.70389136
-0.58000000 0.67532426
-0.56000000 0.64840438
-0.54000000 0.62301104
-0.52000000 0.59903442
-0.50000000 0.57637490
-0.48000000 0.55494165
-0.46000000 0.53465092
-0.44000000 0.51542493
-0.42000000 0.49719167
-0.40000000 0.47988516
-0.38000000 0.46344540
-0.36000000 0.44781763
-0.34000000 0.43295110
-0.32000000 0.41879819
-0.30000000 0.40531427
-0.28000000 0.39245803
-0.26000000 0.38019189
-0.24000000 0.36848157
-0.22000000 0.35729529
-0.20000000 0.34660292
-0.18000000 0.33637579
-0.16000000 0.32658709
-0.14000000 0.31721234
-0.12000000 0.30822932
-0.10000000 0.29961750
-0.08000000 0.29135728
-0.06000000 0.28342971
-0.04000000 0.27581678
-0.02000000 0.26850195
0.00000000 0.26147033
0.02000000 0.25470829
0.04000000 0.24820277
0.06000000 0.24194094
0.08000000 0.23591036
0.10000000 0.23009949
0.12000000 0.22449800
0.14000000 0.21909658
0.16000000 0.21388638
0.18000000 0.20885855
0.20000000 0.20400431
0.22000000 0.19931533
0.24000000 0.19478424
0.26000000 0.19040449
0.28000000 0.18616998
0.30000000 0.18207454
0.32000000 0.17811185
0.34000000 0.17427578
0.36000000 0.17056085
0.38000000 0.16696236
0.40000000 0.16347601
0.42000000 0.16009747
0.44000000 0.15682215
0.46000000 0.15364545
0.48000000 0.15056318
0.50000000 0.14757184
0.52000000 0.14466834
0.54000000 0.14184965
0.56000000 0.13911240
0.58000000 0.13645311
0.60000000 0.13386849
0.62000000 0.13135584
0.64000000 0.12891289
0.66000000 0.12653749
0.68000000 0.12422722
0.70000000 0.12197940
0.72000000 0.11979140
0.74000000 0.11766107
0.76000000 0.11558668
0.78000000 0.11356671
0.80000000 0.11159942
0.82000000 0.10968276
0.84000000 0.10781462
0.86000000 0.10599321
0.88000000 0.10421716
0.90000000 0.10248539
0.92000000 0.10079667
0.94000000 0.09914945
0.96000000 0.09754202
0.98000000 0.09597286
1.00000000 0.09444084
1.02000000 0.09294516
1.04000000 0.09148497
1.06000000 0.09005913
1.08000000 0.08866627
1.10000000 0.08730505
1.12000000 0.08597452
1.14000000 0.08467405
1.16000000 0.08340307
1.18000000 0.08216077
1.20000000 0.08094604
1.22000000 0.07975775
1.24000000 0.07859503
1.26000000 0.07745735
1.28000000 0.07634434
1.30000000 0.07525544
1.32000000 0.07418981
1.34000000 0.07314646
1.36000000 0.07212459
1.38000000 0.07112373
1.40000000 0.07014362
1.42000000 0.06918393
1.44000000 0.06824401
1.46000000 0.06732303
1.48000000 0.06642024
1.50000000 0.06553520
1.52000000 0.06466771
1.54000000 0.06381759
1.56000000 0.06298440
1.58000000 0.06216742
1.60000000 0.06136599
1.62000000 0.06057963
1.64000000 0.05980821
1.66000000 0.05905162
1.68000000 0.05830959
1.70000000 0.05758156
1.72000000 0.05686691
1.74000000 0.05616517
1.76000000 0.05547617
1.78000000 0.05479991
1.80000000 0.05413622
1.82000000 0.05348470
1.84000000 0.05284477
1.86000000 0.05221598
1.88000000 0.05159812
1.90000000 0.05099122
1.92000000 0.05039523
1.94000000 0.04980985
1.96000000 0.04923461
1.98000000 0.04866904
2.00000000 0.04811291
2.02000000 0.04756622
2.04000000 0.04702902
2.06000000 0.04650113
2.08000000 0.04598215
2.10000000 0.04547163
2.12000000 0.04496930
2.14000000 0.04447515
2.16000000 0.04398926
2.18000000 0.04351156
2.20000000 0.04304174
2.22000000 0.04257937
2.24000000 0.04212416
2.26000000 0.04167606
2.28000000 0.04123515
2.30000000 0.04080146
2.32000000 0.04037477
2.34000000 0.03995471
2.36000000 0.03954093
2.38000000 0.03913335
2.40000000 0.03873206
2.42000000 0.03833713
2.44000000 0.03794844
2.46000000 0.03756566
2.48000000 0.03718847
2.50000000 0.03681670
2.52000000 0.03645043
2.54000000 0.03608977
2.56000000 0.03573468
2.58000000 0.03538491
2.60000000 0.03504012
2.62000000 0.03470012
2.64000000 0.03436493
2.66000000 0.03403468
2.68000000 0.03370942
2.70000000 0.03338895
2.72000000 0.03307297
2.74000000 0.03276124
2.76000000 0.03245373
2.78000000 0.03215059
2.80000000 0.03185189
2.82000000 0.03155753
2.84000000 0.03126723
2.86000000 0.03098074
2.88000000 0.03069797
2.90000000 0.03041905
2.92000000 0.03014409
2.94000000 0.02987306
2.96000000 0.02960573
2.98000000 0.02934184
3.00000000 0.02908126
3.02000000 0.02882406
3.04000000 0.02857038
3.06000000 0.02832026
3.08000000 0.02807354
3.10000000 0.02782994
3.12000000 0.02758929
3.14000000 0.02735163
3.16000000 0.02711711
3.18000000 0.02688579
3.20000000 0.02665759
3.22000000 0.02643225
3.24000000 0.02620958
3.26000000 0.02598955
3.28000000 0.02577230
3.30000000 0.02555794
3.32000000 0.02534643
3.34000000 0.02513757
3.36000000 0.02493114
3.38000000 0.02472706
3.40000000 0.02452543
3.42000000 0.02432640
3.44000000 0.02412999
3.46000000 0.02393604
3.48000000 0.02374431
3.50000000 0.02355469
3.52000000 0.02336724
3.54000000 0.02318211
3.56000000 0.02299938
3.58000000 0.02281893
3.60000000 0.02264054
3.62000000 0.02246407
3.64000000 0.02228951
3.66000000 0.02211703
3.68000000 0.02194672
3.70000000 0.02177853
3.72000000 0.02161227
3.74000000 0.02144777
3.76000000 0.02128497
3.78000000 0.02112401
3.80000000 0.02096501
3.82000000 0.02080799
3.84000000 0.02065278
3.86000000 0.02049919
3.88000000 0.02034713
3.90000000 0.02019670
3.92000000 0.02004803
3.94000000 0.01990119
3.96000000 0.01975606
3.98000000 0.01961245
