-4.000000000 0.045871750
-3.980000000 0.048726562
-3.960000000 0.050698535
-3.940000000 0.051358219
-3.920000000 0.050709307
-3.900000000 0.049241495
-3.880000000 0.047822343
-3.860000000 0.047455280
-3.840000000 0.048977654
-3.820000000 0.052795955
-3.800000000 0.058746313
-3.780000000 0.066129405
-3.760000000 0.073912407
-3.740000000 0.081035474
-3.720000000 0.086725075
-3.700000000 0.090713582
-3.680000000 0.093295126
-3.660000000 0.095201943
-3.640000000 0.097344917
-3.620000000 0.100506748
-3.600000000 0.105090761
-3.580000000 0.111008009
-3.560000000 0.117736814
-3.540000000 0.124529244
-3.520000000 0.130688698
-3.500000000 0.135819375
-3.480000000 0.139960016
-3.460000000 0.143556761
-3.440000000 0.147288277
-3.420000000 0.151809713
-3.400000000 0.157511339
-3.380000000 0.164382331
-3.360000000 0.172031527
-3.340000000 0.179858783
-3.320000000 0.187313686
-3.300000000 0.194143662
-3.280000000 0.200534210
-3.260000000 0.207081021
-3.240000000 0.214594517
-3.220000000 0.223800585
-3.200000000 0.235043894
-3.180000000 0.248105540
-3.160000000 0.262211475
-3.140000000 0.276242911
-3.120000000 0.289087070
-3.100000000 0.300011953
-3.080000000 0.308933125
-3.060000000 0.316471187
-3.040000000 0.323767362
-3.020000000 0.332108704
-3.000000000 0.342484996
-2.980000000 0.355230577
-2.960000000 0.369883117
-2.940000000 0.385322384
-2.920000000 0.400156969
-2.900000000 0.413237678
-2.880000000 0.424124262
-2.860000000 0.433337572
-2.840000000 0.442293208
-2.820000000 0.452916417
-2.800000000 0.467047896
-2.780000000 0.485828743
-2.760000000 0.509271797
-2.740000000 0.536176338
-2.720000000 0.564437007
-2.700000000 0.591668985
-2.680000000 0.615961921
-2.660000000 0.636522422
-2.640000000 0.653989228
-2.620000000 0.670301794
-2.600000000 0.688142938
-2.580000000 0.710115299
-2.560000000 0.737903747
-2.540000000 0.771689939
-2.520000000 0.810013714
-2.500000000 0.850139544
-2.480000000 0.888827492
-2.460000000 0.923277614
-2.440000000 0.951957586
-2.420000000 0.975055758
-2.400000000 0.994417169
-2.380000000 1.012982131
-2.360000000 1.033904150
-2.340000000 1.059625261
-2.320000000 1.091199095
-2.300000000 1.128070571
-2.280000000 1.168372037
-2.260000000 1.209627351
-2.240000000 1.249622893
-2.220000000 1.287151597
-2.200000000 1.322380582
-2.180000000 1.356720662
-2.160000000 1.392245025
-2.140000000 1.430858531
-2.120000000 1.473506898
-2.100000000 1.519706057
-2.080000000 1.567568054
-2.060000000 1.614334088
-2.040000000 1.657252292
-2.020000000 1.694515113
-2.000000000 1.725940823
-1.980000000 1.753157745
-1.960000000 1.779206037
-1.940000000 1.807660533
-1.920000000 1.841537930
-1.900000000 1.882329698
-1.880000000 1.929471361
-1.860000000 1.980427401
-1.840000000 2.031379794
-1.820000000 2.078317752
-1.800000000 2.118197940
-1.780000000 2.149819585
-1.760000000 2.174146384
-1.740000000 2.193979220
-1.720000000 2.213085945
-1.700000000 2.235062376
-1.680000000 2.262278962
-1.660000000 2.295235276
-1.640000000 2.332510758
-1.620000000 2.371308622
-1.600000000 2.408402513
-1.580000000 2.441172151
-1.560000000 2.468393662
-1.540000000 2.490537615
-1.520000000 2.509493080
-1.500000000 2.527824696
-1.480000000 2.547820058
-1.460000000 2.570648591
-1.440000000 2.595910863
-1.420000000 2.621724444
-1.400000000 2.645313681
-1.380000000 2.663905224
-1.360000000 2.675632903
-1.340000000 2.680155623
-1.320000000 2.678789124
-1.300000000 2.674113189
-1.280000000 2.669186805
-1.260000000 2.666628494
-1.240000000 2.667857625
-1.220000000 2.672733659
-1.200000000 2.679695280
-1.180000000 2.686335952
-1.160000000 2.690211884
-1.140000000 2.689608555
-1.120000000 2.684014692
-1.100000000 2.674158389
-1.080000000 2.661612126
-1.060000000 2.648119909
-1.040000000 2.634891576
-1.020000000 2.622116249
-1.000000000 2.608867762
-0.980000000 2.593437283
-0.960000000 2.573979293
-0.940000000 2.549247132
-0.920000000 2.519160495
-0.900000000 2.485000746
-0.880000000 2.449152675
-0.860000000 2.414462353
-0.840000000 2.383409463
-0.820000000 2.357356499
-0.800000000 2.336115335
-0.780000000 2.317971537
-0.760000000 2.300161566
-0.740000000 2.279655459
-0.720000000 2.254003759
-0.700000000 2.221992226
-0.680000000 2.183914258
-0.660000000 2.141396110
-0.640000000 2.096851476
-0.620000000 2.052753963
-0.600000000 2.010962725
-0.580000000 1.972305441
-0.560000000 1.936526912
-0.540000000 1.902585231
-0.520000000 1.869163896
-0.500000000 1.835204969
-0.480000000 1.800274747
-0.460000000 1.764644432
-0.440000000 1.729077134
-0.420000000 1.694419958
-0.400000000 1.661168413
-0.380000000 1.629176591
-0.360000000 1.597629621
-0.340000000 1.565295873
-0.320000000 1.530971172
-0.300000000 1.493953493
-0.280000000 1.454370797
-0.260000000 1.413232805
-0.240000000 1.372173158
-0.220000000 1.332958243
-0.200000000 1.296924458
-0.180000000 1.264536408
-0.160000000 1.235222717
-0.140000000 1.207555104
-0.120000000 1.179720389
-0.100000000 1.150133753
-0.080000000 1.117989688
-0.060000000 1.083563250
-0.040000000 1.048154052
-0.020000000 1.013683050
0.000000000 0.982068469
0.020000000 0.954583293
0.040000000 0.931406753
0.060000000 0.911522048
0.080000000 0.893001427
0.100000000 0.873594044
0.120000000 0.851432661
0.140000000 0.825635234
0.160000000 0.796609419
0.180000000 0.765962040
0.200000000 0.736040575
0.220000000 0.709249343
0.240000000 0.687352230
0.260000000 0.670974618
0.280000000 0.659450869
0.300000000 0.651052508
0.320000000 0.643513186
0.340000000 0.634677778
0.360000000 0.623072388
0.380000000 0.608227402
0.400000000 0.590673283
0.420000000 0.571637919
0.440000000 0.552568388
0.460000000 0.534648643
0.480000000 0.518473425
0.500000000 0.503974209
0.520000000 0.490599126
0.540000000 0.477658908
0.560000000 0.464695952
0.580000000 0.451731564
0.600000000 0.439296619
0.620000000 0.428234239
0.640000000 0.419349652
0.660000000 0.413040931
0.680000000 0.409054312
0.700000000 0.406465425
0.720000000 0.403907968
0.740000000 0.399982033
0.760000000 0.393706949
0.780000000 0.384862169
0.800000000 0.374092607
0.820000000 0.362731701
0.840000000 0.352390310
0.860000000 0.344440656
0.880000000 0.339563558
0.900000000 0.337510593
0.920000000 0.337165115
0.940000000 0.336889096
0.960000000 0.335048644
0.980000000 0.330550698
1.000000000 0.323217240
1.020000000 0.313873612
1.040000000 0.304118168
1.060000000 0.295842138
1.080000000 0.290648293
1.100000000 0.289349293
1.120000000 0.291701249
1.140000000 0.296453695
1.160000000 0.301698278
1.180000000 0.305406597
1.200000000 0.305992058
1.220000000 0.302727799
1.240000000 0.295902395
1.260000000 0.286679601
1.280000000 0.276720024
1.300000000 0.267691932
1.320000000 0.260824411
1.340000000 0.256632529
1.360000000 0.254881140
1.380000000 0.254773842
1.400000000 0.255283476
1.420000000 0.255502613
1.440000000 0.254897524
1.460000000 0.253392737
1.480000000 0.251278386
1.500000000 0.248995815
1.520000000 0.246896208
1.540000000 0.245070039
1.560000000 0.243312266
1.580000000 0.241232649
1.600000000 0.238463032
1.620000000 0.234874957
1.640000000 0.230715222
1.660000000 0.226596011
1.680000000 0.223329528
1.700000000 0.221655525
1.720000000 0.221952981
1.740000000 0.224038803
1.760000000 0.227132209
1.780000000 0.230011048
1.800000000 0.231323150
1.820000000 0.229963134
1.840000000 0.225400648
1.860000000 0.217858209
1.880000000 0.208281777
1.900000000 0.198110351
1.920000000 0.188911754
1.940000000 0.181990969
1.960000000 0.178082714
1.980000000 0.177210828
2.000000000 0.178743525
2.020000000 0.181613906
2.040000000 0.184628268
2.060000000 0.186765120
2.080000000 0.187380174
2.100000000 0.186270750
2.120000000 0.183602987
2.140000000 0.179749383
2.160000000 0.175108138
2.180000000 0.169972663
2.200000000 0.164492404
2.220000000 0.158725964
2.240000000 0.152749752
2.260000000 0.146763753
2.280000000 0.141138210
2.300000000 0.136369492
2.320000000 0.132950966
2.340000000 0.131200971
2.360000000 0.131111446
2.380000000 0.132278987
2.400000000 0.133955162
2.420000000 0.135213112
2.440000000 0.135186542
2.460000000 0.133309613
2.480000000 0.129481883
2.500000000 0.124103526
2.520000000 0.117965818
2.540000000 0.112027530
2.560000000 0.107144179
2.580000000 0.103832076
2.600000000 0.102137927
2.620000000 0.101651021
2.640000000 0.101650057
2.660000000 0.101334994
2.680000000 0.100069497
2.700000000 0.097559089
2.720000000 0.093913536
2.740000000 0.089580966
2.760000000 0.085182472
2.780000000 0.081306156
2.800000000 0.078329045
2.820000000 0.076322132
2.840000000 0.075063133
2.860000000 0.074144468
2.880000000 0.073133094
2.900000000 0.071724219
2.920000000 0.069836683
2.940000000 0.067620993
2.960000000 0.065382898
2.980000000 0.063454616
3.000000000 0.062062498
3.020000000 0.061238749
3.040000000 0.060807133
3.060000000 0.060445045
3.080000000 0.059797227
3.100000000 0.058598981
3.120000000 0.056764964
3.140000000 0.054413441
3.160000000 0.051819826
3.180000000 0.049318655
3.200000000 0.047190611
3.220000000 0.045575055
3.240000000 0.044437602
3.260000000 0.043601161
3.280000000 0.042825373
3.300000000 0.041902203
3.320000000 0.040730753
3.340000000 0.039343511
3.360000000 0.037875769
3.380000000 0.036492326
3.400000000 0.035302441
3.420000000 0.034298962
3.440000000 0.033348690
3.460000000 0.032241357
3.480000000 0.030781424
3.500000000 0.028888703
3.520000000 0.026667698
3.540000000 0.024414174
3.560000000 0.022548363
3.580000000 0.021490404
3.600000000 0.021515835
3.620000000 0.022639325
3.640000000 0.024568981
3.660000000 0.026752963
3.680000000 0.028511088
3.700000000 0.029216092
3.720000000 0.028471605
3.740000000 0.026232706
3.760000000 0.022830980
3.780000000 0.018894304
3.800000000 0.015183347
3.820000000 0.012391820
3.840000000 0.010968044
3.860000000 0.011008268
3.880000000 0.012249804
3.900000000 0.014161796
3.920000000 0.016102960
3.940000000 0.017497540
3.960000000 0.017978374
3.980000000 0.017459150
