-4.00000000 -0.00099768
-3.98000000 0.00138849
-3.96000000 0.00549392
-3.94000000 0.00959887
-3.92000000 0.01180099
-3.90000000 0.01073456
-3.88000000 0.00612382
-3.86000000 -0.00104379
-3.84000000 -0.00880572
-3.82000000 -0.01488757
-3.80000000 -0.01751311
-3.78000000 -0.01606870
-3.76000000 -0.01137064
-3.74000000 -0.00541849
-3.72000000 -0.00070052
-3.70000000 0.00071590
-3.68000000 -0.00201349
-3.66000000 -0.00811350
-3.64000000 -0.01536504
-3.62000000 -0.02081958
-3.60000000 -0.02182390
-3.58000000 -0.01700388
-3.56000000 -0.00685358
-3.54000000 0.00629999
-3.52000000 0.01897564
-3.50000000 0.02765252
-3.48000000 0.02995021
-3.46000000 0.02546586
-3.44000000 0.01596381
-3.42000000 0.00482835
-3.40000000 -0.00405518
-3.38000000 -0.00762021
-3.36000000 -0.00468622
-3.34000000 0.00360620
-3.32000000 0.01416319
-3.30000000 0.02300269
-3.28000000 0.02666356
-3.26000000 0.02347319
-3.24000000 0.01422278
-3.22000000 0.00199252
-3.20000000 -0.00884093
-3.18000000 -0.01409443
-3.16000000 -0.01126147
-3.14000000 -0.00047022
-3.12000000 0.01543383
-3.10000000 0.03173635
-3.08000000 0.04336673
-3.06000000 0.04656976
-3.04000000 0.04016413
-3.02000000 0.02594646
-3.00000000 0.00808897
-2.98000000 -0.00827175
-2.96000000 -0.01877004
-2.94000000 -0.02126277
-2.92000000 -0.01647999
-2.90000000 -0.00763468
-2.88000000 0.00087845
-2.86000000 0.00523109
-2.84000000 0.00371653
-2.82000000 -0.00247723
-2.80000000 -0.00959854
-2.78000000 -0.01269337
-2.76000000 -0.00753623
-2.74000000 0.00756673
-2.72000000 0.03079356
-2.70000000 0.05707350
-2.68000000 0.07960489
-2.66000000 0.09216537
-2.64000000 0.09143352
-2.62000000 0.07848001
-2.60000000 0.05882230
-2.58000000 0.04090529
-2.56000000 0.03341834
-2.54000000 0.04229827
-2.52000000 0.06843761
-2.50000000 0.10694183
-2.48000000 0.14829915
-2.46000000 0.18119191
-2.44000000 0.19609913
-2.42000000 0.18852082
-2.40000000 0.16071778
-2.38000000 0.12130628
-2.36000000 0.08274036
-2.34000000 0.05743117
-2.32000000 0.05374799
-2.30000000 0.07323952
-2.28000000 0.11005565
-2.26000000 0.15284150
-2.24000000 0.18854379
-2.22000000 0.20689424
-2.20000000 0.20405524
-2.18000000 0.18414290
-2.16000000 0.15802643
-2.14000000 0.13972530
-2.12000000 0.14157915
-2.10000000 0.16985053
-2.08000000 0.22235006
-2.06000000 0.28904177
-2.04000000 0.35558183
-2.02000000 0.40869460
-2.00000000 0.44155816
-1.98000000 0.45723150
-1.96000000 0.46869691
-1.94000000 0.49517123
-1.92000000 0.55562729
-1.90000000 0.66153232
-1.88000000 0.81127539
-1.86000000 0.98841531
-1.84000000 1.16478958
-1.82000000 1.30799062
-1.80000000 1.39121638
-1.78000000 1.40253616
-1.76000000 1.35053494
-1.74000000 1.26420103
-1.72000000 1.18657680
-1.70000000 1.16362144
-1.68000000 1.23133699
-1.66000000 1.40495662
-1.64000000 1.67359864
-1.62000000 2.00231202
-1.60000000 2.34128189
-1.58000000 2.63976704
-1.56000000 2.86078439
-1.54000000 2.99215128
-1.52000000 3.05041979
-1.50000000 3.07625831
-1.48000000 3.12237638
-1.46000000 3.23738923
-1.44000000 3.45036665
-1.42000000 3.76076332
-1.40000000 4.13695577
-1.38000000 4.52411985
-1.36000000 4.85939908
-1.34000000 5.09007217
-1.32000000 5.18941645
-1.30000000 5.16551339
-1.28000000 5.06021830
-1.26000000 4.93835295
-1.24000000 4.87004377
-1.22000000 4.91116927
-1.20000000 5.08748459
-1.18000000 5.38697142
-1.16000000 5.76261118
-1.14000000 6.14479039
-1.12000000 6.45979786
-1.10000000 6.64917014
-1.08000000 6.68447339
-1.06000000 6.57350892
-1.04000000 6.35646158
-1.02000000 6.09341439
-1.00000000 5.84706977
-0.98000000 5.66575110
-0.96000000 5.57147803
-0.94000000 5.55624207
-0.92000000 5.58709319
-0.90000000 5.61805550
-0.88000000 5.60499309
-0.86000000 5.51888253
-0.84000000 5.35366444
-0.82000000 5.12666927
-0.80000000 4.87194601
-0.78000000 4.62893828
-0.76000000 4.43021963
-0.74000000 4.29207305
-0.72000000 4.21061341
-0.70000000 4.16429633
-0.68000000 4.12164154
-0.66000000 4.05145604
-0.64000000 3.93222727
-0.62000000 3.75781642
-0.60000000 3.53791828
-0.58000000 3.29350336
-0.56000000 3.04904646
-0.54000000 2.82427541
-0.52000000 2.62817848
-0.50000000 2.45712847
-0.48000000 2.29753694
-0.46000000 2.13193385
-0.44000000 1.94626960
-0.42000000 1.73589994
-0.40000000 1.50822160
-0.38000000 1.28108561
-0.36000000 1.07753004
-0.34000000 0.91857694
-0.32000000 0.81644796
-0.30000000 0.77038753
-0.28000000 0.76641749
-0.26000000 0.78107902
-0.24000000 0.78796395
-0.22000000 0.76499619
-0.20000000 0.70025005
-0.18000000 0.59461726
-0.16000000 0.46066756
-0.14000000 0.31824299
-0.12000000 0.18829951
-0.10000000 0.08696345
-0.08000000 0.02158508
-0.06000000 -0.01016331
-0.04000000 -0.01812119
-0.02000000 -0.01535360
0.00000000 -0.01330402
0.02000000 -0.01801916
0.04000000 -0.02861919
0.06000000 -0.03837212
0.08000000 -0.03784478
0.10000000 -0.01893777
0.12000000 0.02162492
0.14000000 0.08053285
0.16000000 0.14840663
0.18000000 0.21236787
0.20000000 0.25976263
0.22000000 0.28179456
0.24000000 0.27590510
0.26000000 0.24619636
0.28000000 0.20186000
0.30000000 0.15421989
0.32000000 0.11340754
0.34000000 0.08574110
0.36000000 0.07257542
0.38000000 0.07085080
0.40000000 0.07498673
0.42000000 0.07934281
0.44000000 0.08033620
0.46000000 0.07749506
0.48000000 0.07315631
0.50000000 0.07102534
0.52000000 0.07422118
0.54000000 0.08359683
0.56000000 0.09699881
0.58000000 0.10976705
0.60000000 0.11631114
0.62000000 0.11219745
0.64000000 0.09598665
0.66000000 0.07013774
0.68000000 0.04061397
0.70000000 0.01527409
0.72000000 0.00155364
0.74000000 0.00418943
0.76000000 0.02373277
0.78000000 0.05633814
0.80000000 0.09489331
0.82000000 0.13111953
0.84000000 0.15796153
0.86000000 0.17150898
0.88000000 0.17186396
0.90000000 0.16272992
0.92000000 0.14992067
0.94000000 0.13933085
0.96000000 0.13506026
0.98000000 0.13829779
1.00000000 0.14728588
1.02000000 0.15830437
1.04000000 0.16726727
1.06000000 0.17133390
1.08000000 0.16995670
1.10000000 0.16500922
1.12000000 0.15997632
1.14000000 0.15852454
1.16000000 0.16298752
1.18000000 0.17332584
1.20000000 0.18694836
1.22000000 0.19947538
1.24000000 0.20619091
1.26000000 0.20368757
1.28000000 0.19113607
1.30000000 0.17073466
1.32000000 0.14716922
1.34000000 0.12624569
1.36000000 0.11313266
1.38000000 0.11077977
1.40000000 0.11901707
1.42000000 0.13461528
1.44000000 0.15227371
1.46000000 0.16620787
1.48000000 0.17182771
1.50000000 0.16698710
1.52000000 0.15244212
1.54000000 0.13142299
1.56000000 0.10850953
1.58000000 0.08820854
1.60000000 0.07369847
1.62000000 0.06611780
1.64000000 0.06456631
1.66000000 0.06674027
1.68000000 0.06991836
1.70000000 0.07192367
1.72000000 0.07173110
1.74000000 0.06954728
1.76000000 0.06639757
1.78000000 0.06343645
1.80000000 0.06128802
1.82000000 0.05969354
1.84000000 0.05760890
1.86000000 0.05370859
1.88000000 0.04708627
1.90000000 0.03785672
1.92000000 0.02739321
1.94000000 0.01806612
1.96000000 0.01253688
1.98000000 0.01283516
2.00000000 0.01954362
2.02000000 0.03139594
2.04000000 0.04546329
2.06000000 0.05790722
2.08000000 0.06507934
2.10000000 0.06462074
2.12000000 0.05620220
2.14000000 0.04165552
2.16000000 0.02444236
2.18000000 0.00862292
2.20000000 -0.00234869
2.22000000 -0.00661949
2.24000000 -0.00440978
2.26000000 0.00217749
2.28000000 0.00993289
2.30000000 0.01563536
2.32000000 0.01710068
2.34000000 0.01384269
2.36000000 0.00714290
2.38000000 -0.00047445
2.40000000 -0.00616694
2.42000000 -0.00777535
2.44000000 -0.00456259
2.46000000 0.00255180
2.48000000 0.01132657
2.50000000 0.01897460
2.52000000 0.02310510
2.54000000 0.02250918
2.56000000 0.01752707
2.58000000 0.00988447
2.60000000 0.00206858
2.62000000 -0.00353112
2.64000000 -0.00541856
2.66000000 -0.00345462
2.68000000 0.00115927
2.70000000 0.00635652
2.72000000 0.00996233
2.74000000 0.01046282
2.76000000 0.00752016
2.78000000 0.00206227
2.80000000 -0.00407266
2.82000000 -0.00880202
2.84000000 -0.01053565
2.86000000 -0.00872510
2.88000000 -0.00403788
2.90000000 0.00189664
2.92000000 0.00707240
2.94000000 0.00981257
2.96000000 0.00934729
2.98000000 0.00606365
3.00000000 0.00134597
3.02000000 -0.00293190
3.04000000 -0.00507971
3.06000000 -0.00419245
3.08000000 -0.00047155
3.10000000 0.00484296
3.12000000 0.00990152
3.14000000 0.01288295
3.16000000 0.01261880
3.18000000 0.00898978
3.20000000 0.00296172
3.22000000 -0.00374517
3.24000000 -0.00923429
3.26000000 -0.01205558
3.28000000 -0.01166039
3.30000000 -0.00853790
3.32000000 -0.00399559
3.34000000 0.00032947
3.36000000 0.00305164
3.38000000 0.00350504
3.40000000 0.00193951
3.42000000 -0.00061689
3.44000000 -0.00277099
3.46000000 -0.00329979
3.48000000 -0.00161443
3.50000000 0.00201202
3.52000000 0.00653144
3.54000000 0.01048836
3.56000000 0.01253541
3.58000000 0.01191274
3.60000000 0.00872219
3.62000000 0.00390076
3.64000000 -0.00109543
3.66000000 -0.00478408
3.68000000 -0.00615341
3.70000000 -0.00498983
3.72000000 -0.00192550
3.74000000 0.00180649
3.76000000 0.00481850
3.78000000 0.00605688
3.80000000 0.00516051
3.82000000 0.00256563
3.84000000 -0.00067542
3.86000000 -0.00329227
3.88000000 -0.00426644
3.90000000 -0.00320390
3.92000000 -0.00047767
3.94000000 0.00290939
3.96000000 0.00569095
3.98000000 0.00680065
