-4.00000000 0.01681354
-3.98000000 0.00307873
-3.96000000 -0.01198624
-3.94000000 -0.02302118
-3.92000000 -0.02601831
-3.90000000 -0.01974360
-3.88000000 -0.00619634
-3.86000000 0.01006543
-3.84000000 0.02350818
-3.82000000 0.02956715
-3.80000000 0.02626848
-3.78000000 0.01495057
-3.76000000 -0.00018473
-3.74000000 -0.01355065
-3.72000000 -0.02017647
-3.70000000 -0.01752869
-3.68000000 -0.00650004
-3.66000000 0.00880584
-3.64000000 0.02244798
-3.62000000 0.02872401
-3.60000000 0.02423314
-3.58000000 0.00919779
-3.56000000 -0.01244264
-3.54000000 -0.03423424
-3.52000000 -0.04932442
-3.50000000 -0.05278000
-3.48000000 -0.04330970
-3.46000000 -0.02378142
-3.44000000 -0.00032979
-3.42000000 0.01966694
-3.40000000 0.03006492
-3.38000000 0.02804220
-3.36000000 0.01507084
-3.34000000 -0.00357749
-3.32000000 -0.02064169
-3.30000000 -0.02938819
-3.28000000 -0.02597187
-3.26000000 -0.01081934
-3.24000000 0.01145939
-3.22000000 0.03362013
-3.20000000 0.04827490
-3.18000000 0.05046741
-3.16000000 0.03943417
-3.14000000 0.01892158
-3.12000000 -0.00407637
-3.10000000 -0.02174392
-3.08000000 -0.02820129
-3.06000000 -0.02162914
-3.04000000 -0.00499645
-3.02000000 0.01489887
-3.00000000 0.02978174
-2.98000000 0.03285357
-2.96000000 0.02132614
-2.94000000 -0.00236694
-2.92000000 -0.03114699
-2.90000000 -0.05551175
-2.88000000 -0.06668383
-2.86000000 -0.05962851
-2.84000000 -0.03490150
-2.82000000 0.00133608
-2.80000000 0.03918405
-2.78000000 0.06815698
-2.76000000 0.08057983
-2.74000000 0.07407988
-2.72000000 0.05232149
-2.70000000 0.02372049
-2.68000000 -0.00143482
-2.66000000 -0.01447642
-2.64000000 -0.01126183
-2.62000000 0.00651750
-2.60000000 0.03208724
-2.58000000 0.05614726
-2.56000000 0.07034032
-2.54000000 0.07040035
-2.52000000 0.05783717
-2.50000000 0.03951043
-2.48000000 0.02518380
-2.46000000 0.02387952
-2.44000000 0.04031533
-2.42000000 0.07273073
-2.40000000 0.11297219
-2.38000000 0.14894466
-2.36000000 0.16870219
-2.34000000 0.16483242
-2.32000000 0.13761008
-2.30000000 0.09573515
-2.28000000 0.05423472
-2.26000000 0.03005224
-2.24000000 0.03665828
-2.22000000 0.07941474
-2.20000000 0.15325962
-2.18000000 0.24358705
-2.16000000 0.33019016
-2.14000000 0.39313576
-2.12000000 0.41878078
-2.10000000 0.40404505
-2.08000000 0.35756918
-2.06000000 0.29735251
-2.04000000 0.24557790
-2.02000000 0.22222652
-2.00000000 0.23947251
-1.98000000 0.29859459
-1.96000000 0.39032753
-1.94000000 0.49846562
-1.92000000 0.60548537
-1.90000000 0.69831870
-1.88000000 0.77238915
-1.86000000 0.83262714
-1.84000000 0.89120265
-1.82000000 0.96281508
-1.80000000 1.05919059
-1.78000000 1.18468768
-1.76000000 1.33451841
-1.74000000 1.49619049
-1.72000000 1.65366849
-1.70000000 1.79281893
-1.68000000 1.90625906
-1.66000000 1.99592878
-1.64000000 2.07248195
-1.62000000 2.15168644
-1.60000000 2.24905833
-1.58000000 2.37457942
-1.56000000 2.52933925
-1.54000000 2.70529917
-1.52000000 2.88830816
-1.50000000 3.06336946
-1.48000000 3.22035025
-1.46000000 3.35812714
-1.44000000 3.48564750
-1.42000000 3.61940872
-1.40000000 3.77807635
-1.38000000 3.97596746
-1.36000000 4.21757102
-1.34000000 4.49499940
-1.32000000 4.78934243
-1.30000000 5.07562362
-1.28000000 5.32985684
-1.26000000 5.53597358
-1.24000000 5.69038655
-1.22000000 5.80268887
-1.20000000 5.89222563
-1.18000000 5.98161335
-1.16000000 6.08928076
-1.14000000 6.22342715
-1.12000000 6.37933111
-1.10000000 6.54084101
-1.08000000 6.68550106
-1.06000000 6.79157075
-1.04000000 6.84458075
-1.02000000 6.84124220
-1.00000000 6.78943561
-0.98000000 6.70434756
-0.96000000 6.60214808
-0.94000000 6.49346149
-0.92000000 6.37897981
-0.90000000 6.24885952
-0.88000000 6.08625549
-0.86000000 5.87390820
-0.84000000 5.60159580
-0.82000000 5.27187246
-0.80000000 4.90198804
-0.78000000 4.52108274
-0.76000000 4.16329247
-0.74000000 3.85877991
-0.72000000 3.62546271
-0.70000000 3.46407817
-0.68000000 3.35822782
-0.66000000 3.27949175
-0.64000000 3.19608904
-0.62000000 3.08240920
-0.60000000 2.92643249
-0.58000000 2.73270540
-0.56000000 2.51994467
-0.54000000 2.31406328
-0.52000000 2.13889288
-0.50000000 2.00763915
-0.48000000 1.91789553
-0.46000000 1.85191542
-0.44000000 1.78215616
-0.42000000 1.68039570
-0.40000000 1.52753348
-0.38000000 1.32090623
-0.36000000 1.07667454
-0.34000000 0.82634648
-0.32000000 0.60832885
-0.30000000 0.45696349
-0.28000000 0.39232424
-0.26000000 0.41386291
-0.24000000 0.49985758
-0.22000000 0.61288670
-0.20000000 0.70976002
-0.18000000 0.75303153
-0.16000000 0.72078910
-0.14000000 0.61197654
-0.12000000 0.44586593
-0.10000000 0.25603056
-0.08000000 0.08074047
-0.06000000 -0.04735198
-0.04000000 -0.10930965
-0.02000000 -0.10366935
0.00000000 -0.04512570
0.02000000 0.04107523
0.04000000 0.12706078
0.06000000 0.19008644
0.08000000 0.21790069
0.10000000 0.21041703
0.12000000 0.17762711
0.14000000 0.13483804
0.16000000 0.09702594
0.18000000 0.07417918
0.20000000 0.06898293
0.22000000 0.07729006
0.24000000 0.09085774
0.26000000 0.10112733
0.28000000 0.10259773
0.30000000 0.09462924
0.32000000 0.08117789
0.34000000 0.06874506
0.36000000 0.06345284
0.38000000 0.06841451
0.40000000 0.08239230
0.42000000 0.10020868
0.44000000 0.11470744
0.46000000 0.11949306
0.48000000 0.11140969
0.50000000 0.09184064
0.52000000 0.06635769
0.54000000 0.04285830
0.56000000 0.02887332
0.58000000 0.02901599
0.60000000 0.04347672
0.62000000 0.06807929
0.64000000 0.09584792
0.66000000 0.11949679
0.68000000 0.13393554
0.70000000 0.13789632
0.72000000 0.13412020
0.74000000 0.12807002
0.76000000 0.12567096
0.78000000 0.13092739
0.80000000 0.14430265
0.82000000 0.16246432
0.84000000 0.17949683
0.86000000 0.18914436
0.88000000 0.18726495
0.90000000 0.17358855
0.92000000 0.15211000
0.94000000 0.12993061
0.96000000 0.11491718
0.98000000 0.11297998
1.00000000 0.12592515
1.02000000 0.15065516
1.04000000 0.18003392
1.06000000 0.20515765
1.08000000 0.21827875
1.10000000 0.21539137
1.12000000 0.19758966
1.14000000 0.17072045
1.16000000 0.14343290
1.18000000 0.12427877
1.20000000 0.11884763
1.22000000 0.12791679
1.24000000 0.14725358
1.26000000 0.16914388
1.28000000 0.18512684
1.30000000 0.18899586
1.32000000 0.17902485
1.34000000 0.15863516
1.36000000 0.13524683
1.38000000 0.11768073
1.40000000 0.11298389
1.42000000 0.12376575
1.44000000 0.14698077
1.46000000 0.17462164
1.48000000 0.19615097
1.50000000 0.20191063
1.52000000 0.18640420
1.54000000 0.15036567
1.56000000 0.10090449
1.58000000 0.04963080
1.60000000 0.00931546
1.62000000 -0.00988553
1.64000000 -0.00346822
1.66000000 0.02606326
1.68000000 0.06993318
1.70000000 0.11567778
1.72000000 0.15075981
1.74000000 0.16609499
1.76000000 0.15842788
1.78000000 0.13088424
1.80000000 0.09161689
1.82000000 0.05105730
1.84000000 0.01869541
1.86000000 0.00040998
1.88000000 -0.00285907
1.90000000 0.00522227
1.92000000 0.01814141
1.94000000 0.02904424
1.96000000 0.03310429
1.98000000 0.02897578
2.00000000 0.01890542
2.02000000 0.00755751
2.04000000 0.00004325
2.06000000 -0.00010546
2.08000000 0.00770612
2.10000000 0.02090567
2.12000000 0.03469794
2.14000000 0.04381443
2.16000000 0.04442680
2.18000000 0.03554028
2.20000000 0.01938092
2.22000000 0.00065198
2.24000000 -0.01506807
2.26000000 -0.02321942
2.28000000 -0.02178809
2.30000000 -0.01194561
2.32000000 0.00240545
2.34000000 0.01600678
2.36000000 0.02405448
2.38000000 0.02381808
2.40000000 0.01552023
2.42000000 0.00219219
2.44000000 -0.01142384
2.46000000 -0.02053105
2.48000000 -0.02191678
2.50000000 -0.01501647
2.52000000 -0.00205484
2.54000000 0.01276115
2.56000000 0.02469936
2.58000000 0.03009788
2.60000000 0.02755377
2.62000000 0.01831381
2.64000000 0.00575912
2.66000000 -0.00581207
2.68000000 -0.01266628
2.70000000 -0.01286683
2.72000000 -0.00684452
2.74000000 0.00286451
2.76000000 0.01259256
2.78000000 0.01886328
2.80000000 0.01959251
2.82000000 0.01475409
2.84000000 0.00629777
2.86000000 -0.00262560
2.88000000 -0.00883500
2.90000000 -0.01025984
2.92000000 -0.00664660
2.94000000 0.00040713
2.96000000 0.00808484
2.98000000 0.01340675
3.00000000 0.01432035
3.02000000 0.01043330
3.04000000 0.00313141
3.06000000 -0.00495071
3.08000000 -0.01090627
3.10000000 -0.01262221
3.12000000 -0.00954867
3.14000000 -0.00289646
3.16000000 0.00480548
3.18000000 0.01063052
3.20000000 0.01232015
3.22000000 0.00911170
3.24000000 0.00203084
3.26000000 -0.00645684
3.28000000 -0.01331239
3.30000000 -0.01600092
3.32000000 -0.01339787
3.34000000 -0.00620236
3.36000000 0.00328999
3.38000000 0.01197635
3.40000000 0.01702180
3.42000000 0.01684305
3.44000000 0.01165606
3.46000000 0.00339554
3.48000000 -0.00496523
3.50000000 -0.01045624
3.52000000 -0.01114975
3.54000000 -0.00683368
3.56000000 0.00091527
3.58000000 0.00928380
3.60000000 0.01520635
3.62000000 0.01643837
3.64000000 0.01234516
3.66000000 0.00413232
3.68000000 -0.00556139
3.70000000 -0.01356706
3.72000000 -0.01727114
3.74000000 -0.01550843
3.76000000 -0.00895545
3.78000000 0.00010897
3.80000000 0.00858996
3.82000000 0.01363632
3.84000000 0.01360775
3.86000000 0.00861883
3.88000000 0.00047710
3.90000000 -0.00795686
3.92000000 -0.01376123
3.94000000 -0.01495209
3.96000000 -0.01114653
3.98000000 -0.00366689
