-6.000000 -0.099751 0.000000
-5.994000 -0.099850 0.000000
-5.988000 -0.099950 0.000000
-5.982000 -0.100049 0.000000
-5.976000 -0.100149 0.000000
-5.970000 -0.100249 0.000000
-5.964000 -0.100350 0.000000
-5.958000 -0.100450 0.000000
-5.952000 -0.100551 0.000000
-5.946000 -0.100652 0.000000
-5.940000 -0.100753 0.000000
-5.934000 -0.100854 0.000000
-5.928000 -0.100956 0.000000
-5.922000 -0.101058 0.000000
-5.916000 -0.101160 0.000000
-5.910000 -0.101262 0.000000
-5.904000 -0.101364 0.000000
-5.898000 -0.101467 0.000000
-5.892000 -0.101570 0.000000
-5.886000 -0.101673 0.000000
-5.880000 -0.101776 0.000000
-5.874000 -0.101879 0.000000
-5.868000 -0.101983 0.000000
-5.862000 -0.102087 0.000000
-5.856000 -0.102191 0.000000
-5.850000 -0.102295 0.000000
-5.844000 -0.102400 0.000000
-5.838000 -0.102504 0.000000
-5.832000 -0.102609 0.000000
-5.826000 -0.102714 0.000000
-5.820000 -0.102820 0.000000
-5.814000 -0.102925 0.000000
-5.808000 -0.103031 0.000000
-5.802000 -0.103137 0.000000
-5.796000 -0.103243 0.000000
-5.790000 -0.103349 0.000000
-5.784000 -0.103456 0.000000
-5.778000 -0.103563 0.000000
-5.772000 -0.103670 0.000000
-5.766000 -0.103777 0.000000
-5.760000 -0.103885 0.000000
-5.754000 -0.103993 0.000000
-5.748000 -0.104101 0.000000
-5.742000 -0.104209 0.000000
-5.736000 -0.104317 0.000000
-5.730000 -0.104426 0.000000
-5.724000 -0.104535 0.000000
-5.718000 -0.104644 0.000000
-5.712000 -0.104753 0.000000
-5.706000 -0.104863 0.000000
-5.700000 -0.104972 0.000000
-5.694000 -0.105082 0.000000
-5.688000 -0.105193 0.000000
-5.682000 -0.105303 0.000000
-5.676000 -0.105414 0.000000
-5.670000 -0.105525 0.000000
-5.664000 -0.105636 0.000000
-5.658000 -0.105747 0.000000
-5.652000 -0.105859 0.000000
-5.646000 -0.105971 0.000000
-5.640000 -0.106083 0.000000
-5.634000 -0.106195 0.000000
-5.628000 -0.106308 0.000000
-5.622000 -0.106421 0.000000
-5.616000 -0.106534 0.000000
-5.610000 -0.106647 0.000000
-5.604000 -0.106760 0.000000
-5.598000 -0.106874 0.000000
-5.592000 -0.106988 0.000000
-5.586000 -0.107102 0.000000
-5.580000 -0.107217 0.000000
-5.574000 -0.107332 0.000000
-5.568000 -0.107447 0.000000
-5.562000 -0.107562 0.000000
-5.556000 -0.107677 0.000000
-5.550000 -0.107793 0.000000
-5.544000 -0.107909 0.000000
-5.538000 -0.108025 0.000000
-5.532000 -0.108142 0.000000
-5.526000 -0.108259 0.000000
-5.520000 -0.108376 0.000000
-5.514000 -0.108493 0.000000
-5.508000 -0.108610 0.000000
-5.502000 -0.108728 0.000000
-5.496000 -0.108846 0.000000
-5.490000 -0.108964 0.000000
-5.484000 -0.109083 0.000000
-5.478000 -0.109202 0.000000
-5.472000 -0.109321 0.000000
-5.466000 -0.109440 0.000000
-5.460000 -0.109559 0.000000
-5.454000 -0.109679 0.000000
-5.448000 -0.109799 0.000000
-5.442000 -0.109920 0.000000
-5.436000 -0.110040 0.000000
-5.430000 -0.110161 0.000000
-5.424000 -0.110282 0.000000
-5.418000 -0.110403 0.000000
-5.412000 -0.110525 0.000000
-5.406000 -0.110647 0.000000
-5.400000 -0.110769 0.000000
-5.394000 -0.110892 0.000000
-5.388000 -0.111014 0.000000
-5.382000 -0.111137 0.000000
-5.376000 -0.111261 0.000000
-5.370000 -0.111384 0.000000
-5.364000 -0.111508 0.000000
-5.358000 -0.111632 0.000000
-5.352000 -0.111756 0.000000
-5.346000 -0.111881 0.000000
-5.340000 -0.112006 0.000000
-5.334000 -0.112131 0.000000
-5.328000 -0.112257 0.000000
-5.322000 -0.112382 0.000000
-5.316000 -0.112509 0.000000
-5.310000 -0.112635 0.000000
-5.304000 -0.112761 0.000000
-5.298000 -0.112888 0.000000
-5.292000 -0.113015 0.000000
-5.286000 -0.113143 0.000000
-5.280000 -0.113271 0.000000
-5.274000 -0.113399 0.000000
-5.268000 -0.113527 0.000000
-5.262000 -0.113656 0.000000
-5.256000 -0.113785 0.000000
-5.250000 -0.113914 0.000000
-5.244000 -0.114043 0.000000
-5.238000 -0.114173 0.000000
-5.232000 -0.114303 0.000000
-5.226000 -0.114433 0.000000
-5.220000 -0.114564 0.000000
-5.214000 -0.114695 0.000000
-5.208000 -0.114826 0.000000
-5.202000 -0.114958 0.000000
-5.196000 -0.115090 0.000000
-5.190000 -0.115222 0.000000
-5.184000 -0.115354 0.000000
-5.178000 -0.115487 0.000000
-5.172000 -0.115620 0.000000
-5.166000 -0.115754 0.000000
-5.160000 -0.115887 0.000000
-5.154000 -0.116021 0.000000
-5.148000 -0.116156 0.000000
-5.142000 -0.116290 0.000000
-5.136000 -0.116425 0.000000
-5.130000 -0.116560 0.000000
-5.124000 -0.116696 0.000000
-5.118000 -0.116832 0.000000
-5.112000 -0.116968 0.000000
-5.106000 -0.117105 0.000000
-5.100000 -0.117241 0.000000
-5.094000 -0.117379 0.000000
-5.088000 -0.117516 0.000000
-5.082000 -0.117654 0.000000
-5.076000 -0.117792 0.000000
-5.070000 -0.117930 0.000000
-5.064000 -0.118069 0.000000
-5.058000 -0.118208 0.000000
-5.052000 -0.118348 0.000000
-5.046000 -0.118487 0.000000
-5.040000 -0.118627 0.000000
-5.034000 -0.118768 0.000000
-5.028000 -0.118908 0.000000
-5.022000 -0.119049 0.000000
-5.016000 -0.119191 0.000000
-5.010000 -0.119333 0.000000
-5.004000 -0.119475 0.000000
-4.998000 -0.119617 0.000000
-4.992000 -0.119760 0.000000
-4.986000 -0.119903 0.000000
-4.980000 -0.120046 0.000000
-4.974000 -0.120190 0.000000
-4.968000 -0.120334 0.000000
-4.962000 -0.120479 0.000000
-4.956000 -0.120623 0.000000
-4.950000 -0.120769 0.000000
-4.944000 -0.120914 0.000000
-4.938000 -0.121060 0.000000
-4.932000 -0.121206 0.000000
-4.926000 -0.121353 0.000000
-4.920000 -0.121499 0.000000
-4.914000 -0.121647 0.000000
-4.908000 -0.121794 0.000000
-4.902000 -0.121942 0.000000
-4.896000 -0.122091 0.000000
-4.890000 -0.122239 0.000000
-4.884000 -0.122388 0.000000
-4.878000 -0.122538 0.000000
-4.872000 -0.122688 0.000000
-4.866000 -0.122838 0.000000
-4.860000 -0.122988 0.000000
-4.854000 -0.123139 0.000000
-4.848000 -0.123290 0.000000
-4.842000 -0.123442 0.000000
-4.836000 -0.123594 0.000000
-4.830000 -0.123746 0.000000
-4.824000 -0.123899 0.000000
-4.818000 -0.124052 0.000000
-4.812000 -0.124206 0.000000
-4.806000 -0.124359 0.000000
-4.800000 -0.124514 0.000000
-4.794000 -0.124668 0.000000
-4.788000 -0.124823 0.000000
-4.782000 -0.124979 0.000000
-4.776000 -0.125134 0.000000
-4.770000 -0.125291 0.000000
-4.764000 -0.125447 0.000000
-4.758000 -0.125604 0.000000
-4.752000 -0.125761 0.000000
-4.746000 -0.125919 0.000000
-4.740000 -0.126077 0.000000
-4.734000 -0.126236 0.000000
-4.728000 -0.126395 0.000000
-4.722000 -0.126554 0.000000
-4.716000 -0.126714 0.000000
-4.710000 -0.126874 0.000000
-4.704000 -0.127034 0.000000
-4.698000 -0.127195 0.000000
-4.692000 -0.127357 0.000000
-4.686000 -0.127518 0.000000
-4.680000 -0.127680 0.000000
-4.674000 -0.127843 0.000000
-4.668000 -0.128006 0.000000
-4.662000 -0.128169 0.000000
-4.656000 -0.128333 0.000000
-4.650000 -0.128497 0.000000
-4.644000 -0.128662 0.000000
-4.638000 -0.128827 0.000000
-4.632000 -0.128993 0.000000
-4.626000 -0.129158 0.000000
-4.620000 -0.129325 0.000000
-4.614000 -0.129492 0.000000
-4.608000 -0.129659 0.000000
-4.602000 -0.129826 0.000000
-4.596000 -0.129994 0.000000
-4.590000 -0.130163 0.000000
-4.584000 -0.130332 0.000000
-4.578000 -0.130501 0.000000
-4.572000 -0.130671 0.000000
-4.566000 -0.130841 0.000000
-4.560000 -0.131012 0.000000
-4.554000 -0.131183 0.000000
-4.548000 -0.131355 0.000000
-4.542000 -0.131527 0.000000
-4.536000 -0.131699 0.000000
-4.530000 -0.131872 0.000000
-4.524000 -0.132045 0.000000
-4.518000 -0.132219 0.000000
-4.512000 -0.132393 0.000000
-4.506000 -0.132568 0.000000
-4.500000 -0.132743 0.000000
-4.494000 -0.132919 0.000000
-4.488000 -0.133095 0.000000
-4.482000 -0.133272 0.000000
-4.476000 -0.133449 0.000000
-4.470000 -0.133626 0.000000
-4.464000 -0.133804 0.000000
-4.458000 -0.133983 0.000000
-4.452000 -0.134162 0.000000
-4.446000 -0.134341 0.000000
-4.440000 -0.134521 0.000000
-4.434000 -0.134701 0.000000
-4.428000 -0.134882 0.000000
-4.422000 -0.135064 0.000000
-4.416000 -0.135245 0.000000
-4.410000 -0.135428 0.000000
-4.404000 -0.135611 0.000000
-4.398000 -0.135794 0.000000
-4.392000 -0.135978 0.000000
-4.386000 -0.136162 0.000000
-4.380000 -0.136347 0.000000
-4.374000 -0.136532 0.000000
-4.368000 -0.136718 0.000000
-4.362000 -0.136904 0.000000
-4.356000 -0.137091 0.000000
-4.350000 -0.137278 0.000000
-4.344000 -0.137466 0.000000
-4.338000 -0.137654 0.000000
-4.332000 -0.137843 0.000000
-4.326000 -0.138032 0.000000
-4.320000 -0.138222 0.000000
-4.314000 -0.138413 0.000000
-4.308000 -0.138604 0.000000
-4.302000 -0.138795 0.000000
-4.296000 -0.138987 0.000000
-4.290000 -0.139180 0.000000
-4.284000 -0.139373 0.000000
-4.278000 -0.139566 0.000000
-4.272000 -0.139760 0.000000
-4.266000 -0.139955 0.000000
-4.260000 -0.140150 0.000000
-4.254000 -0.140346 0.000000
-4.248000 -0.140542 0.000000
-4.242000 -0.140739 0.000000
-4.236000 -0.140936 0.000000
-4.230000 -0.141134 0.000000
-4.224000 -0.141333 0.000000
-4.218000 -0.141532 0.000000
-4.212000 -0.141731 0.000000
-4.206000 -0.141931 0.000000
-4.200000 -0.142132 0.000000
-4.194000 -0.142333 0.000000
-4.188000 -0.142535 0.000000
-4.182000 -0.142737 0.000000
-4.176000 -0.142940 0.000000
-4.170000 -0.143144 0.000000
-4.164000 -0.143348 0.000000
-4.158000 -0.143553 0.000000
-4.152000 -0.143758 0.000000
-4.146000 -0.143964 0.000000
-4.140000 -0.144170 0.000000
-4.134000 -0.144378 0.000000
-4.128000 -0.144585 0.000000
-4.122000 -0.144793 0.000000
-4.116000 -0.145002 0.000000
-4.110000 -0.145212 0.000000
-4.104000 -0.145422 0.000000
-4.098000 -0.145632 0.000000
-4.092000 -0.145844 0.000000
-4.086000 -0.146056 0.000000
-4.080000 -0.146268 0.000000
-4.074000 -0.146481 0.000000
-4.068000 -0.146695 0.000000
-4.062000 -0.146909 0.000000
-4.056000 -0.147124 0.000000
-4.050000 -0.147340 0.000000
-4.044000 -0.147556 0.000000
-4.038000 -0.147773 0.000000
-4.032000 -0.147990 0.000000
-4.026000 -0.148208 0.000000
-4.020000 -0.148427 0.000000
-4.014000 -0.148647 0.000000
-4.008000 -0.148867 0.000000
-4.002000 -0.149087 0.000000
-3.996000 -0.149309 0.000000
-3.990000 -0.149531 0.000000
-3.984000 -0.149753 0.000000
-3.978000 -0.149977 0.000000
-3.972000 -0.150201 0.000000
-3.966000 -0.150425 0.000000
-3.960000 -0.150651 0.000000
-3.954000 -0.150877 0.000000
-3.948000 -0.151103 0.000000
-3.942000 -0.151331 0.000000
-3.936000 -0.151559 0.000000
-3.930000 -0.151787 0.000000
-3.924000 -0.152017 0.000000
-3.918000 -0.152247 0.000000
-3.912000 -0.152478 0.000000
-3.906000 -0.152709 0.000000
-3.900000 -0.152941 0.000000
-3.894000 -0.153174 0.000000
-3.888000 -0.153408 0.000000
-3.882000 -0.153642 0.000000
-3.876000 -0.153877 0.000000
-3.870000 -0.154113 0.000000
-3.864000 -0.154349 0.000000
-3.858000 -0.154586 0.000000
-3.852000 -0.154824 0.000000
-3.846000 -0.155063 0.000000
-3.840000 -0.155302 0.000000
-3.834000 -0.155542 0.000000
-3.828000 -0.155783 0.000000
-3.822000 -0.156025 0.000000
-3.816000 -0.156267 0.000000
-3.810000 -0.156510 0.000000
-3.804000 -0.156754 0.000000
-3.798000 -0.156998 0.000000
-3.792000 -0.157244 0.000000
-3.786000 -0.157490 0.000000
-3.780000 -0.157737 0.000000
-3.774000 -0.157984 0.000000
-3.768000 -0.158233 0.000000
-3.762000 -0.158482 0.000000
-3.756000 -0.158732 0.000000
-3.750000 -0.158983 0.000000
-3.744000 -0.159234 0.000000
-3.738000 -0.159486 0.000000
-3.732000 -0.159739 0.000000
-3.726000 -0.159993 0.000000
-3.720000 -0.160248 0.000000
-3.714000 -0.160504 0.000000
-3.708000 -0.160760 0.000000
-3.702000 -0.161017 0.000000
-3.696000 -0.161275 0.000000
-3.690000 -0.161534 0.000000
-3.684000 -0.161794 0.000000
-3.678000 -0.162054 0.000000
-3.672000 -0.162315 0.000000
-3.666000 -0.162577 0.000000
-3.660000 -0.162840 0.000000
-3.654000 -0.163104 0.000000
-3.648000 -0.163369 0.000000
-3.642000 -0.163634 0.000000
-3.636000 -0.163901 0.000000
-3.630000 -0.164168 0.000000
-3.624000 -0.164436 0.000000
-3.618000 -0.164705 0.000000
-3.612000 -0.164975 0.000000
-3.606000 -0.165246 0.000000
-3.600000 -0.165517 0.000000
-3.594000 -0.165790 0.000000
-3.588000 -0.166063 0.000000
-3.582000 -0.166337 0.000000
-3.576000 -0.166613 0.000000
-3.570000 -0.166889 0.000000
-3.564000 -0.167166 0.000000
-3.558000 -0.167444 0.000000
-3.552000 -0.167722 0.000000
-3.546000 -0.168002 0.000000
-3.540000 -0.168283 0.000000
-3.534000 -0.168565 0.000000
-3.528000 -0.168847 0.000000
-3.522000 -0.169131 0.000000
-3.516000 -0.169415 0.000000
-3.510000 -0.169700 0.000000
-3.504000 -0.169987 0.000000
-3.498000 -0.170274 0.000000
-3.492000 -0.170562 0.000000
-3.486000 -0.170852 0.000000
-3.480000 -0.171142 0.000000
-3.474000 -0.171433 0.000000
-3.468000 -0.171725 0.000000
-3.462000 -0.172019 0.000000
-3.456000 -0.172313 0.000000
-3.450000 -0.172608 0.000000
-3.444000 -0.172904 0.000000
-3.438000 -0.173201 0.000000
-3.432000 -0.173499 0.000000
-3.426000 -0.173799 0.000000
-3.420000 -0.174099 0.000000
-3.414000 -0.174400 0.000000
-3.408000 -0.174703 0.000000
-3.402000 -0.175006 0.000000
-3.396000 -0.175310 0.000000
-3.390000 -0.175616 0.000000
-3.384000 -0.175922 0.000000
-3.378000 -0.176230 0.000000
-3.372000 -0.176539 0.000000
-3.366000 -0.176848 0.000000
-3.360000 -0.177159 0.000000
-3.354000 -0.177471 0.000000
-3.348000 -0.177784 0.000000
-3.342000 -0.178098 0.000000
-3.336000 -0.178413 0.000000
-3.330000 -0.178730 0.000000
-3.324000 -0.179047 0.000000
-3.318000 -0.179366 0.000000
-3.312000 -0.179685 0.000000
-3.306000 -0.180006 0.000000
-3.300000 -0.180328 0.000000
-3.294000 -0.180651 0.000000
-3.288000 -0.180975 0.000000
-3.282000 -0.181301 0.000000
-3.276000 -0.181627 0.000000
-3.270000 -0.181955 0.000000
-3.264000 -0.182284 0.000000
-3.258000 -0.182614 0.000000
-3.252000 -0.182945 0.000000
-3.246000 -0.183277 0.000000
-3.240000 -0.183611 0.000000
-3.234000 -0.183946 0.000000
-3.228000 -0.184282 0.000000
-3.222000 -0.184619 0.000000
-3.216000 -0.184958 0.000000
-3.210000 -0.185297 0.000000
-3.204000 -0.185638 0.000000
-3.198000 -0.185981 0.000000
-3.192000 -0.186324 0.000000
-3.186000 -0.186669 0.000000
-3.180000 -0.187015 0.000000
-3.174000 -0.187362 0.000000
-3.168000 -0.187711 0.000000
-3.162000 -0.188060 0.000000
-3.156000 -0.188412 0.000000
-3.150000 -0.188764 0.000000
-3.144000 -0.189118 0.000000
-3.138000 -0.189473 0.000000
-3.132000 -0.189829 0.000000
-3.126000 -0.190187 0.000000
-3.120000 -0.190546 0.000000
-3.114000 -0.190906 0.000000
-3.108000 -0.191268 0.000000
-3.102000 -0.191631 0.000000
-3.096000 -0.191996 0.000000
-3.090000 -0.192362 0.000000
-3.084000 -0.192729 0.000000
-3.078000 -0.193097 0.000000
-3.072000 -0.193467 0.000000
-3.066000 -0.193839 0.000000
-3.060000 -0.194212 0.000000
-3.054000 -0.194586 0.000000
-3.048000 -0.194962 0.000000
-3.042000 -0.195339 0.000000
-3.036000 -0.195717 0.000000
-3.030000 -0.196097 0.000000
-3.024000 -0.196479 0.000000
-3.018000 -0.196862 0.000000
-3.012000 -0.197246 0.000000
-3.006000 -0.197632 0.000000
-3.000000 -0.198020 0.000000
-2.994000 -0.198409 0.000000
-2.988000 -0.198799 0.000000
-2.982000 -0.199191 0.000000
-2.976000 -0.199585 0.000000
-2.970000 -0.199980 0.000000
-2.964000 -0.200376 0.000000
-2.958000 -0.200775 0.000000
-2.952000 -0.201174 0.000000
-2.946000 -0.201576 0.000000
-2.940000 -0.201979 0.000000
-2.934000 -0.202383 0.000000
-2.928000 -0.202789 0.000000
-2.922000 -0.203197 0.000000
-2.916000 -0.203606 0.000000
-2.910000 -0.204017 0.000000
-2.904000 -0.204430 0.000000
-2.898000 -0.204844 0.000000
-2.892000 -0.205260 0.000000
-2.886000 -0.205678 0.000000
-2.880000 -0.206097 0.000000
-2.874000 -0.206518 0.000000
-2.868000 -0.206941 0.000000
-2.862000 -0.207365 0.000000
-2.856000 -0.207791 0.000000
-2.850000 -0.208219 0.000000
-2.844000 -0.208649 0.000000
-2.838000 -0.209080 0.000000
-2.832000 -0.209513 0.000000
-2.826000 -0.209948 0.000000
-2.820000 -0.210385 0.000000
-2.814000 -0.210823 0.000000
-2.808000 -0.211264 0.000000
-2.802000 -0.211706 0.000000
-2.796000 -0.212150 0.000000
-2.790000 -0.212596 0.000000
-2.784000 -0.213043 0.000000
-2.778000 -0.213493 0.000000
-2.772000 -0.213944 0.000000
-2.766000 -0.214398 0.000000
-2.760000 -0.214853 0.000000
-2.754000 -0.215310 0.000000
-2.748000 -0.215769 0.000000
-2.742000 -0.216230 0.000000
-2.736000 -0.216693 0.000000
-2.730000 -0.217158 0.000000
-2.724000 -0.217625 0.000000
-2.718000 -0.218094 0.000000
-2.712000 -0.218564 0.000000
-2.706000 -0.219037 0.000000
-2.700000 -0.219512 0.000000
-2.694000 -0.219989 0.000000
-2.688000 -0.220468 0.000000
-2.682000 -0.220949 0.000000
-2.676000 -0.221432 0.000000
-2.670000 -0.221917 0.000000
-2.664000 -0.222405 0.000000
-2.658000 -0.222894 0.000000
-2.652000 -0.223386 0.000000
-2.646000 -0.223879 0.000000
-2.640000 -0.224375 0.000000
-2.634000 -0.224873 0.000000
-2.628000 -0.225374 0.000000
-2.622000 -0.225876 0.000000
-2.616000 -0.226381 0.000000
-2.610000 -0.226887 0.000000
-2.604000 -0.227397 0.000000
-2.598000 -0.227908 0.000000
-2.592000 -0.228422 0.000000
-2.586000 -0.228937 0.000000
-2.580000 -0.229456 0.000000
-2.574000 -0.229976 0.000000
-2.568000 -0.230499 0.000000
-2.562000 -0.231024 0.000000
-2.556000 -0.231552 0.000000
-2.550000 -0.232082 0.000000
-2.544000 -0.232614 0.000000
-2.538000 -0.233149 0.000000
-2.532000 -0.233686 0.000000
-2.526000 -0.234226 0.000000
-2.520000 -0.234768 0.000000
-2.514000 -0.235313 0.000000
-2.508000 -0.235860 0.000000
-2.502000 -0.236409 0.000000
-2.496000 -0.236961 0.000000
-2.490000 -0.237516 0.000000
-2.484000 -0.238073 0.000000
-2.478000 -0.238633 0.000000
-2.472000 -0.239196 0.000000
-2.466000 -0.239761 0.000000
-2.460000 -0.240328 0.000000
-2.454000 -0.240899 0.000000
-2.448000 -0.241472 0.000000
-2.442000 -0.242047 0.000000
-2.436000 -0.242626 0.000000
-2.430000 -0.243207 0.000000
-2.424000 -0.243791 0.000000
-2.418000 -0.244377 0.000000
-2.412000 -0.244967 0.000000
-2.406000 -0.245559 0.000000
-2.400000 -0.246154 0.000000
-2.394000 -0.246752 0.000000
-2.388000 -0.247352 0.000000
-2.382000 -0.247956 0.000000
-2.376000 -0.248563 0.000000
-2.370000 -0.249172 0.000000
-2.364000 -0.249784 0.000000
-2.358000 -0.250400 0.000000
-2.352000 -0.251018 0.000000
-2.346000 -0.251640 0.000000
-2.340000 -0.252264 0.000000
-2.334000 -0.252891 0.000000
-2.328000 -0.253522 0.000000
-2.322000 -0.254155 0.000000
-2.316000 -0.254792 0.000000
-2.310000 -0.255432 0.000000
-2.304000 -0.256075 0.000000
-2.298000 -0.256721 0.000000
-2.292000 -0.257371 0.000000
-2.286000 -0.258023 0.000000
-2.280000 -0.258679 0.000000
-2.274000 -0.259339 0.000000
-2.268000 -0.260001 0.000000
-2.262000 -0.260667 0.000000
-2.256000 -0.261336 0.000000
-2.250000 -0.262009 0.000000
-2.244000 -0.262685 0.000000
-2.238000 -0.263364 0.000000
-2.232000 -0.264047 0.000000
-2.226000 -0.264733 0.000000
-2.220000 -0.265423 0.000000
-2.214000 -0.266117 0.000000
-2.208000 -0.266814 0.000000
-2.202000 -0.267514 0.000000
-2.196000 -0.268218 0.000000
-2.190000 -0.268926 0.000000
-2.184000 -0.269638 0.000000
-2.178000 -0.270353 0.000000
-2.172000 -0.271072 0.000000
-2.166000 -0.271794 0.000000
-2.160000 -0.272521 0.000000
-2.154000 -0.273251 0.000000
-2.148000 -0.273985 0.000000
-2.142000 -0.274723 0.000000
-2.136000 -0.275465 0.000000
-2.130000 -0.276211 0.000000
-2.124000 -0.276961 0.000000
-2.118000 -0.277714 0.000000
-2.112000 -0.278472 0.000000
-2.106000 -0.279234 0.000000
-2.100000 -0.280000 0.000000
-2.094000 -0.280770 0.000000
-2.088000 -0.281544 0.000000
-2.082000 -0.282323 0.000000
-2.076000 -0.283105 0.000000
-2.070000 -0.283892 0.000000
-2.064000 -0.284683 0.000000
-2.058000 -0.285479 0.000000
-2.052000 -0.286279 0.000000
-2.046000 -0.287083 0.000000
-2.040000 -0.287892 0.000000
-2.034000 -0.288705 0.000000
-2.028000 -0.289522 0.000000
-2.022000 -0.290345 0.000000
-2.016000 -0.291171 0.000000
-2.010000 -0.292003 0.000000
-2.004000 -0.292839 0.000000
-1.998000 -0.293679 0.000000
-1.992000 -0.294525 0.000000
-1.986000 -0.295375 0.000000
-1.980000 -0.296230 0.000000
-1.974000 -0.297090 0.000000
-1.968000 -0.297954 0.000000
-1.962000 -0.298824 0.000000
-1.956000 -0.299698 0.000000
-1.950000 -0.300578 0.000000
-1.944000 -0.301463 0.000000
-1.938000 -0.302352 0.000000
-1.932000 -0.303247 0.000000
-1.926000 -0.304147 0.000000
-1.920000 -0.305052 0.000000
-1.914000 -0.305963 0.000000
-1.908000 -0.306879 0.000000
-1.902000 -0.307800 0.000000
-1.896000 -0.308726 0.000000
-1.890000 -0.309658 0.000000
-1.884000 -0.310596 0.000000
-1.878000 -0.311539 0.000000
-1.872000 -0.312487 0.000000
-1.866000 -0.313442 0.000000
-1.860000 -0.314402 0.000000
-1.854000 -0.315367 0.000000
-1.848000 -0.316339 0.000000
-1.842000 -0.317316 0.000000
-1.836000 -0.318299 0.000000
-1.830000 -0.319288 0.000000
-1.824000 -0.320283 0.000000
-1.818000 -0.321284 0.000000
-1.812000 -0.322291 0.000000
-1.806000 -0.323305 0.000000
-1.800000 -0.324324 0.000000
-1.794000 -0.325350 0.000000
-1.788000 -0.326382 0.000000
-1.782000 -0.327421 0.000000
-1.776000 -0.328466 0.000000
-1.770000 -0.329517 0.000000
-1.764000 -0.330575 0.000000
-1.758000 -0.331639 0.000000
-1.752000 -0.332710 0.000000
-1.746000 -0.333788 0.000000
-1.740000 -0.334873 0.000000
-1.734000 -0.335964 0.000000
-1.728000 -0.337063 0.000000
-1.722000 -0.338168 0.000000
-1.716000 -0.339281 0.000000
-1.710000 -0.340400 0.000000
-1.704000 -0.341527 0.000000
-1.698000 -0.342661 0.000000
-1.692000 -0.343802 0.000000
-1.686000 -0.344950 0.000000
-1.680000 -0.346106 0.000000
-1.674000 -0.347270 0.000000
-1.668000 -0.348441 0.000000
-1.662000 -0.349619 0.000000
-1.656000 -0.350806 0.000000
-1.650000 -0.352000 0.000000
-1.644000 -0.353202 0.000000
-1.638000 -0.354412 0.000000
-1.632000 -0.355630 0.000000
-1.626000 -0.356856 0.000000
-1.620000 -0.358090 0.000000
-1.614000 -0.359333 0.000000
-1.608000 -0.360583 0.000000
-1.602000 -0.361843 0.000000
-1.596000 -0.363110 0.000000
-1.590000 -0.364386 0.000000
-1.584000 -0.365671 0.000000
-1.578000 -0.366965 0.000000
-1.572000 -0.368267 0.000000
-1.566000 -0.369578 0.000000
-1.560000 -0.370899 0.000000
-1.554000 -0.372228 0.000000
-1.548000 -0.373567 0.000000
-1.542000 -0.374914 0.000000
-1.536000 -0.376271 0.000000
-1.530000 -0.377638 0.000000
-1.524000 -0.379014 0.000000
-1.518000 -0.380400 0.000000
-1.512000 -0.381795 0.000000
-1.506000 -0.383200 0.000000
-1.500000 -0.384615 0.000000
-1.494000 -0.386041 0.000000
-1.488000 -0.387476 0.000000
-1.482000 -0.388921 0.000000
-1.476000 -0.390377 0.000000
-1.470000 -0.391843 0.000000
-1.464000 -0.393320 0.000000
-1.458000 -0.394807 0.000000
-1.452000 -0.396306 0.000000
-1.446000 -0.397814 0.000000
-1.440000 -0.399334 0.000000
-1.434000 -0.400865 0.000000
-1.428000 -0.402408 0.000000
-1.422000 -0.403961 0.000000
-1.416000 -0.405526 0.000000
-1.410000 -0.407103 0.000000
-1.404000 -0.408691 0.000000
-1.398000 -0.410291 0.000000
-1.392000 -0.411903 0.000000
-1.386000 -0.413526 0.000000
-1.380000 -0.415162 0.000000
-1.374000 -0.416811 0.000000
-1.368000 -0.418471 0.000000
-1.362000 -0.420145 0.000000
-1.356000 -0.421831 0.000000
-1.350000 -0.423529 0.000000
-1.344000 -0.425241 0.000000
-1.338000 -0.426966 0.000000
-1.332000 -0.428704 0.000000
-1.326000 -0.430455 0.000000
-1.320000 -0.432220 0.000000
-1.314000 -0.433999 0.000000
-1.308000 -0.435791 0.000000
-1.302000 -0.437597 0.000000
-1.296000 -0.439417 0.000000
-1.290000 -0.441252 0.000000
-1.284000 -0.443101 0.000000
-1.278000 -0.444964 0.000000
-1.272000 -0.446843 0.000000
-1.266000 -0.448736 0.000000
-1.260000 -0.450644 0.000000
-1.254000 -0.452567 0.000000
-1.248000 -0.454506 0.000000
-1.242000 -0.456460 0.000000
-1.236000 -0.458430 0.000000
-1.230000 -0.460415 0.000000
-1.224000 -0.462417 0.000000
-1.218000 -0.464435 0.000000
-1.212000 -0.466470 0.000000
-1.206000 -0.468521 0.000000
-1.200000 -0.470588 0.000000
-1.194000 -0.472673 0.000000
-1.188000 -0.474775 0.000000
-1.182000 -0.476894 0.000000
-1.176000 -0.479030 0.000000
-1.170000 -0.481184 0.000000
-1.164000 -0.483357 0.000000
-1.158000 -0.485547 0.000000
-1.152000 -0.487755 0.000000
-1.146000 -0.489982 0.000000
-1.140000 -0.492228 0.000000
-1.134000 -0.494493 0.000000
-1.128000 -0.496776 0.000000
-1.122000 -0.499079 0.000000
-1.116000 -0.501402 0.000000
-1.110000 -0.503744 0.000000
-1.104000 -0.506106 0.000000
-1.098000 -0.508489 0.000000
-1.092000 -0.510892 0.000000
-1.086000 -0.513315 0.000000
-1.080000 -0.515759 0.000000
-1.074000 -0.518225 0.000000
-1.068000 -0.520711 0.000000
-1.062000 -0.523220 0.000000
-1.056000 -0.525750 0.000000
-1.050000 -0.528302 0.000000
-1.044000 -0.530876 0.000000
-1.038000 -0.533473 0.000000
-1.032000 -0.536093 0.000000
-1.026000 -0.538735 0.000000
-1.020000 -0.541401 0.000000
-1.014000 -0.544091 0.000000
-1.008000 -0.546804 0.000000
-1.002000 -0.549541 0.000000
-0.996000 -0.552302 0.000000
-0.990000 -0.555088 0.000000
-0.984000 -0.557899 0.000000
-0.978000 -0.560735 0.000000
-0.972000 -0.563596 0.000000
-0.966000 -0.566483 0.000000
-0.960000 -0.569395 0.000000
-0.954000 -0.572334 0.000000
-0.948000 -0.575299 0.000000
-0.942000 -0.578290 0.000000
-0.936000 -0.581309 0.000000
-0.930000 -0.584354 0.000000
-0.924000 -0.587428 0.000000
-0.918000 -0.590528 0.000000
-0.912000 -0.593657 0.000000
-0.906000 -0.596814 0.000000
-0.900000 -0.600000 0.000000
-0.894000 -0.603214 0.000000
-0.888000 -0.606458 0.000000
-0.882000 -0.609731 0.000000
-0.876000 -0.613033 0.000000
-0.870000 -0.616366 0.000000
-0.864000 -0.619728 0.000000
-0.858000 -0.623121 0.000000
-0.852000 -0.626544 0.000000
-0.846000 -0.629999 0.000000
-0.840000 -0.633484 0.000000
-0.834000 -0.637001 0.000000
-0.828000 -0.640550 0.000000
-0.822000 -0.644130 0.000000
-0.816000 -0.647742 0.000000
-0.810000 -0.651387 0.000000
-0.804000 -0.655065 0.000000
-0.798000 -0.658775 0.000000
-0.792000 -0.662518 0.000000
-0.786000 -0.666294 0.000000
-0.780000 -0.670103 0.000000
-0.774000 -0.673946 0.000000
-0.768000 -0.677822 0.000000
-0.762000 -0.681733 0.000000
-0.756000 -0.685677 0.000000
-0.750000 -0.689655 0.000000
-0.744000 -0.693667 0.000000
-0.738000 -0.697714 0.000000
-0.732000 -0.701795 0.000000
-0.726000 -0.705910 0.000000
-0.720000 -0.710059 0.000000
-0.714000 -0.714243 0.000000
-0.708000 -0.718461 0.000000
-0.702000 -0.722713 0.000000
-0.696000 -0.726999 0.000000
-0.690000 -0.731320 0.000000
-0.684000 -0.735674 0.000000
-0.678000 -0.740062 0.000000
-0.672000 -0.744483 0.000000
-0.666000 -0.748937 0.000000
-0.660000 -0.753425 0.000000
-0.654000 -0.757945 0.000000
-0.648000 -0.762496 0.000000
-0.642000 -0.767080 0.000000
-0.636000 -0.771695 0.000000
-0.630000 -0.776340 0.000000
-0.624000 -0.781015 0.000000
-0.618000 -0.785720 0.000000
-0.612000 -0.790453 0.000000
-0.606000 -0.795213 0.000000
-0.600000 -0.800000 0.000000
-0.594000 -0.804813 0.000000
-0.588000 -0.809650 0.000000
-0.582000 -0.814510 0.000000
-0.576000 -0.819392 0.000000
-0.570000 -0.824295 0.000000
-0.564000 -0.829217 0.000000
-0.558000 -0.834156 0.000000
-0.552000 -0.839110 0.000000
-0.546000 -0.844078 0.000000
-0.540000 -0.849057 0.000000
-0.534000 -0.854045 0.000000
-0.528000 -0.859039 0.000000
-0.522000 -0.864038 0.000000
-0.516000 -0.869038 0.000000
-0.510000 -0.874036 0.000000
-0.504000 -0.879029 0.000000
-0.498000 -0.884013 0.000000
-0.492000 -0.888985 0.000000
-0.486000 -0.893941 0.000000
-0.480000 -0.898876 0.000000
-0.474000 -0.903787 0.000000
-0.468000 -0.908667 0.000000
-0.462000 -0.913513 0.000000
-0.456000 -0.918318 0.000000
-0.450000 -0.923077 0.000000
-0.444000 -0.927783 0.000000
-0.438000 -0.932431 0.000000
-0.432000 -0.937012 0.000000
-0.426000 -0.941520 0.000000
-0.420000 -0.945946 0.000000
-0.414000 -0.950282 0.000000
-0.408000 -0.954520 0.000000
-0.402000 -0.958649 0.000000
-0.396000 -0.962660 0.000000
-0.390000 -0.966543 0.000000
-0.384000 -0.970285 0.000000
-0.378000 -0.973875 0.000000
-0.372000 -0.977301 0.000000
-0.366000 -0.980550 0.000000
-0.360000 -0.983607 0.000000
-0.354000 -0.986457 0.000000
-0.348000 -0.989086 0.000000
-0.342000 -0.991477 0.000000
-0.336000 -0.993612 0.000000
-0.330000 -0.995475 0.000000
-0.324000 -0.997046 0.000000
-0.318000 -0.998305 0.000000
-0.312000 -0.999231 0.000000
-0.306000 -0.999804 0.000000
-0.300000 -1.000000 0.000000
-0.294000 -0.999796 0.000000
-0.288000 -0.999167 0.000000
-0.282000 -0.998089 0.000000
-0.276000 -0.996534 0.000000
-0.270000 -0.994475 0.000000
-0.264000 -0.991885 0.000000
-0.258000 -0.988733 0.000000
-0.252000 -0.984991 0.000000
-0.246000 -0.980627 0.000000
-0.240000 -0.975610 0.000000
-0.234000 -0.969908 0.000000
-0.228000 -0.963489 0.000000
-0.222000 -0.956319 0.000000
-0.216000 -0.948367 0.000000
-0.210000 -0.939597 0.000000
-0.204000 -0.929978 0.000000
-0.198000 -0.919476 0.000000
-0.192000 -0.908059 0.000000
-0.186000 -0.895695 0.000000
-0.180000 -0.882353 0.000000
-0.174000 -0.868004 0.000000
-0.168000 -0.852619 0.000000
-0.162000 -0.836172 0.000000
-0.156000 -0.818640 0.000000
-0.150000 -0.800000 0.000000
-0.144000 -0.780234 0.000000
-0.138000 -0.759327 0.000000
-0.132000 -0.737265 0.000000
-0.126000 -0.714043 0.000000
-0.120000 -0.689655 0.000000
-0.114000 -0.664103 0.000000
-0.108000 -0.637394 0.000000
-0.102000 -0.609537 0.000000
-0.096000 -0.580552 0.000000
-0.090000 -0.550459 0.000000
-0.084000 -0.519288 0.000000
-0.078000 -0.487074 0.000000
-0.072000 -0.453858 0.000000
-0.066000 -0.419687 0.000000
-0.060000 -0.384615 0.000000
-0.054000 -0.348702 0.000000
-0.048000 -0.312012 0.000000
-0.042000 -0.274617 0.000000
-0.036000 -0.236593 0.000000
-0.030000 -0.198020 0.000000
-0.024000 -0.158983 0.000000
-0.018000 -0.119570 0.000000
-0.012000 -0.079872 0.000000
-0.006000 -0.039984 0.000000
0.000000 0.000000 0.012732
0.006000 0.039984 0.025460
0.012000 0.079872 0.038172
0.018000 0.119570 0.050858
0.024000 0.158983 0.063510
0.030000 0.198020 0.076116
0.036000 0.236593 0.088668
0.042000 0.274617 0.101156
0.048000 0.312012 0.113570
0.054000 0.348702 0.125903
0.060000 0.384615 0.138146
0.066000 0.419687 0.150290
0.072000 0.453858 0.162329
0.078000 0.487074 0.174255
0.084000 0.519288 0.186062
0.090000 0.550459 0.197743
0.096000 0.580552 0.209293
0.102000 0.609537 0.220706
0.108000 0.637394 0.231978
0.114000 0.664103 0.243103
0.120000 0.689655 0.254080
0.126000 0.714043 0.264903
0.132000 0.737265 0.275570
0.138000 0.759327 0.286079
0.144000 0.780234 0.296427
0.150000 0.800000 0.306613
0.156000 0.818640 0.316635
0.162000 0.836172 0.326493
0.168000 0.852619 0.336186
0.174000 0.868004 0.345713
0.180000 0.882353 0.355075
0.186000 0.895695 0.364272
0.192000 0.908059 0.373305
0.198000 0.919476 0.382174
0.204000 0.929978 0.390880
0.210000 0.939597 0.399426
0.216000 0.948367 0.407811
0.222000 0.956319 0.416038
0.228000 0.963489 0.424109
0.234000 0.969908 0.432025
0.240000 0.975610 0.439789
0.246000 0.980627 0.447402
0.252000 0.984991 0.454867
0.258000 0.988733 0.462186
0.264000 0.991885 0.469362
0.270000 0.994475 0.476396
0.276000 0.996534 0.483292
0.282000 0.998089 0.490052
0.288000 0.999167 0.496678
0.294000 0.999796 0.503172
0.300000 1.000000 0.509539
0.306000 0.999804 0.515779
0.312000 0.999231 0.521895
0.318000 0.998305 0.527891
0.324000 0.997046 0.533768
0.330000 0.995475 0.539530
0.336000 0.993612 0.545177
0.342000 0.991477 0.550714
0.348000 0.989086 0.556142
0.354000 0.986457 0.561464
0.360000 0.983607 0.566683
0.366000 0.980550 0.571799
0.372000 0.977301 0.576817
0.378000 0.973875 0.581737
0.384000 0.970285 0.586563
0.390000 0.966543 0.591296
0.396000 0.962660 0.595939
0.402000 0.958649 0.600494
0.408000 0.954520 0.604962
0.414000 0.950282 0.609346
0.420000 0.945946 0.613647
0.426000 0.941520 0.617868
0.432000 0.937012 0.622011
0.438000 0.932431 0.626076
0.444000 0.927783 0.630067
0.450000 0.923077 0.633985
0.456000 0.918318 0.637831
0.462000 0.913513 0.641607
0.468000 0.908667 0.645316
0.474000 0.903787 0.648957
0.480000 0.898876 0.652534
0.486000 0.893941 0.656047
0.492000 0.888985 0.659498
0.498000 0.884013 0.662888
0.504000 0.879029 0.666219
0.510000 0.874036 0.669492
0.516000 0.869038 0.672708
0.522000 0.864038 0.675870
0.528000 0.859039 0.678977
0.534000 0.854045 0.682032
0.540000 0.849057 0.685034
0.546000 0.844078 0.687987
0.552000 0.839110 0.690890
0.558000 0.834156 0.693745
0.564000 0.829217 0.696553
0.570000 0.824295 0.699315
0.576000 0.819392 0.702032
0.582000 0.814510 0.704705
0.588000 0.809650 0.707335
0.594000 0.804813 0.709922
0.600000 0.800000 0.712469
0.606000 0.795213 0.714975
0.612000 0.790453 0.717442
0.618000 0.785720 0.719870
0.624000 0.781015 0.722260
0.630000 0.776340 0.724614
0.636000 0.771695 0.726931
0.642000 0.767080 0.729213
0.648000 0.762496 0.731460
0.654000 0.757945 0.733674
0.660000 0.753425 0.735854
0.666000 0.748937 0.738002
0.672000 0.744483 0.740118
0.678000 0.740062 0.742202
0.684000 0.735674 0.744256
0.690000 0.731320 0.746281
0.696000 0.726999 0.748276
0.702000 0.722713 0.750242
0.708000 0.718461 0.752180
0.714000 0.714243 0.754090
0.720000 0.710059 0.755974
0.726000 0.705910 0.757831
0.732000 0.701795 0.759662
0.738000 0.697714 0.761468
0.744000 0.693667 0.763248
0.750000 0.689655 0.765004
0.756000 0.685677 0.766737
0.762000 0.681733 0.768445
0.768000 0.677822 0.770131
0.774000 0.673946 0.771794
0.780000 0.670103 0.773435
0.786000 0.666294 0.775054
0.792000 0.662518 0.776651
0.798000 0.658775 0.778228
0.804000 0.655065 0.779784
0.810000 0.651387 0.781320
0.816000 0.647742 0.782836
0.822000 0.644130 0.784332
0.828000 0.640550 0.785810
0.834000 0.637001 0.787269
0.840000 0.633484 0.788709
0.846000 0.629999 0.790131
0.852000 0.626544 0.791536
0.858000 0.623121 0.792923
0.864000 0.619728 0.794293
0.870000 0.616366 0.795646
0.876000 0.613033 0.796982
0.882000 0.609731 0.798303
0.888000 0.606458 0.799607
0.894000 0.603214 0.800896
0.900000 0.600000 0.802169
0.906000 0.596814 0.803427
0.912000 0.593657 0.804670
0.918000 0.590528 0.805899
0.924000 0.587428 0.807113
0.930000 0.584354 0.808313
0.936000 0.581309 0.809499
0.942000 0.578290 0.810671
0.948000 0.575299 0.811830
0.954000 0.572334 0.812976
0.960000 0.569395 0.814109
0.966000 0.566483 0.815229
0.972000 0.563596 0.816336
0.978000 0.560735 0.817431
0.984000 0.557899 0.818514
0.990000 0.555088 0.819585
0.996000 0.552302 0.820644
1.002000 0.549541 0.821692
1.008000 0.546804 0.822728
1.014000 0.544091 0.823752
1.020000 0.541401 0.824766
1.026000 0.538735 0.825769
1.032000 0.536093 0.826761
1.038000 0.533473 0.827743
1.044000 0.530876 0.828714
1.050000 0.528302 0.829675
1.056000 0.525750 0.830626
1.062000 0.523220 0.831567
1.068000 0.520711 0.832498
1.074000 0.518225 0.833419
1.080000 0.515759 0.834331
1.086000 0.513315 0.835234
1.092000 0.510892 0.836128
1.098000 0.508489 0.837012
1.104000 0.506106 0.837888
1.110000 0.503744 0.838754
1.116000 0.501402 0.839612
1.122000 0.499079 0.840462
1.128000 0.496776 0.841303
1.134000 0.494493 0.842136
1.140000 0.492228 0.842960
1.146000 0.489982 0.843777
1.152000 0.487755 0.844586
1.158000 0.485547 0.845386
1.164000 0.483357 0.846180
1.170000 0.481184 0.846965
1.176000 0.479030 0.847743
1.182000 0.476894 0.848514
1.188000 0.474775 0.849277
1.194000 0.472673 0.850033
1.200000 0.470588 0.850782
1.206000 0.468521 0.851524
1.212000 0.466470 0.852259
1.218000 0.464435 0.852987
1.224000 0.462417 0.853709
1.230000 0.460415 0.854424
1.236000 0.458430 0.855132
1.242000 0.456460 0.855834
1.248000 0.454506 0.856529
1.254000 0.452567 0.857219
1.260000 0.450644 0.857902
1.266000 0.448736 0.858579
1.272000 0.446843 0.859250
1.278000 0.444964 0.859915
1.284000 0.443101 0.860574
1.290000 0.441252 0.861227
1.296000 0.439417 0.861874
1.302000 0.437597 0.862516
1.308000 0.435791 0.863153
1.314000 0.433999 0.863783
1.320000 0.432220 0.864409
1.326000 0.430455 0.865029
1.332000 0.428704 0.865643
1.338000 0.426966 0.866253
1.344000 0.425241 0.866857
1.350000 0.423529 0.867456
1.356000 0.421831 0.868051
1.362000 0.420145 0.868640
1.368000 0.418471 0.869224
1.374000 0.416811 0.869803
1.380000 0.415162 0.870378
1.386000 0.413526 0.870948
1.392000 0.411903 0.871513
1.398000 0.410291 0.872073
1.404000 0.408691 0.872629
1.410000 0.407103 0.873181
1.416000 0.405526 0.873728
1.422000 0.403961 0.874270
1.428000 0.402408 0.874808
1.434000 0.400865 0.875342
1.440000 0.399334 0.875872
1.446000 0.397814 0.876397
1.452000 0.396306 0.876919
1.458000 0.394807 0.877436
1.464000 0.393320 0.877949
1.470000 0.391843 0.878458
1.476000 0.390377 0.878963
1.482000 0.388921 0.879464
1.488000 0.387476 0.879962
1.494000 0.386041 0.880455
1.500000 0.384615 0.880945
1.506000 0.383200 0.881431
1.512000 0.381795 0.881913
1.518000 0.380400 0.882392
1.524000 0.379014 0.882867
1.530000 0.377638 0.883338
1.536000 0.376271 0.883806
1.542000 0.374914 0.884270
1.548000 0.373567 0.884731
1.554000 0.372228 0.885189
1.560000 0.370899 0.885643
1.566000 0.369578 0.886093
1.572000 0.368267 0.886541
1.578000 0.366965 0.886985
1.584000 0.365671 0.887426
1.590000 0.364386 0.887864
1.596000 0.363110 0.888298
1.602000 0.361843 0.888729
1.608000 0.360583 0.889158
1.614000 0.359333 0.889583
1.620000 0.358090 0.890005
1.626000 0.356856 0.890424
1.632000 0.355630 0.890840
1.638000 0.354412 0.891254
1.644000 0.353202 0.891664
1.650000 0.352000 0.892071
1.656000 0.350806 0.892476
1.662000 0.349619 0.892878
1.668000 0.348441 0.893277
1.674000 0.347270 0.893673
1.680000 0.346106 0.894066
1.686000 0.344950 0.894457
1.692000 0.343802 0.894845
1.698000 0.342661 0.895231
1.704000 0.341527 0.895613
1.710000 0.340400 0.895994
1.716000 0.339281 0.896371
1.722000 0.338168 0.896746
1.728000 0.337063 0.897119
1.734000 0.335964 0.897489
1.740000 0.334873 0.897856
1.746000 0.333788 0.898221
1.752000 0.332710 0.898584
1.758000 0.331639 0.898944
1.764000 0.330575 0.899302
1.770000 0.329517 0.899658
1.776000 0.328466 0.900011
1.782000 0.327421 0.900362
1.788000 0.326382 0.900711
1.794000 0.325350 0.901057
1.800000 0.324324 0.901401
1.806000 0.323305 0.901743
1.812000 0.322291 0.902083
1.818000 0.321284 0.902420
1.824000 0.320283 0.902756
1.830000 0.319288 0.903089
1.836000 0.318299 0.903420
1.842000 0.317316 0.903749
1.848000 0.316339 0.904076
1.854000 0.315367 0.904401
1.860000 0.314402 0.904724
1.866000 0.313442 0.905044
1.872000 0.312487 0.905363
1.878000 0.311539 0.905680
1.884000 0.310596 0.905995
1.890000 0.309658 0.906308
1.896000 0.308726 0.906619
1.902000 0.307800 0.906928
1.908000 0.306879 0.907235
1.914000 0.305963 0.907540
1.920000 0.305052 0.907844
1.926000 0.304147 0.908145
1.932000 0.303247 0.908445
1.938000 0.302352 0.908743
1.944000 0.301463 0.909039
1.950000 0.300578 0.909334
1.956000 0.299698 0.909626
1.962000 0.298824 0.909917
1.968000 0.297954 0.910206
1.974000 0.297090 0.910494
1.980000 0.296230 0.910780
1.986000 0.295375 0.911064
1.992000 0.294525 0.911346
1.998000 0.293679 0.911627
2.004000 0.292839 0.911906
2.010000 0.292003 0.912183
2.016000 0.291171 0.912459
2.022000 0.290345 0.912733
2.028000 0.289522 0.913006
2.034000 0.288705 0.913277
2.040000 0.287892 0.913547
2.046000 0.287083 0.913815
2.052000 0.286279 0.914081
2.058000 0.285479 0.914346
2.064000 0.284683 0.914609
2.070000 0.283892 0.914871
2.076000 0.283105 0.915132
2.082000 0.282323 0.915391
2.088000 0.281544 0.915648
2.094000 0.280770 0.915904
2.100000 0.280000 0.916159
2.106000 0.279234 0.916412
2.112000 0.278472 0.916664
2.118000 0.277714 0.916914
2.124000 0.276961 0.917163
2.130000 0.276211 0.917411
2.136000 0.275465 0.917657
2.142000 0.274723 0.917902
2.148000 0.273985 0.918146
2.154000 0.273251 0.918388
2.160000 0.272521 0.918629
2.166000 0.271794 0.918869
2.172000 0.271072 0.919107
2.178000 0.270353 0.919344
2.184000 0.269638 0.919580
2.190000 0.268926 0.919815
2.196000 0.268218 0.920048
2.202000 0.267514 0.920280
2.208000 0.266814 0.920511
2.214000 0.266117 0.920740
2.220000 0.265423 0.920969
2.226000 0.264733 0.921196
2.232000 0.264047 0.921422
2.238000 0.263364 0.921646
2.244000 0.262685 0.921870
2.250000 0.262009 0.922092
2.256000 0.261336 0.922314
2.262000 0.260667 0.922534
2.268000 0.260001 0.922753
2.274000 0.259339 0.922970
2.280000 0.258679 0.923187
2.286000 0.258023 0.923403
2.292000 0.257371 0.923617
2.298000 0.256721 0.923831
2.304000 0.256075 0.924043
2.310000 0.255432 0.924254
2.316000 0.254792 0.924464
2.322000 0.254155 0.924673
2.328000 0.253522 0.924881
2.334000 0.252891 0.925088
2.340000 0.252264 0.925294
2.346000 0.251640 0.925499
2.352000 0.251018 0.925703
2.358000 0.250400 0.925905
2.364000 0.249784 0.926107
2.370000 0.249172 0.926308
2.376000 0.248563 0.926508
2.382000 0.247956 0.926707
2.388000 0.247352 0.926904
2.394000 0.246752 0.927101
2.400000 0.246154 0.927297
2.406000 0.245559 0.927492
2.412000 0.244967 0.927686
2.418000 0.244377 0.927879
2.424000 0.243791 0.928071
2.430000 0.243207 0.928262
2.436000 0.242626 0.928453
2.442000 0.242047 0.928642
2.448000 0.241472 0.928830
2.454000 0.240899 0.929018
2.460000 0.240328 0.929204
2.466000 0.239761 0.929390
2.472000 0.239196 0.929575
2.478000 0.238633 0.929759
2.484000 0.238073 0.929942
2.490000 0.237516 0.930124
2.496000 0.236961 0.930305
2.502000 0.236409 0.930486
2.508000 0.235860 0.930665
2.514000 0.235313 0.930844
2.520000 0.234768 0.931022
2.526000 0.234226 0.931199
2.532000 0.233686 0.931375
2.538000 0.233149 0.931551
2.544000 0.232614 0.931725
2.550000 0.232082 0.931899
2.556000 0.231552 0.932072
2.562000 0.231024 0.932245
2.568000 0.230499 0.932416
2.574000 0.229976 0.932587
2.580000 0.229456 0.932756
2.586000 0.228937 0.932926
2.592000 0.228422 0.933094
2.598000 0.227908 0.933261
2.604000 0.227397 0.933428
2.610000 0.226887 0.933594
2.616000 0.226381 0.933759
2.622000 0.225876 0.933924
2.628000 0.225374 0.934088
2.634000 0.224873 0.934251
2.640000 0.224375 0.934413
2.646000 0.223879 0.934575
2.652000 0.223386 0.934736
2.658000 0.222894 0.934896
2.664000 0.222405 0.935055
2.670000 0.221917 0.935214
2.676000 0.221432 0.935372
2.682000 0.220949 0.935529
2.688000 0.220468 0.935686
2.694000 0.219989 0.935842
2.700000 0.219512 0.935997
2.706000 0.219037 0.936152
2.712000 0.218564 0.936306
2.718000 0.218094 0.936459
2.724000 0.217625 0.936612
2.730000 0.217158 0.936763
2.736000 0.216693 0.936915
2.742000 0.216230 0.937065
2.748000 0.215769 0.937215
2.754000 0.215310 0.937365
2.760000 0.214853 0.937513
2.766000 0.214398 0.937661
2.772000 0.213944 0.937809
2.778000 0.213493 0.937955
2.784000 0.213043 0.938102
2.790000 0.212596 0.938247
2.796000 0.212150 0.938392
2.802000 0.211706 0.938536
2.808000 0.211264 0.938680
2.814000 0.210823 0.938823
2.820000 0.210385 0.938966
2.826000 0.209948 0.939108
2.832000 0.209513 0.939249
2.838000 0.209080 0.939390
2.844000 0.208649 0.939530
2.850000 0.208219 0.939669
2.856000 0.207791 0.939808
2.862000 0.207365 0.939947
2.868000 0.206941 0.940084
2.874000 0.206518 0.940222
2.880000 0.206097 0.940358
2.886000 0.205678 0.940494
2.892000 0.205260 0.940630
2.898000 0.204844 0.940765
2.904000 0.204430 0.940899
2.910000 0.204017 0.941033
2.916000 0.203606 0.941167
2.922000 0.203197 0.941299
2.928000 0.202789 0.941432
2.934000 0.202383 0.941563
2.940000 0.201979 0.941695
2.946000 0.201576 0.941825
2.952000 0.201174 0.941955
2.958000 0.200775 0.942085
2.964000 0.200376 0.942214
2.970000 0.199980 0.942343
2.976000 0.199585 0.942471
2.982000 0.199191 0.942598
2.988000 0.198799 0.942726
2.994000 0.198409 0.942852
3.000000 0.198020 0.942978
3.006000 0.197632 0.943104
3.012000 0.197246 0.943229
3.018000 0.196862 0.943353
3.024000 0.196479 0.943477
3.030000 0.196097 0.943601
3.036000 0.195717 0.943724
3.042000 0.195339 0.943847
3.048000 0.194962 0.943969
3.054000 0.194586 0.944091
3.060000 0.194212 0.944212
3.066000 0.193839 0.944333
3.072000 0.193467 0.944453
3.078000 0.193097 0.944573
3.084000 0.192729 0.944692
3.090000 0.192362 0.944811
3.096000 0.191996 0.944929
3.102000 0.191631 0.945047
3.108000 0.191268 0.945165
3.114000 0.190906 0.945282
3.120000 0.190546 0.945399
3.126000 0.190187 0.945515
3.132000 0.189829 0.945631
3.138000 0.189473 0.945746
3.144000 0.189118 0.945861
3.150000 0.188764 0.945975
3.156000 0.188412 0.946089
3.162000 0.188060 0.946203
3.168000 0.187711 0.946316
3.174000 0.187362 0.946429
3.180000 0.187015 0.946541
3.186000 0.186669 0.946653
3.192000 0.186324 0.946764
3.198000 0.185981 0.946876
3.204000 0.185638 0.946986
3.210000 0.185297 0.947096
3.216000 0.184958 0.947206
3.222000 0.184619 0.947316
3.228000 0.184282 0.947425
3.234000 0.183946 0.947533
3.240000 0.183611 0.947642
3.246000 0.183277 0.947749
3.252000 0.182945 0.947857
3.258000 0.182614 0.947964
3.264000 0.182284 0.948071
3.270000 0.181955 0.948177
3.276000 0.181627 0.948283
3.282000 0.181301 0.948388
3.288000 0.180975 0.948493
3.294000 0.180651 0.948598
3.300000 0.180328 0.948702
3.306000 0.180006 0.948806
3.312000 0.179685 0.948910
3.318000 0.179366 0.949013
3.324000 0.179047 0.949116
3.330000 0.178730 0.949219
3.336000 0.178413 0.949321
3.342000 0.178098 0.949423
3.348000 0.177784 0.949524
3.354000 0.177471 0.949625
3.360000 0.177159 0.949726
3.366000 0.176848 0.949826
3.372000 0.176539 0.949926
3.378000 0.176230 0.950026
3.384000 0.175922 0.950125
3.390000 0.175616 0.950224
3.396000 0.175310 0.950323
3.402000 0.175006 0.950421
3.408000 0.174703 0.950519
3.414000 0.174400 0.950616
3.420000 0.174099 0.950714
3.426000 0.173799 0.950810
3.432000 0.173499 0.950907
3.438000 0.173201 0.951003
3.444000 0.172904 0.951099
3.450000 0.172608 0.951195
3.456000 0.172313 0.951290
3.462000 0.172019 0.951385
3.468000 0.171725 0.951479
3.474000 0.171433 0.951574
3.480000 0.171142 0.951667
3.486000 0.170852 0.951761
3.492000 0.170562 0.951854
3.498000 0.170274 0.951947
3.504000 0.169987 0.952040
3.510000 0.169700 0.952132
3.516000 0.169415 0.952224
3.522000 0.169131 0.952316
3.528000 0.168847 0.952407
3.534000 0.168565 0.952499
3.540000 0.168283 0.952589
3.546000 0.168002 0.952680
3.552000 0.167722 0.952770
3.558000 0.167444 0.952860
3.564000 0.167166 0.952949
3.570000 0.166889 0.953039
3.576000 0.166613 0.953128
3.582000 0.166337 0.953216
3.588000 0.166063 0.953305
3.594000 0.165790 0.953393
3.600000 0.165517 0.953481
3.606000 0.165246 0.953568
3.612000 0.164975 0.953655
3.618000 0.164705 0.953742
3.624000 0.164436 0.953829
3.630000 0.164168 0.953915
3.636000 0.163901 0.954002
3.642000 0.163634 0.954087
3.648000 0.163369 0.954173
3.654000 0.163104 0.954258
3.660000 0.162840 0.954343
3.666000 0.162577 0.954428
3.672000 0.162315 0.954512
3.678000 0.162054 0.954596
3.684000 0.161794 0.954680
3.690000 0.161534 0.954764
3.696000 0.161275 0.954847
3.702000 0.161017 0.954930
3.708000 0.160760 0.955013
3.714000 0.160504 0.955096
3.720000 0.160248 0.955178
3.726000 0.159993 0.955260
3.732000 0.159739 0.955342
3.738000 0.159486 0.955423
3.744000 0.159234 0.955504
3.750000 0.158983 0.955585
3.756000 0.158732 0.955666
3.762000 0.158482 0.955746
3.768000 0.158233 0.955827
3.774000 0.157984 0.955907
3.780000 0.157737 0.955986
3.786000 0.157490 0.956066
3.792000 0.157244 0.956145
3.798000 0.156998 0.956224
3.804000 0.156754 0.956303
3.810000 0.156510 0.956381
3.816000 0.156267 0.956459
3.822000 0.156025 0.956537
3.828000 0.155783 0.956615
3.834000 0.155542 0.956692
3.840000 0.155302 0.956770
3.846000 0.155063 0.956847
3.852000 0.154824 0.956923
3.858000 0.154586 0.957000
3.864000 0.154349 0.957076
3.870000 0.154113 0.957152
3.876000 0.153877 0.957228
3.882000 0.153642 0.957304
3.888000 0.153408 0.957379
3.894000 0.153174 0.957454
3.900000 0.152941 0.957529
3.906000 0.152709 0.957604
3.912000 0.152478 0.957678
3.918000 0.152247 0.957752
3.924000 0.152017 0.957826
3.930000 0.151787 0.957900
3.936000 0.151559 0.957974
3.942000 0.151331 0.958047
3.948000 0.151103 0.958120
3.954000 0.150877 0.958193
3.960000 0.150651 0.958266
3.966000 0.150425 0.958338
3.972000 0.150201 0.958410
3.978000 0.149977 0.958482
3.984000 0.149753 0.958554
3.990000 0.149531 0.958626
3.996000 0.149309 0.958697
4.002000 0.149087 0.958768
4.008000 0.148867 0.958839
4.014000 0.148647 0.958910
4.020000 0.148427 0.958980
4.026000 0.148208 0.959051
4.032000 0.147990 0.959121
4.038000 0.147773 0.959191
4.044000 0.147556 0.959260
4.050000 0.147340 0.959330
4.056000 0.147124 0.959399
4.062000 0.146909 0.959468
4.068000 0.146695 0.959537
4.074000 0.146481 0.959606
4.080000 0.146268 0.959674
4.086000 0.146056 0.959742
4.092000 0.145844 0.959811
4.098000 0.145632 0.959878
4.104000 0.145422 0.959946
4.110000 0.145212 0.960014
4.116000 0.145002 0.960081
4.122000 0.144793 0.960148
4.128000 0.144585 0.960215
4.134000 0.144378 0.960282
4.140000 0.144170 0.960348
4.146000 0.143964 0.960414
4.152000 0.143758 0.960481
4.158000 0.143553 0.960546
4.164000 0.143348 0.960612
4.170000 0.143144 0.960678
4.176000 0.142940 0.960743
4.182000 0.142737 0.960808
4.188000 0.142535 0.960873
4.194000 0.142333 0.960938
4.200000 0.142132 0.961003
4.206000 0.141931 0.961067
4.212000 0.141731 0.961131
4.218000 0.141532 0.961196
4.224000 0.141333 0.961259
4.230000 0.141134 0.961323
4.236000 0.140936 0.961387
4.242000 0.140739 0.961450
4.248000 0.140542 0.961513
4.254000 0.140346 0.961576
4.260000 0.140150 0.961639
4.266000 0.139955 0.961702
4.272000 0.139760 0.961764
4.278000 0.139566 0.961827
4.284000 0.139373 0.961889
4.290000 0.139180 0.961951
4.296000 0.138987 0.962012
4.302000 0.138795 0.962074
4.308000 0.138604 0.962136
4.314000 0.138413 0.962197
4.320000 0.138222 0.962258
4.326000 0.138032 0.962319
4.332000 0.137843 0.962380
4.338000 0.137654 0.962440
4.344000 0.137466 0.962501
4.350000 0.137278 0.962561
4.356000 0.137091 0.962621
4.362000 0.136904 0.962681
4.368000 0.136718 0.962741
4.374000 0.136532 0.962800
4.380000 0.136347 0.962860
4.386000 0.136162 0.962919
4.392000 0.135978 0.962978
4.398000 0.135794 0.963037
4.404000 0.135611 0.963096
4.410000 0.135428 0.963155
4.416000 0.135245 0.963213
4.422000 0.135064 0.963271
4.428000 0.134882 0.963330
4.434000 0.134701 0.963388
4.440000 0.134521 0.963446
4.446000 0.134341 0.963503
4.452000 0.134162 0.963561
4.458000 0.133983 0.963618
4.464000 0.133804 0.963675
4.470000 0.133626 0.963733
4.476000 0.133449 0.963789
4.482000 0.133272 0.963846
4.488000 0.133095 0.963903
4.494000 0.132919 0.963959
4.500000 0.132743 0.964016
4.506000 0.132568 0.964072
4.512000 0.132393 0.964128
4.518000 0.132219 0.964184
4.524000 0.132045 0.964240
4.530000 0.131872 0.964295
4.536000 0.131699 0.964351
4.542000 0.131527 0.964406
4.548000 0.131355 0.964461
4.554000 0.131183 0.964516
4.560000 0.131012 0.964571
4.566000 0.130841 0.964626
4.572000 0.130671 0.964680
4.578000 0.130501 0.964735
4.584000 0.130332 0.964789
4.590000 0.130163 0.964843
4.596000 0.129994 0.964897
4.602000 0.129826 0.964951
4.608000 0.129659 0.965005
4.614000 0.129492 0.965058
4.620000 0.129325 0.965112
4.626000 0.129158 0.965165
4.632000 0.128993 0.965218
4.638000 0.128827 0.965271
4.644000 0.128662 0.965324
4.650000 0.128497 0.965377
4.656000 0.128333 0.965430
4.662000 0.128169 0.965482
4.668000 0.128006 0.965535
4.674000 0.127843 0.965587
4.680000 0.127680 0.965639
4.686000 0.127518 0.965691
4.692000 0.127357 0.965743
4.698000 0.127195 0.965795
4.704000 0.127034 0.965846
4.710000 0.126874 0.965898
4.716000 0.126714 0.965949
4.722000 0.126554 0.966000
4.728000 0.126395 0.966051
4.734000 0.126236 0.966102
4.740000 0.126077 0.966153
4.746000 0.125919 0.966204
4.752000 0.125761 0.966254
4.758000 0.125604 0.966305
4.764000 0.125447 0.966355
4.770000 0.125291 0.966405
4.776000 0.125134 0.966455
4.782000 0.124979 0.966505
4.788000 0.124823 0.966555
4.794000 0.124668 0.966604
4.800000 0.124514 0.966654
4.806000 0.124359 0.966703
4.812000 0.124206 0.966753
4.818000 0.124052 0.966802
4.824000 0.123899 0.966851
4.830000 0.123746 0.966900
4.836000 0.123594 0.966949
4.842000 0.123442 0.966997
4.848000 0.123290 0.967046
4.854000 0.123139 0.967094
4.860000 0.122988 0.967143
4.866000 0.122838 0.967191
4.872000 0.122688 0.967239
4.878000 0.122538 0.967287
4.884000 0.122388 0.967335
4.890000 0.122239 0.967383
4.896000 0.122091 0.967430
4.902000 0.121942 0.967478
4.908000 0.121794 0.967525
4.914000 0.121647 0.967572
4.920000 0.121499 0.967619
4.926000 0.121353 0.967667
4.932000 0.121206 0.967713
4.938000 0.121060 0.967760
4.944000 0.120914 0.967807
4.950000 0.120769 0.967854
4.956000 0.120623 0.967900
4.962000 0.120479 0.967946
4.968000 0.120334 0.967993
4.974000 0.120190 0.968039
4.980000 0.120046 0.968085
4.986000 0.119903 0.968131
4.992000 0.119760 0.968177
4.998000 0.119617 0.968222
5.004000 0.119475 0.968268
5.010000 0.119333 0.968313
5.016000 0.119191 0.968359
5.022000 0.119049 0.968404
5.028000 0.118908 0.968449
5.034000 0.118768 0.968494
5.040000 0.118627 0.968539
5.046000 0.118487 0.968584
5.052000 0.118348 0.968629
5.058000 0.118208 0.968674
5.064000 0.118069 0.968718
5.070000 0.117930 0.968762
5.076000 0.117792 0.968807
5.082000 0.117654 0.968851
5.088000 0.117516 0.968895
5.094000 0.117379 0.968939
5.100000 0.117241 0.968983
5.106000 0.117105 0.969027
5.112000 0.116968 0.969071
5.118000 0.116832 0.969114
5.124000 0.116696 0.969158
5.130000 0.116560 0.969201
5.136000 0.116425 0.969244
5.142000 0.116290 0.969287
5.148000 0.116156 0.969331
5.154000 0.116021 0.969374
5.160000 0.115887 0.969416
5.166000 0.115754 0.969459
5.172000 0.115620 0.969502
5.178000 0.115487 0.969545
5.184000 0.115354 0.969587
5.190000 0.115222 0.969629
5.196000 0.115090 0.969672
5.202000 0.114958 0.969714
5.208000 0.114826 0.969756
5.214000 0.114695 0.969798
5.220000 0.114564 0.969840
5.226000 0.114433 0.969882
5.232000 0.114303 0.969924
5.238000 0.114173 0.969965
5.244000 0.114043 0.970007
5.250000 0.113914 0.970048
5.256000 0.113785 0.970090
5.262000 0.113656 0.970131
5.268000 0.113527 0.970172
5.274000 0.113399 0.970213
5.280000 0.113271 0.970254
5.286000 0.113143 0.970295
5.292000 0.113015 0.970336
5.298000 0.112888 0.970376
5.304000 0.112761 0.970417
5.310000 0.112635 0.970457
5.316000 0.112509 0.970498
5.322000 0.112382 0.970538
5.328000 0.112257 0.970578
5.334000 0.112131 0.970619
5.340000 0.112006 0.970659
5.346000 0.111881 0.970699
5.352000 0.111756 0.970738
5.358000 0.111632 0.970778
5.364000 0.111508 0.970818
5.370000 0.111384 0.970858
5.376000 0.111261 0.970897
5.382000 0.111137 0.970937
5.388000 0.111014 0.970976
5.394000 0.110892 0.971015
5.400000 0.110769 0.971054
5.406000 0.110647 0.971093
5.412000 0.110525 0.971132
5.418000 0.110403 0.971171
5.424000 0.110282 0.971210
5.430000 0.110161 0.971249
5.436000 0.110040 0.971288
5.442000 0.109920 0.971326
5.448000 0.109799 0.971365
5.454000 0.109679 0.971403
5.460000 0.109559 0.971441
5.466000 0.109440 0.971480
5.472000 0.109321 0.971518
5.478000 0.109202 0.971556
5.484000 0.109083 0.971594
5.490000 0.108964 0.971632
5.496000 0.108846 0.971670
5.502000 0.108728 0.971707
5.508000 0.108610 0.971745
5.514000 0.108493 0.971783
5.520000 0.108376 0.971820
5.526000 0.108259 0.971857
5.532000 0.108142 0.971895
5.538000 0.108025 0.971932
5.544000 0.107909 0.971969
5.550000 0.107793 0.972006
5.556000 0.107677 0.972043
5.562000 0.107562 0.972080
5.568000 0.107447 0.972117
5.574000 0.107332 0.972154
5.580000 0.107217 0.972191
5.586000 0.107102 0.972227
5.592000 0.106988 0.972264
5.598000 0.106874 0.972300
5.604000 0.106760 0.972337
5.610000 0.106647 0.972373
5.616000 0.106534 0.972409
5.622000 0.106421 0.972445
5.628000 0.106308 0.972481
5.634000 0.106195 0.972517
5.640000 0.106083 0.972553
5.646000 0.105971 0.972589
5.652000 0.105859 0.972625
5.658000 0.105747 0.972661
5.664000 0.105636 0.972696
5.670000 0.105525 0.972732
5.676000 0.105414 0.972767
5.682000 0.105303 0.972803
5.688000 0.105193 0.972838
5.694000 0.105082 0.972873
5.700000 0.104972 0.972908
5.706000 0.104863 0.972943
5.712000 0.104753 0.972978
5.718000 0.104644 0.973013
5.724000 0.104535 0.973048
5.730000 0.104426 0.973083
5.736000 0.104317 0.973118
5.742000 0.104209 0.973153
5.748000 0.104101 0.973187
5.754000 0.103993 0.973222
5.760000 0.103885 0.973256
5.766000 0.103777 0.973290
5.772000 0.103670 0.973325
5.778000 0.103563 0.973359
5.784000 0.103456 0.973393
5.790000 0.103349 0.973427
5.796000 0.103243 0.973461
5.802000 0.103137 0.973495
5.808000 0.103031 0.973529
5.814000 0.102925 0.973563
5.820000 0.102820 0.973597
5.826000 0.102714 0.973630
5.832000 0.102609 0.973664
5.838000 0.102504 0.973697
5.844000 0.102400 0.973731
5.850000 0.102295 0.973764
5.856000 0.102191 0.973798
5.862000 0.102087 0.973831
5.868000 0.101983 0.973864
5.874000 0.101879 0.973897
5.880000 0.101776 0.973930
5.886000 0.101673 0.973963
5.892000 0.101570 0.973996
5.898000 0.101467 0.974029
5.904000 0.101364 0.974062
5.910000 0.101262 0.974095
5.916000 0.101160 0.974127
5.922000 0.101058 0.974160
5.928000 0.100956 0.974192
5.934000 0.100854 0.974225
5.940000 0.100753 0.974257
5.946000 0.100652 0.974290
5.952000 0.100551 0.974322
5.958000 0.100450 0.974354
5.964000 0.100350 0.974386
5.970000 0.100249 0.974418
5.976000 0.100149 0.974450
5.982000 0.100049 0.974482
5.988000 0.099950 0.974514
5.994000 0.099850 0.974546
