-4.00000000 0.08676181
-3.98000000 0.09147419
-3.96000000 0.09642361
-3.94000000 0.10161364
-3.92000000 0.10704651
-3.90000000 0.11272297
-3.88000000 0.11864209
-3.86000000 0.12480115
-3.84000000 0.13119550
-3.82000000 0.13781852
-3.80000000 0.14466159
-3.78000000 0.15171406
-3.76000000 0.15896339
-3.74000000 0.16639529
-3.72000000 0.17399388
-3.70000000 0.18174202
-3.68000000 0.18962159
-3.66000000 0.19761391
-3.64000000 0.20570017
-3.62000000 0.21386185
-3.60000000 0.22208119
-3.58000000 0.23034166
-3.56000000 0.23862843
-3.54000000 0.24692871
-3.52000000 0.25523214
-3.50000000 0.26353110
-3.48000000 0.27182089
-3.46000000 0.28009997
-3.44000000 0.28836994
-3.42000000 0.29663565
-3.40000000 0.30490515
-3.38000000 0.31318955
-3.36000000 0.32150293
-3.34000000 0.32986218
-3.32000000 0.33828680
-3.30000000 0.34679871
-3.28000000 0.35542206
-3.26000000 0.36418304
-3.24000000 0.37310970
-3.22000000 0.38223176
-3.20000000 0.39158053
-3.18000000 0.40118874
-3.16000000 0.41109045
-3.14000000 0.42132096
-3.12000000 0.43191679
-3.10000000 0.44291556
-3.08000000 0.45435604
-3.06000000 0.46627803
-3.04000000 0.47872241
-3.02000000 0.49173108
-3.00000000 0.50534691
-2.98000000 0.51961373
-2.96000000 0.53457621
-2.94000000 0.55027980
-2.92000000 0.56677058
-2.90000000 0.58409508
-2.88000000 0.60230006
-2.86000000 0.62143221
-2.84000000 0.64153778
-2.82000000 0.66266217
-2.80000000 0.68484934
-2.78000000 0.70814122
-2.76000000 0.73257697
-2.74000000 0.75819208
-2.72000000 0.78501745
-2.70000000 0.81307823
-2.68000000 0.84239268
-2.66000000 0.87297078
-2.64000000 0.90481288
-2.62000000 0.93790819
-2.60000000 0.97223329
-2.58000000 1.00775067
-2.56000000 1.04440727
-2.54000000 1.08213330
-2.52000000 1.12084113
-2.50000000 1.16042462
-2.48000000 1.20075878
-2.46000000 1.24169993
-2.44000000 1.28308645
-2.42000000 1.32474018
-2.40000000 1.36646845
-2.38000000 1.40806678
-2.36000000 1.44932236
-2.34000000 1.49001794
-2.32000000 1.52993628
-2.30000000 1.56886490
-2.28000000 1.60660093
-2.26000000 1.64295586
-2.24000000 1.67775995
-2.22000000 1.71086618
-2.20000000 1.74215340
-2.18000000 1.77152871
-2.16000000 1.79892885
-2.14000000 1.82432062
-2.12000000 1.84770031
-2.10000000 1.86909235
-2.08000000 1.88854703
-2.06000000 1.90613782
-2.04000000 1.92195802
-2.02000000 1.93611733
-2.00000000 1.94873815
-1.98000000 1.95995206
-1.96000000 1.96989635
-1.94000000 1.97871083
-1.92000000 1.98653502
-1.90000000 1.99350561
-1.88000000 1.99975439
-1.86000000 2.00540647
-1.84000000 2.01057893
-1.82000000 2.01537978
-1.80000000 2.01990719
-1.78000000 2.02424903
-1.76000000 2.02848255
-1.74000000 2.03267431
-1.72000000 2.03688023
-1.70000000 2.04114572
-1.68000000 2.04550596
-1.66000000 2.04998617
-1.64000000 2.05460196
-1.62000000 2.05935973
-1.60000000 2.06425706
-1.58000000 2.06928313
-1.56000000 2.07441912
-1.54000000 2.07963872
-1.52000000 2.08490852
-1.50000000 2.09018853
-1.48000000 2.09543267
-1.46000000 2.10058931
-1.44000000 2.10560183
-1.42000000 2.11040921
-1.40000000 2.11494673
-1.38000000 2.11914662
-1.36000000 2.12293884
-1.34000000 2.12625184
-1.32000000 2.12901344
-1.30000000 2.13115171
-1.28000000 2.13259584
-1.26000000 2.13327713
-1.24000000 2.13312988
-1.22000000 2.13209235
-1.20000000 2.13010768
-1.18000000 2.12712471
-1.16000000 2.12309881
-1.14000000 2.11799255
-1.12000000 2.11177635
-1.10000000 2.10442894
-1.08000000 2.09593770
-1.06000000 2.08629887
-1.04000000 2.07551760
-1.02000000 2.06360786
-1.00000000 2.05059211
-0.98000000 2.03650098
-0.96000000 2.02137264
-0.94000000 2.00525217
-0.92000000 1.98819079
-0.90000000 1.97024498
-0.88000000 1.95147554
-0.86000000 1.93194668
-0.84000000 1.91172500
-0.82000000 1.89087854
-0.80000000 1.86947583
-0.78000000 1.84758499
-0.76000000 1.82527290
-0.74000000 1.80260441
-0.72000000 1.77964169
-0.70000000 1.75644362
-0.68000000 1.73306529
-0.66000000 1.70955762
-0.64000000 1.68596703
-0.62000000 1.66233527
-0.60000000 1.63869924
-0.58000000 1.61509101
-0.56000000 1.59153785
-0.54000000 1.56806234
-0.52000000 1.54468253
-0.50000000 1.52141223
-0.48000000 1.49826126
-0.46000000 1.47523581
-0.44000000 1.45233878
-0.42000000 1.42957023
-0.40000000 1.40692774
-0.38000000 1.38440690
-0.36000000 1.36200175
-0.34000000 1.33970519
-0.32000000 1.31750947
-0.30000000 1.29540661
-0.28000000 1.27338880
-0.26000000 1.25144881
-0.24000000 1.22958035
-0.22000000 1.20777838
-0.20000000 1.18603939
-0.18000000 1.16436168
-0.16000000 1.14274550
-0.14000000 1.12119318
-0.12000000 1.09970926
-0.10000000 1.07830050
-0.08000000 1.05697582
-0.06000000 1.03574624
-0.04000000 1.01462481
-0.02000000 0.99362633
0.00000000 0.97276728
0.02000000 0.95206545
0.04000000 0.93153981
0.06000000 0.91121012
0.08000000 0.89109674
0.10000000 0.87122028
0.12000000 0.85160135
0.14000000 0.83226031
0.16000000 0.81321696
0.18000000 0.79449037
0.20000000 0.77609865
0.22000000 0.75805878
0.24000000 0.74038644
0.26000000 0.72309594
0.28000000 0.70620006
0.30000000 0.68971006
0.32000000 0.67363560
0.34000000 0.65798473
0.36000000 0.64276392
0.38000000 0.62797807
0.40000000 0.61363058
0.42000000 0.59972339
0.44000000 0.58625703
0.46000000 0.57323074
0.48000000 0.56064253
0.50000000 0.54848926
0.52000000 0.53676674
0.54000000 0.52546981
0.56000000 0.51459243
0.58000000 0.50412777
0.60000000 0.49406827
0.62000000 0.48440577
0.64000000 0.47513150
0.66000000 0.46623623
0.68000000 0.45771028
0.70000000 0.44954362
0.72000000 0.44172589
0.74000000 0.43424648
0.76000000 0.42709456
0.78000000 0.42025913
0.80000000 0.41372907
0.82000000 0.40749318
0.84000000 0.40154017
0.86000000 0.39585877
0.88000000 0.39043767
0.90000000 0.38526564
0.92000000 0.38033147
0.94000000 0.37562406
0.96000000 0.37113239
0.98000000 0.36684559
1.00000000 0.36275288
1.02000000 0.35884370
1.04000000 0.35510761
1.06000000 0.35153436
1.08000000 0.34811393
1.10000000 0.34483647
1.12000000 0.34169234
1.14000000 0.33867216
1.16000000 0.33576675
1.18000000 0.33296718
1.20000000 0.33026474
1.22000000 0.32765099
1.24000000 0.32511773
1.26000000 0.32265702
1.28000000 0.32026116
1.30000000 0.31792271
1.32000000 0.31563450
1.34000000 0.31338961
1.36000000 0.31118137
1.38000000 0.30900338
1.40000000 0.30684951
1.42000000 0.30471386
1.44000000 0.30259081
1.46000000 0.30047498
1.48000000 0.29836129
1.50000000 0.29624486
1.52000000 0.29412110
1.54000000 0.29198569
1.56000000 0.28983455
1.58000000 0.28766385
1.60000000 0.28547006
1.62000000 0.28324987
1.64000000 0.28100027
1.66000000 0.27871851
1.68000000 0.27640211
1.70000000 0.27404887
1.72000000 0.27165686
1.74000000 0.26922445
1.76000000 0.26675029
1.78000000 0.26423332
1.80000000 0.26167278
1.82000000 0.25906821
1.84000000 0.25641944
1.86000000 0.25372660
1.88000000 0.25099013
1.90000000 0.24821075
1.92000000 0.24538950
1.94000000 0.24252767
1.96000000 0.23962685
1.98000000 0.23668891
2.00000000 0.23371595
2.02000000 0.23071032
2.04000000 0.22767461
2.06000000 0.22461159
2.08000000 0.22152424
2.10000000 0.21841569
2.12000000 0.21528922
2.14000000 0.21214821
2.16000000 0.20899614
2.18000000 0.20583656
2.20000000 0.20267304
2.22000000 0.19950918
2.24000000 0.19634855
2.26000000 0.19319469
2.28000000 0.19005109
2.30000000 0.18692114
2.32000000 0.18380812
2.34000000 0.18071520
2.36000000 0.17764542
2.38000000 0.17460164
2.40000000 0.17158658
2.42000000 0.16860276
2.44000000 0.16565253
2.46000000 0.16273805
2.48000000 0.15986128
2.50000000 0.15702399
2.52000000 0.15422774
2.54000000 0.15147390
2.56000000 0.14876366
2.58000000 0.14609800
2.60000000 0.14347773
2.62000000 0.14090348
2.64000000 0.13837571
2.66000000 0.13589470
2.68000000 0.13346060
2.70000000 0.13107341
2.72000000 0.12873298
2.74000000 0.12643904
2.76000000 0.12419120
2.78000000 0.12198895
2.80000000 0.11983171
2.82000000 0.11771878
2.84000000 0.11564939
2.86000000 0.11362269
2.88000000 0.11163777
2.90000000 0.10969366
2.92000000 0.10778934
2.94000000 0.10592376
2.96000000 0.10409582
2.98000000 0.10230441
3.00000000 0.10054838
3.02000000 0.09882657
3.04000000 0.09713784
3.06000000 0.09548100
3.08000000 0.09385492
3.10000000 0.09225843
3.12000000 0.09069040
3.14000000 0.08914971
3.16000000 0.08763528
3.18000000 0.08614604
3.20000000 0.08468096
3.22000000 0.08323904
3.24000000 0.08181934
3.26000000 0.08042092
3.28000000 0.07904294
3.30000000 0.07768457
3.32000000 0.07634503
3.34000000 0.07502362
3.36000000 0.07371967
3.38000000 0.07243257
3.40000000 0.07116178
3.42000000 0.06990678
3.44000000 0.06866713
3.46000000 0.06744246
3.48000000 0.06623242
3.50000000 0.06503674
3.52000000 0.06385518
3.54000000 0.06268756
3.56000000 0.06153374
3.58000000 0.06039364
3.60000000 0.05926719
3.62000000 0.05815439
3.64000000 0.05705526
3.66000000 0.05596984
3.68000000 0.05489821
3.70000000 0.05384047
3.72000000 0.05279674
3.74000000 0.05176715
3.76000000 0.05075185
3.78000000 0.04975099
3.80000000 0.04876473
3.82000000 0.04779322
3.84000000 0.04683663
3.86000000 0.04589509
3.88000000 0.04496877
3.90000000 0.04405778
3.92000000 0.04316226
3.94000000 0.04228230
3.96000000 0.04141801
3.98000000 0.04056945
