-5.00000000 -0.00001906
-4.95000000 0.00045295
-4.90000000 0.00015853
-4.85000000 -0.00040016
-4.80000000 -0.00015718
-4.75000000 0.00049646
-4.70000000 0.00032959
-4.65000000 -0.00041293
-4.60000000 -0.00033597
-4.55000000 0.00050121
-4.50000000 0.00054559
-4.45000000 -0.00037305
-4.40000000 -0.00055579
-4.35000000 0.00044588
-4.30000000 0.00080660
-4.25000000 -0.00025409
-4.20000000 -0.00081278
-4.15000000 0.00030182
-4.10000000 0.00110812
-4.05000000 -0.00001988
-4.00000000 -0.00109591
-3.95000000 0.00002985
-3.90000000 0.00143765
-3.85000000 0.00038031
-3.80000000 -0.00138140
-3.75000000 -0.00042490
-3.70000000 0.00176831
-3.65000000 0.00102004
-3.60000000 -0.00162186
-3.55000000 -0.00114171
-3.50000000 0.00204603
-3.45000000 0.00201040
-3.40000000 -0.00172384
-3.35000000 -0.00223959
-3.30000000 0.00216226
-3.25000000 0.00352806
-3.20000000 -0.00149775
-3.15000000 -0.00390509
-3.10000000 0.00189170
-3.05000000 0.00587163
-3.00000000 -0.00053669
-2.95000000 -0.00644402
-2.90000000 0.00073629
-2.85000000 0.00958489
-2.80000000 0.00210983
-2.75000000 -0.01037759
-2.70000000 -0.00251215
-2.65000000 0.01575468
-2.60000000 0.00894689
-2.55000000 -0.01659374
-2.50000000 -0.01120047
-2.45000000 0.02683458
-2.40000000 0.02784263
-2.35000000 -0.02626342
-2.30000000 -0.03660550
-2.25000000 0.04938556
-2.20000000 0.09128576
-2.15000000 -0.03585118
-2.10000000 -0.13069865
-2.05000000 0.10599105
-2.00000000 0.41872055
-1.95000000 0.07844803
-1.90000000 -0.72312405
-1.85000000 0.30594754
-1.80000000 6.24254176
-1.75000000 17.41886929
-1.70000000 29.31337986
-1.65000000 35.04222775
-1.60000000 30.89413615
-1.55000000 19.57695333
-1.50000000 7.83601841
-1.45000000 0.90445823
-1.40000000 -0.76860879
-1.35000000 -0.06072362
-1.30000000 0.42341313
-1.25000000 0.17263684
-1.20000000 -0.11695230
-1.15000000 -0.06473567
-1.10000000 0.08100343
-1.05000000 0.06552269
-1.00000000 -0.02736975
-0.95000000 -0.03459113
-0.90000000 0.02105052
-0.85000000 0.03172696
-0.80000000 -0.00570748
-0.75000000 -0.01914869
-0.70000000 0.00481693
-0.65000000 0.01718118
-0.60000000 0.00078545
-0.55000000 -0.01097734
-0.50000000 -0.00039619
-0.45000000 0.00980750
-0.40000000 0.00274137
-0.35000000 -0.00636225
-0.30000000 -0.00206152
-0.25000000 0.00570348
-0.20000000 0.00313057
-0.15000000 -0.00363545
-0.10000000 -0.00244036
-0.05000000 0.00329850
-0.00000000 0.00296951
0.05000000 -0.00198581
0.10000000 -0.00235428
0.15000000 0.00185596
0.20000000 0.00266271
0.25000000 -0.00097809
0.30000000 -0.00214830
0.35000000 0.00098329
0.40000000 0.00239979
0.45000000 -0.00034795
0.50000000 -0.00199437
0.55000000 0.00043746
0.60000000 0.00229932
0.65000000 0.00010319
0.70000000 -0.00200814
0.75000000 0.00002365
0.80000000 0.00248218
0.85000000 0.00059587
0.90000000 -0.00231237
0.95000000 -0.00050267
1.00000000 0.00314880
1.05000000 0.00153619
1.10000000 -0.00309987
1.15000000 -0.00165469
1.20000000 0.00475341
1.25000000 0.00407191
1.30000000 -0.00471922
1.35000000 -0.00505291
1.40000000 0.00861455
1.45000000 0.01291522
1.50000000 -0.00742700
1.55000000 -0.01826829
1.60000000 0.02010562
1.65000000 0.06089589
1.70000000 0.00137515
1.75000000 -0.10767856
1.80000000 0.08367329
1.85000000 0.99996179
1.90000000 2.63330923
1.95000000 4.28912059
2.00000000 4.99479135
2.05000000 4.29031215
2.10000000 2.63332674
2.15000000 0.99873139
2.20000000 0.08366381
2.25000000 -0.10629039
2.30000000 0.00148446
2.35000000 0.05939249
2.40000000 0.01999651
2.45000000 -0.01638892
2.50000000 -0.00702952
2.55000000 0.01082488
2.60000000 0.00815092
2.65000000 -0.00219943
2.70000000 -0.00350087
2.75000000 0.00088111
2.80000000 0.00325161
2.85000000 0.00316757
2.90000000 0.00052468
2.95000000 -0.00375303
3.00000000 -0.00156472
3.05000000 0.00892678
3.10000000 0.00985753
3.15000000 -0.00878524
3.20000000 -0.01495675
3.25000000 0.02416983
3.30000000 0.05803283
3.35000000 -0.00852416
3.40000000 -0.10606723
3.45000000 0.12599330
3.50000000 1.08872465
3.55000000 2.72099483
3.60000000 4.29468853
3.65000000 4.87108338
3.70000000 4.07424161
3.75000000 2.42100309
3.80000000 0.86796094
3.85000000 0.04276783
3.90000000 -0.10064561
3.95000000 0.01074321
4.00000000 0.05834804
4.05000000 0.01493326
4.10000000 -0.01822220
4.15000000 -0.00511390
4.20000000 0.01276479
4.25000000 0.00702434
4.30000000 -0.00509794
4.35000000 -0.00375099
4.40000000 0.00390443
4.45000000 0.00385424
4.50000000 -0.00154127
4.55000000 -0.00238062
4.60000000 0.00125385
4.65000000 0.00228507
4.70000000 -0.00032054
4.75000000 -0.00149527
4.80000000 0.00029031
4.85000000 0.00140459
4.90000000 0.00013670
4.95000000 -0.00093198
