-4.00000000 0.00483731
-3.95000000 0.00534759
-3.90000000 0.00593499
-3.85000000 0.00661213
-3.80000000 0.00739372
-3.75000000 0.00829694
-3.70000000 0.00934180
-3.65000000 0.01055167
-3.60000000 0.01195376
-3.55000000 0.01357978
-3.50000000 0.01546662
-3.45000000 0.01765718
-3.40000000 0.02020130
-3.35000000 0.02315680
-3.30000000 0.02659070
-3.25000000 0.03058052
-3.20000000 0.03521582
-3.15000000 0.04059985
-3.10000000 0.04685143
-3.05000000 0.05410691
-3.00000000 0.06252243
-2.95000000 0.07227624
-2.90000000 0.08357117
-2.85000000 0.09663726
-2.80000000 0.11173435
-2.75000000 0.12915471
-2.70000000 0.14922550
-2.65000000 0.17231102
-2.60000000 0.19881451
-2.55000000 0.22917936
-2.50000000 0.26388938
-2.45000000 0.30346806
-2.40000000 0.34847616
-2.35000000 0.39950750
-2.30000000 0.45718241
-2.25000000 0.52213841
-2.20000000 0.59501772
-2.15000000 0.67645118
-2.10000000 0.76703830
-2.05000000 0.86732337
-2.00000000 0.97776759
-1.95000000 1.09871775
-1.90000000 1.23037195
-1.85000000 1.37274356
-1.80000000 1.52562471
-1.75000000 1.68855107
-1.70000000 1.86076994
-1.65000000 2.04121384
-1.60000000 2.22848204
-1.55000000 2.42083241
-1.50000000 2.61618579
-1.45000000 2.81214511
-1.40000000 3.00603073
-1.35000000 3.19493297
-1.30000000 3.37578183
-1.25000000 3.54543251
-1.20000000 3.70076429
-1.15000000 3.83878824
-1.10000000 3.95675845
-1.05000000 4.05228008
-1.00000000 4.12340726
-0.95000000 4.16872422
-0.90000000 4.18740408
-0.85000000 4.17924128
-0.80000000 4.14465605
-0.75000000 4.08467113
-0.70000000 4.00086316
-0.65000000 3.89529279
-0.60000000 3.77041843
-0.55000000 3.62899922
-0.50000000 3.47399307
-0.45000000 3.30845494
-0.40000000 3.13544028
-0.35000000 2.95791767
-0.30000000 2.77869382
-0.25000000 2.60035306
-0.20000000 2.42521244
-0.15000000 2.25529260
-0.10000000 2.09230354
-0.05000000 1.93764372
-0.00000000 1.79241036
0.05000000 1.65741828
0.10000000 1.53322477
0.15000000 1.42015771
0.20000000 1.31834480
0.25000000 1.22774164
0.30000000 1.14815744
0.35000000 1.07927687
0.40000000 1.02067790
0.45000000 0.97184524
0.50000000 0.93217978
0.55000000 0.90100491
0.60000000 0.87757075
0.65000000 0.86105754
0.70000000 0.85057993
0.75000000 0.84519338
0.80000000 0.84390406
0.85000000 0.84568322
0.90000000 0.84948637
0.95000000 0.85427711
1.00000000 0.85905465
1.05000000 0.86288368
1.10000000 0.86492435
1.15000000 0.86446019
1.20000000 0.86092150
1.25000000 0.85390222
1.30000000 0.84316865
1.35000000 0.82865938
1.40000000 0.81047638
1.45000000 0.78886834
1.50000000 0.76420778
1.55000000 0.73696405
1.60000000 0.70767454
1.65000000 0.67691608
1.70000000 0.64527851
1.75000000 0.61334177
1.80000000 0.58165719
1.85000000 0.55073354
1.90000000 0.52102753
1.95000000 0.49293853
2.00000000 0.46680663
2.05000000 0.44291355
2.10000000 0.42148535
2.15000000 0.40269632
2.20000000 0.38667347
2.25000000 0.37350080
2.30000000 0.36322325
2.35000000 0.35584983
2.40000000 0.35135582
2.45000000 0.34968416
2.50000000 0.35074589
2.55000000 0.35442016
2.60000000 0.36055377
2.65000000 0.36896097
2.70000000 0.37942356
2.75000000 0.39169190
2.80000000 0.40548697
2.85000000 0.42050364
2.90000000 0.43641526
2.95000000 0.45287939
3.00000000 0.46954438
3.05000000 0.48605656
3.10000000 0.50206772
3.15000000 0.51724245
3.20000000 0.53126519
3.25000000 0.54384671
3.30000000 0.55472996
3.35000000 0.56369501
3.40000000 0.57056312
3.45000000 0.57519970
3.50000000 0.57751609
3.55000000 0.57746999
3.60000000 0.57506455
3.65000000 0.57034604
3.70000000 0.56340026
3.75000000 0.55434796
3.80000000 0.54333931
3.85000000 0.53054807
3.90000000 0.51616553
3.95000000 0.50039452
