-4.00000000 0.20533606
-3.98000000 0.28197283
-3.96000000 0.35046533
-3.94000000 0.39725862
-3.92000000 0.41364763
-3.90000000 0.39807213
-3.88000000 0.35657038
-3.86000000 0.30128612
-3.84000000 0.24744193
-3.82000000 0.20958535
-3.80000000 0.19808062
-3.78000000 0.21672171
-3.76000000 0.26202124
-3.74000000 0.32428138
-3.72000000 0.39010310
-3.70000000 0.44565618
-3.68000000 0.47989121
-3.66000000 0.48694680
-3.64000000 0.46725164
-3.62000000 0.42716442
-3.60000000 0.37733911
-3.58000000 0.33026831
-3.56000000 0.29759040
-3.54000000 0.28773762
-3.52000000 0.30437472
-3.50000000 0.34587854
-3.48000000 0.40588897
-3.46000000 0.47476442
-3.44000000 0.54162872
-3.42000000 0.59661165
-3.40000000 0.63286487
-3.38000000 0.64797341
-3.36000000 0.64447774
-3.34000000 0.62936567
-3.32000000 0.61257625
-3.30000000 0.60475793
-3.28000000 0.61470501
-3.26000000 0.64701706
-3.24000000 0.70054293
-3.22000000 0.76805832
-3.20000000 0.83738651
-3.18000000 0.89384530
-3.16000000 0.92356155
-3.14000000 0.91692651
-3.12000000 0.87135354
-3.10000000 0.79259342
-3.08000000 0.69415999
-3.06000000 0.59486064
-3.04000000 0.51490469
-3.02000000 0.47145430
-3.00000000 0.47467260
-2.98000000 0.52525119
-2.96000000 0.61406783
-2.94000000 0.72411267
-2.92000000 0.83425733
-2.90000000 0.92397485
-2.88000000 0.97787481
-2.86000000 0.98896470
-2.84000000 0.95987551
-2.82000000 0.90180862
-2.80000000 0.83153485
-2.78000000 0.76725186
-2.76000000 0.72436057
-2.74000000 0.71219339
-2.72000000 0.73243428
-2.70000000 0.77950111
-2.68000000 0.84264583
-2.66000000 0.90910697
-2.64000000 0.96742771
-2.62000000 1.01007740
-2.60000000 1.03476368
-2.58000000 1.04421326
-2.56000000 1.04462034
-2.54000000 1.04329701
-2.52000000 1.04622954
-2.50000000 1.05621673
-2.48000000 1.07206412
-2.46000000 1.08899942
-2.44000000 1.10014652
-2.42000000 1.09863302
-2.40000000 1.07976768
-2.38000000 1.04273161
-2.36000000 0.99136430
-2.34000000 0.93384928
-2.32000000 0.88135620
-2.30000000 0.84592129
-2.28000000 0.83800327
-2.26000000 0.86421434
-2.24000000 0.92569197
-2.22000000 1.01745856
-2.20000000 1.12893621
-2.18000000 1.24557281
-2.16000000 1.35132510
-2.14000000 1.43157025
-2.12000000 1.47590947
-2.10000000 1.48031221
-2.08000000 1.44813945
-2.06000000 1.38977375
-2.04000000 1.32084637
-2.02000000 1.25933891
-2.00000000 1.22208971
-1.98000000 1.22139338
-1.96000000 1.26240024
-1.94000000 1.34188578
-1.92000000 1.44868999
-1.90000000 1.56577605
-1.88000000 1.67350834
-1.86000000 1.75348082
-1.84000000 1.79210473
-1.82000000 1.78321955
-1.80000000 1.72920896
-1.78000000 1.64043216
-1.76000000 1.53314064
-1.74000000 1.42635699
-1.72000000 1.33837926
-1.70000000 1.28360632
-1.68000000 1.27026338
-1.66000000 1.29938151
-1.64000000 1.36511264
-1.62000000 1.45620574
-1.60000000 1.55828133
-1.58000000 1.65644676
-1.56000000 1.73779340
-1.54000000 1.79338984
-1.52000000 1.81950316
-1.50000000 1.81791519
-1.48000000 1.79533260
-1.46000000 1.76200964
-1.44000000 1.72980538
-1.42000000 1.70997996
-1.40000000 1.71108768
-1.38000000 1.73733423
-1.36000000 1.78771575
-1.34000000 1.85614117
-1.32000000 1.93256400
-1.30000000 2.00494336
-1.28000000 2.06166121
-1.26000000 2.09389495
-1.24000000 2.09742446
-1.22000000 2.07345819
-1.20000000 2.02827963
-1.18000000 1.97179256
-1.16000000 1.91531108
-1.14000000 1.86912395
-1.12000000 1.84040917
-1.10000000 1.83196865
-1.08000000 1.84202458
-1.06000000 1.86503378
-1.04000000 1.89321957
-1.02000000 1.91836568
-1.00000000 1.93340633
-0.98000000 1.93347450
-0.96000000 1.91628670
-0.94000000 1.88196851
-0.92000000 1.83258100
-0.90000000 1.77164221
-0.88000000 1.70384249
-0.86000000 1.63497234
-0.84000000 1.57189262
-0.82000000 1.52226491
-0.80000000 1.49378334
-0.78000000 1.49281775
-0.76000000 1.52264335
-0.74000000 1.58170023
-0.72000000 1.66248946
-0.70000000 1.75168539
-0.68000000 1.83179921
-0.66000000 1.88431321
-0.64000000 1.89373073
-0.62000000 1.85160271
-0.60000000 1.75943490
-0.58000000 1.62953124
-0.56000000 1.48327999
-0.54000000 1.34703657
-0.52000000 1.24642785
-0.50000000 1.20040128
-0.48000000 1.21651163
-0.46000000 1.28870603
-0.44000000 1.39827859
-0.42000000 1.51786703
-0.40000000 1.61757152
-0.38000000 1.67171100
-0.36000000 1.66455488
-0.34000000 1.59363268
-0.32000000 1.46985849
-0.30000000 1.31453544
-0.28000000 1.15409843
-0.26000000 1.01399381
-0.24000000 0.91324346
-0.22000000 0.86097090
-0.20000000 0.85557312
-0.18000000 0.88648512
-0.16000000 0.93781870
-0.14000000 0.99274204
-0.12000000 1.03740141
-0.10000000 1.06345671
-0.08000000 1.06880163
-0.06000000 1.05659760
-0.04000000 1.03319833
-0.02000000 1.00575705
0.00000000 0.98025467
0.02000000 0.96041524
0.04000000 0.94760045
0.06000000 0.94143603
0.08000000 0.94072858
0.10000000 0.94423092
0.12000000 0.95098171
0.14000000 0.96019617
0.16000000 0.97091036
0.18000000 0.98168999
0.20000000 0.99066699
0.22000000 0.99598842
0.24000000 0.99653165
0.26000000 0.99256045
0.28000000 0.98595205
0.30000000 0.97974808
0.32000000 0.97703821
0.34000000 0.97948209
0.36000000 0.98599611
0.38000000 0.99217754
0.40000000 0.99086844
0.42000000 0.97390996
0.44000000 0.93471239
0.46000000 0.87091060
0.48000000 0.78622428
0.50000000 0.69077319
0.52000000 0.59949605
0.54000000 0.52888272
0.56000000 0.49278367
0.58000000 0.49842944
0.60000000 0.54384111
0.62000000 0.61750305
0.64000000 0.70057133
0.66000000 0.77117358
0.68000000 0.80972883
0.70000000 0.80387566
0.72000000 0.75165465
0.74000000 0.66204544
0.76000000 0.55268268
0.78000000 0.44536242
0.80000000 0.36056797
0.82000000 0.31251003
0.84000000 0.30601038
0.86000000 0.33601236
0.88000000 0.38973805
0.90000000 0.45075956
0.92000000 0.50373293
0.94000000 0.53840601
0.96000000 0.55178841
0.98000000 0.54796889
1.00000000 0.53579303
1.02000000 0.52525024
1.04000000 0.52377182
1.06000000 0.53361424
1.08000000 0.55111425
1.10000000 0.56798575
1.12000000 0.57418075
1.14000000 0.56135838
1.16000000 0.52584046
1.18000000 0.47011998
1.20000000 0.40246190
1.22000000 0.33473688
1.24000000 0.27916996
1.26000000 0.24500082
1.28000000 0.23605238
1.30000000 0.24990013
1.32000000 0.27883178
1.34000000 0.31224570
1.36000000 0.33972563
1.38000000 0.35386662
1.40000000 0.35205067
1.42000000 0.33672829
1.44000000 0.31423168
1.46000000 0.29257721
1.48000000 0.27898007
1.50000000 0.27783227
1.52000000 0.28969387
1.54000000 0.31149616
1.56000000 0.33777253
1.58000000 0.36244136
1.60000000 0.38054670
1.62000000 0.38944115
1.64000000 0.38912692
1.66000000 0.38176915
1.68000000 0.37065605
1.70000000 0.35902305
1.72000000 0.34914567
1.74000000 0.34195753
1.76000000 0.33722994
1.78000000 0.33413956
1.80000000 0.33192607
1.82000000 0.33034012
1.84000000 0.32969585
1.86000000 0.33052350
1.88000000 0.33299412
1.90000000 0.33639355
1.92000000 0.33891712
1.94000000 0.33794134
1.96000000 0.33074706
1.98000000 0.31548502
2.00000000 0.29205829
2.02000000 0.26259086
2.04000000 0.23126325
2.06000000 0.20349147
2.08000000 0.18464013
2.10000000 0.17862326
2.12000000 0.18680222
2.14000000 0.20751781
2.16000000 0.23641462
2.18000000 0.26748433
2.20000000 0.29454328
2.22000000 0.31273353
2.24000000 0.31963371
2.26000000 0.31568575
2.28000000 0.30384738
2.30000000 0.28860466
2.32000000 0.27465572
2.34000000 0.26565493
2.36000000 0.26336635
2.38000000 0.26743433
2.40000000 0.27578403
2.42000000 0.28547771
2.44000000 0.29372905
2.46000000 0.29875219
2.48000000 0.30019602
2.50000000 0.29906001
2.52000000 0.29715683
2.54000000 0.29632574
2.56000000 0.29766928
2.58000000 0.30106615
2.60000000 0.30511627
2.62000000 0.30753267
2.64000000 0.30585479
2.66000000 0.29825995
2.68000000 0.28422287
2.70000000 0.26482136
2.72000000 0.24259267
2.74000000 0.22097658
2.76000000 0.20349861
2.78000000 0.19291776
2.80000000 0.19056875
2.82000000 0.19607075
2.84000000 0.20747112
2.86000000 0.22177329
2.88000000 0.23569674
2.90000000 0.24645934
2.92000000 0.25237308
2.94000000 0.25310156
2.96000000 0.24952402
2.98000000 0.24326111
3.00000000 0.23601103
3.02000000 0.22889768
3.04000000 0.22202938
3.06000000 0.21440889
3.08000000 0.20423677
3.10000000 0.18953609
3.12000000 0.16892854
3.14000000 0.14233609
3.16000000 0.11138812
3.18000000 0.07938102
3.20000000 0.05075295
3.22000000 0.03016995
3.24000000 0.02143620
3.26000000 0.02650611
3.28000000 0.04486864
3.30000000 0.07349089
3.32000000 0.10736818
3.34000000 0.14056735
3.36000000 0.16751242
3.38000000 0.18418836
3.40000000 0.18895220
3.42000000 0.18274198
3.44000000 0.16863637
3.46000000 0.15089704
3.48000000 0.13376993
3.50000000 0.12038738
3.52000000 0.11207915
3.54000000 0.10827573
3.56000000 0.10700649
3.58000000 0.10581373
3.60000000 0.10277604
3.62000000 0.09730148
3.64000000 0.09042507
3.66000000 0.08450338
3.68000000 0.08239537
3.70000000 0.08638938
3.72000000 0.09722841
3.74000000 0.11356692
3.76000000 0.13206664
3.78000000 0.14814266
3.80000000 0.15716554
3.82000000 0.15577445
3.84000000 0.14290893
3.86000000 0.12024056
3.88000000 0.09185846
3.90000000 0.06328253
3.92000000 0.04007844
3.94000000 0.02646561
3.96000000 0.02430924
3.98000000 0.03276883
