-4.00000000 0.16989795
-3.98000000 0.12494826
-3.96000000 0.11373073
-3.94000000 0.14282093
-3.92000000 0.20812101
-3.90000000 0.29527923
-3.88000000 0.38318447
-3.86000000 0.44967539
-3.84000000 0.47787229
-3.82000000 0.46126149
-3.80000000 0.40594826
-3.78000000 0.32928134
-3.76000000 0.25511675
-3.74000000 0.20701219
-3.72000000 0.20130789
-3.70000000 0.24213986
-3.68000000 0.31990503
-3.66000000 0.41370019
-3.64000000 0.49708538
-3.62000000 0.54553031
-3.60000000 0.54339368
-3.58000000 0.48841717
-3.56000000 0.39245041
-3.54000000 0.27823623
-3.52000000 0.17323845
-3.50000000 0.10233741
-3.48000000 0.08150058
-3.46000000 0.11418173
-3.44000000 0.19133456
-3.42000000 0.29482435
-3.40000000 0.40302851
-3.38000000 0.49683629
-3.36000000 0.56425450
-3.34000000 0.60237590
-3.32000000 0.61637577
-3.30000000 0.61616402
-3.28000000 0.61202515
-3.26000000 0.61080974
-3.24000000 0.61394360
-3.22000000 0.61781416
-3.20000000 0.61623077
-3.18000000 0.60393067
-3.16000000 0.57975828
-3.14000000 0.54828885
-3.12000000 0.51923835
-3.10000000 0.50479712
-3.08000000 0.51576797
-3.06000000 0.55782538
-3.04000000 0.62919497
-3.02000000 0.72058863
-3.00000000 0.81748178
-2.98000000 0.90404015
-2.96000000 0.96745811
-2.94000000 1.00134100
-2.92000000 1.00709039
-2.90000000 0.99291933
-2.88000000 0.97090451
-2.86000000 0.95311052
-2.84000000 0.94808639
-2.82000000 0.95885410
-2.80000000 0.98294983
-2.78000000 1.01434279
-2.76000000 1.04639906
-2.74000000 1.07471072
-2.72000000 1.09869278
-2.70000000 1.12133333
-2.68000000 1.14719449
-2.66000000 1.17945039
-2.64000000 1.21716383
-2.62000000 1.25398830
-2.60000000 1.27902611
-2.58000000 1.27982084
-2.56000000 1.24666522
-2.54000000 1.17684124
-2.52000000 1.07728616
-2.50000000 0.96456136
-2.48000000 0.86179128
-2.46000000 0.79319439
-2.44000000 0.77764536
-2.42000000 0.82311632
-2.40000000 0.92369890
-2.38000000 1.06023268
-2.36000000 1.20455253
-2.34000000 1.32631746
-2.32000000 1.40061559
-2.30000000 1.41428498
-2.28000000 1.36922871
-2.26000000 1.28183351
-2.24000000 1.17867816
-2.22000000 1.08972568
-2.20000000 1.04084321
-2.18000000 1.04761132
-2.16000000 1.11195681
-2.14000000 1.22231623
-2.12000000 1.35706660
-2.10000000 1.49012524
-2.08000000 1.59714768
-2.06000000 1.66074180
-2.04000000 1.67353029
-2.02000000 1.63857357
-2.00000000 1.56739259
-1.98000000 1.47639920
-1.96000000 1.38281351
-1.94000000 1.30109312
-1.92000000 1.24058758
-1.90000000 1.20469651
-1.88000000 1.19140002
-1.86000000 1.19475424
-1.84000000 1.20684782
-1.82000000 1.21977157
-1.80000000 1.22729198
-1.78000000 1.22605999
-1.76000000 1.21627613
-1.74000000 1.20176134
-1.72000000 1.18938515
-1.70000000 1.18783010
-1.68000000 1.20576601
-1.66000000 1.24966987
-1.64000000 1.32171264
-1.62000000 1.41826279
-1.60000000 1.52954577
-1.58000000 1.64080374
-1.56000000 1.73493754
-1.54000000 1.79617234
-1.52000000 1.81390403
-1.50000000 1.78569827
-1.48000000 1.71852034
-1.46000000 1.62767959
-1.44000000 1.53358380
-1.42000000 1.45704199
-1.40000000 1.41432866
-1.38000000 1.41336281
-1.36000000 1.45209298
-1.34000000 1.51957114
-1.32000000 1.59941576
-1.30000000 1.67464582
-1.28000000 1.73244127
-1.26000000 1.76739806
-1.24000000 1.78230595
-1.22000000 1.78625223
-1.20000000 1.79070411
-1.18000000 1.80487629
-1.16000000 1.83193409
-1.14000000 1.86732891
-1.12000000 1.89988351
-1.10000000 1.91535169
-1.08000000 1.90135357
-1.06000000 1.85210320
-1.04000000 1.77136029
-1.02000000 1.67255771
-1.00000000 1.57592186
-0.98000000 1.50334263
-0.96000000 1.47246629
-0.94000000 1.49174909
-0.92000000 1.55793834
-0.90000000 1.65672430
-0.88000000 1.76636195
-0.86000000 1.86318976
-0.84000000 1.92744623
-0.82000000 1.94775678
-0.80000000 1.92312958
-0.78000000 1.86209557
-0.76000000 1.77949089
-0.74000000 1.69203533
-0.72000000 1.61410889
-0.70000000 1.55491598
-0.68000000 1.51764976
-0.66000000 1.50054531
-0.64000000 1.49909331
-0.62000000 1.50838361
-0.60000000 1.52464669
-0.58000000 1.54550322
-0.56000000 1.56903483
-0.54000000 1.59231942
-0.52000000 1.61032390
-0.50000000 1.61592033
-0.48000000 1.60132845
-0.46000000 1.56066347
-0.44000000 1.49271969
-0.42000000 1.40287094
-0.40000000 1.30313577
-0.38000000 1.21001034
-0.36000000 1.14044010
-0.34000000 1.10701994
-0.32000000 1.11391620
-0.30000000 1.15492674
-0.28000000 1.21452306
-0.26000000 1.27181323
-0.24000000 1.30640886
-0.22000000 1.30449101
-0.20000000 1.26319358
-0.18000000 1.19184500
-0.16000000 1.10952272
-0.14000000 1.03950672
-0.12000000 1.00221333
-0.10000000 1.00872469
-0.08000000 1.05691742
-0.06000000 1.13145261
-0.04000000 1.20773680
-0.02000000 1.25875339
0.00000000 1.26277515
0.02000000 1.20968144
0.04000000 1.10401373
0.06000000 0.96388405
0.08000000 0.81609797
0.10000000 0.68897741
0.12000000 0.60502168
0.14000000 0.57552957
0.16000000 0.59863988
0.18000000 0.66115329
0.20000000 0.74333213
0.22000000 0.82500682
0.24000000 0.89101623
0.26000000 0.93435322
0.28000000 0.95624180
0.30000000 0.96344196
0.32000000 0.96399970
0.34000000 0.96312897
0.36000000 0.96078109
0.38000000 0.95178311
0.40000000 0.92845115
0.42000000 0.88464871
0.44000000 0.81969239
0.46000000 0.74050807
0.48000000 0.66101757
0.50000000 0.59869858
0.52000000 0.56928315
0.54000000 0.58129143
0.56000000 0.63227671
0.58000000 0.70820683
0.60000000 0.78645482
0.62000000 0.84171806
0.64000000 0.85320396
0.66000000 0.81093569
0.68000000 0.71921364
0.70000000 0.59607533
0.72000000 0.46878518
0.74000000 0.36658825
0.76000000 0.31280280
0.78000000 0.31854221
0.80000000 0.37987784
0.82000000 0.47922916
0.84000000 0.59051361
0.86000000 0.68649089
0.88000000 0.74612781
0.90000000 0.75986677
0.92000000 0.73136995
0.94000000 0.67540738
0.96000000 0.61271196
0.98000000 0.56348537
1.00000000 0.54155298
1.02000000 0.55085883
1.04000000 0.58518590
1.06000000 0.63095326
1.08000000 0.67201117
1.10000000 0.69481290
1.12000000 0.69233603
1.14000000 0.66562979
1.16000000 0.62269133
1.18000000 0.57524218
1.20000000 0.53460725
1.22000000 0.50810381
1.24000000 0.49708399
1.26000000 0.49715494
1.28000000 0.50034623
1.30000000 0.49835958
1.32000000 0.48572438
1.34000000 0.46177867
1.36000000 0.43084830
1.38000000 0.40063714
1.40000000 0.37944792
1.42000000 0.37322386
1.44000000 0.38342441
1.46000000 0.40643033
1.48000000 0.43463665
1.50000000 0.45882451
1.52000000 0.47099587
1.54000000 0.46673742
1.56000000 0.44637654
1.58000000 0.41462344
1.60000000 0.37890336
1.62000000 0.34699661
1.64000000 0.32478847
1.66000000 0.31483626
1.68000000 0.31613507
1.70000000 0.32503070
1.72000000 0.33684346
1.74000000 0.34755998
1.76000000 0.35498384
1.78000000 0.35898537
1.80000000 0.36085536
1.82000000 0.36211110
1.84000000 0.36330004
1.86000000 0.36333020
1.88000000 0.35963734
1.90000000 0.34916159
1.92000000 0.32977694
1.94000000 0.30161800
1.96000000 0.26775408
1.98000000 0.23387192
2.00000000 0.20697232
2.02000000 0.19344159
2.04000000 0.19710008
2.06000000 0.21787079
2.08000000 0.25153246
2.10000000 0.29068178
2.12000000 0.32664174
2.14000000 0.35174702
2.16000000 0.36131475
2.18000000 0.35471113
2.20000000 0.33521473
2.22000000 0.30876004
2.24000000 0.28199233
2.26000000 0.26026532
2.28000000 0.24620465
2.30000000 0.23925137
2.32000000 0.23626622
2.34000000 0.23292952
2.36000000 0.22542893
2.38000000 0.21186119
2.40000000 0.19290093
2.42000000 0.17155606
2.44000000 0.15214217
2.46000000 0.13885889
2.48000000 0.13446067
2.50000000 0.13945174
2.52000000 0.15203257
2.54000000 0.16875873
2.56000000 0.18563832
2.58000000 0.19926972
2.60000000 0.20764371
2.62000000 0.21038643
2.64000000 0.20843872
2.66000000 0.20337130
2.68000000 0.19664931
2.70000000 0.18914723
2.72000000 0.18108614
2.74000000 0.17237506
2.76000000 0.16316089
2.78000000 0.15429868
2.80000000 0.14748033
2.82000000 0.14489774
2.84000000 0.14851247
2.86000000 0.15918296
2.88000000 0.17599176
2.90000000 0.19607825
2.92000000 0.21512471
2.94000000 0.22841698
2.96000000 0.23218517
2.98000000 0.22480382
3.00000000 0.20744447
3.02000000 0.18392866
3.04000000 0.15977820
3.06000000 0.14072072
3.08000000 0.13109275
3.10000000 0.13262690
3.12000000 0.14399587
3.14000000 0.16124991
3.16000000 0.17900377
3.18000000 0.19199632
3.20000000 0.19653790
3.22000000 0.19141116
3.24000000 0.17798135
3.26000000 0.15953599
3.28000000 0.14012066
3.30000000 0.12328526
3.32000000 0.11115647
3.34000000 0.10411101
3.36000000 0.10109504
3.38000000 0.10040129
3.40000000 0.10055974
3.42000000 0.10097588
3.44000000 0.10206649
3.46000000 0.10485279
3.48000000 0.11019513
3.50000000 0.11800746
3.52000000 0.12681363
3.54000000 0.13388920
3.56000000 0.13601083
3.58000000 0.13059142
3.60000000 0.11680232
3.62000000 0.09624547
3.64000000 0.07285987
3.66000000 0.05199518
3.68000000 0.03887851
3.70000000 0.03693660
3.72000000 0.04652866
3.74000000 0.06455232
3.76000000 0.08512797
3.78000000 0.10122314
3.80000000 0.10675949
3.82000000 0.09855902
3.84000000 0.07750107
3.86000000 0.04848153
3.88000000 0.01912826
3.90000000 -0.00238215
3.92000000 -0.00976482
3.94000000 -0.00058040
3.96000000 0.02291250
3.98000000 0.05429575
