-4.00000000 0.00405674
-3.98000000 0.00399242
-3.96000000 0.00383692
-3.94000000 0.00362186
-3.92000000 0.00339092
-3.90000000 0.00319599
-3.88000000 0.00309173
-3.86000000 0.00312941
-3.84000000 0.00335133
-3.82000000 0.00378677
-3.80000000 0.00445022
-3.78000000 0.00534210
-3.76000000 0.00645137
-3.74000000 0.00775929
-3.72000000 0.00924298
-3.70000000 0.01087783
-3.68000000 0.01263828
-3.66000000 0.01449691
-3.64000000 0.01642288
-3.62000000 0.01838083
-3.60000000 0.02033169
-3.58000000 0.02223632
-3.56000000 0.02406226
-3.54000000 0.02579250
-3.52000000 0.02743458
-3.50000000 0.02902728
-3.48000000 0.03064247
-3.46000000 0.03238009
-3.44000000 0.03435572
-3.42000000 0.03668191
-3.40000000 0.03944631
-3.38000000 0.04269073
-3.36000000 0.04639620
-3.34000000 0.05047802
-3.32000000 0.05479370
-3.30000000 0.05916385
-3.28000000 0.06340327
-3.26000000 0.06735734
-3.24000000 0.07093644
-3.22000000 0.07414154
-3.20000000 0.07707465
-3.18000000 0.07993093
-3.16000000 0.08297251
-3.14000000 0.08648815
-3.12000000 0.09074584
-3.10000000 0.09594765
-3.08000000 0.10219586
-3.06000000 0.10947796
-3.04000000 0.11767401
-3.02000000 0.12658597
-3.00000000 0.13598345
-2.98000000 0.14565730
-2.96000000 0.15547029
-2.94000000 0.16539458
-2.92000000 0.17552859
-2.90000000 0.18608946
-2.88000000 0.19738293
-2.86000000 0.20975639
-2.84000000 0.22354449
-2.82000000 0.23901768
-2.80000000 0.25634265
-2.78000000 0.27556105
-2.76000000 0.29658824
-2.74000000 0.31922993
-2.72000000 0.34321115
-2.70000000 0.36821075
-2.68000000 0.39389504
-2.66000000 0.41994656
-2.64000000 0.44608700
-2.62000000 0.47209613
-2.60000000 0.49783047
-2.58000000 0.52324461
-2.56000000 0.54841619
-2.54000000 0.57357162
-2.52000000 0.59910549
-2.50000000 0.62558417
-2.48000000 0.65372346
-2.46000000 0.68433322
-2.44000000 0.71822796
-2.42000000 0.75611023
-2.40000000 0.79844224
-2.38000000 0.84532744
-2.36000000 0.89642660
-2.34000000 0.95093006
-2.32000000 1.00760037
-2.30000000 1.06488736
-2.28000000 1.12110380
-2.26000000 1.17463704
-2.24000000 1.22416332
-2.22000000 1.26882854
-2.20000000 1.30836395
-2.18000000 1.34311643
-2.16000000 1.37398787
-2.14000000 1.40229545
-2.12000000 1.42957821
-2.10000000 1.45738467
-2.08000000 1.48707768
-2.06000000 1.51968723
-2.04000000 1.55583036
-2.02000000 1.59570304
-2.00000000 1.63913429
-1.98000000 1.68568267
-1.96000000 1.73474980
-1.94000000 1.78568717
-1.92000000 1.83787917
-1.90000000 1.89079463
-1.88000000 1.94400967
-1.86000000 1.99721130
-1.84000000 2.05019441
-1.82000000 2.10286241
-1.80000000 2.15523564
-1.78000000 2.20746401
-1.76000000 2.25983337
-1.74000000 2.31275204
-1.72000000 2.36670569
-1.70000000 2.42217590
-1.68000000 2.47952799
-1.66000000 2.53888497
-1.64000000 2.60001330
-1.62000000 2.66224934
-1.60000000 2.72449175
-1.58000000 2.78527444
-1.56000000 2.84291861
-1.54000000 2.89574517
-1.52000000 2.94231323
-1.50000000 2.98164136
-1.48000000 3.01336797
-1.46000000 3.03781609
-1.44000000 3.05594509
-1.42000000 3.06919372
-1.40000000 3.07924082
-1.38000000 3.08772765
-1.36000000 3.09599428
-1.34000000 3.10488127
-1.32000000 3.11463487
-1.30000000 3.12493369
-1.28000000 3.13502997
-1.26000000 3.14397486
-1.24000000 3.15087964
-1.22000000 3.15515693
-1.20000000 3.15668952
-1.18000000 3.15588938
-1.16000000 3.15363169
-1.14000000 3.15107510
-1.12000000 3.14940331
-1.10000000 3.14954046
-1.08000000 3.15189951
-1.06000000 3.15621753
-1.04000000 3.16151531
-1.02000000 3.16619467
-1.00000000 3.16825948
-0.98000000 3.16562141
-0.96000000 3.15643436
-0.94000000 3.13939504
-0.92000000 3.11395335
-0.90000000 3.08039362
-0.88000000 3.03977290
-0.86000000 2.99373019
-0.84000000 2.94420541
-0.82000000 2.89312347
-0.80000000 2.84210438
-0.78000000 2.79225278
-0.76000000 2.74406294
-0.74000000 2.69744979
-0.72000000 2.65189080
-0.70000000 2.60664093
-0.68000000 2.56096934
-0.66000000 2.51436495
-0.64000000 2.46666709
-0.62000000 2.41809663
-0.60000000 2.36918647
-0.58000000 2.32063298
-0.56000000 2.27310731
-0.54000000 2.22707280
-0.52000000 2.18265131
-0.50000000 2.13956842
-0.48000000 2.09718761
-0.46000000 2.05462297
-0.44000000 2.01090214
-0.42000000 1.96514155
-0.40000000 1.91669516
-0.38000000 1.86524700
-0.36000000 1.81083278
-0.34000000 1.75379369
-0.32000000 1.69468132
-0.30000000 1.63414224
-0.28000000 1.57281261
-0.26000000 1.51124716
-0.24000000 1.44989433
-0.22000000 1.38911520
-0.20000000 1.32923123
-0.18000000 1.27057774
-0.16000000 1.21354038
-0.14000000 1.15855773
-0.12000000 1.10608512
-0.10000000 1.05652753
-0.08000000 1.01016034
-0.06000000 0.96706215
-0.04000000 0.92708211
-0.02000000 0.88985585
0.00000000 0.85487125
0.02000000 0.82157138
0.04000000 0.78947068
0.06000000 0.75825568
0.08000000 0.72784349
0.10000000 0.69838155
0.12000000 0.67018591
0.14000000 0.64363162
0.16000000 0.61902122
0.18000000 0.59646427
0.20000000 0.57579923
0.22000000 0.55658003
0.24000000 0.53813430
0.26000000 0.51968353
0.28000000 0.50049986
0.30000000 0.48006515
0.32000000 0.45819628
0.34000000 0.43510761
0.36000000 0.41139513
0.38000000 0.38794395
0.40000000 0.36577740
0.42000000 0.34587842
0.44000000 0.32901941
0.46000000 0.31563413
0.48000000 0.30575535
0.50000000 0.29902759
0.52000000 0.29478853
0.54000000 0.29219879
0.56000000 0.29039130
0.58000000 0.28860982
0.60000000 0.28631051
0.62000000 0.28321065
0.64000000 0.27928085
0.66000000 0.27468955
0.68000000 0.26971745
0.70000000 0.26466434
0.72000000 0.25976959
0.74000000 0.25516245
0.76000000 0.25084938
0.78000000 0.24673677
0.80000000 0.24267923
0.82000000 0.23853858
0.84000000 0.23423786
0.86000000 0.22979687
0.88000000 0.22534168
0.90000000 0.22108658
0.92000000 0.21729405
0.94000000 0.21422257
0.96000000 0.21207427
0.98000000 0.21095398
1.00000000 0.21084762
1.02000000 0.21162381
1.04000000 0.21305701
1.06000000 0.21486659
1.08000000 0.21676346
1.10000000 0.21849477
1.12000000 0.21987889
1.14000000 0.22082505
1.16000000 0.22133561
1.18000000 0.22149238
1.20000000 0.22143109
1.22000000 0.22130976
1.24000000 0.22127712
1.26000000 0.22144640
1.28000000 0.22187809
1.30000000 0.22257331
1.32000000 0.22347745
1.34000000 0.22449175
1.36000000 0.22549018
1.38000000 0.22633794
1.40000000 0.22690873
1.42000000 0.22709843
1.44000000 0.22683391
1.46000000 0.22607660
1.48000000 0.22482140
1.50000000 0.22309192
1.52000000 0.22093366
1.54000000 0.21840645
1.56000000 0.21557753
1.58000000 0.21251608
1.60000000 0.20928977
1.62000000 0.20596312
1.64000000 0.20259738
1.66000000 0.19925098
1.68000000 0.19597965
1.70000000 0.19283548
1.72000000 0.18986433
1.74000000 0.18710165
1.76000000 0.18456711
1.78000000 0.18225932
1.80000000 0.18015172
1.82000000 0.17819118
1.84000000 0.17630030
1.86000000 0.17438383
1.88000000 0.17233867
1.90000000 0.17006638
1.92000000 0.16748612
1.94000000 0.16454598
1.96000000 0.16123056
1.98000000 0.15756347
2.00000000 0.15360429
2.02000000 0.14944062
2.04000000 0.14517672
2.06000000 0.14092085
2.08000000 0.13677366
2.10000000 0.13281921
2.12000000 0.12911985
2.14000000 0.12571490
2.16000000 0.12262234
2.18000000 0.11984213
2.20000000 0.11735954
2.22000000 0.11514755
2.24000000 0.11316754
2.26000000 0.11136893
2.28000000 0.10968846
2.30000000 0.10805068
2.32000000 0.10637071
2.34000000 0.10455993
2.36000000 0.10253424
2.38000000 0.10022381
2.40000000 0.09758245
2.42000000 0.09459452
2.44000000 0.09127754
2.46000000 0.08767986
2.48000000 0.08387327
2.50000000 0.07994211
2.52000000 0.07597110
2.54000000 0.07203426
2.56000000 0.06818734
2.58000000 0.06446517
2.60000000 0.06088409
2.62000000 0.05744851
2.64000000 0.05415957
2.66000000 0.05102352
2.68000000 0.04805734
2.70000000 0.04529014
2.72000000 0.04275978
2.74000000 0.04050550
2.76000000 0.03855836
2.78000000 0.03693171
2.80000000 0.03561429
2.82000000 0.03456755
2.84000000 0.03372817
2.86000000 0.03301531
2.88000000 0.03234148
2.90000000 0.03162463
2.92000000 0.03079939
2.94000000 0.02982532
2.96000000 0.02869077
2.98000000 0.02741193
3.00000000 0.02602756
3.02000000 0.02459055
3.04000000 0.02315817
3.06000000 0.02178268
3.08000000 0.02050386
3.10000000 0.01934458
3.12000000 0.01830967
3.14000000 0.01738804
3.16000000 0.01655716
3.18000000 0.01578888
3.20000000 0.01505553
3.22000000 0.01433505
3.24000000 0.01361439
3.26000000 0.01289079
3.28000000 0.01217068
3.30000000 0.01146681
3.32000000 0.01079399
3.34000000 0.01016453
3.36000000 0.00958424
3.38000000 0.00904985
3.40000000 0.00854843
3.42000000 0.00805908
3.44000000 0.00755667
3.46000000 0.00701687
3.48000000 0.00642170
3.50000000 0.00576431
3.52000000 0.00505213
3.54000000 0.00430743
3.56000000 0.00356523
3.58000000 0.00286865
3.60000000 0.00226245
3.62000000 0.00178601
3.64000000 0.00146688
3.66000000 0.00131612
3.68000000 0.00132632
3.70000000 0.00147256
3.72000000 0.00171608
3.74000000 0.00201006
3.76000000 0.00230631
3.78000000 0.00256188
3.80000000 0.00274428
3.82000000 0.00283480
3.84000000 0.00282943
3.86000000 0.00273745
3.88000000 0.00257830
3.90000000 0.00237732
3.92000000 0.00216117
3.94000000 0.00195376
3.96000000 0.00177317
3.98000000 0.00162995
