-4.00000000 -0.00688417
-3.98000000 -0.00703222
-3.96000000 -0.00718250
-3.94000000 -0.00733432
-3.92000000 -0.00748794
-3.90000000 -0.00764452
-3.88000000 -0.00780590
-3.86000000 -0.00797393
-3.84000000 -0.00814997
-3.82000000 -0.00833436
-3.80000000 -0.00852638
-3.78000000 -0.00872450
-3.76000000 -0.00892695
-3.74000000 -0.00913242
-3.72000000 -0.00934068
-3.70000000 -0.00955274
-3.68000000 -0.00977072
-3.66000000 -0.00999717
-3.64000000 -0.01023437
-3.62000000 -0.01048351
-3.60000000 -0.01074440
-3.58000000 -0.01101551
-3.56000000 -0.01129463
-3.54000000 -0.01157970
-3.52000000 -0.01186972
-3.50000000 -0.01216532
-3.48000000 -0.01246879
-3.46000000 -0.01278351
-3.44000000 -0.01311300
-3.42000000 -0.01345979
-3.40000000 -0.01382474
-3.38000000 -0.01420673
-3.36000000 -0.01460324
-3.34000000 -0.01501135
-3.32000000 -0.01542904
-3.30000000 -0.01585624
-3.28000000 -0.01629524
-3.26000000 -0.01675037
-3.24000000 -0.01722687
-3.22000000 -0.01772941
-3.20000000 -0.01826077
-3.18000000 -0.01882106
-3.16000000 -0.01940795
-3.14000000 -0.02001779
-3.12000000 -0.02064731
-3.10000000 -0.02129538
-3.08000000 -0.02196412
-3.06000000 -0.02265904
-3.04000000 -0.02338794
-3.02000000 -0.02415902
-3.00000000 -0.02497871
-2.98000000 -0.02585007
-2.96000000 -0.02677233
-2.94000000 -0.02774191
-2.92000000 -0.02875453
-2.90000000 -0.02980795
-2.88000000 -0.03090424
-2.86000000 -0.03205084
-2.84000000 -0.03325992
-2.82000000 -0.03454606
-2.80000000 -0.03592309
-2.78000000 -0.03740108
-2.76000000 -0.03898464
-2.74000000 -0.04067327
-2.72000000 -0.04246382
-2.70000000 -0.04435451
-2.68000000 -0.04634912
-2.66000000 -0.04845989
-2.64000000 -0.05070812
-2.62000000 -0.05312193
-2.60000000 -0.05573184
-2.58000000 -0.05856565
-2.56000000 -0.06164432
-2.54000000 -0.06498078
-2.52000000 -0.06858225
-2.50000000 -0.07245587
-2.48000000 -0.07661602
-2.46000000 -0.08109093
-2.44000000 -0.08592631
-2.42000000 -0.09118440
-2.40000000 -0.09693860
-2.38000000 -0.10326517
-2.36000000 -0.11023526
-2.34000000 -0.11791031
-2.32000000 -0.12634362
-2.30000000 -0.13558850
-2.28000000 -0.14571137
-2.26000000 -0.15680587
-2.24000000 -0.16900325
-2.22000000 -0.18247462
-2.20000000 -0.19742354
-2.18000000 -0.21407037
-2.16000000 -0.23263375
-2.14000000 -0.25331695
-2.12000000 -0.27630659
-2.10000000 -0.30178860
-2.08000000 -0.32998092
-2.06000000 -0.36117548
-2.04000000 -0.39577610
-2.02000000 -0.43431554
-2.00000000 -0.47743567
-1.98000000 -0.52582072
-1.96000000 -0.58008325
-1.94000000 -0.64061438
-1.92000000 -0.70742028
-1.90000000 -0.77997291
-1.88000000 -0.85710215
-1.86000000 -0.93694793
-1.84000000 -1.01697603
-1.82000000 -1.09404355
-1.80000000 -1.16448411
-1.78000000 -1.22417427
-1.76000000 -1.26854448
-1.74000000 -1.29251220
-1.72000000 -1.29033978
-1.70000000 -1.25544966
-1.68000000 -1.18025845
-1.66000000 -1.05611018
-1.64000000 -0.87339211
-1.62000000 -0.62189885
-1.60000000 -0.29147455
-1.58000000 0.12708755
-1.56000000 0.64096379
-1.54000000 1.25416084
-1.52000000 1.96647322
-1.50000000 2.77269789
-1.48000000 3.66224298
-1.46000000 4.61921897
-1.44000000 5.62303389
-1.42000000 6.64944181
-1.40000000 7.67192953
-1.38000000 8.66328096
-1.36000000 9.59714194
-1.34000000 10.44942014
-1.32000000 11.19939356
-1.30000000 11.83045675
-1.28000000 12.33049467
-1.26000000 12.69192831
-1.24000000 12.91151337
-1.22000000 12.98998829
-1.20000000 12.93166030
-1.18000000 12.74399291
-1.16000000 12.43722371
-1.14000000 12.02400685
-1.12000000 11.51904923
-1.10000000 10.93869926
-1.08000000 10.30045245
-1.06000000 9.62235864
-1.04000000 8.92234317
-1.02000000 8.21748302
-1.00000000 7.52330059
-0.98000000 6.85314719
-0.96000000 6.21774349
-0.94000000 5.62492567
-0.92000000 5.07961856
-0.90000000 4.58402599
-0.88000000 4.13800042
-0.86000000 3.73953362
-0.84000000 3.38530094
-0.82000000 3.07119399
-0.80000000 2.79278858
-0.78000000 2.54571315
-0.76000000 2.32590289
-0.74000000 2.12974374
-0.72000000 1.95412354
-0.70000000 1.79641556
-0.68000000 1.65442119
-0.66000000 1.52629500
-0.64000000 1.41046982
-0.62000000 1.30559239
-0.60000000 1.21047391
-0.58000000 1.12405549
-0.56000000 1.04538612
-0.54000000 0.97360950
-0.52000000 0.90795673
-0.50000000 0.84774222
-0.48000000 0.79236093
-0.46000000 0.74128580
-0.44000000 0.69406406
-0.42000000 0.65031197
-0.40000000 0.60970734
-0.38000000 0.57198010
-0.36000000 0.53690142
-0.34000000 0.50427266
-0.32000000 0.47391537
-0.30000000 0.44566364
-0.28000000 0.41935969
-0.26000000 0.39485248
-0.24000000 0.37199909
-0.22000000 0.35066725
-0.20000000 0.33073794
-0.18000000 0.31210670
-0.16000000 0.29468311
-0.14000000 0.27838847
-0.12000000 0.26315222
-0.10000000 0.24890831
-0.08000000 0.23559234
-0.06000000 0.22314032
-0.04000000 0.21148906
-0.02000000 0.20057790
0.00000000 0.19035100
0.02000000 0.18075929
0.04000000 0.17176130
0.06000000 0.16332275
0.08000000 0.15541485
0.10000000 0.14801201
0.12000000 0.14108967
0.14000000 0.13462287
0.16000000 0.12858591
0.18000000 0.12295322
0.20000000 0.11770092
0.22000000 0.11280851
0.24000000 0.10826011
0.26000000 0.10404479
0.28000000 0.10015592
0.30000000 0.09658976
0.32000000 0.09334370
0.34000000 0.09041476
0.36000000 0.08779871
0.38000000 0.08548991
0.40000000 0.08348187
0.42000000 0.08176812
0.44000000 0.08034288
0.46000000 0.07920125
0.48000000 0.07833864
0.50000000 0.07774950
0.52000000 0.07742569
0.54000000 0.07735485
0.56000000 0.07751922
0.58000000 0.07789515
0.60000000 0.07845343
0.62000000 0.07916029
0.64000000 0.07997872
0.66000000 0.08086988
0.68000000 0.08179421
0.70000000 0.08271217
0.72000000 0.08358469
0.74000000 0.08437338
0.76000000 0.08504095
0.78000000 0.08555173
0.80000000 0.08587271
0.82000000 0.08597469
0.84000000 0.08583365
0.86000000 0.08543186
0.88000000 0.08475859
0.90000000 0.08381034
0.92000000 0.08259046
0.94000000 0.08110840
0.96000000 0.07937873
0.98000000 0.07742023
1.00000000 0.07525508
1.02000000 0.07290835
1.04000000 0.07040754
1.06000000 0.06778223
1.08000000 0.06506356
1.10000000 0.06228344
1.12000000 0.05947354
1.14000000 0.05666415
1.16000000 0.05388295
1.18000000 0.05115412
1.20000000 0.04849772
1.22000000 0.04592957
1.24000000 0.04346151
1.26000000 0.04110195
1.28000000 0.03885653
1.30000000 0.03672874
1.32000000 0.03472029
1.34000000 0.03283137
1.36000000 0.03106064
1.38000000 0.02940524
1.40000000 0.02786086
1.42000000 0.02642191
1.44000000 0.02508192
1.46000000 0.02383399
1.48000000 0.02267137
1.50000000 0.02158776
1.52000000 0.02057759
1.54000000 0.01963598
1.56000000 0.01875853
1.58000000 0.01794107
1.60000000 0.01717936
1.62000000 0.01646895
1.64000000 0.01580526
1.66000000 0.01518370
1.68000000 0.01459998
1.70000000 0.01405039
1.72000000 0.01353195
1.74000000 0.01304241
1.76000000 0.01258009
1.78000000 0.01214366
1.80000000 0.01173178
1.82000000 0.01134293
1.84000000 0.01097535
1.86000000 0.01062706
1.88000000 0.01029607
1.90000000 0.00998060
1.92000000 0.00967927
1.94000000 0.00939119
1.96000000 0.00911586
1.98000000 0.00885306
2.00000000 0.00860257
2.02000000 0.00836402
2.04000000 0.00813674
2.06000000 0.00791979
2.08000000 0.00771206
2.10000000 0.00751249
2.12000000 0.00732020
2.14000000 0.00713467
2.16000000 0.00695572
2.18000000 0.00678342
2.20000000 0.00661791
2.22000000 0.00645926
2.24000000 0.00630727
2.26000000 0.00616150
2.28000000 0.00602128
2.30000000 0.00588586
2.32000000 0.00575461
2.34000000 0.00562711
2.36000000 0.00550320
2.38000000 0.00538302
2.40000000 0.00526679
2.42000000 0.00515476
2.44000000 0.00504696
2.46000000 0.00494324
2.48000000 0.00484320
2.50000000 0.00474630
2.52000000 0.00465203
2.54000000 0.00455999
2.56000000 0.00447004
2.58000000 0.00438222
2.60000000 0.00429679
2.62000000 0.00421400
2.64000000 0.00413404
2.66000000 0.00405691
2.68000000 0.00398240
2.70000000 0.00391014
2.72000000 0.00383972
2.74000000 0.00377075
2.76000000 0.00370305
2.78000000 0.00363661
2.80000000 0.00357160
2.82000000 0.00350829
2.84000000 0.00344692
2.86000000 0.00338758
2.88000000 0.00333020
2.90000000 0.00327456
2.92000000 0.00322030
2.94000000 0.00316710
2.96000000 0.00311472
2.98000000 0.00306310
3.00000000 0.00301235
3.02000000 0.00296268
3.04000000 0.00291432
3.06000000 0.00286746
3.08000000 0.00282210
3.10000000 0.00277814
3.12000000 0.00273530
3.14000000 0.00269330
3.16000000 0.00265190
3.18000000 0.00261098
3.20000000 0.00257057
3.22000000 0.00253082
3.24000000 0.00249196
3.26000000 0.00245419
3.28000000 0.00241759
3.30000000 0.00238213
3.32000000 0.00234763
3.34000000 0.00231385
3.36000000 0.00228055
3.38000000 0.00224758
3.40000000 0.00221491
3.42000000 0.00218263
3.44000000 0.00215092
3.46000000 0.00211999
3.48000000 0.00208997
3.50000000 0.00206088
3.52000000 0.00203263
3.54000000 0.00200502
3.56000000 0.00197784
3.58000000 0.00195092
3.60000000 0.00192418
3.62000000 0.00189766
3.64000000 0.00187148
3.66000000 0.00184584
3.68000000 0.00182088
3.70000000 0.00179669
3.72000000 0.00177322
3.74000000 0.00175035
3.76000000 0.00172788
3.78000000 0.00170565
3.80000000 0.00168354
3.82000000 0.00166154
3.84000000 0.00163973
3.86000000 0.00161826
3.88000000 0.00159729
3.90000000 0.00157693
3.92000000 0.00155720
3.94000000 0.00153802
3.96000000 0.00151923
3.98000000 0.00150068
