-4.00000000 -0.00780832
-3.98000000 -0.00800790
-3.96000000 -0.00821238
-3.94000000 -0.00842328
-3.92000000 -0.00864293
-3.90000000 -0.00887392
-3.88000000 -0.00911825
-3.86000000 -0.00937681
-3.84000000 -0.00964914
-3.82000000 -0.00993375
-3.80000000 -0.01022887
-3.78000000 -0.01053345
-3.76000000 -0.01084802
-3.74000000 -0.01117504
-3.72000000 -0.01151866
-3.70000000 -0.01188376
-3.68000000 -0.01227465
-3.66000000 -0.01269375
-3.64000000 -0.01314095
-3.62000000 -0.01361372
-3.60000000 -0.01410848
-3.58000000 -0.01462262
-3.56000000 -0.01515690
-3.54000000 -0.01571719
-3.52000000 -0.01631502
-3.50000000 -0.01696618
-3.48000000 -0.01768752
-3.46000000 -0.01849212
-3.44000000 -0.01938408
-3.42000000 -0.02035398
-3.40000000 -0.02137651
-3.38000000 -0.02241118
-3.36000000 -0.02340670
-3.34000000 -0.02430871
-3.32000000 -0.02506980
-3.30000000 -0.02566021
-3.28000000 -0.02607708
-3.26000000 -0.02635025
-3.24000000 -0.02654308
-3.22000000 -0.02674725
-3.20000000 -0.02707187
-3.18000000 -0.02762800
-3.16000000 -0.02851090
-3.14000000 -0.02978301
-3.12000000 -0.03146085
-3.10000000 -0.03350889
-3.08000000 -0.03584256
-3.06000000 -0.03834090
-3.04000000 -0.04086783
-3.02000000 -0.04329878
-3.00000000 -0.04554802
-2.98000000 -0.04759071
-2.96000000 -0.04947410
-2.94000000 -0.05131353
-2.92000000 -0.05327108
-2.90000000 -0.05551868
-2.88000000 -0.05819060
-2.86000000 -0.06133370
-2.84000000 -0.06486562
-2.82000000 -0.06855088
-2.80000000 -0.07200283
-2.78000000 -0.07471479
-2.76000000 -0.07611854
-2.74000000 -0.07566229
-2.72000000 -0.07289577
-2.70000000 -0.06754736
-2.68000000 -0.05957879
-2.66000000 -0.04920624
-2.64000000 -0.03688240
-2.62000000 -0.02324144
-2.60000000 -0.00901543
-2.58000000 0.00506402
-2.56000000 0.01836270
-2.54000000 0.03042447
-2.52000000 0.04102447
-2.50000000 0.05018984
-2.48000000 0.05818926
-2.46000000 0.06549800
-2.44000000 0.07274817
-2.42000000 0.08067451
-2.40000000 0.09006342
-2.38000000 0.10170959
-2.36000000 0.11638009
-2.34000000 0.13478321
-2.32000000 0.15753810
-2.30000000 0.18514272
-2.28000000 0.21794072
-2.26000000 0.25609178
-2.24000000 0.29955258
-2.22000000 0.34807707
-2.20000000 0.40124228
-2.18000000 0.45850187
-2.16000000 0.51926303
-2.14000000 0.58297615
-2.12000000 0.64922188
-2.10000000 0.71777854
-2.08000000 0.78865524
-2.06000000 0.86208210
-2.04000000 0.93845757
-2.02000000 1.01826177
-2.00000000 1.10195258
-1.98000000 1.18986521
-1.96000000 1.28213555
-1.94000000 1.37866284
-1.92000000 1.47911887
-1.90000000 1.58300092
-1.88000000 1.68971672
-1.86000000 1.79868279
-1.84000000 1.90941542
-1.82000000 2.02159523
-1.80000000 2.13509201
-1.78000000 2.24994509
-1.76000000 2.36630311
-1.74000000 2.48433512
-1.72000000 2.60413036
-1.70000000 2.72560599
-1.68000000 2.84844076
-1.66000000 2.97204851
-1.64000000 3.09559888
-1.62000000 3.21808510
-1.60000000 3.33843134
-1.58000000 3.45562531
-1.56000000 3.56885628
-1.54000000 3.67763618
-1.52000000 3.78188114
-1.50000000 3.88193415
-1.48000000 3.97851641
-1.46000000 4.07260482
-1.44000000 4.16524532
-1.42000000 4.25732410
-1.40000000 4.34932975
-1.38000000 4.44114612
-1.36000000 4.53191569
-1.34000000 4.62000688
-1.32000000 4.70310407
-1.30000000 4.77841983
-1.28000000 4.84300721
-1.26000000 4.89412975
-1.24000000 4.92963336
-1.22000000 4.94825945
-1.20000000 4.94984530
-1.18000000 4.93537410
-1.16000000 4.90686195
-1.14000000 4.86709628
-1.12000000 4.81926578
-1.10000000 4.76654026
-1.08000000 4.71166655
-1.06000000 4.65664241
-1.04000000 4.60251508
-1.02000000 4.54932853
-1.00000000 4.49621750
-0.98000000 4.44162317
-0.96000000 4.38358781
-0.94000000 4.32007786
-0.92000000 4.24928643
-0.90000000 4.16987568
-0.88000000 4.08113453
-0.86000000 3.98304361
-0.84000000 3.87625360
-0.82000000 3.76199389
-0.80000000 3.64193316
-0.78000000 3.51801417
-0.76000000 3.39228186
-0.74000000 3.26671944
-0.72000000 3.14310290
-0.70000000 3.02288154
-0.68000000 2.90709054
-0.66000000 2.79630090
-0.64000000 2.69061114
-0.62000000 2.58968320
-0.60000000 2.49282096
-0.58000000 2.39908473
-0.56000000 2.30742941
-0.54000000 2.21684902
-0.52000000 2.12650844
-0.50000000 2.03584378
-0.48000000 1.94461789
-0.46000000 1.85292481
-0.44000000 1.76114612
-0.42000000 1.66987020
-0.40000000 1.57979185
-0.38000000 1.49161145
-0.36000000 1.40595142
-0.34000000 1.32330235
-0.32000000 1.24400336
-0.30000000 1.16825404
-0.28000000 1.09614850
-0.26000000 1.02771896
-0.24000000 0.96297594
-0.22000000 0.90193509
-0.20000000 0.84462566
-0.18000000 0.79108085
-0.16000000 0.74131530
-0.14000000 0.69529750
-0.12000000 0.65292560
-0.10000000 0.61401344
-0.08000000 0.57829053
-0.06000000 0.54541625
-0.04000000 0.51500528
-0.02000000 0.48665959
0.00000000 0.46000134
0.02000000 0.43470196
0.04000000 0.41050415
0.06000000 0.38723491
0.08000000 0.36480963
0.10000000 0.34322798
0.12000000 0.32256271
0.14000000 0.30294288
0.16000000 0.28453262
0.18000000 0.26750704
0.20000000 0.25202691
0.22000000 0.23821455
0.24000000 0.22613369
0.26000000 0.21577609
0.28000000 0.20705722
0.30000000 0.19982230
0.32000000 0.19386225
0.34000000 0.18893723
0.36000000 0.18480409
0.38000000 0.18124328
0.40000000 0.17808042
0.42000000 0.17519936
0.44000000 0.17254491
0.46000000 0.17011563
0.48000000 0.16794911
0.50000000 0.16610329
0.52000000 0.16463793
0.54000000 0.16359978
0.56000000 0.16301365
0.58000000 0.16288009
0.60000000 0.16317855
0.62000000 0.16387402
0.64000000 0.16492456
0.66000000 0.16628728
0.68000000 0.16792155
0.70000000 0.16978894
0.72000000 0.17185081
0.74000000 0.17406500
0.76000000 0.17638339
0.78000000 0.17875166
0.80000000 0.18111189
0.82000000 0.18340770
0.84000000 0.18559085
0.86000000 0.18762759
0.88000000 0.18950310
0.90000000 0.19122274
0.92000000 0.19280944
0.94000000 0.19429754
0.96000000 0.19572419
0.98000000 0.19711983
1.00000000 0.19849975
1.02000000 0.19985818
1.04000000 0.20116622
1.06000000 0.20237381
1.08000000 0.20341548
1.10000000 0.20421886
1.12000000 0.20471426
1.14000000 0.20484392
1.16000000 0.20456924
1.18000000 0.20387508
1.20000000 0.20277051
1.22000000 0.20128619
1.24000000 0.19946913
1.26000000 0.19737578
1.28000000 0.19506488
1.30000000 0.19259109
1.32000000 0.19000036
1.34000000 0.18732748
1.36000000 0.18459585
1.38000000 0.18181895
1.40000000 0.17900285
1.42000000 0.17614899
1.44000000 0.17325652
1.46000000 0.17032376
1.48000000 0.16734862
1.50000000 0.16432830
1.52000000 0.16125844
1.54000000 0.15813233
1.56000000 0.15494060
1.58000000 0.15167141
1.60000000 0.14831139
1.62000000 0.14484688
1.64000000 0.14126541
1.66000000 0.13755693
1.68000000 0.13371474
1.70000000 0.12973609
1.72000000 0.12562240
1.74000000 0.12137956
1.76000000 0.11701828
1.78000000 0.11255462
1.80000000 0.10801060
1.82000000 0.10341469
1.84000000 0.09880167
1.86000000 0.09421171
1.88000000 0.08968830
1.90000000 0.08527528
1.92000000 0.08101316
1.94000000 0.07693540
1.96000000 0.07306518
1.98000000 0.06941343
2.00000000 0.06597841
2.02000000 0.06274695
2.04000000 0.05969713
2.06000000 0.05680182
2.08000000 0.05403252
2.10000000 0.05136266
2.12000000 0.04877005
2.14000000 0.04623827
2.16000000 0.04375695
2.18000000 0.04132136
2.20000000 0.03893167
2.22000000 0.03659225
2.24000000 0.03431121
2.26000000 0.03210013
2.28000000 0.02997384
2.30000000 0.02794992
2.32000000 0.02604758
2.34000000 0.02428586
2.36000000 0.02268115
2.38000000 0.02124452
2.40000000 0.01997916
2.42000000 0.01887874
2.44000000 0.01792698
2.46000000 0.01709883
2.48000000 0.01636307
2.50000000 0.01568611
2.52000000 0.01503615
2.54000000 0.01438715
2.56000000 0.01372179
2.58000000 0.01303295
2.60000000 0.01232350
2.62000000 0.01160455
2.64000000 0.01089256
2.66000000 0.01020584
2.68000000 0.00956127
2.70000000 0.00897162
2.72000000 0.00844395
2.74000000 0.00797923
2.76000000 0.00757305
2.78000000 0.00721714
2.80000000 0.00690126
2.82000000 0.00661513
2.84000000 0.00634997
2.86000000 0.00609943
2.88000000 0.00585996
2.90000000 0.00563050
2.92000000 0.00541179
2.94000000 0.00520549
2.96000000 0.00501325
2.98000000 0.00483611
3.00000000 0.00467404
3.02000000 0.00452593
3.04000000 0.00438981
3.06000000 0.00426323
3.08000000 0.00414378
3.10000000 0.00402949
3.12000000 0.00391907
3.14000000 0.00381201
3.16000000 0.00370844
3.18000000 0.00360889
3.20000000 0.00351399
3.22000000 0.00342418
3.24000000 0.00333952
3.26000000 0.00325963
3.28000000 0.00318382
3.30000000 0.00311123
3.32000000 0.00304105
3.34000000 0.00297273
3.36000000 0.00290603
3.38000000 0.00284108
3.40000000 0.00277821
3.42000000 0.00271782
3.44000000 0.00266019
3.46000000 0.00260539
3.48000000 0.00255320
3.50000000 0.00250318
3.52000000 0.00245482
3.54000000 0.00240762
3.56000000 0.00236129
3.58000000 0.00231576
3.60000000 0.00227121
3.62000000 0.00222794
3.64000000 0.00218624
3.66000000 0.00214632
3.68000000 0.00210819
3.70000000 0.00207163
3.72000000 0.00203630
3.74000000 0.00200182
3.76000000 0.00196788
3.78000000 0.00193432
3.80000000 0.00190120
3.82000000 0.00186871
3.84000000 0.00183713
3.86000000 0.00180670
3.88000000 0.00177753
3.90000000 0.00174956
3.92000000 0.00172259
3.94000000 0.00169631
3.96000000 0.00167043
3.98000000 0.00164475
