-4.00000000 -0.00605700
-3.98000000 -0.00626919
-3.96000000 -0.00647863
-3.94000000 -0.00668273
-3.92000000 -0.00688445
-3.90000000 -0.00709318
-3.88000000 -0.00732376
-3.86000000 -0.00759354
-3.84000000 -0.00791786
-3.82000000 -0.00830480
-3.80000000 -0.00875041
-3.78000000 -0.00923568
-3.76000000 -0.00972618
-3.74000000 -0.01017508
-3.72000000 -0.01052901
-3.70000000 -0.01073633
-3.68000000 -0.01075613
-3.66000000 -0.01056635
-3.64000000 -0.01016968
-3.62000000 -0.00959581
-3.60000000 -0.00889970
-3.58000000 -0.00815604
-3.56000000 -0.00745065
-3.54000000 -0.00687024
-3.52000000 -0.00649178
-3.50000000 -0.00637291
-3.48000000 -0.00654449
-3.46000000 -0.00700565
-3.44000000 -0.00772193
-3.42000000 -0.00862634
-3.40000000 -0.00962324
-3.38000000 -0.01059494
-3.36000000 -0.01141099
-3.34000000 -0.01193971
-3.32000000 -0.01206171
-3.30000000 -0.01168442
-3.28000000 -0.01075635
-3.26000000 -0.00927906
-3.24000000 -0.00731483
-3.22000000 -0.00498767
-3.20000000 -0.00247618
-3.18000000 0.00000265
-3.16000000 0.00221786
-3.14000000 0.00395515
-3.12000000 0.00504988
-3.10000000 0.00541790
-3.08000000 0.00507895
-3.06000000 0.00416808
-3.04000000 0.00293163
-3.02000000 0.00170662
-3.00000000 0.00088475
-2.98000000 0.00086512
-2.96000000 0.00200160
-2.94000000 0.00455289
-2.92000000 0.00864306
-2.90000000 0.01423994
-2.88000000 0.02115595
-2.86000000 0.02907335
-2.84000000 0.03759135
-2.82000000 0.04628930
-2.80000000 0.05479660
-2.78000000 0.06285811
-2.76000000 0.07038408
-2.74000000 0.07747481
-2.72000000 0.08441443
-2.70000000 0.09163293
-2.68000000 0.09964108
-2.66000000 0.10894845
-2.64000000 0.11997809
-2.62000000 0.13299355
-2.60000000 0.14805240
-2.58000000 0.16499678
-2.56000000 0.18348522
-2.54000000 0.20306256
-2.52000000 0.22325747
-2.50000000 0.24369083
-2.48000000 0.26417570
-2.46000000 0.28478910
-2.44000000 0.30590070
-2.42000000 0.32815023
-2.40000000 0.35237473
-2.38000000 0.37949606
-2.36000000 0.41038692
-2.34000000 0.44573798
-2.32000000 0.48594957
-2.30000000 0.53106687
-2.28000000 0.58077040
-2.26000000 0.63442346
-2.24000000 0.69116801
-2.22000000 0.75005194
-2.20000000 0.81016558
-2.18000000 0.87076417
-2.16000000 0.93135678
-2.14000000 0.99174898
-2.12000000 1.05203571
-2.10000000 1.11255006
-2.08000000 1.17378085
-2.06000000 1.23627630
-2.04000000 1.30055144
-2.02000000 1.36701385
-2.00000000 1.43591658
-1.98000000 1.50734063
-1.96000000 1.58120303
-1.94000000 1.65728273
-1.92000000 1.73525511
-1.90000000 1.81472679
-1.88000000 1.89526608
-1.86000000 1.97642784
-1.84000000 2.05777490
-1.82000000 2.13889970
-1.80000000 2.21944922
-1.78000000 2.29915353
-1.76000000 2.37785527
-1.74000000 2.45553349
-1.72000000 2.53231408
-1.70000000 2.60845947
-1.68000000 2.68433375
-1.66000000 2.76034454
-1.64000000 2.83686915
-1.62000000 2.91417738
-1.60000000 2.99236582
-1.58000000 3.07131752
-1.56000000 3.15069613
-1.54000000 3.22997609
-1.52000000 3.30850226
-1.50000000 3.38556524
-1.48000000 3.46047474
-1.46000000 3.53261405
-1.44000000 3.60146399
-1.42000000 3.66659352
-1.40000000 3.72762413
-1.38000000 3.78418387
-1.36000000 3.83587083
-1.34000000 3.88224515
-1.32000000 3.92286099
-1.30000000 3.95733825
-1.28000000 3.98546071
-1.26000000 4.00727557
-1.24000000 4.02316386
-1.22000000 4.03385247
-1.20000000 4.04034911
-1.18000000 4.04379800
-1.16000000 4.04527379
-1.14000000 4.04554989
-1.12000000 4.04488888
-1.10000000 4.04290481
-1.08000000 4.03853764
-1.06000000 4.03015975
-1.04000000 4.01580829
-1.02000000 3.99350908
-1.00000000 3.96163545
-0.98000000 3.91923384
-0.96000000 3.86625001
-0.94000000 3.80360627
-0.92000000 3.73310810
-0.90000000 3.65719194
-0.88000000 3.57855840
-0.86000000 3.49975867
-0.84000000 3.42281249
-0.82000000 3.34892967
-0.80000000 3.27838684
-0.78000000 3.21057923
-0.76000000 3.14423233
-0.74000000 3.07772650
-0.72000000 3.00946664
-0.70000000 2.93822190
-0.68000000 2.86337007
-0.66000000 2.78500309
-0.64000000 2.70388098
-0.62000000 2.62125289
-0.60000000 2.53859043
-0.58000000 2.45729347
-0.56000000 2.37843065
-0.54000000 2.30256521
-0.52000000 2.22969558
-0.50000000 2.15931391
-0.48000000 2.09056112
-0.46000000 2.02243865
-0.44000000 1.95402869
-0.42000000 1.88467758
-0.40000000 1.81410869
-0.38000000 1.74244972
-0.36000000 1.67017834
-0.34000000 1.59800719
-0.32000000 1.52673884
-0.30000000 1.45712433
-0.28000000 1.38975307
-0.26000000 1.32499152
-0.24000000 1.26297488
-0.22000000 1.20364380
-0.20000000 1.14680949
-0.18000000 1.09222727
-0.16000000 1.03966038
-0.14000000 0.98892182
-0.12000000 0.93988978
-0.10000000 0.89250034
-0.08000000 0.84672624
-0.06000000 0.80255315
-0.04000000 0.75996316
-0.02000000 0.71893153
0.00000000 0.67943710
0.02000000 0.64148179
0.04000000 0.60511147
0.06000000 0.57042926
0.08000000 0.53759474
0.10000000 0.50680596
0.12000000 0.47826618
0.14000000 0.45214160
0.16000000 0.42851912
0.18000000 0.40737388
0.20000000 0.38855451
0.22000000 0.37179029
0.24000000 0.35672000
0.26000000 0.34293739
0.28000000 0.33004499
0.30000000 0.31770600
0.32000000 0.30568514
0.34000000 0.29387089
0.36000000 0.28227618
0.38000000 0.27101829
0.40000000 0.26028266
0.42000000 0.25027832
0.44000000 0.24119337
0.46000000 0.23315842
0.48000000 0.22622405
0.50000000 0.22035489
0.52000000 0.21543989
0.54000000 0.21131533
0.56000000 0.20779497
0.58000000 0.20470109
0.60000000 0.20189059
0.62000000 0.19927184
0.64000000 0.19681022
0.66000000 0.19452266
0.68000000 0.19246365
0.70000000 0.19070636
0.72000000 0.18932328
0.74000000 0.18837010
0.76000000 0.18787561
0.78000000 0.18783862
0.80000000 0.18823152
0.82000000 0.18900850
0.84000000 0.19011598
0.86000000 0.19150233
0.88000000 0.19312474
0.90000000 0.19495191
0.92000000 0.19696230
0.94000000 0.19913890
0.96000000 0.20146215
0.98000000 0.20390287
1.00000000 0.20641718
1.02000000 0.20894465
1.04000000 0.21141017
1.06000000 0.21372929
1.08000000 0.21581598
1.10000000 0.21759141
1.12000000 0.21899203
1.14000000 0.21997566
1.16000000 0.22052455
1.18000000 0.22064491
1.20000000 0.22036331
1.22000000 0.21972044
1.24000000 0.21876361
1.26000000 0.21753913
1.28000000 0.21608599
1.30000000 0.21443174
1.32000000 0.21259145
1.34000000 0.21056958
1.36000000 0.20836459
1.38000000 0.20597510
1.40000000 0.20340652
1.42000000 0.20067640
1.44000000 0.19781741
1.46000000 0.19487677
1.48000000 0.19191202
1.50000000 0.18898342
1.52000000 0.18614427
1.54000000 0.18343087
1.56000000 0.18085427
1.58000000 0.17839558
1.60000000 0.17600618
1.62000000 0.17361341
1.64000000 0.17113100
1.66000000 0.16847265
1.68000000 0.16556657
1.70000000 0.16236824
1.72000000 0.15886899
1.74000000 0.15509883
1.76000000 0.15112279
1.78000000 0.14703132
1.80000000 0.14292647
1.82000000 0.13890614
1.84000000 0.13504910
1.86000000 0.13140325
1.88000000 0.12797896
1.90000000 0.12474832
1.92000000 0.12165019
1.94000000 0.11860000
1.96000000 0.11550274
1.98000000 0.11226688
2.00000000 0.10881762
2.02000000 0.10510757
2.04000000 0.10112377
2.06000000 0.09689041
2.08000000 0.09246717
2.10000000 0.08794330
2.12000000 0.08342835
2.14000000 0.07904022
2.16000000 0.07489205
2.18000000 0.07107906
2.20000000 0.06766708
2.22000000 0.06468414
2.24000000 0.06211655
2.26000000 0.05991013
2.28000000 0.05797702
2.30000000 0.05620725
2.32000000 0.05448374
2.34000000 0.05269858
2.36000000 0.05076807
2.38000000 0.04864409
2.40000000 0.04631983
2.42000000 0.04382888
2.44000000 0.04123779
2.46000000 0.03863341
2.48000000 0.03610741
2.50000000 0.03374058
2.52000000 0.03158992
2.54000000 0.02968069
2.56000000 0.02800463
2.58000000 0.02652437
2.60000000 0.02518286
2.62000000 0.02391573
2.64000000 0.02266391
2.66000000 0.02138423
2.68000000 0.02005598
2.70000000 0.01868257
2.72000000 0.01728847
2.74000000 0.01591241
2.76000000 0.01459874
2.78000000 0.01338872
2.80000000 0.01231370
2.82000000 0.01139106
2.84000000 0.01062358
2.86000000 0.01000169
2.88000000 0.00950762
2.90000000 0.00912031
2.92000000 0.00881968
2.94000000 0.00858937
2.96000000 0.00841761
2.98000000 0.00829624
3.00000000 0.00821858
3.02000000 0.00817685
3.04000000 0.00816011
3.06000000 0.00815336
3.08000000 0.00813807
3.10000000 0.00809400
3.12000000 0.00800200
3.14000000 0.00784688
3.16000000 0.00761994
3.18000000 0.00732038
3.20000000 0.00695538
3.22000000 0.00653890
3.24000000 0.00608938
3.26000000 0.00562703
3.28000000 0.00517106
3.30000000 0.00473747
3.32000000 0.00433770
3.34000000 0.00397824
3.36000000 0.00366102
3.38000000 0.00338453
3.40000000 0.00314509
3.42000000 0.00293810
3.44000000 0.00275904
3.46000000 0.00260395
3.48000000 0.00246965
3.50000000 0.00235353
3.52000000 0.00225329
3.54000000 0.00216667
3.56000000 0.00209131
3.58000000 0.00202472
3.60000000 0.00196450
3.62000000 0.00190855
3.64000000 0.00185524
3.66000000 0.00180364
3.68000000 0.00175340
3.70000000 0.00170469
3.72000000 0.00165797
3.74000000 0.00161373
3.76000000 0.00157229
3.78000000 0.00153371
3.80000000 0.00149773
3.82000000 0.00146389
3.84000000 0.00143165
3.86000000 0.00140053
3.88000000 0.00137022
3.90000000 0.00134060
3.92000000 0.00131175
3.94000000 0.00128385
3.96000000 0.00125710
3.98000000 0.00123163
