-4.00000000 -0.00711446
-3.98000000 -0.00730995
-3.96000000 -0.00751276
-3.94000000 -0.00772721
-3.92000000 -0.00795855
-3.90000000 -0.00821150
-3.88000000 -0.00848846
-3.86000000 -0.00878774
-3.84000000 -0.00910240
-3.82000000 -0.00942028
-3.80000000 -0.00972517
-3.78000000 -0.00999942
-3.76000000 -0.01022738
-3.74000000 -0.01039921
-3.72000000 -0.01051410
-3.70000000 -0.01058235
-3.68000000 -0.01062547
-3.66000000 -0.01067434
-3.64000000 -0.01076539
-3.62000000 -0.01093551
-3.60000000 -0.01121654
-3.58000000 -0.01163031
-3.56000000 -0.01218531
-3.54000000 -0.01287556
-3.52000000 -0.01368215
-3.50000000 -0.01457712
-3.48000000 -0.01552907
-3.46000000 -0.01650937
-3.44000000 -0.01749763
-3.42000000 -0.01848498
-3.40000000 -0.01947425
-3.38000000 -0.02047628
-3.36000000 -0.02150280
-3.34000000 -0.02255677
-3.32000000 -0.02362237
-3.30000000 -0.02465693
-3.28000000 -0.02558747
-3.26000000 -0.02631401
-3.24000000 -0.02672064
-3.22000000 -0.02669381
-3.20000000 -0.02614543
-3.18000000 -0.02503677
-3.16000000 -0.02339817
-3.14000000 -0.02133932
-3.12000000 -0.01904642
-3.10000000 -0.01676419
-3.08000000 -0.01476443
-3.06000000 -0.01330539
-3.04000000 -0.01258911
-3.02000000 -0.01272499
-3.00000000 -0.01370745
-2.98000000 -0.01541282
-2.96000000 -0.01761720
-2.94000000 -0.02003193
-2.92000000 -0.02234967
-2.90000000 -0.02429107
-2.88000000 -0.02564171
-2.86000000 -0.02627115
-2.84000000 -0.02613019
-2.82000000 -0.02522767
-2.80000000 -0.02359384
-2.78000000 -0.02124069
-2.76000000 -0.01813112
-2.74000000 -0.01416652
-2.72000000 -0.00919793
-2.70000000 -0.00305947
-2.68000000 0.00438351
-2.66000000 0.01318403
-2.64000000 0.02327452
-2.62000000 0.03445163
-2.60000000 0.04639150
-2.58000000 0.05869529
-2.56000000 0.07095718
-2.54000000 0.08284149
-2.52000000 0.09415310
-2.50000000 0.10488664
-2.48000000 0.11524509
-2.46000000 0.12562546
-2.44000000 0.13657655
-2.42000000 0.14873958
-2.40000000 0.16278499
-2.38000000 0.17935725
-2.36000000 0.19903541
-2.34000000 0.22231082
-2.32000000 0.24957808
-2.30000000 0.28113156
-2.28000000 0.31716009
-2.26000000 0.35773576
-2.24000000 0.40279830
-2.22000000 0.45214260
-2.20000000 0.50542054
-2.18000000 0.56216810
-2.16000000 0.62186393
-2.14000000 0.68401672
-2.12000000 0.74826838
-2.10000000 0.81449092
-2.08000000 0.88285055
-2.06000000 0.95381488
-2.04000000 1.02808887
-2.02000000 1.10648076
-2.00000000 1.18971741
-1.98000000 1.27824456
-1.96000000 1.37205676
-1.94000000 1.47060156
-1.92000000 1.57279073
-1.90000000 1.67713049
-1.88000000 1.78195653
-1.86000000 1.88573404
-1.84000000 1.98736442
-1.82000000 2.08643318
-1.80000000 2.18334137
-1.78000000 2.27928299
-1.76000000 2.37606170
-1.74000000 2.47577288
-1.72000000 2.58040612
-1.70000000 2.69144151
-1.68000000 2.80951592
-1.66000000 2.93422316
-1.64000000 3.06408581
-1.62000000 3.19670353
-1.60000000 3.32904896
-1.58000000 3.45785557
-1.56000000 3.58002719
-1.54000000 3.69299888
-1.52000000 3.79499260
-1.50000000 3.88513491
-1.48000000 3.96343185
-1.46000000 4.03062265
-1.44000000 4.08795277
-1.42000000 4.13691568
-1.40000000 4.17901097
-1.38000000 4.21555525
-1.36000000 4.24756634
-1.34000000 4.27572381
-1.32000000 4.30039449
-1.30000000 4.32170245
-1.28000000 4.33961993
-1.26000000 4.35405782
-1.24000000 4.36494010
-1.22000000 4.37225360
-1.20000000 4.37607019
-1.18000000 4.37654299
-1.16000000 4.37388033
-1.14000000 4.36830175
-1.12000000 4.35998164
-1.10000000 4.34898647
-1.08000000 4.33521422
-1.06000000 4.31834617
-1.04000000 4.29782315
-1.02000000 4.27285697
-1.00000000 4.24248474
-0.98000000 4.20566621
-0.96000000 4.16141610
-0.94000000 4.10895369
-0.92000000 4.04784524
-0.90000000 3.97811185
-0.88000000 3.90027886
-0.86000000 3.81535118
-0.84000000 3.72471277
-0.82000000 3.62996337
-0.80000000 3.53271897
-0.78000000 3.43441148
-0.76000000 3.33612447
-0.74000000 3.23849578
-0.72000000 3.14170505
-0.70000000 3.04554681
-0.68000000 2.94957301
-0.66000000 2.85327423
-0.64000000 2.75626185
-0.62000000 2.65841359
-0.60000000 2.55995357
-0.58000000 2.46145230
-0.56000000 2.36374905
-0.54000000 2.26781524
-0.52000000 2.17458901
-0.50000000 2.08481585
-0.48000000 1.99892787
-0.46000000 1.91698475
-0.44000000 1.83868598
-0.42000000 1.76344910
-0.40000000 1.69053590
-0.38000000 1.61919965
-0.36000000 1.54882430
-0.34000000 1.47902957
-0.32000000 1.40972437
-0.30000000 1.34110211
-0.28000000 1.27358298
-0.26000000 1.20771813
-0.24000000 1.14407650
-0.22000000 1.08313699
-0.20000000 1.02520554
-0.18000000 0.97037074
-0.16000000 0.91850307
-0.14000000 0.86929470
-0.12000000 0.82232938
-0.10000000 0.77716736
-0.08000000 0.73342896
-0.06000000 0.69086150
-0.04000000 0.64937897
-0.02000000 0.60906902
0.00000000 0.57016838
0.02000000 0.53301297
0.04000000 0.49797321
0.06000000 0.46538675
0.08000000 0.43550020
0.10000000 0.40842939
0.12000000 0.38414347
0.14000000 0.36247373
0.16000000 0.34314369
0.18000000 0.32581365
0.20000000 0.31013078
0.22000000 0.29577584
0.24000000 0.28249887
0.26000000 0.27013900
0.28000000 0.25862647
0.30000000 0.24796884
0.32000000 0.23822537
0.34000000 0.22947571
0.36000000 0.22178922
0.38000000 0.21520022
0.40000000 0.20969322
0.42000000 0.20519938
0.44000000 0.20160363
0.46000000 0.19875985
0.48000000 0.19651041
0.50000000 0.19470602
0.52000000 0.19322232
0.54000000 0.19197070
0.56000000 0.19090218
0.58000000 0.19000443
0.60000000 0.18929330
0.62000000 0.18880103
0.64000000 0.18856328
0.66000000 0.18860754
0.68000000 0.18894437
0.70000000 0.18956279
0.72000000 0.19042985
0.74000000 0.19149426
0.76000000 0.19269270
0.78000000 0.19395783
0.80000000 0.19522621
0.82000000 0.19644512
0.84000000 0.19757704
0.86000000 0.19860143
0.88000000 0.19951376
0.90000000 0.20032217
0.92000000 0.20104271
0.94000000 0.20169389
0.96000000 0.20229172
0.98000000 0.20284586
1.00000000 0.20335732
1.02000000 0.20381790
1.04000000 0.20421117
1.06000000 0.20451451
1.08000000 0.20470176
1.10000000 0.20474604
1.12000000 0.20462236
1.14000000 0.20430985
1.16000000 0.20379342
1.18000000 0.20306506
1.20000000 0.20212450
1.22000000 0.20097926
1.24000000 0.19964410
1.26000000 0.19813951
1.28000000 0.19648940
1.30000000 0.19471799
1.32000000 0.19284622
1.34000000 0.19088817
1.36000000 0.18884813
1.38000000 0.18671882
1.40000000 0.18448140
1.42000000 0.18210733
1.44000000 0.17956193
1.46000000 0.17680930
1.48000000 0.17381771
1.50000000 0.17056476
1.52000000 0.16704145
1.54000000 0.16325467
1.56000000 0.15922774
1.58000000 0.15499924
1.60000000 0.15062022
1.62000000 0.14615042
1.64000000 0.14165392
1.66000000 0.13719460
1.68000000 0.13283173
1.70000000 0.12861601
1.72000000 0.12458594
1.74000000 0.12076498
1.76000000 0.11715957
1.78000000 0.11375842
1.80000000 0.11053330
1.82000000 0.10744173
1.84000000 0.10443152
1.86000000 0.10144678
1.88000000 0.09843499
1.90000000 0.09535394
1.92000000 0.09217759
1.94000000 0.08889980
1.96000000 0.08553512
1.98000000 0.08211646
2.00000000 0.07868986
2.02000000 0.07530722
2.04000000 0.07201834
2.06000000 0.06886349
2.08000000 0.06586797
2.10000000 0.06303945
2.12000000 0.06036849
2.14000000 0.05783184
2.16000000 0.05539793
2.18000000 0.05303319
2.20000000 0.05070805
2.22000000 0.04840159
2.24000000 0.04610403
2.26000000 0.04381698
2.28000000 0.04155157
2.30000000 0.03932520
2.32000000 0.03715763
2.34000000 0.03506735
2.36000000 0.03306882
2.38000000 0.03117097
2.40000000 0.02937706
2.42000000 0.02768557
2.44000000 0.02609189
2.46000000 0.02459017
2.48000000 0.02317500
2.50000000 0.02184253
2.52000000 0.02059101
2.54000000 0.01942066
2.56000000 0.01833308
2.58000000 0.01733031
2.60000000 0.01641386
2.62000000 0.01558382
2.64000000 0.01483812
2.66000000 0.01417219
2.68000000 0.01357875
2.70000000 0.01304802
2.72000000 0.01256819
2.74000000 0.01212612
2.76000000 0.01170828
2.78000000 0.01130181
2.80000000 0.01089564
2.82000000 0.01048151
2.84000000 0.01005475
2.86000000 0.00961464
2.88000000 0.00916431
2.90000000 0.00871018
2.92000000 0.00826083
2.94000000 0.00782569
2.96000000 0.00741354
2.98000000 0.00703121
3.00000000 0.00668263
3.02000000 0.00636837
3.04000000 0.00608580
3.06000000 0.00582976
3.08000000 0.00559363
3.10000000 0.00537054
3.12000000 0.00515454
3.14000000 0.00494149
3.16000000 0.00472946
3.18000000 0.00451879
3.20000000 0.00431159
3.22000000 0.00411104
3.24000000 0.00392058
3.26000000 0.00374309
3.28000000 0.00358042
3.30000000 0.00343310
3.32000000 0.00330041
3.34000000 0.00318071
3.36000000 0.00307185
3.38000000 0.00297166
3.40000000 0.00287828
3.42000000 0.00279040
3.44000000 0.00270727
3.46000000 0.00262855
3.48000000 0.00255419
3.50000000 0.00248414
3.52000000 0.00241825
3.54000000 0.00235618
3.56000000 0.00229746
3.58000000 0.00224151
3.60000000 0.00218786
3.62000000 0.00213615
3.64000000 0.00208623
3.66000000 0.00203813
3.68000000 0.00199196
3.70000000 0.00194785
3.72000000 0.00190583
3.74000000 0.00186583
3.76000000 0.00182762
3.78000000 0.00179091
3.80000000 0.00175540
3.82000000 0.00172086
3.84000000 0.00168718
3.86000000 0.00165437
3.88000000 0.00162254
3.90000000 0.00159182
3.92000000 0.00156232
3.94000000 0.00153406
3.96000000 0.00150693
3.98000000 0.00148077
