-400.00000000 1.47048257
-398.00000000 1.55631705
-396.00000000 1.63605325
-394.00000000 1.70782767
-392.00000000 1.77005887
-390.00000000 1.82151033
-388.00000000 1.86134232
-386.00000000 1.88915078
-384.00000000 1.90499153
-382.00000000 1.90938878
-380.00000000 1.90332715
-378.00000000 1.88822740
-376.00000000 1.86590612
-374.00000000 1.83852074
-372.00000000 1.80850133
-370.00000000 1.77847139
-368.00000000 1.75116018
-366.00000000 1.72930952
-364.00000000 1.71557824
-362.00000000 1.71244756
-360.00000000 1.72213082
-358.00000000 1.74649082
-356.00000000 1.78696785
-354.00000000 1.84452122
-352.00000000 1.91958668
-350.00000000 2.01205156
-348.00000000 2.12124894
-346.00000000 2.24597161
-344.00000000 2.38450566
-342.00000000 2.53468315
-340.00000000 2.69395233
-338.00000000 2.85946357
-336.00000000 3.02816821
-334.00000000 3.19692729
-332.00000000 3.36262658
-330.00000000 3.52229399
-328.00000000 3.67321541
-326.00000000 3.81304478
-324.00000000 3.93990437
-322.00000000 4.05247165
-320.00000000 4.15004911
-318.00000000 4.23261428
-316.00000000 4.30084767
-314.00000000 4.35613681
-312.00000000 4.40055594
-310.00000000 4.43682099
-308.00000000 4.46822100
-306.00000000 4.49852759
-304.00000000 4.53188500
-302.00000000 4.57268410
-300.00000000 4.62542422
-298.00000000 4.69456734
-296.00000000 4.78438969
-294.00000000 4.89883575
-292.00000000 5.04138011
-290.00000000 5.21490231
-288.00000000 5.42157961
-286.00000000 5.66280227
-284.00000000 5.93911520
-282.00000000 6.25018912
-280.00000000 6.59482360
-278.00000000 6.97098324
-276.00000000 7.37586711
-274.00000000 7.80601076
-272.00000000 8.25741864
-270.00000000 8.72572381
-268.00000000 9.20637084
-266.00000000 9.69481683
-264.00000000 10.18674443
-262.00000000 10.67828055
-260.00000000 11.16621339
-258.00000000 11.64820075
-256.00000000 12.12296192
-254.00000000 12.59044629
-252.00000000 13.05197148
-250.00000000 13.51032513
-248.00000000 13.96982485
-246.00000000 14.43633213
-244.00000000 14.91721697
-242.00000000 15.42127171
-240.00000000 15.95857356
-238.00000000 16.54029714
-236.00000000 17.17847974
-234.00000000 17.88574347
-232.00000000 18.67498008
-230.00000000 19.55900519
-228.00000000 20.55019027
-226.00000000 21.66008127
-224.00000000 22.89901371
-222.00000000 24.27573453
-220.00000000 25.79704121
-218.00000000 27.46744835
-216.00000000 29.28889193
-214.00000000 31.26048040
-212.00000000 33.37830102
-210.00000000 35.63528879
-208.00000000 38.02116341
-206.00000000 40.52243874
-204.00000000 43.12250698
-202.00000000 45.80179798
-200.00000000 48.53801252
-198.00000000 51.30642589
-196.00000000 54.08025685
-194.00000000 56.83109471
-192.00000000 59.52937601
-190.00000000 62.14490076
-188.00000000 64.64737697
-186.00000000 67.00698130
-184.00000000 69.19492314
-182.00000000 71.18399904
-180.00000000 72.94912451
-178.00000000 74.46783068
-176.00000000 75.72071389
-174.00000000 76.69182744
-172.00000000 77.36900589
-170.00000000 77.74411421
-168.00000000 77.81321535
-166.00000000 77.57665227
-164.00000000 77.03904228
-162.00000000 76.20918365
-160.00000000 75.09987666
-158.00000000 73.72766336
-156.00000000 72.11249230
-154.00000000 70.27731611
-152.00000000 68.24763167
-150.00000000 66.05097384
-148.00000000 63.71637469
-146.00000000 61.27380115
-144.00000000 58.75358416
-142.00000000 56.18585265
-140.00000000 53.59998535
-138.00000000 51.02409278
-136.00000000 48.48454094
-134.00000000 46.00552691
-132.00000000 43.60871523
-130.00000000 41.31294211
-128.00000000 39.13399285
-126.00000000 37.08445570
-124.00000000 35.17365366
-122.00000000 33.40765338
-120.00000000 31.78934864
-118.00000000 30.31861385
-116.00000000 28.99252154
-114.00000000 27.80561585
-112.00000000 26.75023351
-110.00000000 25.81686186
-108.00000000 24.99452375
-106.00000000 24.27117787
-104.00000000 23.63412361
-102.00000000 23.07039947
-100.00000000 22.56716457
-98.00000000 22.11205371
-96.00000000 21.69349743
-94.00000000 21.30099975
-92.00000000 20.92536763
-90.00000000 20.55888807
-88.00000000 20.19544995
-86.00000000 19.83060974
-84.00000000 19.46160181
-82.00000000 19.08729549
-80.00000000 18.70810275
-78.00000000 18.32584159
-76.00000000 17.94356134
-74.00000000 17.56533713
-72.00000000 17.19604133
-70.00000000 16.84110045
-68.00000000 16.50624573
-66.00000000 16.19726608
-64.00000000 15.91977132
-62.00000000 15.67897317
-60.00000000 15.47949078
-58.00000000 15.32518638
-56.00000000 15.21903575
-54.00000000 15.16303661
-52.00000000 15.15815715
-50.00000000 15.20432511
-48.00000000 15.30045672
-46.00000000 15.44452355
-44.00000000 15.63365384
-42.00000000 15.86426416
-40.00000000 16.13221592
-38.00000000 16.43299098
-36.00000000 16.76187960
-34.00000000 17.11417391
-32.00000000 17.48536013
-30.00000000 17.87130241
-28.00000000 18.26841211
-26.00000000 18.67379633
-24.00000000 19.08538075
-22.00000000 19.50200221
-20.00000000 19.92346795
-18.00000000 20.35057916
-16.00000000 20.78511797
-14.00000000 21.22979788
-12.00000000 21.68817915
-10.00000000 22.16455147
-8.00000000 22.66378749
-6.00000000 23.19117158
-4.00000000 23.75220905
-2.00000000 24.35242164
0.00000000 24.99713540
2.00000000 25.69126757
4.00000000 26.43911886
6.00000000 27.24417745
8.00000000 28.10894078
10.00000000 29.03476051
12.00000000 30.02171535
14.00000000 31.06851590
16.00000000 32.17244427
18.00000000 33.32933065
20.00000000 34.53356766
22.00000000 35.77816239
24.00000000 37.05482486
26.00000000 38.35409067
28.00000000 39.66547481
30.00000000 40.97765233
32.00000000 42.27866151
34.00000000 43.55612391
36.00000000 44.79747583
38.00000000 45.99020513
40.00000000 47.12208748
42.00000000 48.18141603
44.00000000 49.15721899
46.00000000 50.03945982
48.00000000 50.81921542
50.00000000 51.48882829
52.00000000 52.04202948
54.00000000 52.47403004
56.00000000 52.78157931
58.00000000 52.96298971
60.00000000 53.01812814
62.00000000 52.94837541
64.00000000 52.75655552
66.00000000 52.44683756
68.00000000 52.02461370
70.00000000 51.49635700
72.00000000 50.86946329
74.00000000 50.15208171
76.00000000 49.35293853
78.00000000 48.48115865
80.00000000 47.54608955
82.00000000 46.55713155
84.00000000 45.52357840
86.00000000 44.45447141
88.00000000 43.35846993
90.00000000 42.24374040
92.00000000 41.11786544
94.00000000 39.98777393
96.00000000 38.85969223
98.00000000 37.73911634
100.00000000 36.63080383
102.00000000 35.53878422
104.00000000 34.46638584
106.00000000 33.41627690
108.00000000 32.39051826
110.00000000 31.39062513
112.00000000 30.41763492
114.00000000 29.47217855
116.00000000 28.55455246
118.00000000 27.66478885
120.00000000 26.80272204
122.00000000 25.96804892
124.00000000 25.16038209
126.00000000 24.37929443
128.00000000 23.62435448
130.00000000 22.89515229
132.00000000 22.19131578
134.00000000 21.51251813
136.00000000 20.85847694
138.00000000 20.22894623
140.00000000 19.62370257
142.00000000 19.04252685
144.00000000 18.48518305
146.00000000 17.95139584
148.00000000 17.44082835
150.00000000 16.95306158
152.00000000 16.48757685
154.00000000 16.04374220
156.00000000 15.62080379
158.00000000 15.21788272
160.00000000 14.83397771
162.00000000 14.46797364
164.00000000 14.11865569
166.00000000 13.78472862
168.00000000 13.46484044
170.00000000 13.15760960
172.00000000 12.86165459
174.00000000 12.57562477
176.00000000 12.29823124
178.00000000 12.02827649
180.00000000 11.76468162
182.00000000 11.50651014
184.00000000 11.25298722
186.00000000 11.00351375
188.00000000 10.75767459
190.00000000 10.51524065
192.00000000 10.27616465
194.00000000 10.04057071
196.00000000 9.80873821
198.00000000 9.58108033
200.00000000 9.35811816
202.00000000 9.14045137
204.00000000 8.92872634
206.00000000 8.72360309
208.00000000 8.52572206
210.00000000 8.33567214
212.00000000 8.15396086
214.00000000 7.98098804
216.00000000 7.81702375
218.00000000 7.66219126
220.00000000 7.51645585
222.00000000 7.37961951
224.00000000 7.25132200
226.00000000 7.13104804
228.00000000 7.01814033
230.00000000 6.91181798
232.00000000 6.81119959
234.00000000 6.71533012
236.00000000 6.62321061
238.00000000 6.53382956
240.00000000 6.44619490
242.00000000 6.35936534
244.00000000 6.27247999
246.00000000 6.18478515
248.00000000 6.09565736
250.00000000 6.00462180
252.00000000 5.91136552
254.00000000 5.81574485
256.00000000 5.71778702
258.00000000 5.61768560
260.00000000 5.51579032
262.00000000 5.41259130
264.00000000 5.30869855
266.00000000 5.20481735
268.00000000 5.10172043
270.00000000 5.00021795
272.00000000 4.90112639
274.00000000 4.80523741
276.00000000 4.71328786
278.00000000 4.62593190
280.00000000 4.54371633
282.00000000 4.46705984
284.00000000 4.39623703
286.00000000 4.33136772
288.00000000 4.27241181
290.00000000 4.21916992
292.00000000 4.17128975
294.00000000 4.12827788
296.00000000 4.08951658
298.00000000 4.05428496
300.00000000 4.02178378
302.00000000 3.99116286
304.00000000 3.96155029
306.00000000 3.93208227
308.00000000 3.90193253
310.00000000 3.87034030
312.00000000 3.83663590
314.00000000 3.80026296
316.00000000 3.76079657
318.00000000 3.71795671
320.00000000 3.67161651
322.00000000 3.62180506
324.00000000 3.56870481
326.00000000 3.51264343
328.00000000 3.45408080
330.00000000 3.39359124
332.00000000 3.33184196
334.00000000 3.26956825
336.00000000 3.20754657
338.00000000 3.14656618
340.00000000 3.08740064
342.00000000 3.03077993
344.00000000 2.97736440
346.00000000 2.92772118
348.00000000 2.88230420
350.00000000 2.84143818
352.00000000 2.80530739
354.00000000 2.77394938
356.00000000 2.74725397
358.00000000 2.72496741
360.00000000 2.70670171
362.00000000 2.69194852
364.00000000 2.68009731
366.00000000 2.67045697
368.00000000 2.66228024
370.00000000 2.65478990
372.00000000 2.64720594
374.00000000 2.63877267
376.00000000 2.62878483
378.00000000 2.61661183
380.00000000 2.60171915
382.00000000 2.58368634
384.00000000 2.56222087
386.00000000 2.53716738
388.00000000 2.50851213
390.00000000 2.47638236
392.00000000 2.44104080
394.00000000 2.40287535
396.00000000 2.36238449
398.00000000 2.32015883
