-400.00000000 3.00653100
-398.00000000 3.20186755
-396.00000000 3.38978046
-394.00000000 3.56920240
-392.00000000 3.73909899
-390.00000000 3.89847551
-388.00000000 4.04638345
-386.00000000 4.18192698
-384.00000000 4.30426934
-382.00000000 4.41263894
-380.00000000 4.50633542
-378.00000000 4.58473527
-376.00000000 4.64729737
-374.00000000 4.69356807
-372.00000000 4.72318606
-370.00000000 4.73588678
-368.00000000 4.73150648
-366.00000000 4.70998586
-364.00000000 4.67137324
-362.00000000 4.61582731
-360.00000000 4.54361933
-358.00000000 4.45513486
-356.00000000 4.35087495
-354.00000000 4.23145678
-352.00000000 4.09761375
-350.00000000 3.95019503
-348.00000000 3.79016450
-346.00000000 3.61859911
-344.00000000 3.43668671
-342.00000000 3.24572326
-340.00000000 3.04710944
-338.00000000 2.84234675
-336.00000000 2.63303304
-334.00000000 2.42085742
-332.00000000 2.20759470
-330.00000000 1.99509931
-328.00000000 1.78529870
-326.00000000 1.58018625
-324.00000000 1.38181376
-322.00000000 1.19228349
-320.00000000 1.01373983
-318.00000000 0.84836058
-316.00000000 0.69834789
-314.00000000 0.56591895
-312.00000000 0.45329640
-310.00000000 0.36269851
-308.00000000 0.29632918
-306.00000000 0.25636787
-304.00000000 0.24495932
-302.00000000 0.26420336
-300.00000000 0.31614461
-298.00000000 0.40276227
-296.00000000 0.52596002
-294.00000000 0.68755602
-292.00000000 0.88927309
-290.00000000 1.13272915
-288.00000000 1.41942795
-286.00000000 1.75075003
-284.00000000 2.12794414
-282.00000000 2.55211904
-280.00000000 3.02423570
-278.00000000 3.54510005
-276.00000000 4.11535626
-274.00000000 4.73548048
-272.00000000 5.40577532
-270.00000000 6.12636488
-268.00000000 6.89719043
-266.00000000 7.71800682
-264.00000000 8.58837957
-262.00000000 9.50768272
-260.00000000 10.47509740
-258.00000000 11.48961120
-256.00000000 12.55001830
-254.00000000 13.65492040
-252.00000000 14.80272843
-250.00000000 15.99166508
-248.00000000 17.21976813
-246.00000000 18.48489453
-244.00000000 19.78472532
-242.00000000 21.11677131
-240.00000000 22.47837948
-238.00000000 23.86674018
-236.00000000 25.27889503
-234.00000000 26.71174546
-232.00000000 28.16206205
-230.00000000 29.62649434
-228.00000000 31.10158139
-226.00000000 32.58376281
-224.00000000 34.06939039
-222.00000000 35.55474013
-220.00000000 37.03602479
-218.00000000 38.50940680
-216.00000000 39.97101153
-214.00000000 41.41694078
-212.00000000 42.84328668
-210.00000000 44.24614558
-208.00000000 45.62163221
-206.00000000 46.96589388
-204.00000000 48.27512469
-202.00000000 49.54557971
-200.00000000 50.77358910
-198.00000000 51.95557198
-196.00000000 53.08805027
-194.00000000 54.16766206
-192.00000000 55.19117483
-190.00000000 56.15549818
-188.00000000 57.05769623
-186.00000000 57.89499944
-184.00000000 58.66481598
-182.00000000 59.36474247
-180.00000000 59.99257412
-178.00000000 60.54631420
-176.00000000 61.02418278
-174.00000000 61.42462471
-172.00000000 61.74631687
-170.00000000 61.98817452
-168.00000000 62.14935688
-166.00000000 62.22927175
-164.00000000 62.22757930
-162.00000000 62.14419489
-160.00000000 61.97929099
-158.00000000 61.73329813
-156.00000000 61.40690492
-154.00000000 61.00105707
-152.00000000 60.51695545
-150.00000000 59.95605327
-148.00000000 59.32005219
-146.00000000 58.61089760
-144.00000000 57.83077289
-142.00000000 56.98209286
-140.00000000 56.06749628
-138.00000000 55.08983748
-136.00000000 54.05217725
-134.00000000 52.95777282
-132.00000000 51.81006723
-130.00000000 50.61267779
-128.00000000 49.36938407
-126.00000000 48.08411509
-124.00000000 46.76093604
-122.00000000 45.40403442
-120.00000000 44.01770570
-118.00000000 42.60633858
-116.00000000 41.17439987
-114.00000000 39.72641905
-112.00000000 38.26697260
-110.00000000 36.80066814
-108.00000000 35.33212841
-106.00000000 33.86597524
-104.00000000 32.40681346
-102.00000000 30.95921489
-100.00000000 29.52770247
-98.00000000 28.11673454
-96.00000000 26.73068937
-94.00000000 25.37385002
-92.00000000 24.05038949
-90.00000000 22.76435638
-88.00000000 21.51966096
-86.00000000 20.32006175
-84.00000000 19.16915274
-82.00000000 18.07035120
-80.00000000 17.02688615
-78.00000000 16.04178754
-76.00000000 15.11787624
-74.00000000 14.25775477
-72.00000000 13.46379885
-70.00000000 12.73814985
-68.00000000 12.08270811
-66.00000000 11.49912714
-64.00000000 10.98880877
-62.00000000 10.55289924
-60.00000000 10.19228627
-58.00000000 9.90759706
-56.00000000 9.69919725
-54.00000000 9.56719091
-52.00000000 9.51142140
-50.00000000 9.53147332
-48.00000000 9.62667525
-46.00000000 9.79610357
-44.00000000 10.03858709
-42.00000000 10.35271263
-40.00000000 10.73683143
-38.00000000 11.18906642
-36.00000000 11.70732029
-34.00000000 12.28928433
-32.00000000 12.93244800
-30.00000000 13.63410914
-28.00000000 14.39138496
-26.00000000 15.20122345
-24.00000000 16.06041550
-22.00000000 16.96560742
-20.00000000 17.91331397
-18.00000000 18.89993171
-16.00000000 19.92175280
-14.00000000 20.97497897
-12.00000000 22.05573583
-10.00000000 23.16008722
-8.00000000 24.28404981
-6.00000000 25.42360765
-4.00000000 26.57472677
-2.00000000 27.73336974
0.00000000 28.89551001
2.00000000 30.05714623
4.00000000 31.21431622
6.00000000 32.36311069
8.00000000 33.49968672
10.00000000 34.62028071
12.00000000 35.72122098
14.00000000 36.79893995
16.00000000 37.84998568
18.00000000 38.87103296
20.00000000 39.85889370
22.00000000 40.81052682
24.00000000 41.72304731
26.00000000 42.59373477
28.00000000 43.42004108
30.00000000 44.19959739
32.00000000 44.93022037
34.00000000 45.60991764
36.00000000 46.23689238
38.00000000 46.80954721
40.00000000 47.32648720
42.00000000 47.78652209
44.00000000 48.18866767
46.00000000 48.53214640
48.00000000 48.81638718
50.00000000 49.04102434
52.00000000 49.20589588
54.00000000 49.31104090
56.00000000 49.35669634
58.00000000 49.34329294
60.00000000 49.27145058
62.00000000 49.14197288
64.00000000 48.95584124
66.00000000 48.71420820
68.00000000 48.41839029
70.00000000 48.06986035
72.00000000 47.67023929
74.00000000 47.22128750
76.00000000 46.72489579
78.00000000 46.18307596
80.00000000 45.59795107
82.00000000 44.97174543
84.00000000 44.30677437
86.00000000 43.60543380
88.00000000 42.87018963
90.00000000 42.10356712
92.00000000 41.30814021
94.00000000 40.48652073
96.00000000 39.64134783
98.00000000 38.77527733
100.00000000 37.89097132
102.00000000 36.99108784
104.00000000 36.07827088
106.00000000 35.15514053
108.00000000 34.22428346
110.00000000 33.28824378
112.00000000 32.34951412
114.00000000 31.41052727
116.00000000 30.47364812
118.00000000 29.54116607
120.00000000 28.61528797
122.00000000 27.69813146
124.00000000 26.79171894
126.00000000 25.89797193
128.00000000 25.01870612
130.00000000 24.15562685
132.00000000 23.31032529
134.00000000 22.48427502
136.00000000 21.67882938
138.00000000 20.89521926
140.00000000 20.13455151
142.00000000 19.39780791
144.00000000 18.68584478
146.00000000 17.99939299
148.00000000 17.33905872
150.00000000 16.70532455
152.00000000 16.09855119
154.00000000 15.51897972
156.00000000 14.96673417
158.00000000 14.44182475
160.00000000 13.94415135
162.00000000 13.47350749
164.00000000 13.02958475
166.00000000 12.61197737
168.00000000 12.22018735
170.00000000 11.85362972
172.00000000 11.51163816
174.00000000 11.19347074
176.00000000 10.89831599
178.00000000 10.62529905
180.00000000 10.37348795
182.00000000 10.14190006
184.00000000 9.92950852
186.00000000 9.73524875
188.00000000 9.55802499
190.00000000 9.39671675
192.00000000 9.25018523
194.00000000 9.11727969
196.00000000 8.99684361
198.00000000 8.88772082
200.00000000 8.78876132
202.00000000 8.69882708
204.00000000 8.61679742
206.00000000 8.54157433
208.00000000 8.47208738
210.00000000 8.40729845
212.00000000 8.34620611
214.00000000 8.28784971
216.00000000 8.23131309
218.00000000 8.17572803
220.00000000 8.12027731
222.00000000 8.06419737
224.00000000 8.00678070
226.00000000 7.94737780
228.00000000 7.88539875
230.00000000 7.82031451
232.00000000 7.75165773
234.00000000 7.67902330
236.00000000 7.60206849
238.00000000 7.52051274
240.00000000 7.43413714
242.00000000 7.34278355
244.00000000 7.24635340
246.00000000 7.14480623
248.00000000 7.03815789
250.00000000 6.92647849
252.00000000 6.80989008
254.00000000 6.68856411
256.00000000 6.56271866
258.00000000 6.43261547
260.00000000 6.29855681
262.00000000 6.16088214
264.00000000 6.01996471
266.00000000 5.87620799
268.00000000 5.73004203
270.00000000 5.58191976
272.00000000 5.43231319
274.00000000 5.28170967
276.00000000 5.13060809
278.00000000 4.97951511
280.00000000 4.82894140
282.00000000 4.67939803
284.00000000 4.53139282
286.00000000 4.38542690
288.00000000 4.24199129
290.00000000 4.10156367
292.00000000 3.96460532
294.00000000 3.83155814
296.00000000 3.70284193
298.00000000 3.57885182
300.00000000 3.45995591
302.00000000 3.34649315
304.00000000 3.23877136
306.00000000 3.13706558
308.00000000 3.04161659
310.00000000 2.95262969
312.00000000 2.87027368
314.00000000 2.79468019
316.00000000 2.72594310
318.00000000 2.66411833
320.00000000 2.60922381
322.00000000 2.56123970
324.00000000 2.52010884
326.00000000 2.48573741
328.00000000 2.45799585
330.00000000 2.43671991
332.00000000 2.42171199
334.00000000 2.41274260
336.00000000 2.40955205
338.00000000 2.41185224
340.00000000 2.41932863
342.00000000 2.43164242
344.00000000 2.44843271
346.00000000 2.46931889
348.00000000 2.49390306
350.00000000 2.52177254
352.00000000 2.55250247
354.00000000 2.58565839
356.00000000 2.62079894
358.00000000 2.65747846
360.00000000 2.69524973
362.00000000 2.73366652
364.00000000 2.77228628
366.00000000 2.81067265
368.00000000 2.84839795
370.00000000 2.88504565
372.00000000 2.92021264
374.00000000 2.95351148
376.00000000 2.98457252
378.00000000 3.01304588
380.00000000 3.03860326
382.00000000 3.06093969
384.00000000 3.07977506
386.00000000 3.09485550
388.00000000 3.10595459
390.00000000 3.11287443
392.00000000 3.11544648
394.00000000 3.11353227
396.00000000 3.10702387
398.00000000 3.09584425
