-400.00000000 2.03035468
-398.00000000 2.08485637
-396.00000000 2.14009915
-394.00000000 2.19608529
-392.00000000 2.25284940
-390.00000000 2.31045967
-388.00000000 2.36901815
-386.00000000 2.42865983
-384.00000000 2.48955061
-382.00000000 2.55188425
-380.00000000 2.61587833
-378.00000000 2.68176935
-376.00000000 2.74980722
-374.00000000 2.82024920
-372.00000000 2.89335358
-370.00000000 2.96937334
-368.00000000 3.04854995
-366.00000000 3.13110758
-364.00000000 3.21724801
-362.00000000 3.30714623
-360.00000000 3.40094720
-358.00000000 3.49876366
-356.00000000 3.60067528
-354.00000000 3.70672908
-352.00000000 3.81694121
-350.00000000 3.93130015
-348.00000000 4.04977099
-346.00000000 4.17230103
-344.00000000 4.29882621
-342.00000000 4.42927838
-340.00000000 4.56359312
-338.00000000 4.70171778
-336.00000000 4.84361961
-334.00000000 4.98929356
-332.00000000 5.13876953
-330.00000000 5.29211891
-328.00000000 5.44945990
-326.00000000 5.61096175
-324.00000000 5.77684739
-322.00000000 5.94739467
-320.00000000 6.12293584
-318.00000000 6.30385545
-316.00000000 6.49058667
-314.00000000 6.68360601
-312.00000000 6.88342682
-310.00000000 7.09059157
-308.00000000 7.30566334
-306.00000000 7.52921663
-304.00000000 7.76182800
-302.00000000 8.00406681
-300.00000000 8.25648632
-298.00000000 8.51961572
-296.00000000 8.79395314
-294.00000000 9.07996018
-292.00000000 9.37805810
-290.00000000 9.68862582
-288.00000000 10.01200003
-286.00000000 10.34847732
-284.00000000 10.69831835
-282.00000000 11.06175412
-280.00000000 11.43899386
-278.00000000 11.83023465
-276.00000000 12.23567215
-274.00000000 12.65551216
-272.00000000 13.08998261
-270.00000000 13.53934539
-268.00000000 14.00390747
-266.00000000 14.48403087
-264.00000000 14.98014081
-262.00000000 15.49273167
-260.00000000 16.02236997
-258.00000000 16.56969433
-256.00000000 17.13541170
-254.00000000 17.72028971
-252.00000000 18.32514502
-250.00000000 18.95082747
-248.00000000 19.59820019
-246.00000000 20.26811571
-244.00000000 20.96138855
-242.00000000 21.67876453
-240.00000000 22.42088745
-238.00000000 23.18826384
-236.00000000 23.98122631
-234.00000000 24.79989664
-232.00000000 25.64414928
-230.00000000 26.51357625
-228.00000000 27.40745450
-226.00000000 28.32471656
-224.00000000 29.26392546
-222.00000000 30.22325481
-220.00000000 31.20047479
-218.00000000 32.19294479
-216.00000000 33.19761321
-214.00000000 34.21102488
-212.00000000 35.22933640
-210.00000000 36.24833939
-208.00000000 37.26349169
-206.00000000 38.26995618
-204.00000000 39.26264683
-202.00000000 40.23628129
-200.00000000 41.18543932
-198.00000000 42.10462608
-196.00000000 42.98833930
-194.00000000 43.83113904
-192.00000000 44.62771888
-190.00000000 45.37297722
-188.00000000 46.06208732
-186.00000000 46.69056480
-184.00000000 47.25433117
-182.00000000 47.74977234
-180.00000000 48.17379082
-178.00000000 48.52385060
-176.00000000 48.79801387
-174.00000000 48.99496882
-172.00000000 49.11404797
-170.00000000 49.15523668
-168.00000000 49.11917175
-166.00000000 49.00713000
-164.00000000 48.82100729
-162.00000000 48.56328828
-160.00000000 48.23700761
-158.00000000 47.84570331
-156.00000000 47.39336344
-154.00000000 46.88436690
-152.00000000 46.32341974
-150.00000000 45.71548823
-148.00000000 45.06572980
-146.00000000 44.37942345
-144.00000000 43.66190068
-142.00000000 42.91847837
-140.00000000 42.15439469
-138.00000000 41.37474921
-136.00000000 40.58444814
-134.00000000 39.78815549
-132.00000000 38.99025092
-130.00000000 38.19479474
-128.00000000 37.40550041
-126.00000000 36.62571468
-124.00000000 35.85840536
-122.00000000 35.10615668
-120.00000000 34.37117164
-118.00000000 33.65528117
-116.00000000 32.95995922
-114.00000000 32.28634334
-112.00000000 31.63525968
-110.00000000 31.00725180
-108.00000000 30.40261218
-106.00000000 29.82141567
-104.00000000 29.26355387
-102.00000000 28.72876964
-100.00000000 28.21669082
-98.00000000 27.72686252
-96.00000000 27.25877724
-94.00000000 26.81190221
-92.00000000 26.38570364
-90.00000000 25.97966730
-88.00000000 25.59331551
-86.00000000 25.22622009
-84.00000000 24.87801157
-82.00000000 24.54838462
-80.00000000 24.23709992
-78.00000000 23.94398284
-76.00000000 23.66891926
-74.00000000 23.41184899
-72.00000000 23.17275721
-70.00000000 22.95166453
-68.00000000 22.74861609
-66.00000000 22.56367033
-64.00000000 22.39688769
-62.00000000 22.24832000
-60.00000000 22.11800070
-58.00000000 22.00593633
-56.00000000 21.91209962
-54.00000000 21.83642431
-52.00000000 21.77880184
-50.00000000 21.73908000
-48.00000000 21.71706352
-46.00000000 21.71251645
-44.00000000 21.72516626
-42.00000000 21.75470944
-40.00000000 21.80081822
-38.00000000 21.86314833
-36.00000000 21.94134731
-34.00000000 22.03506306
-32.00000000 22.14395240
-30.00000000 22.26768913
-28.00000000 22.40597150
-26.00000000 22.55852856
-24.00000000 22.72512534
-22.00000000 22.90556654
-20.00000000 23.09969863
-18.00000000 23.30741020
-16.00000000 23.52863052
-14.00000000 23.76332637
-12.00000000 24.01149710
-10.00000000 24.27316807
-8.00000000 24.54838261
-6.00000000 24.83719267
-4.00000000 25.13964843
-2.00000000 25.45578704
0.00000000 25.78562080
2.00000000 26.12912506
4.00000000 26.48622609
6.00000000 26.85678926
8.00000000 27.24060765
10.00000000 27.63739154
12.00000000 28.04675885
14.00000000 28.46822675
16.00000000 28.90120468
18.00000000 29.34498887
20.00000000 29.79875839
22.00000000 30.26157294
24.00000000 30.73237230
26.00000000 31.20997745
28.00000000 31.69309340
30.00000000 32.18031361
32.00000000 32.67012590
34.00000000 33.16091981
36.00000000 33.65099532
38.00000000 34.13857262
40.00000000 34.62180308
42.00000000 35.09878099
44.00000000 35.56755614
46.00000000 36.02614698
48.00000000 36.47255431
50.00000000 36.90477521
52.00000000 37.32081733
54.00000000 37.71871313
56.00000000 38.09653423
58.00000000 38.45240551
60.00000000 38.78451907
62.00000000 39.09114775
64.00000000 39.37065835
66.00000000 39.62152411
68.00000000 39.84233679
70.00000000 40.03181781
72.00000000 40.18882870
74.00000000 40.31238057
76.00000000 40.40164254
78.00000000 40.45594911
80.00000000 40.47480622
82.00000000 40.45789613
84.00000000 40.40508073
86.00000000 40.31640354
88.00000000 40.19209003
90.00000000 40.03254646
92.00000000 39.83835692
94.00000000 39.61027885
96.00000000 39.34923681
98.00000000 39.05631461
100.00000000 38.73274583
102.00000000 38.37990290
104.00000000 37.99928462
106.00000000 37.59250250
108.00000000 37.16126590
110.00000000 36.70736621
112.00000000 36.23266033
114.00000000 35.73905353
116.00000000 35.22848207
118.00000000 34.70289577
120.00000000 34.16424072
122.00000000 33.61444252
124.00000000 33.05539018
126.00000000 32.48892099
128.00000000 31.91680653
130.00000000 31.34074011
132.00000000 30.76232565
134.00000000 30.18306838
136.00000000 29.60436721
138.00000000 29.02750910
140.00000000 28.45366522
142.00000000 27.88388912
144.00000000 27.31911670
146.00000000 26.76016794
148.00000000 26.20775038
150.00000000 25.66246398
152.00000000 25.12480744
154.00000000 24.59518552
156.00000000 24.07391736
158.00000000 23.56124539
160.00000000 23.05734472
162.00000000 22.56233264
164.00000000 22.07627815
166.00000000 21.59921113
168.00000000 21.13113106
170.00000000 20.67201509
172.00000000 20.22182523
174.00000000 19.78051466
176.00000000 19.34803292
178.00000000 18.92433008
180.00000000 18.50935974
182.00000000 18.10308096
184.00000000 17.70545907
186.00000000 17.31646557
188.00000000 16.93607710
190.00000000 16.56427372
192.00000000 16.20103646
194.00000000 15.84634457
196.00000000 15.50017237
198.00000000 15.16248606
200.00000000 14.83324050
202.00000000 14.51237628
204.00000000 14.19981705
206.00000000 13.89546737
208.00000000 13.59921108
210.00000000 13.31091035
212.00000000 13.03040541
214.00000000 12.75751498
216.00000000 12.49203742
218.00000000 12.23375256
220.00000000 11.98242413
222.00000000 11.73780279
224.00000000 11.49962953
226.00000000 11.26763944
228.00000000 11.04156570
230.00000000 10.82114359
232.00000000 10.60611452
234.00000000 10.39622979
236.00000000 10.19125408
238.00000000 9.99096855
240.00000000 9.79517333
242.00000000 9.60368951
244.00000000 9.41636038
246.00000000 9.23305209
248.00000000 9.05365355
250.00000000 8.87807561
252.00000000 8.70624967
254.00000000 8.53812566
256.00000000 8.37366953
258.00000000 8.21286024
260.00000000 8.05568658
262.00000000 7.90214366
264.00000000 7.75222936
266.00000000 7.60594091
268.00000000 7.46327150
270.00000000 7.32420725
272.00000000 7.18872454
274.00000000 7.05678778
276.00000000 6.92834777
278.00000000 6.80334055
280.00000000 6.68168693
282.00000000 6.56329265
284.00000000 6.44804904
286.00000000 6.33583441
288.00000000 6.22651580
290.00000000 6.11995129
292.00000000 6.01599259
294.00000000 5.91448797
296.00000000 5.81528526
298.00000000 5.71823499
300.00000000 5.62319338
302.00000000 5.53002524
304.00000000 5.43860653
306.00000000 5.34882664
308.00000000 5.26059018
310.00000000 5.17381829
312.00000000 5.08844944
314.00000000 5.00443962
316.00000000 4.92176205
318.00000000 4.84040624
320.00000000 4.76037665
322.00000000 4.68169080
324.00000000 4.60437702
326.00000000 4.52847193
328.00000000 4.45401762
330.00000000 4.38105878
332.00000000 4.30963978
334.00000000 4.23980178
336.00000000 4.17158014
338.00000000 4.10500193
340.00000000 4.04008393
342.00000000 3.97683098
344.00000000 3.91523475
346.00000000 3.85527313
348.00000000 3.79690999
350.00000000 3.74009561
352.00000000 3.68476748
354.00000000 3.63085164
356.00000000 3.57826441
358.00000000 3.52691451
360.00000000 3.47670534
362.00000000 3.42753760
364.00000000 3.37931191
366.00000000 3.33193141
368.00000000 3.28530438
370.00000000 3.23934657
372.00000000 3.19398334
374.00000000 3.14915141
376.00000000 3.10480031
378.00000000 3.06089327
380.00000000 3.01740774
382.00000000 2.97433538
384.00000000 2.93168159
386.00000000 2.88946458
388.00000000 2.84771403
390.00000000 2.80646930
392.00000000 2.76577749
394.00000000 2.72569107
396.00000000 2.68626554
398.00000000 2.64755686
