-400.00000000 3.03539659
-398.00000000 3.12760939
-396.00000000 3.22390710
-394.00000000 3.32445537
-392.00000000 3.42941956
-390.00000000 3.53896579
-388.00000000 3.65326229
-386.00000000 3.77248089
-384.00000000 3.89679876
-382.00000000 4.02640015
-380.00000000 4.16147817
-378.00000000 4.30223654
-376.00000000 4.44889103
-374.00000000 4.60167077
-372.00000000 4.76081907
-370.00000000 4.92659385
-368.00000000 5.09926748
-366.00000000 5.27912600
-364.00000000 5.46646761
-362.00000000 5.66160049
-360.00000000 5.86483974
-358.00000000 6.07650363
-356.00000000 6.29690896
-354.00000000 6.52636579
-352.00000000 6.76517140
-350.00000000 7.01360364
-348.00000000 7.27191381
-346.00000000 7.54031911
-344.00000000 7.81899486
-342.00000000 8.10806664
-340.00000000 8.40760248
-338.00000000 8.71760531
-336.00000000 9.03800587
-334.00000000 9.36865625
-332.00000000 9.70932415
-330.00000000 10.05968826
-328.00000000 10.41933466
-326.00000000 10.78775450
-324.00000000 11.16434314
-322.00000000 11.54840074
-320.00000000 11.93913437
-318.00000000 12.33566178
-316.00000000 12.73701671
-314.00000000 13.14215576
-312.00000000 13.54996679
-310.00000000 13.95927869
-308.00000000 14.36887244
-306.00000000 14.77749325
-304.00000000 15.18386366
-302.00000000 15.58669733
-300.00000000 15.98471331
-298.00000000 16.37665060
-296.00000000 16.76128267
-294.00000000 17.13743174
-292.00000000 17.50398254
-290.00000000 17.85989537
-288.00000000 18.20421811
-286.00000000 18.53609713
-284.00000000 18.85478670
-282.00000000 19.15965705
-280.00000000 19.45020054
-278.00000000 19.72603625
-276.00000000 19.98691268
-274.00000000 20.23270855
-272.00000000 20.46343185
-270.00000000 20.67921703
-268.00000000 20.88032054
-266.00000000 21.06711473
-264.00000000 21.24008035
-262.00000000 21.39979773
-260.00000000 21.54693691
-258.00000000 21.68224687
-256.00000000 21.80654412
-254.00000000 21.92070087
-252.00000000 22.02563297
-250.00000000 22.12228788
-248.00000000 22.21163292
-246.00000000 22.29464385
-244.00000000 22.37229419
-242.00000000 22.44554525
-240.00000000 22.51533702
-238.00000000 22.58258018
-236.00000000 22.64814913
-234.00000000 22.71287618
-232.00000000 22.77754689
-230.00000000 22.84289657
-228.00000000 22.90960784
-226.00000000 22.97830931
-224.00000000 23.04957511
-222.00000000 23.12392538
-220.00000000 23.20182737
-218.00000000 23.28369722
-216.00000000 23.36990212
-214.00000000 23.46076287
-212.00000000 23.55655647
-210.00000000 23.65751886
-208.00000000 23.76384754
-206.00000000 23.87570391
-204.00000000 23.99321538
-202.00000000 24.11647710
-200.00000000 24.24555317
-198.00000000 24.38047748
-196.00000000 24.52125400
-194.00000000 24.66785657
-192.00000000 24.82022832
-190.00000000 24.97828065
-188.00000000 25.14189184
-186.00000000 25.31090549
-184.00000000 25.48512879
-182.00000000 25.66433071
-180.00000000 25.84824033
-178.00000000 26.03654529
-176.00000000 26.22889059
-174.00000000 26.42487779
-172.00000000 26.62406467
-170.00000000 26.82596555
-168.00000000 27.03005225
-166.00000000 27.23575575
-164.00000000 27.44246867
-162.00000000 27.64954847
-160.00000000 27.85632145
-158.00000000 28.06208755
-156.00000000 28.26612574
-154.00000000 28.46770018
-152.00000000 28.66606683
-150.00000000 28.86048059
-148.00000000 29.05020273
-146.00000000 29.23450855
-144.00000000 29.41269514
-142.00000000 29.58408901
-140.00000000 29.74805361
-138.00000000 29.90399640
-136.00000000 30.05137553
-134.00000000 30.18970586
-132.00000000 30.31856423
-130.00000000 30.43759397
-128.00000000 30.54650842
-126.00000000 30.64509352
-124.00000000 30.73320931
-122.00000000 30.81079041
-120.00000000 30.87784542
-118.00000000 30.93445520
-116.00000000 30.98077022
-114.00000000 31.01700686
-112.00000000 31.04344286
-110.00000000 31.06041190
-108.00000000 31.06829758
-106.00000000 31.06752667
-104.00000000 31.05856201
-102.00000000 31.04189507
-100.00000000 31.01803822
-98.00000000 30.98751708
-96.00000000 30.95086288
-94.00000000 30.90860504
-92.00000000 30.86126413
-90.00000000 30.80934529
-88.00000000 30.75333216
-86.00000000 30.69368158
-84.00000000 30.63081895
-82.00000000 30.56513441
-80.00000000 30.49697988
-78.00000000 30.42666701
-76.00000000 30.35446597
-74.00000000 30.28060513
-72.00000000 30.20527167
-70.00000000 30.12861288
-68.00000000 30.05073843
-66.00000000 29.97172314
-64.00000000 29.89161053
-62.00000000 29.81041684
-60.00000000 29.72813554
-58.00000000 29.64474219
-56.00000000 29.56019954
-54.00000000 29.47446275
-52.00000000 29.38748472
-50.00000000 29.29922132
-48.00000000 29.20963648
-46.00000000 29.11870702
-44.00000000 29.02642717
-42.00000000 28.93281269
-40.00000000 28.83790454
-38.00000000 28.74177200
-36.00000000 28.64451524
-34.00000000 28.54626734
-32.00000000 28.44719568
-30.00000000 28.34750268
-28.00000000 28.24742603
-26.00000000 28.14723823
-24.00000000 28.04724564
-22.00000000 27.94778700
-20.00000000 27.84923142
-18.00000000 27.75197598
-16.00000000 27.65644302
-14.00000000 27.56307697
-12.00000000 27.47234110
-10.00000000 27.38471394
-8.00000000 27.30068574
-6.00000000 27.22075472
-4.00000000 27.14542342
-2.00000000 27.07519508
0.00000000 27.01057013
2.00000000 26.95204283
4.00000000 26.90009807
6.00000000 26.85520837
8.00000000 26.81783118
10.00000000 26.78840629
12.00000000 26.76735358
14.00000000 26.75507092
16.00000000 26.75193229
18.00000000 26.75828614
20.00000000 26.77445378
22.00000000 26.80072803
24.00000000 26.83737184
26.00000000 26.88461704
28.00000000 26.94266299
30.00000000 27.01167531
32.00000000 27.09178444
34.00000000 27.18308419
36.00000000 27.28563003
38.00000000 27.39943741
40.00000000 27.52447977
42.00000000 27.66068646
44.00000000 27.80794053
46.00000000 27.96607634
48.00000000 28.13487715
50.00000000 28.31407256
52.00000000 28.50333607
54.00000000 28.70228254
56.00000000 28.91046597
58.00000000 29.12737732
60.00000000 29.35244272
62.00000000 29.58502200
64.00000000 29.82440770
66.00000000 30.06982465
68.00000000 30.32043012
70.00000000 30.57531472
72.00000000 30.83350407
74.00000000 31.09396126
76.00000000 31.35559021
78.00000000 31.61723999
80.00000000 31.87770994
82.00000000 32.13575584
84.00000000 32.39009687
86.00000000 32.63942349
88.00000000 32.88240612
90.00000000 33.11770451
92.00000000 33.34397771
94.00000000 33.55989464
96.00000000 33.76414497
98.00000000 33.95545023
100.00000000 34.13257507
102.00000000 34.29433840
104.00000000 34.43962430
106.00000000 34.56739253
108.00000000 34.67668848
110.00000000 34.76665238
112.00000000 34.83652761
114.00000000 34.88566800
116.00000000 34.91354400
118.00000000 34.91974758
120.00000000 34.90399577
122.00000000 34.86613279
124.00000000 34.80613077
126.00000000 34.72408894
128.00000000 34.62023140
130.00000000 34.49490346
132.00000000 34.34856658
134.00000000 34.18179204
136.00000000 33.99525343
138.00000000 33.78971808
140.00000000 33.56603756
142.00000000 33.32513742
144.00000000 33.06800634
146.00000000 32.79568486
148.00000000 32.50925389
150.00000000 32.20982310
152.00000000 31.89851949
154.00000000 31.57647622
156.00000000 31.24482192
158.00000000 30.90467052
160.00000000 30.55711192
162.00000000 30.20320340
164.00000000 29.84396202
166.00000000 29.48035802
168.00000000 29.11330930
170.00000000 28.74367691
172.00000000 28.37226173
174.00000000 27.99980215
176.00000000 27.62697284
178.00000000 27.25438449
180.00000000 26.88258440
182.00000000 26.51205803
184.00000000 26.14323114
186.00000000 25.77647260
188.00000000 25.41209778
190.00000000 25.05037221
192.00000000 24.69151562
194.00000000 24.33570608
196.00000000 23.98308424
198.00000000 23.63375754
200.00000000 23.28780424
202.00000000 22.94527728
204.00000000 22.60620792
206.00000000 22.27060895
208.00000000 21.93847767
210.00000000 21.60979840
212.00000000 21.28454465
214.00000000 20.96268093
216.00000000 20.64416415
218.00000000 20.32894472
220.00000000 20.01696739
222.00000000 19.70817174
224.00000000 19.40249261
226.00000000 19.09986023
228.00000000 18.80020040
230.00000000 18.50343452
232.00000000 18.20947969
234.00000000 17.91824885
236.00000000 17.62965099
238.00000000 17.34359154
240.00000000 17.05997284
242.00000000 16.77869487
244.00000000 16.49965603
246.00000000 16.22275420
248.00000000 15.94788793
250.00000000 15.67495773
252.00000000 15.40386748
254.00000000 15.13452602
256.00000000 14.86684862
258.00000000 14.60075858
260.00000000 14.33618877
262.00000000 14.07308301
264.00000000 13.81139742
266.00000000 13.55110157
268.00000000 13.29217939
270.00000000 13.03462992
272.00000000 12.77846776
274.00000000 12.52372325
276.00000000 12.27044241
278.00000000 12.01868648
280.00000000 11.76853137
282.00000000 11.52006665
284.00000000 11.27339442
286.00000000 11.02862788
288.00000000 10.78588981
290.00000000 10.54531076
292.00000000 10.30702728
294.00000000 10.07117993
296.00000000 9.83791141
298.00000000 9.60736458
300.00000000 9.37968061
302.00000000 9.15499723
304.00000000 8.93344705
306.00000000 8.71515608
308.00000000 8.50024246
310.00000000 8.28881537
312.00000000 8.08097411
314.00000000 7.87680749
316.00000000 7.67639338
318.00000000 7.47979851
320.00000000 7.28707841
322.00000000 7.09827768
324.00000000 6.91343024
326.00000000 6.73255985
328.00000000 6.55568074
330.00000000 6.38279825
332.00000000 6.21390957
334.00000000 6.04900455
336.00000000 5.88806644
338.00000000 5.73107266
340.00000000 5.57799547
342.00000000 5.42880264
344.00000000 5.28345801
346.00000000 5.14192194
348.00000000 5.00415171
350.00000000 4.87010182
352.00000000 4.73972413
354.00000000 4.61296806
356.00000000 4.48978054
358.00000000 4.37010604
360.00000000 4.25388650
362.00000000 4.14106122
364.00000000 4.03156674
366.00000000 3.92533681
368.00000000 3.82230225
370.00000000 3.72239093
372.00000000 3.62552784
374.00000000 3.53163511
376.00000000 3.44063220
378.00000000 3.35243615
380.00000000 3.26696185
382.00000000 3.18412245
384.00000000 3.10382980
386.00000000 3.02599499
388.00000000 2.95052886
390.00000000 2.87734263
392.00000000 2.80634853
394.00000000 2.73746035
396.00000000 2.67059409
398.00000000 2.60566852
