-400.00000000 0.04120088
-398.00000000 0.04646623
-396.00000000 0.05104555
-394.00000000 0.05477591
-392.00000000 0.05752188
-390.00000000 0.05918043
-388.00000000 0.05968493
-386.00000000 0.05900785
-384.00000000 0.05716216
-382.00000000 0.05420140
-380.00000000 0.05021832
-378.00000000 0.04534218
-376.00000000 0.03973472
-374.00000000 0.03358503
-372.00000000 0.02710337
-370.00000000 0.02051422
-368.00000000 0.01404869
-366.00000000 0.00793674
-364.00000000 0.00239917
-362.00000000 -0.00236000
-360.00000000 -0.00616082
-358.00000000 -0.00885385
-356.00000000 -0.01032566
-354.00000000 -0.01050325
-352.00000000 -0.00935697
-350.00000000 -0.00690214
-348.00000000 -0.00319903
-346.00000000 0.00164863
-344.00000000 0.00749669
-342.00000000 0.01416511
-340.00000000 0.02144363
-338.00000000 0.02909877
-336.00000000 0.03688153
-334.00000000 0.04453588
-332.00000000 0.05180750
-330.00000000 0.05845268
-328.00000000 0.06424689
-326.00000000 0.06899288
-324.00000000 0.07252794
-322.00000000 0.07473002
-320.00000000 0.07552267
-318.00000000 0.07487832
-316.00000000 0.07282005
-314.00000000 0.06942159
-312.00000000 0.06480562
-310.00000000 0.05914029
-308.00000000 0.05263423
-306.00000000 0.04552998
-304.00000000 0.03809631
-302.00000000 0.03061935
-300.00000000 0.02339317
-298.00000000 0.01670986
-296.00000000 0.01084952
-294.00000000 0.00607060
-292.00000000 0.00260083
-290.00000000 0.00062902
-288.00000000 0.00029820
-286.00000000 0.00170014
-284.00000000 0.00487168
-282.00000000 0.00979286
-280.00000000 0.01638701
-278.00000000 0.02452284
-276.00000000 0.03401846
-274.00000000 0.04464732
-272.00000000 0.05614568
-270.00000000 0.06822168
-268.00000000 0.08056548
-266.00000000 0.09286025
-264.00000000 0.10479362
-262.00000000 0.11606926
-260.00000000 0.12641810
-258.00000000 0.13560888
-256.00000000 0.14345761
-254.00000000 0.14983561
-252.00000000 0.15467589
-250.00000000 0.15797747
-248.00000000 0.15980765
-246.00000000 0.16030194
-244.00000000 0.15966179
-242.00000000 0.15814996
-240.00000000 0.15608382
-238.00000000 0.15382671
-236.00000000 0.15177761
-234.00000000 0.15035951
-232.00000000 0.15000672
-230.00000000 0.15115179
-228.00000000 0.15421223
-226.00000000 0.15957769
-224.00000000 0.16759788
-222.00000000 0.17857191
-220.00000000 0.19273917
-218.00000000 0.21027239
-216.00000000 0.23127290
-214.00000000 0.25576856
-212.00000000 0.28371432
-210.00000000 0.31499555
-208.00000000 0.34943405
-206.00000000 0.38679661
-204.00000000 0.42680588
-202.00000000 0.46915331
-200.00000000 0.51351363
-198.00000000 0.55956049
-196.00000000 0.60698279
-194.00000000 0.65550108
-192.00000000 0.70488351
-190.00000000 0.75496076
-188.00000000 0.80563946
-186.00000000 0.85691351
-184.00000000 0.90887294
-182.00000000 0.96171003
-180.00000000 1.01572215
-178.00000000 1.07131152
-176.00000000 1.12898152
-174.00000000 1.18932980
-172.00000000 1.25303832
-170.00000000 1.32086056
-168.00000000 1.39360642
-166.00000000 1.47212519
-164.00000000 1.55728732
-162.00000000 1.64996547
-160.00000000 1.75101576
-158.00000000 1.86125971
-156.00000000 1.98146787
-154.00000000 2.11234562
-152.00000000 2.25452190
-150.00000000 2.40854150
-148.00000000 2.57486131
-146.00000000 2.75385094
-144.00000000 2.94579805
-142.00000000 3.15091828
-140.00000000 3.36936988
-138.00000000 3.60127282
-136.00000000 3.84673184
-134.00000000 4.10586307
-132.00000000 4.37882336
-130.00000000 4.66584167
-128.00000000 4.96725141
-126.00000000 5.28352277
-124.00000000 5.61529400
-122.00000000 5.96340043
-120.00000000 6.32890015
-118.00000000 6.71309523
-116.00000000 7.11754761
-114.00000000 7.54408847
-112.00000000 7.99482062
-110.00000000 8.47211306
-108.00000000 8.97858739
-106.00000000 9.51709583
-104.00000000 10.09069089
-102.00000000 10.70258684
-100.00000000 11.35611351
-98.00000000 12.05466319
-96.00000000 12.80163133
-94.00000000 13.60035245
-92.00000000 14.45403232
-90.00000000 15.36567796
-88.00000000 16.33802708
-86.00000000 17.37347844
-84.00000000 18.47402503
-82.00000000 19.64119149
-80.00000000 20.87597761
-78.00000000 22.17880929
-76.00000000 23.54949843
-74.00000000 24.98721285
-72.00000000 26.49045734
-70.00000000 28.05706653
-68.00000000 29.68421006
-66.00000000 31.36841020
-64.00000000 33.10557188
-62.00000000 34.89102462
-60.00000000 36.71957575
-58.00000000 38.58557378
-56.00000000 40.48298085
-54.00000000 42.40545249
-52.00000000 44.34642333
-50.00000000 46.29919653
-48.00000000 48.25703525
-46.00000000 50.21325400
-44.00000000 52.16130776
-42.00000000 54.09487694
-40.00000000 56.00794624
-38.00000000 57.89487558
-36.00000000 59.75046155
-34.00000000 61.56998790
-32.00000000 63.34926420
-30.00000000 65.08465153
-28.00000000 66.77307506
-26.00000000 68.41202307
-24.00000000 69.99953279
-22.00000000 71.53416349
-20.00000000 73.01495769
-18.00000000 74.44139161
-16.00000000 75.81331633
-14.00000000 77.13089124
-12.00000000 78.39451176
-10.00000000 79.60473314
-8.00000000 80.76219264
-6.00000000 81.86753209
-4.00000000 82.92132295
-2.00000000 83.92399610
0.00000000 84.87577799
2.00000000 85.77663516
4.00000000 86.62622861
6.00000000 87.42387914
8.00000000 88.16854492
10.00000000 88.85881165
12.00000000 89.49289586
14.00000000 90.06866131
16.00000000 90.58364802
18.00000000 91.03511329
20.00000000 91.42008386
22.00000000 91.73541763
24.00000000 91.97787366
26.00000000 92.14418860
28.00000000 92.23115755
30.00000000 92.23571746
32.00000000 92.15503084
34.00000000 91.98656781
36.00000000 91.72818428
38.00000000 91.37819436
40.00000000 90.93543526
42.00000000 90.39932295
44.00000000 89.76989714
46.00000000 89.04785473
48.00000000 88.23457050
50.00000000 87.33210491
52.00000000 86.34319850
54.00000000 85.27125323
56.00000000 84.12030107
58.00000000 82.89496063
60.00000000 81.60038290
62.00000000 80.24218722
64.00000000 78.82638911
66.00000000 77.35932156
68.00000000 75.84755151
70.00000000 74.29779347
72.00000000 72.71682212
74.00000000 71.11138573
76.00000000 69.48812235
78.00000000 67.85348035
80.00000000 66.21364489
82.00000000 64.57447182
84.00000000 62.94142997
86.00000000 61.31955297
88.00000000 59.71340115
90.00000000 58.12703394
92.00000000 56.56399298
94.00000000 55.02729578
96.00000000 53.51943950
98.00000000 52.04241438
100.00000000 50.59772594
102.00000000 49.18642487
104.00000000 47.80914371
106.00000000 46.46613873
108.00000000 45.15733603
110.00000000 43.88238018
112.00000000 42.64068430
114.00000000 41.43148002
116.00000000 40.25386625
118.00000000 39.10685549
120.00000000 37.98941666
122.00000000 36.90051365
124.00000000 35.83913885
126.00000000 34.80434109
128.00000000 33.79524779
130.00000000 32.81108096
132.00000000 31.85116739
134.00000000 30.91494299
136.00000000 30.00195174
138.00000000 29.11183989
140.00000000 28.24434578
142.00000000 27.39928632
144.00000000 26.57654065
146.00000000 25.77603201
148.00000000 24.99770854
150.00000000 24.24152389
152.00000000 23.50741842
154.00000000 22.79530173
156.00000000 22.10503707
158.00000000 21.43642829
160.00000000 20.78920960
162.00000000 20.16303862
164.00000000 19.55749269
166.00000000 18.97206856
168.00000000 18.40618548
170.00000000 17.85919129
172.00000000 17.33037132
174.00000000 16.81895975
176.00000000 16.32415279
178.00000000 15.84512335
180.00000000 15.38103647
182.00000000 14.93106510
184.00000000 14.49440549
186.00000000 14.07029178
188.00000000 13.65800926
190.00000000 13.25690574
192.00000000 12.86640093
194.00000000 12.48599324
196.00000000 12.11526403
198.00000000 11.75387909
200.00000000 11.40158743
202.00000000 11.05821741
204.00000000 10.72367044
206.00000000 10.39791250
208.00000000 10.08096379
210.00000000 9.77288693
212.00000000 9.47377413
214.00000000 9.18373378
216.00000000 8.90287697
218.00000000 8.63130431
220.00000000 8.36909363
222.00000000 8.11628883
224.00000000 7.87289032
226.00000000 7.63884729
228.00000000 7.41405214
230.00000000 7.19833707
232.00000000 6.99147301
234.00000000 6.79317092
236.00000000 6.60308516
238.00000000 6.42081910
240.00000000 6.24593242
242.00000000 6.07795001
244.00000000 5.91637215
246.00000000 5.76068540
248.00000000 5.61037405
250.00000000 5.46493163
252.00000000 5.32387200
254.00000000 5.18673983
256.00000000 5.05311994
258.00000000 4.92264532
260.00000000 4.79500353
262.00000000 4.66994129
264.00000000 4.54726714
266.00000000 4.42685205
268.00000000 4.30862816
270.00000000 4.19258546
272.00000000 4.07876676
274.00000000 3.96726113
276.00000000 3.85819592
278.00000000 3.75172773
280.00000000 3.64803277
282.00000000 3.54729666
284.00000000 3.44970437
286.00000000 3.35543029
288.00000000 3.26462904
290.00000000 3.17742719
292.00000000 3.09391613
294.00000000 3.01414639
296.00000000 2.93812356
298.00000000 2.86580583
300.00000000 2.79710341
302.00000000 2.73187953
304.00000000 2.66995326
306.00000000 2.61110382
308.00000000 2.55507629
310.00000000 2.50158848
312.00000000 2.45033872
314.00000000 2.40101432
316.00000000 2.35330029
318.00000000 2.30688816
320.00000000 2.26148455
322.00000000 2.21681905
324.00000000 2.17265146
326.00000000 2.12877783
328.00000000 2.08503528
330.00000000 2.04130549
332.00000000 1.99751657
334.00000000 1.95364347
336.00000000 1.90970680
338.00000000 1.86577017
340.00000000 1.82193617
342.00000000 1.77834108
344.00000000 1.73514861
346.00000000 1.69254273
348.00000000 1.65072006
350.00000000 1.60988188
352.00000000 1.57022615
354.00000000 1.53193978
356.00000000 1.49519140
358.00000000 1.46012488
360.00000000 1.42685379
362.00000000 1.39545701
364.00000000 1.36597560
366.00000000 1.33841101
368.00000000 1.31272467
370.00000000 1.28883906
372.00000000 1.26663998
374.00000000 1.24598019
376.00000000 1.22668410
378.00000000 1.20855338
380.00000000 1.19137333
382.00000000 1.17491976
384.00000000 1.15896608
386.00000000 1.14329052
388.00000000 1.12768296
390.00000000 1.11195148
392.00000000 1.09592812
394.00000000 1.07947384
396.00000000 1.06248238
398.00000000 1.04488311
