-400.00000000 2.47345056
-398.00000000 2.54279271
-396.00000000 2.61410572
-394.00000000 2.68745044
-392.00000000 2.76289295
-390.00000000 2.84050463
-388.00000000 2.92036221
-386.00000000 3.00254757
-384.00000000 3.08714750
-382.00000000 3.17425340
-380.00000000 3.26396078
-378.00000000 3.35636880
-376.00000000 3.45157968
-374.00000000 3.54969811
-372.00000000 3.65083068
-370.00000000 3.75508528
-368.00000000 3.86257054
-366.00000000 3.97339537
-364.00000000 4.08766857
-362.00000000 4.20549854
-360.00000000 4.32699308
-358.00000000 4.45225939
-356.00000000 4.58140411
-354.00000000 4.71453359
-352.00000000 4.85175422
-350.00000000 4.99317293
-348.00000000 5.13889781
-346.00000000 5.28903875
-344.00000000 5.44370827
-342.00000000 5.60302227
-340.00000000 5.76710093
-338.00000000 5.93606948
-336.00000000 6.11005901
-334.00000000 6.28920718
-332.00000000 6.47365885
-330.00000000 6.66356658
-328.00000000 6.85909094
-326.00000000 7.06040076
-324.00000000 7.26767310
-322.00000000 7.48109308
-320.00000000 7.70085353
-318.00000000 7.92715444
-316.00000000 8.16020222
-314.00000000 8.40020882
-312.00000000 8.64739074
-310.00000000 8.90196786
-308.00000000 9.16416219
-306.00000000 9.43419665
-304.00000000 9.71229369
-302.00000000 9.99867400
-300.00000000 10.29355524
-298.00000000 10.59715081
-296.00000000 10.90966871
-294.00000000 11.23131051
-292.00000000 11.56227041
-290.00000000 11.90273442
-288.00000000 12.25287969
-286.00000000 12.61287386
-284.00000000 12.98287456
-282.00000000 13.36302895
-280.00000000 13.75347320
-278.00000000 14.15433210
-276.00000000 14.56571839
-274.00000000 14.98773219
-272.00000000 15.42046003
-270.00000000 15.86397385
-268.00000000 16.31832955
-266.00000000 16.78356533
-264.00000000 17.25969958
-262.00000000 17.74672837
-260.00000000 18.24462256
-258.00000000 18.75332440
-256.00000000 19.27274373
-254.00000000 19.80275368
-252.00000000 20.34318608
-250.00000000 20.89382646
-248.00000000 21.45440871
-246.00000000 22.02460968
-244.00000000 22.60404353
-242.00000000 23.19225617
-240.00000000 23.78871979
-238.00000000 24.39282765
-236.00000000 25.00388930
-234.00000000 25.62112627
-232.00000000 26.24366856
-230.00000000 26.87055184
-228.00000000 27.50071567
-226.00000000 28.13300288
-224.00000000 28.76616003
-222.00000000 29.39883928
-220.00000000 30.02960161
-218.00000000 30.65692148
-216.00000000 31.27919298
-214.00000000 31.89473743
-212.00000000 32.50181249
-210.00000000 33.09862258
-208.00000000 33.68333072
-206.00000000 34.25407151
-204.00000000 34.80896520
-202.00000000 35.34613271
-200.00000000 35.86371128
-198.00000000 36.35987072
-196.00000000 36.83282996
-194.00000000 37.28087357
-192.00000000 37.70236819
-190.00000000 38.09577851
-188.00000000 38.45968256
-186.00000000 38.79278609
-184.00000000 39.09393590
-182.00000000 39.36213167
-180.00000000 39.59653644
-178.00000000 39.79648526
-176.00000000 39.96149203
-174.00000000 40.09125450
-172.00000000 40.18565706
-170.00000000 40.24477167
-168.00000000 40.26885656
-166.00000000 40.25835300
-164.00000000 40.21388002
-162.00000000 40.13622730
-160.00000000 40.02634623
-158.00000000 39.88533948
-156.00000000 39.71444897
-154.00000000 39.51504280
-152.00000000 39.28860101
-150.00000000 39.03670062
-148.00000000 38.76100014
-146.00000000 38.46322370
-144.00000000 38.14514513
-142.00000000 37.80857222
-140.00000000 37.45533127
-138.00000000 37.08725234
-136.00000000 36.70615509
-134.00000000 36.31383571
-132.00000000 35.91205481
-130.00000000 35.50252655
-128.00000000 35.08690900
-126.00000000 34.66679587
-124.00000000 34.24370961
-122.00000000 33.81909584
-120.00000000 33.39431924
-118.00000000 32.97066064
-116.00000000 32.54931546
-114.00000000 32.13139329
-112.00000000 31.71791854
-110.00000000 31.30983208
-108.00000000 30.90799369
-106.00000000 30.51318525
-104.00000000 30.12611453
-102.00000000 29.74741940
-100.00000000 29.37767237
-98.00000000 29.01738535
-96.00000000 28.66701450
-94.00000000 28.32696502
-92.00000000 27.99759589
-90.00000000 27.67922438
-88.00000000 27.37213032
-86.00000000 27.07656003
-84.00000000 26.79272997
-82.00000000 26.52082997
-80.00000000 26.26102608
-78.00000000 26.01346309
-76.00000000 25.77826663
-74.00000000 25.55554497
-72.00000000 25.34539050
-70.00000000 25.14788092
-68.00000000 24.96308020
-66.00000000 24.79103938
-64.00000000 24.63179713
-62.00000000 24.48538032
-60.00000000 24.35180440
-58.00000000 24.23107383
-56.00000000 24.12318245
-54.00000000 24.02811390
-52.00000000 23.94584203
-50.00000000 23.87633140
-48.00000000 23.81953785
-46.00000000 23.77540901
-44.00000000 23.74388500
-42.00000000 23.72489907
-40.00000000 23.71837827
-38.00000000 23.72424414
-36.00000000 23.74241338
-34.00000000 23.77279842
-32.00000000 23.81530796
-30.00000000 23.86984741
-28.00000000 23.93631921
-26.00000000 24.01462296
-24.00000000 24.10465547
-22.00000000 24.20631056
-20.00000000 24.31947872
-18.00000000 24.44404654
-16.00000000 24.57989600
-14.00000000 24.72690349
-12.00000000 24.88493868
-10.00000000 25.05386323
-8.00000000 25.23352930
-6.00000000 25.42377791
-4.00000000 25.62443719
-2.00000000 25.83532048
0.00000000 26.05622443
2.00000000 26.28692691
4.00000000 26.52718501
6.00000000 26.77673297
8.00000000 27.03528010
10.00000000 27.30250882
12.00000000 27.57807270
14.00000000 27.86159462
16.00000000 28.15266508
18.00000000 28.45084059
20.00000000 28.75564224
22.00000000 29.06655452
24.00000000 29.38302425
26.00000000 29.70445980
28.00000000 30.03023057
30.00000000 30.35966666
32.00000000 30.69205889
34.00000000 31.02665912
36.00000000 31.36268088
38.00000000 31.69930031
40.00000000 32.03565751
42.00000000 32.37085821
44.00000000 32.70397583
46.00000000 33.03405395
48.00000000 33.36010914
50.00000000 33.68113426
52.00000000 33.99610200
54.00000000 34.30396906
56.00000000 34.60368043
58.00000000 34.89417428
60.00000000 35.17438705
62.00000000 35.44325886
64.00000000 35.69973930
66.00000000 35.94279332
68.00000000 36.17140745
70.00000000 36.38459601
72.00000000 36.58140752
74.00000000 36.76093104
76.00000000 36.92230247
78.00000000 37.06471077
80.00000000 37.18740384
82.00000000 37.28969427
84.00000000 37.37096463
86.00000000 37.43067233
88.00000000 37.46835404
90.00000000 37.48362943
92.00000000 37.47620442
94.00000000 37.44587358
96.00000000 37.39252195
98.00000000 37.31612600
100.00000000 37.21675384
102.00000000 37.09456462
104.00000000 36.94980714
106.00000000 36.78281766
108.00000000 36.59401695
110.00000000 36.38390663
112.00000000 36.15306475
114.00000000 35.90214089
116.00000000 35.63185052
118.00000000 35.34296905
120.00000000 35.03632534
122.00000000 34.71279500
124.00000000 34.37329337
126.00000000 34.01876848
128.00000000 33.65019387
130.00000000 33.26856152
132.00000000 32.87487489
134.00000000 32.47014224
136.00000000 32.05537016
138.00000000 31.63155756
140.00000000 31.19969000
142.00000000 30.76073459
144.00000000 30.31563531
146.00000000 29.86530897
148.00000000 29.41064165
150.00000000 28.95248576
152.00000000 28.49165763
154.00000000 28.02893568
156.00000000 27.56505911
158.00000000 27.10072709
160.00000000 26.63659836
162.00000000 26.17329134
164.00000000 25.71138454
166.00000000 25.25141727
168.00000000 24.79389070
170.00000000 24.33926906
172.00000000 23.88798102
174.00000000 23.44042120
176.00000000 22.99695175
178.00000000 22.55790392
180.00000000 22.12357967
182.00000000 21.69425323
184.00000000 21.27017255
186.00000000 20.85156077
188.00000000 20.43861748
190.00000000 20.03151998
192.00000000 19.63042435
194.00000000 19.23546651
196.00000000 18.84676314
198.00000000 18.46441249
200.00000000 18.08849522
202.00000000 17.71907510
204.00000000 17.35619972
206.00000000 16.99990119
208.00000000 16.65019679
210.00000000 16.30708969
212.00000000 15.97056966
214.00000000 15.64061386
216.00000000 15.31718757
218.00000000 15.00024510
220.00000000 14.68973064
222.00000000 14.38557918
224.00000000 14.08771752
226.00000000 13.79606522
228.00000000 13.51053562
230.00000000 13.23103686
232.00000000 12.95747289
234.00000000 12.68974441
236.00000000 12.42774982
238.00000000 12.17138613
240.00000000 11.92054969
242.00000000 11.67513697
244.00000000 11.43504519
246.00000000 11.20017281
248.00000000 10.97041995
250.00000000 10.74568873
252.00000000 10.52588347
254.00000000 10.31091075
256.00000000 10.10067945
258.00000000 9.89510064
260.00000000 9.69408740
262.00000000 9.49755461
264.00000000 9.30541869
266.00000000 9.11759722
268.00000000 8.93400869
270.00000000 8.75457210
272.00000000 8.57920670
274.00000000 8.40783167
276.00000000 8.24036591
278.00000000 8.07672780
280.00000000 7.91683514
282.00000000 7.76060503
284.00000000 7.60795391
286.00000000 7.45879763
288.00000000 7.31305161
290.00000000 7.17063102
292.00000000 7.03145109
294.00000000 6.89542740
296.00000000 6.76247620
298.00000000 6.63251485
300.00000000 6.50546212
302.00000000 6.38123861
304.00000000 6.25976709
306.00000000 6.14097284
308.00000000 6.02478392
310.00000000 5.91113141
312.00000000 5.79994957
314.00000000 5.69117597
316.00000000 5.58475150
318.00000000 5.48062037
320.00000000 5.37872999
322.00000000 5.27903077
324.00000000 5.18147597
326.00000000 5.08602135
328.00000000 4.99262489
330.00000000 4.90124641
332.00000000 4.81184723
334.00000000 4.72438977
336.00000000 4.63883720
338.00000000 4.55515305
340.00000000 4.47330093
342.00000000 4.39324423
344.00000000 4.31494588
346.00000000 4.23836818
348.00000000 4.16347267
350.00000000 4.09022010
352.00000000 4.01857041
354.00000000 3.94848283
356.00000000 3.87991601
358.00000000 3.81282816
360.00000000 3.74717732
362.00000000 3.68292163
364.00000000 3.62001958
366.00000000 3.55843034
368.00000000 3.49811403
370.00000000 3.43903207
372.00000000 3.38114742
374.00000000 3.32442482
376.00000000 3.26883101
378.00000000 3.21433489
380.00000000 3.16090762
382.00000000 3.10852267
384.00000000 3.05715582
386.00000000 3.00678507
388.00000000 2.95739058
390.00000000 2.90895440
392.00000000 2.86146034
394.00000000 2.81489367
396.00000000 2.76924083
398.00000000 2.72448914
