-400.00000000 2.46501473
-398.00000000 2.53413484
-396.00000000 2.60523493
-394.00000000 2.67837715
-392.00000000 2.75362877
-390.00000000 2.83106225
-388.00000000 2.91075521
-386.00000000 2.99279031
-384.00000000 3.07725499
-382.00000000 3.16424115
-380.00000000 3.25384471
-378.00000000 3.34616516
-376.00000000 3.44130500
-374.00000000 3.53936919
-372.00000000 3.64046462
-370.00000000 3.74469952
-368.00000000 3.85218297
-366.00000000 3.96302448
-364.00000000 4.07733362
-362.00000000 4.19521976
-360.00000000 4.31679192
-358.00000000 4.44215875
-356.00000000 4.57142862
-354.00000000 4.70470987
-352.00000000 4.84211116
-350.00000000 4.98374195
-348.00000000 5.12971303
-346.00000000 5.28013728
-344.00000000 5.43513029
-342.00000000 5.59481120
-340.00000000 5.75930345
-338.00000000 5.92873559
-336.00000000 6.10324194
-334.00000000 6.28296332
-332.00000000 6.46804757
-330.00000000 6.65865000
-328.00000000 6.85493370
-326.00000000 7.05706967
-324.00000000 7.26523680
-322.00000000 7.47962167
-320.00000000 7.70041816
-318.00000000 7.92782687
-316.00000000 8.16205444
-314.00000000 8.40331260
-312.00000000 8.65181725
-310.00000000 8.90778727
-308.00000000 9.17144332
-306.00000000 9.44300665
-304.00000000 9.72269771
-302.00000000 10.01073497
-300.00000000 10.30733361
-298.00000000 10.61270432
-296.00000000 10.92705223
-294.00000000 11.25057581
-292.00000000 11.58346600
-290.00000000 11.92590535
-288.00000000 12.27806729
-286.00000000 12.64011550
-284.00000000 13.01220330
-282.00000000 13.39447317
-280.00000000 13.78705611
-278.00000000 14.19007118
-276.00000000 14.60362476
-274.00000000 15.02780978
-272.00000000 15.46270480
-270.00000000 15.90837275
-268.00000000 16.36485949
-266.00000000 16.83219201
-264.00000000 17.31037627
-262.00000000 17.79939466
-260.00000000 18.29920303
-258.00000000 18.80972732
-256.00000000 19.33085976
-254.00000000 19.86245472
-252.00000000 20.40432411
-250.00000000 20.95623257
-248.00000000 21.51789236
-246.00000000 22.08895808
-244.00000000 22.66902133
-242.00000000 23.25760543
-240.00000000 23.85416029
-238.00000000 24.45805752
-236.00000000 25.06858601
-234.00000000 25.68494808
-232.00000000 26.30625625
-230.00000000 26.93153094
-228.00000000 27.55969906
-226.00000000 28.18959368
-224.00000000 28.81995496
-222.00000000 29.44943228
-220.00000000 30.07658773
-218.00000000 30.69990103
-216.00000000 31.31777583
-214.00000000 31.92854747
-212.00000000 32.53049206
-210.00000000 33.12183700
-208.00000000 33.70077259
-206.00000000 34.26546499
-204.00000000 34.81406994
-202.00000000 35.34474750
-200.00000000 35.85567740
-198.00000000 36.34507474
-196.00000000 36.81120613
-194.00000000 37.25240561
-192.00000000 37.66709057
-190.00000000 38.05377704
-188.00000000 38.41109438
-186.00000000 38.73779904
-184.00000000 39.03278721
-182.00000000 39.29510605
-180.00000000 39.52396354
-178.00000000 39.71873661
-176.00000000 39.87897741
-174.00000000 40.00441786
-172.00000000 40.09497204
-170.00000000 40.15073677
-168.00000000 40.17199008
-166.00000000 40.15918776
-164.00000000 40.11295801
-162.00000000 40.03409429
-160.00000000 39.92354648
-158.00000000 39.78241054
-156.00000000 39.61191676
-154.00000000 39.41341695
-152.00000000 39.18837052
-150.00000000 38.93833001
-148.00000000 38.66492598
-146.00000000 38.36985166
-144.00000000 38.05484755
-142.00000000 37.72168622
-140.00000000 37.37215740
-138.00000000 37.00805373
-136.00000000 36.63115722
-134.00000000 36.24322656
-132.00000000 35.84598558
-130.00000000 35.44111274
-128.00000000 35.03023193
-126.00000000 34.61490451
-124.00000000 34.19662267
-122.00000000 33.77680415
-120.00000000 33.35678821
-118.00000000 32.93783291
-116.00000000 32.52111356
-114.00000000 32.10772228
-112.00000000 31.69866867
-110.00000000 31.29488127
-108.00000000 30.89720993
-106.00000000 30.50642884
-104.00000000 30.12324006
-102.00000000 29.74827756
-100.00000000 29.38211153
-98.00000000 29.02525290
-96.00000000 28.67815791
-94.00000000 28.34123274
-92.00000000 28.01483797
-90.00000000 27.69929288
-88.00000000 27.39487959
-86.00000000 27.10184678
-84.00000000 26.82041321
-82.00000000 26.55077085
-80.00000000 26.29308763
-78.00000000 26.04750992
-76.00000000 25.81416459
-74.00000000 25.59316083
-72.00000000 25.38459159
-70.00000000 25.18853486
-68.00000000 25.00505465
-66.00000000 24.83420185
-64.00000000 24.67601492
-62.00000000 24.53052043
-60.00000000 24.39773362
-58.00000000 24.27765885
-56.00000000 24.17029005
-54.00000000 24.07561119
-52.00000000 23.99359677
-50.00000000 23.92421235
-48.00000000 23.86741512
-46.00000000 23.82315446
-44.00000000 23.79137264
-42.00000000 23.77200540
-40.00000000 23.76498265
-38.00000000 23.77022911
-36.00000000 23.78766491
-34.00000000 23.81720617
-32.00000000 23.85876543
-30.00000000 23.91225209
-28.00000000 23.97757263
-26.00000000 24.05463074
-24.00000000 24.14332728
-22.00000000 24.24356011
-20.00000000 24.35522367
-18.00000000 24.47820846
-16.00000000 24.61240027
-14.00000000 24.75767926
-12.00000000 24.91391885
-10.00000000 25.08098444
-8.00000000 25.25873201
-6.00000000 25.44700651
-4.00000000 25.64564018
-2.00000000 25.85445077
0.00000000 26.07323960
2.00000000 26.30178968
4.00000000 26.53986369
6.00000000 26.78720198
8.00000000 27.04352059
10.00000000 27.30850929
12.00000000 27.58182969
14.00000000 27.86311336
16.00000000 28.15196018
18.00000000 28.44793670
20.00000000 28.75057465
22.00000000 29.05936972
24.00000000 29.37378039
26.00000000 29.69322707
28.00000000 30.01709141
30.00000000 30.34471591
32.00000000 30.67540374
34.00000000 31.00841891
36.00000000 31.34298673
38.00000000 31.67829462
40.00000000 32.01349321
42.00000000 32.34769789
44.00000000 32.67999070
46.00000000 33.00942263
48.00000000 33.33501634
50.00000000 33.65576922
52.00000000 33.97065702
54.00000000 34.27863772
56.00000000 34.57865590
58.00000000 34.86964753
60.00000000 35.15054501
62.00000000 35.42028268
64.00000000 35.67780255
66.00000000 35.92206034
68.00000000 36.15203168
70.00000000 36.36671856
72.00000000 36.56515577
74.00000000 36.74641742
76.00000000 36.90962347
78.00000000 37.05394601
80.00000000 37.17861548
82.00000000 37.28292651
84.00000000 37.36624346
86.00000000 37.42800550
88.00000000 37.46773122
90.00000000 37.48502261
92.00000000 37.47956841
94.00000000 37.45114683
96.00000000 37.39962741
98.00000000 37.32497224
100.00000000 37.22723622
102.00000000 37.10656666
104.00000000 36.96320193
106.00000000 36.79746937
108.00000000 36.60978240
110.00000000 36.40063688
112.00000000 36.17060674
114.00000000 35.92033900
116.00000000 35.65054821
118.00000000 35.36201034
120.00000000 35.05555632
122.00000000 34.73206521
124.00000000 34.39245710
126.00000000 34.03768597
128.00000000 33.66873240
130.00000000 33.28659635
132.00000000 32.89229011
134.00000000 32.48683146
136.00000000 32.07123706
138.00000000 31.64651631
140.00000000 31.21366560
142.00000000 30.77366295
144.00000000 30.32746337
146.00000000 29.87599454
148.00000000 29.42015324
150.00000000 28.96080229
152.00000000 28.49876800
154.00000000 28.03483833
156.00000000 27.56976144
158.00000000 27.10424482
160.00000000 26.63895491
162.00000000 26.17451710
164.00000000 25.71151612
166.00000000 25.25049679
168.00000000 24.79196499
170.00000000 24.33638893
172.00000000 23.88420053
174.00000000 23.43579691
176.00000000 22.99154206
178.00000000 22.55176842
180.00000000 22.11677851
182.00000000 21.68684658
184.00000000 21.26222010
186.00000000 20.84312125
188.00000000 20.42974828
190.00000000 20.02227679
192.00000000 19.62086091
194.00000000 19.22563435
196.00000000 18.83671139
198.00000000 18.45418779
200.00000000 18.07814162
202.00000000 17.70863402
204.00000000 17.34570995
206.00000000 16.98939890
208.00000000 16.63971563
210.00000000 16.29666086
212.00000000 15.96022199
214.00000000 15.63037393
216.00000000 15.30707984
218.00000000 14.99029203
220.00000000 14.67995280
222.00000000 14.37599539
224.00000000 14.07834495
226.00000000 13.78691947
228.00000000 13.50163086
230.00000000 13.22238587
232.00000000 12.94908712
234.00000000 12.68163405
236.00000000 12.41992387
238.00000000 12.16385236
240.00000000 11.91331473
242.00000000 11.66820628
244.00000000 11.42842308
246.00000000 11.19386244
248.00000000 10.96442334
250.00000000 10.74000678
252.00000000 10.52051594
254.00000000 10.30585628
256.00000000 10.09593560
258.00000000 9.89066390
260.00000000 9.68995326
262.00000000 9.49371759
264.00000000 9.30187240
266.00000000 9.11433445
268.00000000 8.93102146
270.00000000 8.75185181
272.00000000 8.57674418
274.00000000 8.40561731
276.00000000 8.23838975
278.00000000 8.07497967
280.00000000 7.91530474
282.00000000 7.75928205
284.00000000 7.60682814
286.00000000 7.45785903
288.00000000 7.31229042
290.00000000 7.17003782
292.00000000 7.03101685
294.00000000 6.89514355
296.00000000 6.76233464
298.00000000 6.63250797
300.00000000 6.50558281
302.00000000 6.38148025
304.00000000 6.26012351
306.00000000 6.14143829
308.00000000 6.02535304
310.00000000 5.91179916
312.00000000 5.80071117
314.00000000 5.69202686
316.00000000 5.58568725
318.00000000 5.48163664
320.00000000 5.37982244
322.00000000 5.28019507
324.00000000 5.18270770
326.00000000 5.08731598
328.00000000 4.99397777
330.00000000 4.90265276
332.00000000 4.81330210
334.00000000 4.72588809
336.00000000 4.64037378
338.00000000 4.55672264
340.00000000 4.47489821
342.00000000 4.39486390
344.00000000 4.31658268
346.00000000 4.24001697
348.00000000 4.16512850
350.00000000 4.09187822
352.00000000 4.02022639
354.00000000 3.95013254
356.00000000 3.88155571
358.00000000 3.81445453
360.00000000 3.74878748
362.00000000 3.68451316
364.00000000 3.62159052
366.00000000 3.55997917
368.00000000 3.49963971
370.00000000 3.44053396
372.00000000 3.38262524
374.00000000 3.32587864
376.00000000 3.27026117
378.00000000 3.21574194
380.00000000 3.16229228
382.00000000 3.10988576
384.00000000 3.05849818
386.00000000 3.00810752
388.00000000 2.95869385
390.00000000 2.91023909
392.00000000 2.86272687
394.00000000 2.81614225
396.00000000 2.77047145
398.00000000 2.72570154
