-400.00000000 1.45320286
-398.00000000 1.53999198
-396.00000000 1.62112033
-394.00000000 1.69467559
-392.00000000 1.75901387
-390.00000000 1.81282476
-388.00000000 1.85518581
-386.00000000 1.88560425
-384.00000000 1.90404440
-382.00000000 1.91093930
-380.00000000 1.90718600
-378.00000000 1.89412429
-376.00000000 1.87349930
-374.00000000 1.84740899
-372.00000000 1.81823800
-370.00000000 1.78858009
-368.00000000 1.76115148
-366.00000000 1.73869812
-364.00000000 1.72389997
-362.00000000 1.71927568
-360.00000000 1.72709098
-358.00000000 1.74927418
-356.00000000 1.78734193
-354.00000000 1.84233804
-352.00000000 1.91478797
-350.00000000 2.00467076
-348.00000000 2.11141008
-346.00000000 2.23388494
-344.00000000 2.37046027
-342.00000000 2.51903682
-340.00000000 2.67711904
-338.00000000 2.84189891
-336.00000000 3.01035346
-334.00000000 3.17935251
-332.00000000 3.34577344
-330.00000000 3.50661887
-328.00000000 3.65913340
-326.00000000 3.80091512
-324.00000000 3.93001786
-322.00000000 4.04504044
-320.00000000 4.14519927
-318.00000000 4.23038140
-316.00000000 4.30117555
-314.00000000 4.35887950
-312.00000000 4.40548283
-310.00000000 4.44362489
-308.00000000 4.47652892
-306.00000000 4.50791384
-304.00000000 4.54188609
-302.00000000 4.58281502
-300.00000000 4.63519543
-298.00000000 4.70350195
-296.00000000 4.79204019
-294.00000000 4.90479968
-292.00000000 5.04531421
-290.00000000 5.21653452
-288.00000000 5.42071864
-286.00000000 5.65934431
-284.00000000 5.93304753
-282.00000000 6.24159060
-280.00000000 6.58386188
-278.00000000 6.95790887
-276.00000000 7.36100478
-274.00000000 7.78974792
-272.00000000 8.24019189
-270.00000000 8.70800360
-268.00000000 9.18864499
-266.00000000 9.67757341
-264.00000000 10.17045466
-262.00000000 10.66338225
-260.00000000 11.15309569
-258.00000000 11.63719037
-256.00000000 12.11431180
-254.00000000 12.58432666
-252.00000000 13.04846392
-250.00000000 13.50941972
-248.00000000 13.97142051
-246.00000000 14.44024017
-244.00000000 14.92316771
-242.00000000 15.42892395
-240.00000000 15.96752652
-238.00000000 16.55010453
-236.00000000 17.18866540
-234.00000000 17.89581807
-232.00000000 18.68445825
-230.00000000 19.56742257
-228.00000000 20.55711976
-226.00000000 21.66514797
-224.00000000 22.90190807
-222.00000000 24.27622320
-220.00000000 25.79497519
-218.00000000 27.46276817
-216.00000000 29.28162975
-214.00000000 31.25075881
-212.00000000 33.36632875
-210.00000000 35.62135334
-208.00000000 38.00562095
-206.00000000 40.50570158
-204.00000000 43.10502908
-202.00000000 45.78405903
-200.00000000 48.52050103
-198.00000000 51.28962212
-196.00000000 54.06461588
-194.00000000 56.81703048
-192.00000000 59.51724679
-190.00000000 62.13499657
-188.00000000 64.63990942
-186.00000000 67.00207615
-184.00000000 69.19261587
-182.00000000 71.18423364
-180.00000000 72.95175545
-178.00000000 74.47262801
-176.00000000 75.72737134
-174.00000000 76.69997316
-172.00000000 77.37821555
-170.00000000 77.75392588
-168.00000000 77.82314572
-166.00000000 77.58621368
-164.00000000 77.04775984
-162.00000000 76.21661190
-160.00000000 75.10561526
-158.00000000 73.73137119
-156.00000000 72.11389942
-154.00000000 70.27623328
-152.00000000 68.24395705
-150.00000000 66.04469657
-148.00000000 63.70757532
-146.00000000 61.26264885
-144.00000000 58.74033081
-142.00000000 56.17082404
-140.00000000 53.58356978
-138.00000000 51.00672747
-136.00000000 48.46669669
-134.00000000 45.98769165
-132.00000000 43.59137687
-130.00000000 41.29657147
-128.00000000 39.11902714
-126.00000000 37.07128319
-124.00000000 35.16260007
-122.00000000 33.39897044
-120.00000000 31.78320524
-118.00000000 30.31509017
-116.00000000 28.99160614
-114.00000000 27.80720613
-112.00000000 26.75413924
-110.00000000 25.82281188
-108.00000000 25.00217543
-106.00000000 24.28012913
-104.00000000 23.64392699
-102.00000000 23.08057781
-100.00000000 22.57722772
-98.00000000 22.12151572
-96.00000000 21.70189357
-94.00000000 21.30790276
-92.00000000 20.93040275
-90.00000000 20.56174614
-88.00000000 20.19589821
-86.00000000 19.82850004
-84.00000000 19.45687576
-82.00000000 19.07998650
-80.00000000 18.69833487
-78.00000000 18.31382514
-76.00000000 17.92958553
-74.00000000 17.54975991
-72.00000000 17.17927687
-70.00000000 16.82360456
-68.00000000 16.48849991
-66.00000000 16.17976062
-64.00000000 15.90298810
-62.00000000 15.66336878
-60.00000000 15.46548050
-58.00000000 15.31312962
-56.00000000 15.20922343
-54.00000000 15.15568099
-52.00000000 15.15338437
-50.00000000 15.20217075
-48.00000000 15.30086459
-46.00000000 15.44734764
-44.00000000 15.63866345
-42.00000000 15.87115197
-40.00000000 16.14060882
-38.00000000 16.44246310
-36.00000000 16.77196726
-34.00000000 17.12439191
-32.00000000 17.49521872
-30.00000000 17.88032451
-28.00000000 18.27615000
-26.00000000 18.67984737
-24.00000000 19.08940151
-22.00000000 19.50372048
-20.00000000 19.92269232
-18.00000000 20.34720571
-16.00000000 20.77913390
-14.00000000 21.22128200
-12.00000000 21.67729908
-10.00000000 22.15155777
-8.00000000 22.64900485
-6.00000000 23.17498748
-4.00000000 23.73506013
-2.00000000 24.33477841
0.00000000 24.97948570
2.00000000 25.67409952
4.00000000 26.42290369
6.00000000 27.22935301
8.00000000 28.09589617
10.00000000 29.02382243
12.00000000 30.01313666
14.00000000 31.06246673
16.00000000 32.16900608
18.00000000 33.32849336
20.00000000 34.53523002
22.00000000 35.78213551
24.00000000 37.06083885
26.00000000 38.36180411
28.00000000 39.67448670
30.00000000 40.98751620
32.00000000 42.28890103
34.00000000 43.56624962
36.00000000 44.80700229
38.00000000 45.99866799
40.00000000 47.12905969
42.00000000 48.18652287
44.00000000 49.16015119
46.00000000 50.03998441
48.00000000 50.81718389
50.00000000 51.48418181
52.00000000 52.03480095
54.00000000 52.46434293
56.00000000 52.76964335
58.00000000 52.94909350
60.00000000 53.00262905
62.00000000 52.93168705
64.00000000 52.73913319
66.00000000 52.42916235
68.00000000 52.00717558
70.00000000 51.47963761
72.00000000 50.85391908
74.00000000 50.13812796
76.00000000 49.34093471
78.00000000 48.47139590
80.00000000 47.53878040
82.00000000 46.55240252
84.00000000 45.52146554
86.00000000 44.45491902
88.00000000 43.36133257
90.00000000 42.24878793
92.00000000 41.12479114
94.00000000 39.99620523
96.00000000 38.86920380
98.00000000 37.74924498
100.00000000 36.64106474
102.00000000 35.54868798
104.00000000 34.47545560
106.00000000 33.42406510
108.00000000 32.39662230
110.00000000 31.39470150
112.00000000 30.41941126
114.00000000 29.47146319
116.00000000 28.55124114
118.00000000 27.65886836
120.00000000 26.79427072
122.00000000 25.95723387
124.00000000 25.14745332
126.00000000 24.36457609
128.00000000 23.60823351
130.00000000 22.87806481
132.00000000 22.17373183
134.00000000 21.49492518
136.00000000 20.84136276
138.00000000 20.21278182
140.00000000 19.60892563
142.00000000 19.02952642
144.00000000 18.47428588
146.00000000 17.94285494
148.00000000 17.43481410
150.00000000 16.94965576
152.00000000 16.48676978
154.00000000 16.04543309
156.00000000 15.62480425
158.00000000 15.22392339
160.00000000 14.84171771
162.00000000 14.47701252
164.00000000 14.12854747
166.00000000 13.79499743
168.00000000 13.47499722
170.00000000 13.16716926
172.00000000 12.87015300
174.00000000 12.58263505
176.00000000 12.30337871
178.00000000 12.03125184
180.00000000 11.76525173
182.00000000 11.50452627
184.00000000 11.24839021
186.00000000 10.99633610
188.00000000 10.74803932
190.00000000 10.50335698
192.00000000 10.26232065
194.00000000 10.02512321
196.00000000 9.79210027
198.00000000 9.56370676
200.00000000 9.34048959
202.00000000 9.12305734
204.00000000 8.91204819
206.00000000 8.70809702
208.00000000 8.51180320
210.00000000 8.32369992
212.00000000 8.14422646
214.00000000 7.97370418
216.00000000 7.81231717
218.00000000 7.66009836
220.00000000 7.51692134
222.00000000 7.38249842
224.00000000 7.25638472
226.00000000 7.13798840
228.00000000 7.02658631
230.00000000 6.92134480
232.00000000 6.82134456
234.00000000 6.72560892
236.00000000 6.63313423
238.00000000 6.54292147
240.00000000 6.45400777
242.00000000 6.36549671
244.00000000 6.27658638
246.00000000 6.18659414
248.00000000 6.09497709
250.00000000 6.00134773
252.00000000 5.90548408
254.00000000 5.80733392
256.00000000 5.70701318
258.00000000 5.60479832
260.00000000 5.50111317
262.00000000 5.39651061
264.00000000 5.29164988
266.00000000 5.18727019
268.00000000 5.08416174
270.00000000 4.98313509
272.00000000 4.88499000
274.00000000 4.79048495
276.00000000 4.70030823
278.00000000 4.61505184
280.00000000 4.53518891
282.00000000 4.46105563
284.00000000 4.39283811
286.00000000 4.33056481
288.00000000 4.27410458
290.00000000 4.22317053
292.00000000 4.17732942
294.00000000 4.13601635
296.00000000 4.09855401
298.00000000 4.06417599
300.00000000 4.03205310
302.00000000 4.00132193
304.00000000 3.97111447
306.00000000 3.94058777
308.00000000 3.90895272
310.00000000 3.87550065
312.00000000 3.83962712
314.00000000 3.80085184
316.00000000 3.75883416
318.00000000 3.71338354
320.00000000 3.66446465
322.00000000 3.61219705
324.00000000 3.55684928
326.00000000 3.49882786
328.00000000 3.43866137
330.00000000 3.37698037
332.00000000 3.31449383
334.00000000 3.25196290
336.00000000 3.19017302
338.00000000 3.12990531
340.00000000 3.07190831
342.00000000 3.01687102
344.00000000 2.96539821
346.00000000 2.91798890
348.00000000 2.87501863
350.00000000 2.83672634
352.00000000 2.80320600
354.00000000 2.77440363
356.00000000 2.75011941
358.00000000 2.73001505
360.00000000 2.71362602
362.00000000 2.70037817
364.00000000 2.68960818
366.00000000 2.68058705
368.00000000 2.67254582
370.00000000 2.66470251
372.00000000 2.65628952
374.00000000 2.64658025
376.00000000 2.63491420
378.00000000 2.62071963
380.00000000 2.60353295
382.00000000 2.58301415
384.00000000 2.55895788
386.00000000 2.53129965
388.00000000 2.50011704
390.00000000 2.46562595
392.00000000 2.42817188
394.00000000 2.38821682
396.00000000 2.34632197
398.00000000 2.30312717
