-400.00000000 2.97027585
-398.00000000 3.05784668
-396.00000000 3.14809543
-394.00000000 3.24110248
-392.00000000 3.33695011
-390.00000000 3.43572245
-388.00000000 3.53750553
-386.00000000 3.64238722
-384.00000000 3.75045720
-382.00000000 3.86180697
-380.00000000 3.97652974
-378.00000000 4.09472041
-376.00000000 4.21647547
-374.00000000 4.34189292
-372.00000000 4.47107214
-370.00000000 4.60411381
-368.00000000 4.74111970
-366.00000000 4.88219257
-364.00000000 5.02743594
-362.00000000 5.17695392
-360.00000000 5.33085097
-358.00000000 5.48923168
-356.00000000 5.65220048
-354.00000000 5.81986139
-352.00000000 5.99231769
-350.00000000 6.16967164
-348.00000000 6.35202409
-346.00000000 6.53947417
-344.00000000 6.73211890
-342.00000000 6.93005276
-340.00000000 7.13336735
-338.00000000 7.34215089
-336.00000000 7.55648781
-334.00000000 7.77645829
-332.00000000 8.00213778
-330.00000000 8.23359652
-328.00000000 8.47089901
-326.00000000 8.71410353
-324.00000000 8.96326158
-322.00000000 9.21841741
-320.00000000 9.47960740
-318.00000000 9.74685958
-316.00000000 10.02019308
-314.00000000 10.29961755
-312.00000000 10.58513266
-310.00000000 10.87672757
-308.00000000 11.17438037
-306.00000000 11.47805763
-304.00000000 11.78771390
-302.00000000 12.10329122
-300.00000000 12.42471875
-298.00000000 12.75191230
-296.00000000 13.08477404
-294.00000000 13.42319216
-292.00000000 13.76704059
-290.00000000 14.11617879
-288.00000000 14.47045158
-286.00000000 14.82968907
-284.00000000 15.19370660
-282.00000000 15.56230473
-280.00000000 15.93526940
-278.00000000 16.31237202
-276.00000000 16.69336975
-274.00000000 17.07800576
-272.00000000 17.46600960
-270.00000000 17.85709763
-268.00000000 18.25097348
-266.00000000 18.64732866
-264.00000000 19.04584306
-262.00000000 19.44618569
-260.00000000 19.84801531
-258.00000000 20.25098117
-256.00000000 20.65472379
-254.00000000 21.05887571
-252.00000000 21.46306229
-250.00000000 21.86690254
-248.00000000 22.27000992
-246.00000000 22.67199314
-244.00000000 23.07245694
-242.00000000 23.47100292
-240.00000000 23.86723027
-238.00000000 24.26073651
-236.00000000 24.65111821
-234.00000000 25.03797169
-232.00000000 25.42089365
-230.00000000 25.79948181
-228.00000000 26.17333551
-226.00000000 26.54205628
-224.00000000 26.90524839
-222.00000000 27.26251937
-220.00000000 27.61348054
-218.00000000 27.95774752
-216.00000000 28.29494070
-214.00000000 28.62468582
-212.00000000 28.94661440
-210.00000000 29.26036434
-208.00000000 29.56558047
-206.00000000 29.86191512
-204.00000000 30.14902877
-202.00000000 30.42659070
-200.00000000 30.69427971
-198.00000000 30.95178490
-196.00000000 31.19880644
-194.00000000 31.43505647
-192.00000000 31.66026000
-190.00000000 31.87415586
-188.00000000 32.07649770
-186.00000000 32.26705507
-184.00000000 32.44561444
-182.00000000 32.61198033
-180.00000000 32.76597642
-178.00000000 32.90744663
-176.00000000 33.03625630
-174.00000000 33.15229321
-172.00000000 33.25546865
-170.00000000 33.34571846
-168.00000000 33.42300392
-166.00000000 33.48731268
-164.00000000 33.53865951
-162.00000000 33.57708697
-160.00000000 33.60266601
-158.00000000 33.61549641
-156.00000000 33.61570707
-154.00000000 33.60345619
-152.00000000 33.57893127
-150.00000000 33.54234899
-148.00000000 33.49395486
-146.00000000 33.43402280
-144.00000000 33.36285450
-142.00000000 33.28077859
-140.00000000 33.18814972
-138.00000000 33.08534746
-136.00000000 32.97277501
-134.00000000 32.85085788
-132.00000000 32.72004230
-130.00000000 32.58079366
-128.00000000 32.43359474
-126.00000000 32.27894394
-124.00000000 32.11735337
-122.00000000 31.94934691
-120.00000000 31.77545827
-118.00000000 31.59622896
-116.00000000 31.41220631
-114.00000000 31.22394148
-112.00000000 31.03198751
-110.00000000 30.83689739
-108.00000000 30.63922220
-106.00000000 30.43950933
-104.00000000 30.23830075
-102.00000000 30.03613147
-100.00000000 29.83352791
-98.00000000 29.63100663
-96.00000000 29.42907296
-94.00000000 29.22821987
-92.00000000 29.02892695
-90.00000000 28.83165950
-88.00000000 28.63686772
-86.00000000 28.44498613
-84.00000000 28.25643296
-82.00000000 28.07160980
-80.00000000 27.89090128
-78.00000000 27.71467490
-76.00000000 27.54328093
-74.00000000 27.37705242
-72.00000000 27.21630531
-70.00000000 27.06133860
-68.00000000 26.91243455
-66.00000000 26.76985899
-64.00000000 26.63386169
-62.00000000 26.50467668
-60.00000000 26.38252267
-58.00000000 26.26760351
-56.00000000 26.16010857
-54.00000000 26.06021321
-52.00000000 25.96807919
-50.00000000 25.88385509
-48.00000000 25.80767675
-46.00000000 25.73966758
-44.00000000 25.67993899
-42.00000000 25.62859065
-40.00000000 25.58571081
-38.00000000 25.55137656
-36.00000000 25.52565404
-34.00000000 25.50859858
-32.00000000 25.50025491
-30.00000000 25.50065721
-28.00000000 25.50982919
-26.00000000 25.52778411
-24.00000000 25.55452478
-22.00000000 25.59004349
-20.00000000 25.63432195
-18.00000000 25.68733116
-16.00000000 25.74903127
-14.00000000 25.81937141
-12.00000000 25.89828944
-10.00000000 25.98571178
-8.00000000 26.08155308
-6.00000000 26.18571597
-4.00000000 26.29809072
-2.00000000 26.41855488
0.00000000 26.54697295
2.00000000 26.68319595
4.00000000 26.82706105
6.00000000 26.97839105
8.00000000 27.13699402
10.00000000 27.30266277
12.00000000 27.47517438
14.00000000 27.65428970
16.00000000 27.83975286
18.00000000 28.03129080
20.00000000 28.22861270
22.00000000 28.43140962
24.00000000 28.63935392
26.00000000 28.85209896
28.00000000 29.06927863
30.00000000 29.29050707
32.00000000 29.51537840
34.00000000 29.74346653
36.00000000 29.97432507
38.00000000 30.20748732
40.00000000 30.44246640
42.00000000 30.67875549
44.00000000 30.91582822
46.00000000 31.15313921
48.00000000 31.39012474
50.00000000 31.62620366
52.00000000 31.86077839
54.00000000 32.09323618
56.00000000 32.32295053
58.00000000 32.54928280
60.00000000 32.77158399
62.00000000 32.98919677
64.00000000 33.20145762
66.00000000 33.40769922
68.00000000 33.60725293
70.00000000 33.79945146
72.00000000 33.98363168
74.00000000 34.15913753
76.00000000 34.32532302
78.00000000 34.48155530
80.00000000 34.62721782
82.00000000 34.76171338
84.00000000 34.88446734
86.00000000 34.99493066
88.00000000 35.09258289
90.00000000 35.17693508
92.00000000 35.24753259
94.00000000 35.30395762
96.00000000 35.34583168
98.00000000 35.37281774
100.00000000 35.38462224
102.00000000 35.38099671
104.00000000 35.36173919
106.00000000 35.32669534
108.00000000 35.27575925
110.00000000 35.20887383
112.00000000 35.12603102
114.00000000 35.02727156
116.00000000 34.91268446
118.00000000 34.78240617
120.00000000 34.63661944
122.00000000 34.47555184
124.00000000 34.29947403
126.00000000 34.10869778
128.00000000 33.90357372
130.00000000 33.68448891
132.00000000 33.45186419
134.00000000 33.20615141
136.00000000 32.94783047
138.00000000 32.67740637
140.00000000 32.39540607
142.00000000 32.10237541
144.00000000 31.79887598
146.00000000 31.48548202
148.00000000 31.16277734
150.00000000 30.83135243
152.00000000 30.49180150
154.00000000 30.14471979
156.00000000 29.79070094
158.00000000 29.43033451
160.00000000 29.06420375
162.00000000 28.69288346
164.00000000 28.31693806
166.00000000 27.93691989
168.00000000 27.55336767
170.00000000 27.16680512
172.00000000 26.77773989
174.00000000 26.38666249
176.00000000 25.99404559
178.00000000 25.60034334
180.00000000 25.20599096
182.00000000 24.81140438
184.00000000 24.41698010
186.00000000 24.02309511
188.00000000 23.63010699
190.00000000 23.23835402
192.00000000 22.84815548
194.00000000 22.45981193
196.00000000 22.07360561
198.00000000 21.68980087
200.00000000 21.30864465
202.00000000 20.93036701
204.00000000 20.55518163
206.00000000 20.18328640
208.00000000 19.81486396
210.00000000 19.45008230
212.00000000 19.08909530
214.00000000 18.73204336
216.00000000 18.37905390
218.00000000 18.03024199
220.00000000 17.68571085
222.00000000 17.34555245
224.00000000 17.00984803
226.00000000 16.67866862
228.00000000 16.35207556
230.00000000 16.03012103
232.00000000 15.71284854
234.00000000 15.40029342
236.00000000 15.09248328
238.00000000 14.78943852
240.00000000 14.49117274
242.00000000 14.19769321
244.00000000 13.90900131
246.00000000 13.62509289
248.00000000 13.34595877
250.00000000 13.07158501
252.00000000 12.80195339
254.00000000 12.53704167
256.00000000 12.27682397
258.00000000 12.02127108
260.00000000 11.77035074
262.00000000 11.52402792
264.00000000 11.28226507
266.00000000 11.04502235
268.00000000 10.81225783
270.00000000 10.58392770
272.00000000 10.35998646
274.00000000 10.14038703
276.00000000 9.92508091
278.00000000 9.71401833
280.00000000 9.50714830
282.00000000 9.30441880
284.00000000 9.10577679
286.00000000 8.91116832
288.00000000 8.72053863
290.00000000 8.53383220
292.00000000 8.35099280
294.00000000 8.17196362
296.00000000 7.99668726
298.00000000 7.82510586
300.00000000 7.65716114
302.00000000 7.49279447
304.00000000 7.33194695
306.00000000 7.17455950
308.00000000 7.02057290
310.00000000 6.86992789
312.00000000 6.72256525
314.00000000 6.57842587
316.00000000 6.43745083
318.00000000 6.29958148
320.00000000 6.16475950
322.00000000 6.03292697
324.00000000 5.90402645
326.00000000 5.77800102
328.00000000 5.65479432
330.00000000 5.53435064
332.00000000 5.41661492
334.00000000 5.30153279
336.00000000 5.18905058
338.00000000 5.07911538
340.00000000 4.97167500
342.00000000 4.86667799
344.00000000 4.76407368
346.00000000 4.66381209
348.00000000 4.56584400
350.00000000 4.47012088
352.00000000 4.37659493
354.00000000 4.28521901
356.00000000 4.19594666
358.00000000 4.10873207
360.00000000 4.02353008
362.00000000 3.94029617
364.00000000 3.85898643
366.00000000 3.77955759
368.00000000 3.70196700
370.00000000 3.62617263
372.00000000 3.55213310
374.00000000 3.47980767
376.00000000 3.40915628
378.00000000 3.34013951
380.00000000 3.27271867
382.00000000 3.20685578
384.00000000 3.14251357
386.00000000 3.07965556
388.00000000 3.01824599
390.00000000 2.95824993
392.00000000 2.89963321
394.00000000 2.84236249
396.00000000 2.78640523
398.00000000 2.73172968
