0.000000 1.040000 0.000000
3.000000 1.029131 0.006141
6.000000 1.007296 0.015016
9.000000 0.975589 0.025825
12.000000 0.935224 0.037762
15.000000 0.887484 0.050059
18.000000 0.833682 0.062020
21.000000 0.775122 0.073040
24.000000 0.713068 0.082626
27.000000 0.648723 0.090392
30.000000 0.583204 0.096067
33.000000 0.517531 0.099485
36.000000 0.452616 0.100577
39.000000 0.389259 0.099358
42.000000 0.328145 0.095915
45.000000 0.269847 0.090397
48.000000 0.214827 0.082996
51.000000 0.163447 0.073942
54.000000 0.115967 0.063486
57.000000 0.072564 0.051892
60.000000 0.033331 0.039430
63.000000 -0.001707 0.026366
66.000000 -0.032590 0.012958
69.000000 -0.059409 -0.000551
72.000000 -0.082302 -0.013934
75.000000 -0.101443 -0.026987
78.000000 -0.117035 -0.039527
81.000000 -0.129306 -0.051395
84.000000 -0.138499 -0.062456
87.000000 -0.144868 -0.072599
90.000000 -0.148675 -0.081737
93.000000 -0.150182 -0.089804
96.000000 -0.149650 -0.096757
99.000000 -0.147333 -0.102572
102.000000 -0.143480 -0.107245
105.000000 -0.138327 -0.110785
108.000000 -0.132099 -0.113220
111.000000 -0.125007 -0.114587
114.000000 -0.117248 -0.114937
117.000000 -0.109004 -0.114328
120.000000 -0.100439 -0.112829
123.000000 -0.091705 -0.110511
126.000000 -0.082934 -0.107452
129.000000 -0.074244 -0.103732
132.000000 -0.065738 -0.099433
135.000000 -0.057505 -0.094638
138.000000 -0.049617 -0.089428
141.000000 -0.042136 -0.083883
144.000000 -0.035109 -0.078081
147.000000 -0.028573 -0.072097
150.000000 -0.022553 -0.066001
153.000000 -0.017066 -0.059859
156.000000 -0.012117 -0.053732
159.000000 -0.007707 -0.047677
162.000000 -0.003828 -0.041745
165.000000 -0.000465 -0.035981
168.000000 0.002400 -0.030425
171.000000 0.004790 -0.025112
174.000000 0.006733 -0.020071
177.000000 0.008258 -0.015325
180.000000 0.009396 -0.010894
183.000000 0.010181 -0.006792
186.000000 0.010645 -0.003027
189.000000 0.010825 0.000395
192.000000 0.010753 0.003472
195.000000 0.010462 0.006208
198.000000 0.009986 0.008607
201.000000 0.009355 0.010679
204.000000 0.008599 0.012434
207.000000 0.007746 0.013886
210.000000 0.006821 0.015050
213.000000 0.005848 0.015943
216.000000 0.004850 0.016583
219.000000 0.003846 0.016988
222.000000 0.002852 0.017179
225.000000 0.001886 0.017174
228.000000 0.000958 0.016994
231.000000 0.000081 0.016659
234.000000 -0.000736 0.016187
237.000000 -0.001487 0.015599
240.000000 -0.002166 0.014912
243.000000 -0.002769 0.014144
246.000000 -0.003294 0.013312
249.000000 -0.003740 0.012430
252.000000 -0.004108 0.011515
255.000000 -0.004398 0.010579
258.000000 -0.004614 0.009635
261.000000 -0.004759 0.008693
264.000000 -0.004836 0.007764
267.000000 -0.004851 0.006856
270.000000 -0.004807 0.005978
273.000000 -0.004711 0.005135
276.000000 -0.004569 0.004333
279.000000 -0.004384 0.003577
282.000000 -0.004164 0.002869
285.000000 -0.003914 0.002213
288.000000 -0.003640 0.001610
291.000000 -0.003346 0.001062
294.000000 -0.003038 0.000567
297.000000 -0.002721 0.000126
300.000000 -0.002398 -0.000262
303.000000 -0.002076 -0.000598
306.000000 -0.001756 -0.000886
309.000000 -0.001443 -0.001126
312.000000 -0.001140 -0.001321
315.000000 -0.000849 -0.001475
318.000000 -0.000572 -0.001590
321.000000 -0.000312 -0.001670
324.000000 -0.000070 -0.001717
327.000000 0.000153 -0.001735
330.000000 0.000355 -0.001727
333.000000 0.000538 -0.001696
336.000000 0.000699 -0.001646
339.000000 0.000840 -0.001579
342.000000 0.000960 -0.001497
345.000000 0.001060 -0.001405
348.000000 0.001141 -0.001304
351.000000 0.001203 -0.001196
354.000000 0.001248 -0.001085
357.000000 0.001276 -0.000971
360.000000 0.001289 -0.000857
363.000000 0.001287 -0.000744
366.000000 0.001273 -0.000633
369.000000 0.001247 -0.000526
372.000000 0.001211 -0.000424
375.000000 0.001167 -0.000328
378.000000 0.001114 -0.000238
381.000000 0.001056 -0.000155
384.000000 0.000992 -0.000079
387.000000 0.000924 -0.000010
390.000000 0.000853 0.000051
393.000000 0.000781 0.000105
396.000000 0.000707 0.000151
399.000000 0.000634 0.000190
402.000000 0.000561 0.000222
405.000000 0.000490 0.000248
408.000000 0.000421 0.000267
411.000000 0.000355 0.000280
414.000000 0.000291 0.000288
417.000000 0.000231 0.000290
420.000000 0.000175 0.000289
423.000000 0.000123 0.000283
426.000000 0.000075 0.000274
429.000000 0.000031 0.000262
432.000000 -0.000008 0.000247
435.000000 -0.000043 0.000231
438.000000 -0.000074 0.000212
441.000000 -0.000101 0.000193
444.000000 -0.000123 0.000173
447.000000 -0.000142 0.000152
450.000000 -0.000157 0.000131
453.000000 -0.000169 0.000110
456.000000 -0.000178 0.000090
459.000000 -0.000183 0.000070
462.000000 -0.000186 0.000051
465.000000 -0.000186 0.000033
468.000000 -0.000184 0.000016
471.000000 -0.000181 0.000001
474.000000 -0.000175 -0.000014
477.000000 -0.000168 -0.000026
480.000000 -0.000160 -0.000038
483.000000 -0.000151 -0.000048
486.000000 -0.000141 -0.000056
489.000000 -0.000130 -0.000063
492.000000 -0.000119 -0.000069
495.000000 -0.000108 -0.000074
498.000000 -0.000097 -0.000077
