-4.00000000 0.02111057
-3.98000000 0.00996876
-3.96000000 0.00182628
-3.94000000 -0.00172688
-3.92000000 -0.00089705
-3.90000000 0.00250892
-3.88000000 0.00583391
-3.86000000 0.00660653
-3.84000000 0.00349612
-3.82000000 -0.00315144
-3.80000000 -0.01138965
-3.78000000 -0.01833844
-3.76000000 -0.02121527
-3.74000000 -0.01837406
-3.72000000 -0.00998888
-3.70000000 0.00186258
-3.68000000 0.01375821
-3.66000000 0.02195826
-3.64000000 0.02356694
-3.62000000 0.01745161
-3.60000000 0.00462504
-3.58000000 -0.01202309
-3.56000000 -0.02854414
-3.54000000 -0.04102182
-3.52000000 -0.04658421
-3.50000000 -0.04403045
-3.48000000 -0.03391428
-3.46000000 -0.01812119
-3.44000000 0.00085457
-3.42000000 0.02064338
-3.40000000 0.03948434
-3.38000000 0.05632808
-3.36000000 0.07060076
-3.34000000 0.08182057
-3.32000000 0.08932227
-3.30000000 0.09229436
-3.28000000 0.09018525
-3.26000000 0.08334451
-3.24000000 0.07361157
-3.22000000 0.06451473
-3.20000000 0.06083265
-3.18000000 0.06748099
-3.16000000 0.08795208
-3.14000000 0.12276165
-3.12000000 0.16845311
-3.10000000 0.21762365
-3.08000000 0.26017441
-3.06000000 0.28561728
-3.04000000 0.28590712
-3.02000000 0.25803139
-3.00000000 0.20556847
-2.98000000 0.13864886
-2.96000000 0.07216735
-2.94000000 0.02258687
-2.92000000 0.00409774
-2.90000000 0.02512032
-2.88000000 0.08608747
-2.86000000 0.17912365
-2.84000000 0.28973636
-2.82000000 0.40009787
-2.80000000 0.49307486
-2.78000000 0.55598186
-2.76000000 0.58313789
-2.74000000 0.57665724
-2.72000000 0.54539447
-2.70000000 0.50244445
-2.68000000 0.46193397
-2.66000000 0.43594683
-2.64000000 0.43228994
-2.62000000 0.45349656
-2.60000000 0.49708620
-2.58000000 0.55677957
-2.56000000 0.62419031
-2.54000000 0.69051447
-2.52000000 0.74788208
-2.50000000 0.79024416
-2.48000000 0.81385335
-2.46000000 0.81748633
-2.44000000 0.80253197
-2.42000000 0.77296084
-2.40000000 0.73507084
-2.38000000 0.69684510
-2.36000000 0.66681350
-2.34000000 0.65247536
-2.32000000 0.65856363
-2.30000000 0.68561613
-2.28000000 0.72937510
-2.26000000 0.78140428
-2.24000000 0.83100278
-2.22000000 0.86808678
-2.20000000 0.88633307
-2.18000000 0.88567180
-2.16000000 0.87327590
-2.14000000 0.86254090
-2.12000000 0.87010126
-2.10000000 0.91153460
-2.08000000 0.99687251
-2.06000000 1.12720620
-2.04000000 1.29346569
-2.02000000 1.47789979
-2.00000000 1.65803436
-1.98000000 1.81215554
-1.96000000 1.92487483
-1.94000000 1.99124189
-1.92000000 2.01822178
-1.90000000 2.02305536
-1.88000000 2.02887674
-1.86000000 2.05872150
-1.84000000 2.12950289
-1.82000000 2.24753287
-1.80000000 2.40672611
-1.78000000 2.58988332
-1.76000000 2.77262784
-1.74000000 2.92890421
-1.72000000 3.03662102
-1.70000000 3.08210249
-1.68000000 3.06244780
-1.66000000 2.98552354
-1.64000000 2.86792953
-1.62000000 2.73169942
-1.60000000 2.60062653
-1.58000000 2.49695170
-1.56000000 2.43881844
-1.54000000 2.43854856
-1.52000000 2.50156234
-1.50000000 2.62573922
-1.48000000 2.80116959
-1.46000000 3.01048145
-1.44000000 3.23009172
-1.42000000 3.43270357
-1.40000000 3.59110153
-1.38000000 3.68284134
-1.36000000 3.69494710
-1.34000000 3.62741301
-1.32000000 3.49433106
-1.30000000 3.32190176
-1.28000000 3.14336144
-1.26000000 2.99177253
-1.24000000 2.89238667
-1.22000000 2.85663141
-1.20000000 2.87952068
-1.18000000 2.94145680
-1.16000000 3.01417682
-1.14000000 3.06934322
-1.12000000 3.08737826
-1.10000000 3.06390363
-1.08000000 3.01169996
-1.06000000 2.95733067
-1.04000000 2.93314901
-1.02000000 2.96686080
-1.00000000 3.07169366
-0.98000000 3.24022204
-0.96000000 3.44396676
-0.94000000 3.63926446
-0.92000000 3.77804600
-0.90000000 3.82062779
-0.88000000 3.74688493
-0.86000000 3.56249600
-0.84000000 3.29826927
-0.82000000 3.00251743
-0.80000000 2.72847596
-0.78000000 2.52025527
-0.76000000 2.40131671
-0.74000000 2.36879742
-0.72000000 2.39535126
-0.70000000 2.43799911
-0.68000000 2.45142923
-0.66000000 2.40186779
-0.64000000 2.27745174
-0.62000000 2.09204536
-0.60000000 1.88135874
-0.58000000 1.69248705
-0.56000000 1.56992669
-0.54000000 1.54216516
-0.52000000 1.61277832
-0.50000000 1.75865161
-0.48000000 1.93586334
-0.46000000 2.09154185
-0.44000000 2.17828913
-0.42000000 2.16704980
-0.40000000 2.05479225
-0.38000000 1.86490056
-0.36000000 1.64028745
-0.34000000 1.43130663
-0.32000000 1.28196862
-0.30000000 1.21834955
-0.28000000 1.24234499
-0.26000000 1.33230626
-0.24000000 1.45009909
-0.22000000 1.55233429
-0.20000000 1.60244363
-0.18000000 1.58019411
-0.16000000 1.48612803
-0.14000000 1.33998314
-0.12000000 1.17390110
-0.10000000 1.02265882
-0.08000000 0.91386225
-0.06000000 0.86086370
-0.04000000 0.86020616
-0.02000000 0.89398713
0.00000000 0.93610720
0.02000000 0.96033962
0.04000000 0.94779639
0.06000000 0.89172907
0.08000000 0.79852910
0.10000000 0.68496837
0.12000000 0.57278526
0.14000000 0.48237278
0.16000000 0.42741331
0.18000000 0.41185291
0.20000000 0.42980374
0.22000000 0.46807471
0.24000000 0.51032730
0.26000000 0.54152259
0.28000000 0.55141855
0.30000000 0.53631736
0.32000000 0.49887283
0.34000000 0.44634444
0.36000000 0.38805661
0.38000000 0.33290685
0.40000000 0.28758231
0.42000000 0.25579226
0.44000000 0.23844558
0.46000000 0.23442606
0.48000000 0.24152005
0.50000000 0.25713251
0.52000000 0.27862707
0.54000000 0.30334685
0.56000000 0.32852313
0.58000000 0.35130561
0.60000000 0.36905192
0.62000000 0.37984842
0.64000000 0.38307518
0.66000000 0.37975000
0.68000000 0.37242615
0.70000000 0.36456608
0.72000000 0.35951432
0.74000000 0.35936884
0.76000000 0.36413081
0.78000000 0.37145999
0.80000000 0.37718711
0.82000000 0.37649185
0.84000000 0.36542623
0.86000000 0.34232766
0.88000000 0.30867311
0.90000000 0.26907698
0.92000000 0.23038497
0.94000000 0.20008602
0.96000000 0.18446938
0.98000000 0.18703113
1.00000000 0.20756227
1.02000000 0.24215414
1.04000000 0.28409964
1.06000000 0.32542920
1.08000000 0.35866744
1.10000000 0.37836831
1.12000000 0.38208147
1.14000000 0.37058042
1.16000000 0.34738552
1.18000000 0.31778074
1.20000000 0.28761133
1.22000000 0.26214879
1.24000000 0.24523604
1.26000000 0.23881727
1.28000000 0.24285219
1.30000000 0.25554386
1.32000000 0.27378188
1.34000000 0.29370992
1.36000000 0.31134717
1.38000000 0.32320705
1.40000000 0.32685290
1.42000000 0.32131429
1.44000000 0.30727568
1.46000000 0.28696091
1.48000000 0.26368549
1.50000000 0.24112890
1.52000000 0.22246990
1.54000000 0.20959702
1.56000000 0.20262063
1.58000000 0.19985649
1.60000000 0.19832897
1.62000000 0.19468738
1.64000000 0.18628933
1.66000000 0.17212962
1.68000000 0.15331494
1.70000000 0.13290466
1.72000000 0.11512608
1.74000000 0.10417134
1.76000000 0.10292741
1.78000000 0.11203061
1.80000000 0.12955276
1.82000000 0.15143936
1.84000000 0.17258776
1.86000000 0.18824802
1.88000000 0.19532072
1.90000000 0.19315070
1.92000000 0.18357084
1.94000000 0.17018641
1.96000000 0.15713389
1.98000000 0.14771752
2.00000000 0.14336724
2.02000000 0.14325613
2.04000000 0.14469933
2.06000000 0.14419726
2.08000000 0.13877156
2.10000000 0.12714162
2.12000000 0.11033881
2.14000000 0.09153858
2.16000000 0.07514835
2.18000000 0.06543697
2.20000000 0.06514712
2.22000000 0.07454412
2.24000000 0.09121747
2.26000000 0.11071081
2.28000000 0.12778907
2.30000000 0.13794702
2.32000000 0.13868696
2.34000000 0.13016968
2.36000000 0.11504668
2.38000000 0.09754438
2.40000000 0.08210827
2.42000000 0.07204768
2.44000000 0.06861048
2.46000000 0.07076598
2.48000000 0.07573680
2.50000000 0.08007516
2.52000000 0.08090724
2.54000000 0.07692543
2.56000000 0.06880441
2.58000000 0.05891757
2.60000000 0.05046747
2.62000000 0.04633724
2.64000000 0.04805640
2.66000000 0.05522881
2.68000000 0.06560913
2.70000000 0.07579538
2.72000000 0.08230142
2.74000000 0.08265285
2.76000000 0.07615012
2.78000000 0.06406021
2.80000000 0.04919101
2.82000000 0.03500397
2.84000000 0.02456410
2.86000000 0.01966649
2.88000000 0.02040546
2.90000000 0.02529555
2.92000000 0.03186868
2.94000000 0.03752143
2.96000000 0.04031969
2.98000000 0.03950344
3.00000000 0.03555377
3.02000000 0.02984330
3.04000000 0.02403232
3.06000000 0.01944800
3.08000000 0.01667056
3.10000000 0.01545745
3.12000000 0.01500139
3.14000000 0.01439217
3.16000000 0.01308056
3.18000000 0.01115080
3.20000000 0.00929045
3.22000000 0.00847021
3.24000000 0.00946471
3.26000000 0.01241281
3.28000000 0.01660680
3.30000000 0.02061717
3.32000000 0.02273239
3.34000000 0.02156931
3.36000000 0.01663529
3.38000000 0.00862726
3.40000000 -0.00066359
3.42000000 -0.00883695
3.44000000 -0.01361432
3.46000000 -0.01357738
3.48000000 -0.00866184
3.50000000 -0.00022932
3.52000000 0.00932184
3.54000000 0.01729008
3.56000000 0.02151199
3.58000000 0.02103418
3.60000000 0.01639092
3.62000000 0.00939320
3.64000000 0.00249875
3.66000000 -0.00202582
3.68000000 -0.00286793
3.70000000 -0.00009911
3.72000000 0.00487365
3.74000000 0.00981830
3.76000000 0.01247546
3.78000000 0.01137053
3.80000000 0.00636076
3.82000000 -0.00127275
3.84000000 -0.00922436
3.86000000 -0.01492351
3.88000000 -0.01640090
3.90000000 -0.01296947
3.92000000 -0.00548965
3.94000000 0.00387310
3.96000000 0.01232096
3.98000000 0.01730587
