-4.00000000 0.00519887
-3.98000000 0.00556666
-3.96000000 0.00596132
-3.94000000 0.00638500
-3.92000000 0.00684000
-3.90000000 0.00732886
-3.88000000 0.00785432
-3.86000000 0.00841936
-3.84000000 0.00902718
-3.82000000 0.00968125
-3.80000000 0.01038528
-3.78000000 0.01114321
-3.76000000 0.01195923
-3.74000000 0.01283780
-3.72000000 0.01378359
-3.70000000 0.01480152
-3.68000000 0.01589674
-3.66000000 0.01707461
-3.64000000 0.01834069
-3.62000000 0.01970070
-3.60000000 0.02116052
-3.58000000 0.02272613
-3.56000000 0.02440364
-3.54000000 0.02619922
-3.52000000 0.02811910
-3.50000000 0.03016961
-3.48000000 0.03235718
-3.46000000 0.03468833
-3.44000000 0.03716976
-3.42000000 0.03980840
-3.40000000 0.04261145
-3.38000000 0.04558649
-3.36000000 0.04874159
-3.34000000 0.05208541
-3.32000000 0.05562735
-3.30000000 0.05937769
-3.28000000 0.06334772
-3.26000000 0.06754991
-3.24000000 0.07199800
-3.22000000 0.07670717
-3.20000000 0.08169408
-3.18000000 0.08697701
-3.16000000 0.09257582
-3.14000000 0.09851207
-3.12000000 0.10480894
-3.10000000 0.11149124
-3.08000000 0.11858535
-3.06000000 0.12611909
-3.04000000 0.13412160
-3.02000000 0.14262316
-3.00000000 0.15165493
-2.98000000 0.16124867
-2.96000000 0.17143644
-2.94000000 0.18225020
-2.92000000 0.19372142
-2.90000000 0.20588061
-2.88000000 0.21875688
-2.86000000 0.23237748
-2.84000000 0.24676734
-2.82000000 0.26194865
-2.80000000 0.27794049
-2.78000000 0.29475859
-2.76000000 0.31241519
-2.74000000 0.33091908
-2.72000000 0.35027584
-2.70000000 0.37048824
-2.68000000 0.39155691
-2.66000000 0.41348110
-2.64000000 0.43625969
-2.62000000 0.45989218
-2.60000000 0.48437972
-2.58000000 0.50972606
-2.56000000 0.53593838
-2.54000000 0.56302784
-2.52000000 0.59100989
-2.50000000 0.61990426
-2.48000000 0.64973460
-2.46000000 0.68052784
-2.44000000 0.71231321
-2.42000000 0.74512111
-2.40000000 0.77898173
-2.38000000 0.81392370
-2.36000000 0.84997271
-2.34000000 0.88715030
-2.32000000 0.92547280
-2.30000000 0.96495071
-2.28000000 1.00558826
-2.26000000 1.04738351
-2.24000000 1.09032870
-2.22000000 1.13441103
-2.20000000 1.17961363
-2.18000000 1.22591667
-2.16000000 1.27329854
-2.14000000 1.32173677
-2.12000000 1.37120879
-2.10000000 1.42169210
-2.08000000 1.47316393
-2.06000000 1.52560030
-2.04000000 1.57897422
-2.02000000 1.63325344
-2.00000000 1.68839740
-1.98000000 1.74435402
-1.96000000 1.80105617
-1.94000000 1.85841836
-1.92000000 1.91633395
-1.90000000 1.97467312
-1.88000000 2.03328200
-1.86000000 2.09198321
-1.84000000 2.15057786
-1.82000000 2.20884912
-1.80000000 2.26656720
-1.78000000 2.32349552
-1.76000000 2.37939762
-1.74000000 2.43404456
-1.72000000 2.48722210
-1.70000000 2.53873740
-1.68000000 2.58842473
-1.66000000 2.63614982
-1.64000000 2.68181278
-1.62000000 2.72534942
-1.60000000 2.76673090
-1.58000000 2.80596204
-1.56000000 2.84307818
-1.54000000 2.87814112
-1.52000000 2.91123413
-1.50000000 2.94245637
-1.48000000 2.97191696
-1.46000000 2.99972883
-1.44000000 3.02600266
-1.42000000 3.05084083
-1.40000000 3.07433192
-1.38000000 3.09654547
-1.36000000 3.11752747
-1.34000000 3.13729659
-1.32000000 3.15584120
-1.30000000 3.17311742
-1.28000000 3.18904819
-1.26000000 3.20352343
-1.24000000 3.21640151
-1.22000000 3.22751180
-1.20000000 3.23665860
-1.18000000 3.24362625
-1.16000000 3.24818546
-1.14000000 3.25010069
-1.12000000 3.24913853
-1.10000000 3.24507662
-1.08000000 3.23771296
-1.06000000 3.22687504
-1.04000000 3.21242843
-1.02000000 3.19428420
-1.00000000 3.17240480
-0.98000000 3.14680784
-0.96000000 3.11756761
-0.94000000 3.08481399
-0.92000000 3.04872888
-0.90000000 3.00954038
-0.88000000 2.96751491
-0.86000000 2.92294791
-0.84000000 2.87615373
-0.82000000 2.82745526
-0.80000000 2.77717393
-0.78000000 2.72562071
-0.76000000 2.67308840
-0.74000000 2.61984561
-0.72000000 2.56613251
-0.70000000 2.51215835
-0.68000000 2.45810064
-0.66000000 2.40410574
-0.64000000 2.35029064
-0.62000000 2.29674560
-0.60000000 2.24353734
-0.58000000 2.19071256
-0.56000000 2.13830151
-0.54000000 2.08632146
-0.52000000 2.03477993
-0.50000000 1.98367753
-0.48000000 1.93301050
-0.46000000 1.88277273
-0.44000000 1.83295749
-0.42000000 1.78355874
-0.40000000 1.73457215
-0.38000000 1.68599587
-0.36000000 1.63783111
-0.34000000 1.59008259
-0.32000000 1.54275889
-0.30000000 1.49587274
-0.28000000 1.44944128
-0.26000000 1.40348625
-0.24000000 1.35803410
-0.22000000 1.31311609
-0.20000000 1.26876821
-0.18000000 1.22503098
-0.16000000 1.18194910
-0.14000000 1.13957098
-0.12000000 1.09794797
-0.10000000 1.05713362
-0.08000000 1.01718263
-0.06000000 0.97814981
-0.04000000 0.94008895
-0.02000000 0.90305164
0.00000000 0.86708619
0.02000000 0.83223655
0.04000000 0.79854146
0.06000000 0.76603369
0.08000000 0.73473946
0.10000000 0.70467817
0.12000000 0.67586223
0.14000000 0.64829712
0.16000000 0.62198170
0.18000000 0.59690853
0.20000000 0.57306442
0.22000000 0.55043101
0.24000000 0.52898539
0.26000000 0.50870076
0.28000000 0.48954702
0.30000000 0.47149144
0.32000000 0.45449915
0.34000000 0.43853370
0.36000000 0.42355748
0.38000000 0.40953212
0.40000000 0.39641883
0.42000000 0.38417868
0.44000000 0.37277278
0.46000000 0.36216249
0.48000000 0.35230957
0.50000000 0.34317622
0.52000000 0.33472516
0.54000000 0.32691970
0.56000000 0.31972373
0.58000000 0.31310172
0.60000000 0.30701870
0.62000000 0.30144026
0.64000000 0.29633247
0.66000000 0.29166192
0.68000000 0.28739565
0.70000000 0.28350114
0.72000000 0.27994642
0.74000000 0.27670007
0.76000000 0.27373138
0.78000000 0.27101049
0.80000000 0.26850862
0.82000000 0.26619829
0.84000000 0.26405358
0.86000000 0.26205040
0.88000000 0.26016673
0.90000000 0.25838282
0.92000000 0.25668136
0.94000000 0.25504756
0.96000000 0.25346914
0.98000000 0.25193628
1.00000000 0.25044149
1.02000000 0.24897931
1.04000000 0.24754611
1.06000000 0.24613972
1.08000000 0.24475912
1.10000000 0.24340405
1.12000000 0.24207475
1.14000000 0.24077162
1.16000000 0.23949501
1.18000000 0.23824498
1.20000000 0.23702118
1.22000000 0.23582274
1.24000000 0.23464820
1.26000000 0.23349547
1.28000000 0.23236180
1.30000000 0.23124383
1.32000000 0.23013755
1.34000000 0.22903837
1.36000000 0.22794113
1.38000000 0.22684010
1.40000000 0.22572908
1.42000000 0.22460135
1.44000000 0.22344979
1.46000000 0.22226684
1.48000000 0.22104460
1.50000000 0.21977485
1.52000000 0.21844914
1.54000000 0.21705888
1.56000000 0.21559542
1.58000000 0.21405024
1.60000000 0.21241509
1.62000000 0.21068219
1.64000000 0.20884443
1.66000000 0.20689563
1.68000000 0.20483070
1.70000000 0.20264587
1.72000000 0.20033886
1.74000000 0.19790899
1.76000000 0.19535727
1.78000000 0.19268639
1.80000000 0.18990070
1.82000000 0.18700609
1.84000000 0.18400984
1.86000000 0.18092041
1.88000000 0.17774721
1.90000000 0.17450039
1.92000000 0.17119050
1.94000000 0.16782834
1.96000000 0.16442468
1.98000000 0.16099008
2.00000000 0.15753473
2.02000000 0.15406831
2.04000000 0.15059992
2.06000000 0.14713798
2.08000000 0.14369019
2.10000000 0.14026354
2.12000000 0.13686425
2.14000000 0.13349777
2.16000000 0.13016882
2.18000000 0.12688140
2.20000000 0.12363877
2.22000000 0.12044354
2.24000000 0.11729764
2.26000000 0.11420243
2.28000000 0.11115870
2.30000000 0.10816674
2.32000000 0.10522640
2.34000000 0.10233718
2.36000000 0.09949824
2.38000000 0.09670852
2.40000000 0.09396678
2.42000000 0.09127172
2.44000000 0.08862200
2.46000000 0.08601636
2.48000000 0.08345364
2.50000000 0.08093290
2.52000000 0.07845339
2.54000000 0.07601465
2.56000000 0.07361649
2.58000000 0.07125901
2.60000000 0.06894259
2.62000000 0.06666787
2.64000000 0.06443574
2.66000000 0.06224724
2.68000000 0.06010361
2.70000000 0.05800615
2.72000000 0.05595623
2.74000000 0.05395521
2.76000000 0.05200438
2.78000000 0.05010494
2.80000000 0.04825791
2.82000000 0.04646416
2.84000000 0.04472433
2.86000000 0.04303882
2.88000000 0.04140783
2.90000000 0.03983130
2.92000000 0.03830894
2.94000000 0.03684024
2.96000000 0.03542451
2.98000000 0.03406084
3.00000000 0.03274817
3.02000000 0.03148530
3.04000000 0.03027090
3.06000000 0.02910352
3.08000000 0.02798169
3.10000000 0.02690383
3.12000000 0.02586838
3.14000000 0.02487375
3.16000000 0.02391837
3.18000000 0.02300068
3.20000000 0.02211919
3.22000000 0.02127241
3.24000000 0.02045894
3.26000000 0.01967742
3.28000000 0.01892654
3.30000000 0.01820508
3.32000000 0.01751188
3.34000000 0.01684584
3.36000000 0.01620592
3.38000000 0.01559117
3.40000000 0.01500066
3.42000000 0.01443355
3.44000000 0.01388901
3.46000000 0.01336626
3.48000000 0.01286455
3.50000000 0.01238317
3.52000000 0.01192142
3.54000000 0.01147864
3.56000000 0.01105417
3.58000000 0.01064739
3.60000000 0.01025768
3.62000000 0.00988444
3.64000000 0.00952707
3.66000000 0.00918498
3.68000000 0.00885760
3.70000000 0.00854435
3.72000000 0.00824467
3.74000000 0.00795799
3.76000000 0.00768379
3.78000000 0.00742153
3.80000000 0.00717071
3.82000000 0.00693082
3.84000000 0.00670139
3.86000000 0.00648194
3.88000000 0.00627201
3.90000000 0.00607116
3.92000000 0.00587897
3.94000000 0.00569502
3.96000000 0.00551892
3.98000000 0.00535029
