-4.00000000 0.00060081
-3.98000000 0.00060578
-3.96000000 0.00061110
-3.94000000 0.00061670
-3.92000000 0.00062247
-3.90000000 0.00062827
-3.88000000 0.00063399
-3.86000000 0.00063959
-3.84000000 0.00064512
-3.82000000 0.00065073
-3.80000000 0.00065656
-3.78000000 0.00066277
-3.76000000 0.00066942
-3.74000000 0.00067652
-3.72000000 0.00068396
-3.70000000 0.00069160
-3.68000000 0.00069931
-3.66000000 0.00070703
-3.64000000 0.00071478
-3.62000000 0.00072269
-3.60000000 0.00073094
-3.58000000 0.00073972
-3.56000000 0.00074919
-3.54000000 0.00075939
-3.52000000 0.00077030
-3.50000000 0.00078181
-3.48000000 0.00079379
-3.46000000 0.00080618
-3.44000000 0.00081902
-3.42000000 0.00083243
-3.40000000 0.00084666
-3.38000000 0.00086201
-3.36000000 0.00087874
-3.34000000 0.00089706
-3.32000000 0.00091709
-3.30000000 0.00093884
-3.28000000 0.00096234
-3.26000000 0.00098762
-3.24000000 0.00101485
-3.22000000 0.00104434
-3.20000000 0.00107654
-3.18000000 0.00111205
-3.16000000 0.00115149
-3.14000000 0.00119551
-3.12000000 0.00124469
-3.10000000 0.00129959
-3.08000000 0.00136076
-3.06000000 0.00142888
-3.04000000 0.00150477
-3.02000000 0.00158957
-3.00000000 0.00168468
-2.98000000 0.00179182
-2.96000000 0.00191299
-2.94000000 0.00205038
-2.92000000 0.00220639
-2.90000000 0.00238360
-2.88000000 0.00258488
-2.86000000 0.00281348
-2.84000000 0.00307321
-2.82000000 0.00336856
-2.80000000 0.00370486
-2.78000000 0.00408835
-2.76000000 0.00452623
-2.74000000 0.00502672
-2.72000000 0.00559907
-2.70000000 0.00625369
-2.68000000 0.00700234
-2.66000000 0.00785837
-2.64000000 0.00883705
-2.62000000 0.00995594
-2.60000000 0.01123528
-2.58000000 0.01269828
-2.56000000 0.01437148
-2.54000000 0.01628506
-2.52000000 0.01847312
-2.50000000 0.02097408
-2.48000000 0.02383115
-2.46000000 0.02709285
-2.44000000 0.03081371
-2.42000000 0.03505493
-2.40000000 0.03988504
-2.38000000 0.04538064
-2.36000000 0.05162687
-2.34000000 0.05871802
-2.32000000 0.06675799
-2.30000000 0.07586078
-2.28000000 0.08615113
-2.26000000 0.09776517
-2.24000000 0.11085128
-2.22000000 0.12557095
-2.20000000 0.14209973
-2.18000000 0.16062815
-2.16000000 0.18136243
-2.14000000 0.20452514
-2.12000000 0.23035557
-2.10000000 0.25910984
-2.08000000 0.29106079
-2.06000000 0.32649747
-2.04000000 0.36572418
-2.02000000 0.40905891
-2.00000000 0.45683096
-1.98000000 0.50937764
-1.96000000 0.56703987
-1.94000000 0.63015669
-1.92000000 0.69905876
-1.90000000 0.77406113
-1.88000000 0.85545563
-1.86000000 0.94350329
-1.84000000 1.03842737
-1.82000000 1.14040726
-1.80000000 1.24957368
-1.78000000 1.36600530
-1.76000000 1.48972673
-1.74000000 1.62070758
-1.72000000 1.75886240
-1.70000000 1.90405072
-1.68000000 2.05607679
-1.66000000 2.21468824
-1.64000000 2.37957324
-1.62000000 2.55035558
-1.60000000 2.72658769
-1.58000000 2.90774160
-1.56000000 3.09319845
-1.54000000 3.28223764
-1.52000000 3.47402692
-1.50000000 3.66761531
-1.48000000 3.86193044
-1.46000000 4.05578230
-1.44000000 4.24787438
-1.42000000 4.43682297
-1.40000000 4.62118412
-1.38000000 4.79948700
-1.36000000 4.97027130
-1.34000000 5.13212587
-1.32000000 5.28372522
-1.30000000 5.42386078
-1.28000000 5.55146447
-1.26000000 5.66562297
-1.24000000 5.76558230
-1.22000000 5.85074367
-1.20000000 5.92065243
-1.18000000 5.97498292
-1.16000000 6.01352209
-1.14000000 6.03615489
-1.12000000 6.04285338
-1.10000000 6.03367123
-1.08000000 6.00874368
-1.06000000 5.96829244
-1.04000000 5.91263396
-1.02000000 5.84218920
-1.00000000 5.75749259
-0.98000000 5.65919829
-0.96000000 5.54808208
-0.94000000 5.42503784
-0.92000000 5.29106837
-0.90000000 5.14727066
-0.88000000 4.99481670
-0.86000000 4.83493081
-0.84000000 4.66886523
-0.82000000 4.49787531
-0.80000000 4.32319594
-0.78000000 4.14602039
-0.76000000 3.96748244
-0.74000000 3.78864259
-0.72000000 3.61047825
-0.70000000 3.43387805
-0.68000000 3.25963961
-0.66000000 3.08847022
-0.64000000 2.92098970
-0.62000000 2.75773459
-0.60000000 2.59916311
-0.58000000 2.44566028
-0.56000000 2.29754294
-0.54000000 2.15506443
-0.52000000 2.01841895
-0.50000000 1.88774555
-0.48000000 1.76313207
-0.46000000 1.64461884
-0.44000000 1.53220247
-0.42000000 1.42583962
-0.40000000 1.32545084
-0.38000000 1.23092438
-0.36000000 1.14212007
-0.34000000 1.05887315
-0.32000000 0.98099806
-0.30000000 0.90829227
-0.28000000 0.84053999
-0.26000000 0.77751573
-0.24000000 0.71898777
-0.22000000 0.66472131
-0.20000000 0.61448131
-0.18000000 0.56803493
-0.16000000 0.52515359
-0.14000000 0.48561453
-0.12000000 0.44920217
-0.10000000 0.41570896
-0.08000000 0.38493617
-0.06000000 0.35669441
-0.04000000 0.33080401
-0.02000000 0.30709534
0.00000000 0.28540890
0.02000000 0.26559538
0.04000000 0.24751546
0.06000000 0.23103959
0.08000000 0.21604754
0.10000000 0.20242798
0.12000000 0.19007800
0.14000000 0.17890258
0.16000000 0.16881420
0.18000000 0.15973241
0.20000000 0.15158345
0.22000000 0.14429985
0.24000000 0.13782004
0.26000000 0.13208785
0.28000000 0.12705204
0.30000000 0.12266579
0.32000000 0.11888621
0.34000000 0.11567390
0.36000000 0.11299255
0.38000000 0.11080864
0.40000000 0.10909120
0.42000000 0.10781156
0.44000000 0.10694318
0.46000000 0.10646135
0.48000000 0.10634295
0.50000000 0.10656612
0.52000000 0.10710996
0.54000000 0.10795423
0.56000000 0.10907903
0.58000000 0.11046458
0.60000000 0.11209105
0.62000000 0.11393833
0.64000000 0.11598589
0.66000000 0.11821266
0.68000000 0.12059682
0.70000000 0.12311566
0.72000000 0.12574553
0.74000000 0.12846176
0.76000000 0.13123875
0.78000000 0.13405017
0.80000000 0.13686921
0.82000000 0.13966899
0.84000000 0.14242299
0.86000000 0.14510543
0.88000000 0.14769168
0.90000000 0.15015861
0.92000000 0.15248473
0.94000000 0.15465040
0.96000000 0.15663788
0.98000000 0.15843133
1.00000000 0.16001679
1.02000000 0.16138211
1.04000000 0.16251685
1.06000000 0.16341220
1.08000000 0.16406082
1.10000000 0.16445675
1.12000000 0.16459530
1.14000000 0.16447295
1.16000000 0.16408737
1.18000000 0.16343748
1.20000000 0.16252354
1.22000000 0.16134737
1.24000000 0.15991251
1.26000000 0.15822445
1.28000000 0.15629069
1.30000000 0.15412087
1.32000000 0.15172663
1.34000000 0.14912153
1.36000000 0.14632076
1.38000000 0.14334092
1.40000000 0.14019965
1.42000000 0.13691534
1.44000000 0.13350679
1.46000000 0.12999296
1.48000000 0.12639269
1.50000000 0.12272440
1.52000000 0.11900592
1.54000000 0.11525423
1.56000000 0.11148532
1.58000000 0.10771404
1.60000000 0.10395408
1.62000000 0.10021791
1.64000000 0.09651687
1.66000000 0.09286121
1.68000000 0.08926020
1.70000000 0.08572222
1.72000000 0.08225479
1.74000000 0.07886460
1.76000000 0.07555755
1.78000000 0.07233871
1.80000000 0.06921234
1.82000000 0.06618187
1.84000000 0.06325001
1.86000000 0.06041874
1.88000000 0.05768940
1.90000000 0.05506277
1.92000000 0.05253913
1.94000000 0.05011825
1.96000000 0.04779945
1.98000000 0.04558159
2.00000000 0.04346307
2.02000000 0.04144189
2.04000000 0.03951567
2.06000000 0.03768172
2.08000000 0.03593715
2.10000000 0.03427892
2.12000000 0.03270395
2.14000000 0.03120909
2.16000000 0.02979123
2.18000000 0.02844722
2.20000000 0.02717389
2.22000000 0.02596806
2.24000000 0.02482653
2.26000000 0.02374609
2.28000000 0.02272360
2.30000000 0.02175603
2.32000000 0.02084045
2.34000000 0.01997413
2.36000000 0.01915447
2.38000000 0.01837900
2.40000000 0.01764537
2.42000000 0.01695128
2.44000000 0.01629451
2.46000000 0.01567286
2.48000000 0.01508421
2.50000000 0.01452655
2.52000000 0.01399800
2.54000000 0.01349683
2.56000000 0.01302143
2.58000000 0.01257037
2.60000000 0.01214228
2.62000000 0.01173588
2.64000000 0.01134989
2.66000000 0.01098309
2.68000000 0.01063426
2.70000000 0.01030224
2.72000000 0.00998597
2.74000000 0.00968445
2.76000000 0.00939684
2.78000000 0.00912237
2.80000000 0.00886037
2.82000000 0.00861019
2.84000000 0.00837120
2.86000000 0.00814278
2.88000000 0.00792426
2.90000000 0.00771502
2.92000000 0.00751445
2.94000000 0.00732201
2.96000000 0.00713724
2.98000000 0.00695976
3.00000000 0.00678925
3.02000000 0.00662542
3.04000000 0.00646798
3.06000000 0.00631663
3.08000000 0.00617102
3.10000000 0.00603081
3.12000000 0.00589563
3.14000000 0.00576517
3.16000000 0.00563916
3.18000000 0.00551739
3.20000000 0.00539972
3.22000000 0.00528602
3.24000000 0.00517619
3.26000000 0.00507009
3.28000000 0.00496754
3.30000000 0.00486835
3.32000000 0.00477229
3.34000000 0.00467914
3.36000000 0.00458873
3.38000000 0.00450093
3.40000000 0.00441566
3.42000000 0.00433289
3.44000000 0.00425258
3.46000000 0.00417470
3.48000000 0.00409917
3.50000000 0.00402586
3.52000000 0.00395464
3.54000000 0.00388533
3.56000000 0.00381782
3.58000000 0.00375199
3.60000000 0.00368781
3.62000000 0.00362526
3.64000000 0.00356435
3.66000000 0.00350510
3.68000000 0.00344748
3.70000000 0.00339142
3.72000000 0.00333684
3.74000000 0.00328360
3.76000000 0.00323160
3.78000000 0.00318075
3.80000000 0.00313100
3.82000000 0.00308235
3.84000000 0.00303483
3.86000000 0.00298848
3.88000000 0.00294330
3.90000000 0.00289927
3.92000000 0.00285634
3.94000000 0.00281441
3.96000000 0.00277338
3.98000000 0.00273316
