-4.00000000 0.20884360
-3.98000000 0.20900225
-3.96000000 0.20915967
-3.94000000 0.20931586
-3.92000000 0.20947080
-3.90000000 0.20962450
-3.88000000 0.20977694
-3.86000000 0.20992811
-3.84000000 0.21007802
-3.82000000 0.21022666
-3.80000000 0.21037401
-3.78000000 0.21052007
-3.76000000 0.21066485
-3.74000000 0.21080832
-3.72000000 0.21095048
-3.70000000 0.21109133
-3.68000000 0.21123086
-3.66000000 0.21136907
-3.64000000 0.21150594
-3.62000000 0.21164148
-3.60000000 0.21177567
-3.58000000 0.21190851
-3.56000000 0.21204000
-3.54000000 0.21217013
-3.52000000 0.21229888
-3.50000000 0.21242627
-3.48000000 0.21255228
-3.46000000 0.21267690
-3.44000000 0.21280013
-3.42000000 0.21292197
-3.40000000 0.21304240
-3.38000000 0.21316143
-3.36000000 0.21327904
-3.34000000 0.21339524
-3.32000000 0.21351002
-3.30000000 0.21362336
-3.28000000 0.21373528
-3.26000000 0.21384575
-3.24000000 0.21395479
-3.22000000 0.21406237
-3.20000000 0.21416850
-3.18000000 0.21427317
-3.16000000 0.21437638
-3.14000000 0.21447812
-3.12000000 0.21457838
-3.10000000 0.21467717
-3.08000000 0.21477448
-3.06000000 0.21487030
-3.04000000 0.21496463
-3.02000000 0.21505746
-3.00000000 0.21514880
-2.98000000 0.21523863
-2.96000000 0.21532695
-2.94000000 0.21541376
-2.92000000 0.21549905
-2.90000000 0.21558282
-2.88000000 0.21566507
-2.86000000 0.21574579
-2.84000000 0.21582497
-2.82000000 0.21590262
-2.80000000 0.21597873
-2.78000000 0.21605330
-2.76000000 0.21612632
-2.74000000 0.21619779
-2.72000000 0.21626770
-2.70000000 0.21633606
-2.68000000 0.21640286
-2.66000000 0.21646809
-2.64000000 0.21653176
-2.62000000 0.21659385
-2.60000000 0.21665438
-2.58000000 0.21671333
-2.56000000 0.21677070
-2.54000000 0.21682648
-2.52000000 0.21688069
-2.50000000 0.21693330
-2.48000000 0.21698433
-2.46000000 0.21703377
-2.44000000 0.21708161
-2.42000000 0.21712786
-2.40000000 0.21717250
-2.38000000 0.21721555
-2.36000000 0.21725699
-2.34000000 0.21729683
-2.32000000 0.21733506
-2.30000000 0.21737169
-2.28000000 0.21740670
-2.26000000 0.21744010
-2.24000000 0.21747189
-2.22000000 0.21750206
-2.20000000 0.21753061
-2.18000000 0.21755755
-2.16000000 0.21758287
-2.14000000 0.21760656
-2.12000000 0.21762864
-2.10000000 0.21764909
-2.08000000 0.21766791
-2.06000000 0.21768512
-2.04000000 0.21770069
-2.02000000 0.21771464
-2.00000000 0.21772696
-1.98000000 0.21773766
-1.96000000 0.21774673
-1.94000000 0.21775416
-1.92000000 0.21775997
-1.90000000 0.21776415
-1.88000000 0.21776670
-1.86000000 0.21776762
-1.84000000 0.21776691
-1.82000000 0.21776457
-1.80000000 0.21776060
-1.78000000 0.21775501
-1.76000000 0.21774778
-1.74000000 0.21773892
-1.72000000 0.21772844
-1.70000000 0.21771632
-1.68000000 0.21770258
-1.66000000 0.21768722
-1.64000000 0.21767022
-1.62000000 0.21765161
-1.60000000 0.21763137
-1.58000000 0.21760950
-1.56000000 0.21758601
-1.54000000 0.21756091
-1.52000000 0.21753418
-1.50000000 0.21750583
-1.48000000 0.21747587
-1.46000000 0.21744429
-1.44000000 0.21741110
-1.42000000 0.21737629
-1.40000000 0.21733988
-1.38000000 0.21730186
-1.36000000 0.21726222
-1.34000000 0.21722099
-1.32000000 0.21717815
-1.30000000 0.21713371
-1.28000000 0.21708767
-1.26000000 0.21704003
-1.24000000 0.21699080
-1.22000000 0.21693998
-1.20000000 0.21688756
-1.18000000 0.21683357
-1.16000000 0.21677798
-1.14000000 0.21672082
-1.12000000 0.21666207
-1.10000000 0.21660175
-1.08000000 0.21653986
-1.06000000 0.21647639
-1.04000000 0.21641136
-1.02000000 0.21634477
-1.00000000 0.21627661
-0.98000000 0.21620689
-0.96000000 0.21613563
-0.94000000 0.21606281
-0.92000000 0.21598844
-0.90000000 0.21591253
-0.88000000 0.21583508
-0.86000000 0.21575609
-0.84000000 0.21567557
-0.82000000 0.21559352
-0.80000000 0.21550994
-0.78000000 0.21542485
-0.76000000 0.21533823
-0.74000000 0.21525011
-0.72000000 0.21516047
-0.70000000 0.21506933
-0.68000000 0.21497669
-0.66000000 0.21488255
-0.64000000 0.21478693
-0.62000000 0.21468981
-0.60000000 0.21459121
-0.58000000 0.21449114
-0.56000000 0.21438959
-0.54000000 0.21428657
-0.52000000 0.21418208
-0.50000000 0.21407614
-0.48000000 0.21396875
-0.46000000 0.21385990
-0.44000000 0.21374961
-0.42000000 0.21363788
-0.40000000 0.21352472
-0.38000000 0.21341013
-0.36000000 0.21329411
-0.34000000 0.21317668
-0.32000000 0.21305783
-0.30000000 0.21293758
-0.28000000 0.21281593
-0.26000000 0.21269287
-0.24000000 0.21256843
-0.22000000 0.21244260
-0.20000000 0.21231539
-0.18000000 0.21218681
-0.16000000 0.21205686
-0.14000000 0.21192555
-0.12000000 0.21179288
-0.10000000 0.21165886
-0.08000000 0.21152350
-0.06000000 0.21138680
-0.04000000 0.21124877
-0.02000000 0.21110940
0.00000000 0.21096872
0.02000000 0.21082673
0.04000000 0.21068343
0.06000000 0.21053882
0.08000000 0.21039293
0.10000000 0.21024574
0.12000000 0.21009727
0.14000000 0.20994752
0.16000000 0.20979651
0.18000000 0.20964423
0.20000000 0.20949070
0.22000000 0.20933592
0.24000000 0.20917989
0.26000000 0.20902263
0.28000000 0.20886414
0.30000000 0.20870442
0.32000000 0.20854349
0.34000000 0.20838135
0.36000000 0.20821801
0.38000000 0.20805348
0.40000000 0.20788775
0.42000000 0.20772084
0.44000000 0.20755276
0.46000000 0.20738351
0.48000000 0.20721311
0.50000000 0.20704154
0.52000000 0.20686883
0.54000000 0.20669499
0.56000000 0.20652001
0.58000000 0.20634390
0.60000000 0.20616668
0.62000000 0.20598835
0.64000000 0.20580892
0.66000000 0.20562838
0.68000000 0.20544677
0.70000000 0.20526407
0.72000000 0.20508029
0.74000000 0.20489545
0.76000000 0.20470955
0.78000000 0.20452260
0.80000000 0.20433461
0.82000000 0.20414557
0.84000000 0.20395551
0.86000000 0.20376443
0.88000000 0.20357233
0.90000000 0.20337923
0.92000000 0.20318513
0.94000000 0.20299003
0.96000000 0.20279395
0.98000000 0.20259690
1.00000000 0.20239887
1.02000000 0.20219989
1.04000000 0.20199995
1.06000000 0.20179906
1.08000000 0.20159724
1.10000000 0.20139448
1.12000000 0.20119080
1.14000000 0.20098621
1.16000000 0.20078070
1.18000000 0.20057430
1.20000000 0.20036701
1.22000000 0.20015883
1.24000000 0.19994977
1.26000000 0.19973984
1.28000000 0.19952905
1.30000000 0.19931741
1.32000000 0.19910492
1.34000000 0.19889159
1.36000000 0.19867743
1.38000000 0.19846245
1.40000000 0.19824665
1.42000000 0.19803004
1.44000000 0.19781263
1.46000000 0.19759443
1.48000000 0.19737544
1.50000000 0.19715568
1.52000000 0.19693515
1.54000000 0.19671385
1.56000000 0.19649181
1.58000000 0.19626901
1.60000000 0.19604548
1.62000000 0.19582121
1.64000000 0.19559622
1.66000000 0.19537052
1.68000000 0.19514410
1.70000000 0.19491699
1.72000000 0.19468918
1.74000000 0.19446069
1.76000000 0.19423152
1.78000000 0.19400168
1.80000000 0.19377117
1.82000000 0.19354001
1.84000000 0.19330821
1.86000000 0.19307576
1.88000000 0.19284268
1.90000000 0.19260898
1.92000000 0.19237466
1.94000000 0.19213973
1.96000000 0.19190419
1.98000000 0.19166806
2.00000000 0.19143135
2.02000000 0.19119405
2.04000000 0.19095618
2.06000000 0.19071775
2.08000000 0.19047876
2.10000000 0.19023922
2.12000000 0.18999913
2.14000000 0.18975851
2.16000000 0.18951736
2.18000000 0.18927569
2.20000000 0.18903351
2.22000000 0.18879082
2.24000000 0.18854763
2.26000000 0.18830395
2.28000000 0.18805978
2.30000000 0.18781514
2.32000000 0.18757002
2.34000000 0.18732445
2.36000000 0.18707841
2.38000000 0.18683193
2.40000000 0.18658500
2.42000000 0.18633764
2.44000000 0.18608986
2.46000000 0.18584165
2.48000000 0.18559302
2.50000000 0.18534399
2.52000000 0.18509456
2.54000000 0.18484474
2.56000000 0.18459453
2.58000000 0.18434394
2.60000000 0.18409298
2.62000000 0.18384166
2.64000000 0.18358997
2.66000000 0.18333793
2.68000000 0.18308555
2.70000000 0.18283283
2.72000000 0.18257977
2.74000000 0.18232639
2.76000000 0.18207270
2.78000000 0.18181869
2.80000000 0.18156437
2.82000000 0.18130975
2.84000000 0.18105485
2.86000000 0.18079965
2.88000000 0.18054418
2.90000000 0.18028844
2.92000000 0.18003242
2.94000000 0.17977615
2.96000000 0.17951962
2.98000000 0.17926285
3.00000000 0.17900583
3.02000000 0.17874858
3.04000000 0.17849110
3.06000000 0.17823340
3.08000000 0.17797548
3.10000000 0.17771735
3.12000000 0.17745902
3.14000000 0.17720048
3.16000000 0.17694176
3.18000000 0.17668285
3.20000000 0.17642376
3.22000000 0.17616449
3.24000000 0.17590506
3.26000000 0.17564546
3.28000000 0.17538571
3.30000000 0.17512580
3.32000000 0.17486575
3.34000000 0.17460557
3.36000000 0.17434524
3.38000000 0.17408480
3.40000000 0.17382422
3.42000000 0.17356353
3.44000000 0.17330274
3.46000000 0.17304183
3.48000000 0.17278083
3.50000000 0.17251973
3.52000000 0.17225854
3.54000000 0.17199727
3.56000000 0.17173592
3.58000000 0.17147449
3.60000000 0.17121300
3.62000000 0.17095145
3.64000000 0.17068984
3.66000000 0.17042818
3.68000000 0.17016647
3.70000000 0.16990472
3.72000000 0.16964294
3.74000000 0.16938112
3.76000000 0.16911928
3.78000000 0.16885741
3.80000000 0.16859553
3.82000000 0.16833364
3.84000000 0.16807175
3.86000000 0.16780985
3.88000000 0.16754795
3.90000000 0.16728607
3.92000000 0.16702419
3.94000000 0.16676234
3.96000000 0.16650051
3.98000000 0.16623870
