-4.00000000 0.40637248
-3.98000000 0.40863890
-3.96000000 0.41091139
-3.94000000 0.41318972
-3.92000000 0.41547366
-3.90000000 0.41776295
-3.88000000 0.42005734
-3.86000000 0.42235659
-3.84000000 0.42466041
-3.82000000 0.42696855
-3.80000000 0.42928072
-3.78000000 0.43159662
-3.76000000 0.43391598
-3.74000000 0.43623847
-3.72000000 0.43856380
-3.70000000 0.44089164
-3.68000000 0.44322167
-3.66000000 0.44555356
-3.64000000 0.44788696
-3.62000000 0.45022152
-3.60000000 0.45255689
-3.58000000 0.45489271
-3.56000000 0.45722859
-3.54000000 0.45956416
-3.52000000 0.46189904
-3.50000000 0.46423282
-3.48000000 0.46656510
-3.46000000 0.46889546
-3.44000000 0.47122350
-3.42000000 0.47354879
-3.40000000 0.47587087
-3.38000000 0.47818933
-3.36000000 0.48050370
-3.34000000 0.48281352
-3.32000000 0.48511834
-3.30000000 0.48741768
-3.28000000 0.48971105
-3.26000000 0.49199798
-3.24000000 0.49427797
-3.22000000 0.49655052
-3.20000000 0.49881512
-3.18000000 0.50107126
-3.16000000 0.50331841
-3.14000000 0.50555605
-3.12000000 0.50778365
-3.10000000 0.51000067
-3.08000000 0.51220656
-3.06000000 0.51440078
-3.04000000 0.51658276
-3.02000000 0.51875195
-3.00000000 0.52090777
-2.98000000 0.52304967
-2.96000000 0.52517707
-2.94000000 0.52728938
-2.92000000 0.52938603
-2.90000000 0.53146643
-2.88000000 0.53352998
-2.86000000 0.53557611
-2.84000000 0.53760421
-2.82000000 0.53961368
-2.80000000 0.54160393
-2.78000000 0.54357435
-2.76000000 0.54552435
-2.74000000 0.54745332
-2.72000000 0.54936066
-2.70000000 0.55124577
-2.68000000 0.55310803
-2.66000000 0.55494686
-2.64000000 0.55676164
-2.62000000 0.55855179
-2.60000000 0.56031669
-2.58000000 0.56205576
-2.56000000 0.56376840
-2.54000000 0.56545403
-2.52000000 0.56711205
-2.50000000 0.56874189
-2.48000000 0.57034297
-2.46000000 0.57191472
-2.44000000 0.57345657
-2.42000000 0.57496796
-2.40000000 0.57644834
-2.38000000 0.57789716
-2.36000000 0.57931388
-2.34000000 0.58069797
-2.32000000 0.58204891
-2.30000000 0.58336618
-2.28000000 0.58464927
-2.26000000 0.58589770
-2.24000000 0.58711097
-2.22000000 0.58828861
-2.20000000 0.58943016
-2.18000000 0.59053516
-2.16000000 0.59160317
-2.14000000 0.59263377
-2.12000000 0.59362654
-2.10000000 0.59458108
-2.08000000 0.59549700
-2.06000000 0.59637392
-2.04000000 0.59721149
-2.02000000 0.59800935
-2.00000000 0.59876718
-1.98000000 0.59948466
-1.96000000 0.60016150
-1.94000000 0.60079740
-1.92000000 0.60139210
-1.90000000 0.60194536
-1.88000000 0.60245693
-1.86000000 0.60292659
-1.84000000 0.60335416
-1.82000000 0.60373944
-1.80000000 0.60408227
-1.78000000 0.60438251
-1.76000000 0.60464003
-1.74000000 0.60485471
-1.72000000 0.60502646
-1.70000000 0.60515521
-1.68000000 0.60524091
-1.66000000 0.60528352
-1.64000000 0.60528301
-1.62000000 0.60523939
-1.60000000 0.60515268
-1.58000000 0.60502292
-1.56000000 0.60485015
-1.54000000 0.60463447
-1.52000000 0.60437595
-1.50000000 0.60407471
-1.48000000 0.60373087
-1.46000000 0.60334460
-1.44000000 0.60291604
-1.42000000 0.60244539
-1.40000000 0.60193284
-1.38000000 0.60137861
-1.36000000 0.60078293
-1.34000000 0.60014606
-1.32000000 0.59946827
-1.30000000 0.59874984
-1.28000000 0.59799106
-1.26000000 0.59719226
-1.24000000 0.59635377
-1.22000000 0.59547593
-1.20000000 0.59455910
-1.18000000 0.59360366
-1.16000000 0.59260999
-1.14000000 0.59157851
-1.12000000 0.59050962
-1.10000000 0.58940375
-1.08000000 0.58826135
-1.06000000 0.58708287
-1.04000000 0.58586877
-1.02000000 0.58461952
-1.00000000 0.58333562
-0.98000000 0.58201755
-0.96000000 0.58066583
-0.94000000 0.57928097
-0.92000000 0.57786349
-0.90000000 0.57641392
-0.88000000 0.57493280
-0.86000000 0.57342069
-0.84000000 0.57187813
-0.82000000 0.57030569
-0.80000000 0.56870392
-0.78000000 0.56707342
-0.76000000 0.56541474
-0.74000000 0.56372847
-0.72000000 0.56201520
-0.70000000 0.56027552
-0.68000000 0.55851001
-0.66000000 0.55671928
-0.64000000 0.55490393
-0.62000000 0.55306455
-0.60000000 0.55120174
-0.58000000 0.54931610
-0.56000000 0.54740825
-0.54000000 0.54547878
-0.52000000 0.54352829
-0.50000000 0.54155739
-0.48000000 0.53956668
-0.46000000 0.53755677
-0.44000000 0.53552824
-0.42000000 0.53348170
-0.40000000 0.53141774
-0.38000000 0.52933695
-0.36000000 0.52723993
-0.34000000 0.52512726
-0.32000000 0.52299951
-0.30000000 0.52085728
-0.28000000 0.51870113
-0.26000000 0.51653164
-0.24000000 0.51434936
-0.22000000 0.51215487
-0.20000000 0.50994871
-0.18000000 0.50773144
-0.16000000 0.50550359
-0.14000000 0.50326572
-0.12000000 0.50101835
-0.10000000 0.49876201
-0.08000000 0.49649722
-0.06000000 0.49422449
-0.04000000 0.49194433
-0.02000000 0.48965724
0.00000000 0.48736372
0.02000000 0.48506425
0.04000000 0.48275931
0.06000000 0.48044937
0.08000000 0.47813490
0.10000000 0.47581636
0.12000000 0.47349419
0.14000000 0.47116884
0.16000000 0.46884074
0.18000000 0.46651032
0.20000000 0.46417800
0.22000000 0.46184419
0.24000000 0.45950929
0.26000000 0.45717371
0.28000000 0.45483782
0.30000000 0.45250202
0.32000000 0.45016666
0.34000000 0.44783212
0.36000000 0.44549875
0.38000000 0.44316690
0.40000000 0.44083692
0.42000000 0.43850913
0.44000000 0.43618387
0.46000000 0.43386144
0.48000000 0.43154217
0.50000000 0.42922635
0.52000000 0.42691427
0.54000000 0.42460623
0.56000000 0.42230251
0.58000000 0.42000338
0.60000000 0.41770910
0.62000000 0.41541993
0.64000000 0.41313613
0.66000000 0.41085793
0.68000000 0.40858558
0.70000000 0.40631931
0.72000000 0.40405933
0.74000000 0.40180586
0.76000000 0.39955912
0.78000000 0.39731931
0.80000000 0.39508662
0.82000000 0.39286124
0.84000000 0.39064337
0.86000000 0.38843316
0.88000000 0.38623081
0.90000000 0.38403646
0.92000000 0.38185029
0.94000000 0.37967244
0.96000000 0.37750307
0.98000000 0.37534231
1.00000000 0.37319030
1.02000000 0.37104717
1.04000000 0.36891306
1.06000000 0.36678807
1.08000000 0.36467233
1.10000000 0.36256595
1.12000000 0.36046903
1.14000000 0.35838166
1.16000000 0.35630396
1.18000000 0.35423600
1.20000000 0.35217788
1.22000000 0.35012968
1.24000000 0.34809148
1.26000000 0.34606334
1.28000000 0.34404534
1.30000000 0.34203754
1.32000000 0.34004001
1.34000000 0.33805280
1.36000000 0.33607597
1.38000000 0.33410956
1.40000000 0.33215362
1.42000000 0.33020820
1.44000000 0.32827334
1.46000000 0.32634906
1.48000000 0.32443540
1.50000000 0.32253240
1.52000000 0.32064008
1.54000000 0.31875845
1.56000000 0.31688755
1.58000000 0.31502739
1.60000000 0.31317798
1.62000000 0.31133933
1.64000000 0.30951147
1.66000000 0.30769438
1.68000000 0.30588808
1.70000000 0.30409257
1.72000000 0.30230784
1.74000000 0.30053390
1.76000000 0.29877074
1.78000000 0.29701836
1.80000000 0.29527673
1.82000000 0.29354586
1.84000000 0.29182573
1.86000000 0.29011632
1.88000000 0.28841761
1.90000000 0.28672960
1.92000000 0.28505225
1.94000000 0.28338556
1.96000000 0.28172948
1.98000000 0.28008400
2.00000000 0.27844909
2.02000000 0.27682472
2.04000000 0.27521087
2.06000000 0.27360750
2.08000000 0.27201457
2.10000000 0.27043207
2.12000000 0.26885995
2.14000000 0.26729817
2.16000000 0.26574671
2.18000000 0.26420552
2.20000000 0.26267456
2.22000000 0.26115379
2.24000000 0.25964318
2.26000000 0.25814268
2.28000000 0.25665225
2.30000000 0.25517184
2.32000000 0.25370141
2.34000000 0.25224093
2.36000000 0.25079033
2.38000000 0.24934958
2.40000000 0.24791862
2.42000000 0.24649742
2.44000000 0.24508592
2.46000000 0.24368408
2.48000000 0.24229184
2.50000000 0.24090916
2.52000000 0.23953598
2.54000000 0.23817226
2.56000000 0.23681794
2.58000000 0.23547297
2.60000000 0.23413731
2.62000000 0.23281090
2.64000000 0.23149368
2.66000000 0.23018561
2.68000000 0.22888663
2.70000000 0.22759669
2.72000000 0.22631574
2.74000000 0.22504372
2.76000000 0.22378058
2.78000000 0.22252626
2.80000000 0.22128072
2.82000000 0.22004389
2.84000000 0.21881572
2.86000000 0.21759617
2.88000000 0.21638517
2.90000000 0.21518266
2.92000000 0.21398861
2.94000000 0.21280294
2.96000000 0.21162562
2.98000000 0.21045657
3.00000000 0.20929575
3.02000000 0.20814311
3.04000000 0.20699858
3.06000000 0.20586212
3.08000000 0.20473367
3.10000000 0.20361318
3.12000000 0.20250059
3.14000000 0.20139584
3.16000000 0.20029890
3.18000000 0.19920969
3.20000000 0.19812816
3.22000000 0.19705427
3.24000000 0.19598796
3.26000000 0.19492918
3.28000000 0.19387787
3.30000000 0.19283398
3.32000000 0.19179746
3.34000000 0.19076825
3.36000000 0.18974631
3.38000000 0.18873157
3.40000000 0.18772400
3.42000000 0.18672353
3.44000000 0.18573012
3.46000000 0.18474371
3.48000000 0.18376425
3.50000000 0.18279169
3.52000000 0.18182599
3.54000000 0.18086708
3.56000000 0.17991492
3.58000000 0.17896947
3.60000000 0.17803066
3.62000000 0.17709846
3.64000000 0.17617281
3.66000000 0.17525366
3.68000000 0.17434096
3.70000000 0.17343467
3.72000000 0.17253473
3.74000000 0.17164111
3.76000000 0.17075374
3.78000000 0.16987259
3.80000000 0.16899761
3.82000000 0.16812875
3.84000000 0.16726596
3.86000000 0.16640920
3.88000000 0.16555842
3.90000000 0.16471357
3.92000000 0.16387462
3.94000000 0.16304151
3.96000000 0.16221420
3.98000000 0.16139264
