-4.00000000 0.03489405
-3.98000000 0.03783621
-3.96000000 0.04093651
-3.94000000 0.04420180
-3.92000000 0.04763912
-3.90000000 0.05125570
-3.88000000 0.05505898
-3.86000000 0.05905661
-3.84000000 0.06325641
-3.82000000 0.06766640
-3.80000000 0.07229477
-3.78000000 0.07714993
-3.76000000 0.08224043
-3.74000000 0.08757499
-3.72000000 0.09316251
-3.70000000 0.09901203
-3.68000000 0.10513273
-3.66000000 0.11153392
-3.64000000 0.11822505
-3.62000000 0.12521565
-3.60000000 0.13251535
-3.58000000 0.14013388
-3.56000000 0.14808101
-3.54000000 0.15636656
-3.52000000 0.16500037
-3.50000000 0.17399230
-3.48000000 0.18335218
-3.46000000 0.19308980
-3.44000000 0.20321491
-3.42000000 0.21373716
-3.40000000 0.22466608
-3.38000000 0.23601107
-3.36000000 0.24778135
-3.34000000 0.25998596
-3.32000000 0.27263369
-3.30000000 0.28573308
-3.28000000 0.29929237
-3.26000000 0.31331949
-3.24000000 0.32782197
-3.22000000 0.34280698
-3.20000000 0.35828123
-3.18000000 0.37425095
-3.16000000 0.39072189
-3.14000000 0.40769923
-3.12000000 0.42518757
-3.10000000 0.44319087
-3.08000000 0.46171245
-3.06000000 0.48075491
-3.04000000 0.50032012
-3.02000000 0.52040915
-3.00000000 0.54102227
-2.98000000 0.56215891
-2.96000000 0.58381758
-2.94000000 0.60599588
-2.92000000 0.62869046
-2.90000000 0.65189697
-2.88000000 0.67561005
-2.86000000 0.69982327
-2.84000000 0.72452915
-2.82000000 0.74971909
-2.80000000 0.77538339
-2.78000000 0.80151118
-2.76000000 0.82809045
-2.74000000 0.85510801
-2.72000000 0.88254949
-2.70000000 0.91039934
-2.68000000 0.93864078
-2.66000000 0.96725588
-2.64000000 0.99622547
-2.62000000 1.02552923
-2.60000000 1.05514565
-2.58000000 1.08505205
-2.56000000 1.11522464
-2.54000000 1.14563847
-2.52000000 1.17626752
-2.50000000 1.20708471
-2.48000000 1.23806193
-2.46000000 1.26917009
-2.44000000 1.30037916
-2.42000000 1.33165820
-2.40000000 1.36297545
-2.38000000 1.39429836
-2.36000000 1.42559365
-2.34000000 1.45682738
-2.32000000 1.48796504
-2.30000000 1.51897155
-2.28000000 1.54981144
-2.26000000 1.58044882
-2.24000000 1.61084754
-2.22000000 1.64097123
-2.20000000 1.67078339
-2.18000000 1.70024749
-2.16000000 1.72932705
-2.14000000 1.75798573
-2.12000000 1.78618743
-2.10000000 1.81389634
-2.08000000 1.84107709
-2.06000000 1.86769481
-2.04000000 1.89371522
-2.02000000 1.91910473
-2.00000000 1.94383051
-1.98000000 1.96786062
-1.96000000 1.99116404
-1.94000000 2.01371079
-1.92000000 2.03547202
-1.90000000 2.05642004
-1.88000000 2.07652844
-1.86000000 2.09577216
-1.84000000 2.11412752
-1.82000000 2.13157232
-1.80000000 2.14808590
-1.78000000 2.16364917
-1.76000000 2.17824465
-1.74000000 2.19185658
-1.72000000 2.20447089
-1.70000000 2.21607525
-1.68000000 2.22665914
-1.66000000 2.23621380
-1.64000000 2.24473233
-1.62000000 2.25220964
-1.60000000 2.25864247
-1.58000000 2.26402941
-1.56000000 2.26837087
-1.54000000 2.27166907
-1.52000000 2.27392806
-1.50000000 2.27515364
-1.48000000 2.27535337
-1.46000000 2.27453653
-1.44000000 2.27271407
-1.42000000 2.26989858
-1.40000000 2.26610424
-1.38000000 2.26134676
-1.36000000 2.25564332
-1.34000000 2.24901253
-1.32000000 2.24147435
-1.30000000 2.23305001
-1.28000000 2.22376198
-1.26000000 2.21363385
-1.24000000 2.20269029
-1.22000000 2.19095694
-1.20000000 2.17846036
-1.18000000 2.16522793
-1.16000000 2.15128778
-1.14000000 2.13666870
-1.12000000 2.12140004
-1.10000000 2.10551168
-1.08000000 2.08903387
-1.06000000 2.07199721
-1.04000000 2.05443255
-1.02000000 2.03637087
-1.00000000 2.01784328
-0.98000000 1.99888086
-0.96000000 1.97951463
-0.94000000 1.95977546
-0.92000000 1.93969402
-0.90000000 1.91930067
-0.88000000 1.89862542
-0.86000000 1.87769788
-0.84000000 1.85654716
-0.82000000 1.83520183
-0.80000000 1.81368990
-0.78000000 1.79203869
-0.76000000 1.77027487
-0.74000000 1.74842435
-0.72000000 1.72651228
-0.70000000 1.70456298
-0.68000000 1.68259994
-0.66000000 1.66064578
-0.64000000 1.63872218
-0.62000000 1.61684994
-0.60000000 1.59504890
-0.58000000 1.57333793
-0.56000000 1.55173495
-0.54000000 1.53025688
-0.52000000 1.50891968
-0.50000000 1.48773830
-0.48000000 1.46672672
-0.46000000 1.44589794
-0.44000000 1.42526398
-0.42000000 1.40483590
-0.40000000 1.38462380
-0.38000000 1.36463687
-0.36000000 1.34488334
-0.34000000 1.32537057
-0.32000000 1.30610504
-0.30000000 1.28709237
-0.28000000 1.26833734
-0.26000000 1.24984395
-0.24000000 1.23161539
-0.22000000 1.21365415
-0.20000000 1.19596196
-0.18000000 1.17853989
-0.16000000 1.16138836
-0.14000000 1.14450717
-0.12000000 1.12789551
-0.10000000 1.11155206
-0.08000000 1.09547495
-0.06000000 1.07966185
-0.04000000 1.06410995
-0.02000000 1.04881606
0.00000000 1.03377659
0.02000000 1.01898761
0.04000000 1.00444487
0.06000000 0.99014383
0.08000000 0.97607973
0.10000000 0.96224755
0.12000000 0.94864213
0.14000000 0.93525811
0.16000000 0.92209002
0.18000000 0.90913229
0.20000000 0.89637925
0.22000000 0.88382521
0.24000000 0.87146445
0.26000000 0.85929122
0.28000000 0.84729981
0.30000000 0.83548456
0.32000000 0.82383984
0.34000000 0.81236012
0.36000000 0.80103995
0.38000000 0.78987401
0.40000000 0.77885707
0.42000000 0.76798407
0.44000000 0.75725007
0.46000000 0.74665032
0.48000000 0.73618021
0.50000000 0.72583532
0.52000000 0.71561141
0.54000000 0.70550443
0.56000000 0.69551052
0.58000000 0.68562604
0.60000000 0.67584750
0.62000000 0.66617167
0.64000000 0.65659547
0.66000000 0.64711607
0.68000000 0.63773080
0.70000000 0.62843722
0.72000000 0.61923305
0.74000000 0.61011625
0.76000000 0.60108493
0.78000000 0.59213740
0.80000000 0.58327214
0.82000000 0.57448782
0.84000000 0.56578326
0.86000000 0.55715745
0.88000000 0.54860953
0.90000000 0.54013878
0.92000000 0.53174463
0.94000000 0.52342664
0.96000000 0.51518448
0.98000000 0.50701794
1.00000000 0.49892694
1.02000000 0.49091145
1.04000000 0.48297158
1.06000000 0.47510749
1.08000000 0.46731943
1.10000000 0.45960771
1.12000000 0.45197269
1.14000000 0.44441480
1.16000000 0.43693449
1.18000000 0.42953227
1.20000000 0.42220864
1.22000000 0.41496417
1.24000000 0.40779941
1.26000000 0.40071492
1.28000000 0.39371127
1.30000000 0.38678902
1.32000000 0.37994874
1.34000000 0.37319096
1.36000000 0.36651619
1.38000000 0.35992494
1.40000000 0.35341766
1.42000000 0.34699480
1.44000000 0.34065675
1.46000000 0.33440386
1.48000000 0.32823646
1.50000000 0.32215481
1.52000000 0.31615914
1.54000000 0.31024962
1.56000000 0.30442637
1.58000000 0.29868947
1.60000000 0.29303893
1.62000000 0.28747473
1.64000000 0.28199676
1.66000000 0.27660489
1.68000000 0.27129891
1.70000000 0.26607857
1.72000000 0.26094357
1.74000000 0.25589354
1.76000000 0.25092807
1.78000000 0.24604669
1.80000000 0.24124890
1.82000000 0.23653412
1.84000000 0.23190174
1.86000000 0.22735111
1.88000000 0.22288153
1.90000000 0.21849225
1.92000000 0.21418249
1.94000000 0.20995143
1.96000000 0.20579821
1.98000000 0.20172193
2.00000000 0.19772169
2.02000000 0.19379652
2.04000000 0.18994545
2.06000000 0.18616746
2.08000000 0.18246154
2.10000000 0.17882663
2.12000000 0.17526167
2.14000000 0.17176558
2.16000000 0.16833726
2.18000000 0.16497560
2.20000000 0.16167948
2.22000000 0.15844778
2.24000000 0.15527938
2.26000000 0.15217313
2.28000000 0.14912790
2.30000000 0.14614256
2.32000000 0.14321597
2.34000000 0.14034700
2.36000000 0.13753453
2.38000000 0.13477743
2.40000000 0.13207461
2.42000000 0.12942495
2.44000000 0.12682737
2.46000000 0.12428078
2.48000000 0.12178413
2.50000000 0.11933636
2.52000000 0.11693644
2.54000000 0.11458333
2.56000000 0.11227605
2.58000000 0.11001359
2.60000000 0.10779500
2.62000000 0.10561931
2.64000000 0.10348561
2.66000000 0.10139296
2.68000000 0.09934048
2.70000000 0.09732729
2.72000000 0.09535254
2.74000000 0.09341540
2.76000000 0.09151504
2.78000000 0.08965068
2.80000000 0.08782153
2.82000000 0.08602685
2.84000000 0.08426589
2.86000000 0.08253795
2.88000000 0.08084232
2.90000000 0.07917834
2.92000000 0.07754533
2.94000000 0.07594266
2.96000000 0.07436972
2.98000000 0.07282588
3.00000000 0.07131058
3.02000000 0.06982323
3.04000000 0.06836329
3.06000000 0.06693022
3.08000000 0.06552349
3.10000000 0.06414260
3.12000000 0.06278706
3.14000000 0.06145639
3.16000000 0.06015012
3.18000000 0.05886781
3.20000000 0.05760901
3.22000000 0.05637330
3.24000000 0.05516027
3.26000000 0.05396951
3.28000000 0.05280063
3.30000000 0.05165325
3.32000000 0.05052700
3.34000000 0.04942150
3.36000000 0.04833641
3.38000000 0.04727139
3.40000000 0.04622609
3.42000000 0.04520018
3.44000000 0.04419335
3.46000000 0.04320527
3.48000000 0.04223565
3.50000000 0.04128417
3.52000000 0.04035055
3.54000000 0.03943448
3.56000000 0.03853569
3.58000000 0.03765390
3.60000000 0.03678883
3.62000000 0.03594021
3.64000000 0.03510777
3.66000000 0.03429126
3.68000000 0.03349041
3.70000000 0.03270497
3.72000000 0.03193470
3.74000000 0.03117934
3.76000000 0.03043866
3.78000000 0.02971241
3.80000000 0.02900035
3.82000000 0.02830226
3.84000000 0.02761789
3.86000000 0.02694703
3.88000000 0.02628945
3.90000000 0.02564492
3.92000000 0.02501323
3.94000000 0.02439416
3.96000000 0.02378749
3.98000000 0.02319301
