-4.00000000 0.00117026
-3.98000000 0.00135619
-3.96000000 0.00155959
-3.94000000 0.00178202
-3.92000000 0.00202513
-3.90000000 0.00229072
-3.88000000 0.00258073
-3.86000000 0.00289728
-3.84000000 0.00324264
-3.82000000 0.00361928
-3.80000000 0.00402984
-3.78000000 0.00447719
-3.76000000 0.00496442
-3.74000000 0.00549487
-3.72000000 0.00607212
-3.70000000 0.00670002
-3.68000000 0.00738273
-3.66000000 0.00812469
-3.64000000 0.00893071
-3.62000000 0.00980590
-3.60000000 0.01075577
-3.58000000 0.01178622
-3.56000000 0.01290355
-3.54000000 0.01411449
-3.52000000 0.01542624
-3.50000000 0.01684649
-3.48000000 0.01838342
-3.46000000 0.02004575
-3.44000000 0.02184276
-3.42000000 0.02378430
-3.40000000 0.02588084
-3.38000000 0.02814348
-3.36000000 0.03058397
-3.34000000 0.03321476
-3.32000000 0.03604898
-3.30000000 0.03910051
-3.28000000 0.04238399
-3.26000000 0.04591481
-3.24000000 0.04970916
-3.22000000 0.05378407
-3.20000000 0.05815736
-3.18000000 0.06284771
-3.16000000 0.06787465
-3.14000000 0.07325858
-3.12000000 0.07902076
-3.10000000 0.08518331
-3.08000000 0.09176924
-3.06000000 0.09880240
-3.04000000 0.10630749
-3.02000000 0.11431007
-3.00000000 0.12283647
-2.98000000 0.13191385
-2.96000000 0.14157008
-2.94000000 0.15183377
-2.92000000 0.16273418
-2.90000000 0.17430120
-2.88000000 0.18656525
-2.86000000 0.19955726
-2.84000000 0.21330852
-2.82000000 0.22785069
-2.80000000 0.24321563
-2.78000000 0.25943534
-2.76000000 0.27654181
-2.74000000 0.29456695
-2.72000000 0.31354243
-2.70000000 0.33349956
-2.68000000 0.35446911
-2.66000000 0.37648122
-2.64000000 0.39956518
-2.62000000 0.42374929
-2.60000000 0.44906068
-2.58000000 0.47552511
-2.56000000 0.50316682
-2.54000000 0.53200830
-2.52000000 0.56207010
-2.50000000 0.59337065
-2.48000000 0.62592603
-2.46000000 0.65974976
-2.44000000 0.69485262
-2.42000000 0.73124241
-2.40000000 0.76892377
-2.38000000 0.80789799
-2.36000000 0.84816275
-2.34000000 0.88971201
-2.32000000 0.93253578
-2.30000000 0.97661994
-2.28000000 1.02194611
-2.26000000 1.06849146
-2.24000000 1.11622859
-2.22000000 1.16512543
-2.20000000 1.21514508
-2.18000000 1.26624578
-2.16000000 1.31838079
-2.14000000 1.37149838
-2.12000000 1.42554180
-2.10000000 1.48044925
-2.08000000 1.53615395
-2.06000000 1.59258414
-2.04000000 1.64966318
-2.02000000 1.70730967
-2.00000000 1.76543755
-1.98000000 1.82395627
-1.96000000 1.88277096
-1.94000000 1.94178269
-1.92000000 2.00088865
-1.90000000 2.05998247
-1.88000000 2.11895448
-1.86000000 2.17769205
-1.84000000 2.23607996
-1.82000000 2.29400069
-1.80000000 2.35133492
-1.78000000 2.40796185
-1.76000000 2.46375968
-1.74000000 2.51860603
-1.72000000 2.57237843
-1.70000000 2.62495476
-1.68000000 2.67621377
-1.66000000 2.72603552
-1.64000000 2.77430190
-1.62000000 2.82089713
-1.60000000 2.86570824
-1.58000000 2.90862552
-1.56000000 2.94954307
-1.54000000 2.98835921
-1.52000000 3.02497696
-1.50000000 3.05930444
-1.48000000 3.09125534
-1.46000000 3.12074928
-1.44000000 3.14771216
-1.42000000 3.17207655
-1.40000000 3.19378198
-1.38000000 3.21277521
-1.36000000 3.22901049
-1.34000000 3.24244978
-1.32000000 3.25306290
-1.30000000 3.26082770
-1.28000000 3.26573015
-1.26000000 3.26776437
-1.24000000 3.26693271
-1.22000000 3.26324568
-1.20000000 3.25672194
-1.18000000 3.24738816
-1.16000000 3.23527890
-1.14000000 3.22043647
-1.12000000 3.20291066
-1.10000000 3.18275857
-1.08000000 3.16004428
-1.06000000 3.13483858
-1.04000000 3.10721862
-1.02000000 3.07726755
-1.00000000 3.04507414
-0.98000000 3.01073236
-0.96000000 2.97434098
-0.94000000 2.93600312
-0.92000000 2.89582576
-0.90000000 2.85391935
-0.88000000 2.81039725
-0.86000000 2.76537531
-0.84000000 2.71897138
-0.82000000 2.67130480
-0.80000000 2.62249595
-0.78000000 2.57266579
-0.76000000 2.52193536
-0.74000000 2.47042535
-0.72000000 2.41825567
-0.70000000 2.36554499
-0.68000000 2.31241038
-0.66000000 2.25896687
-0.64000000 2.20532713
-0.62000000 2.15160107
-0.60000000 2.09789556
-0.58000000 2.04431411
-0.56000000 1.99095658
-0.54000000 1.93791896
-0.52000000 1.88529310
-0.50000000 1.83316656
-0.48000000 1.78162238
-0.46000000 1.73073898
-0.44000000 1.68059001
-0.42000000 1.63124425
-0.40000000 1.58276556
-0.38000000 1.53521278
-0.36000000 1.48863979
-0.34000000 1.44309540
-0.32000000 1.39862346
-0.30000000 1.35526284
-0.28000000 1.31304751
-0.26000000 1.27200662
-0.24000000 1.23216458
-0.22000000 1.19354117
-0.20000000 1.15615167
-0.18000000 1.12000699
-0.16000000 1.08511383
-0.14000000 1.05147480
-0.12000000 1.01908865
-0.10000000 0.98795039
-0.08000000 0.95805151
-0.06000000 0.92938012
-0.04000000 0.90192122
-0.02000000 0.87565683
0.00000000 0.85056622
0.02000000 0.82662608
0.04000000 0.80381079
0.06000000 0.78209253
0.08000000 0.76144155
0.10000000 0.74182633
0.12000000 0.72321381
0.14000000 0.70556954
0.16000000 0.68885790
0.18000000 0.67304227
0.20000000 0.65808521
0.22000000 0.64394863
0.24000000 0.63059398
0.26000000 0.61798237
0.28000000 0.60607478
0.30000000 0.59483216
0.32000000 0.58421560
0.34000000 0.57418643
0.36000000 0.56470642
0.38000000 0.55573781
0.40000000 0.54724349
0.42000000 0.53918707
0.44000000 0.53153299
0.46000000 0.52424663
0.48000000 0.51729434
0.50000000 0.51064356
0.52000000 0.50426289
0.54000000 0.49812213
0.56000000 0.49219231
0.58000000 0.48644582
0.60000000 0.48085634
0.62000000 0.47539897
0.64000000 0.47005019
0.66000000 0.46478791
0.68000000 0.45959147
0.70000000 0.45444166
0.72000000 0.44932071
0.74000000 0.44421229
0.76000000 0.43910150
0.78000000 0.43397484
0.80000000 0.42882021
0.82000000 0.42362688
0.84000000 0.41838547
0.86000000 0.41308787
0.88000000 0.40772728
0.90000000 0.40229809
0.92000000 0.39679588
0.94000000 0.39121739
0.96000000 0.38556041
0.98000000 0.37982378
1.00000000 0.37400732
1.02000000 0.36811177
1.04000000 0.36213873
1.06000000 0.35609063
1.08000000 0.34997063
1.10000000 0.34378257
1.12000000 0.33753094
1.14000000 0.33122080
1.16000000 0.32485770
1.18000000 0.31844767
1.20000000 0.31199711
1.22000000 0.30551277
1.24000000 0.29900169
1.26000000 0.29247110
1.28000000 0.28592846
1.30000000 0.27938132
1.32000000 0.27283731
1.34000000 0.26630410
1.36000000 0.25978933
1.38000000 0.25330061
1.40000000 0.24684544
1.42000000 0.24043117
1.44000000 0.23406503
1.46000000 0.22775401
1.48000000 0.22150489
1.50000000 0.21532421
1.52000000 0.20921823
1.54000000 0.20319289
1.56000000 0.19725385
1.58000000 0.19140641
1.60000000 0.18565556
1.62000000 0.18000591
1.64000000 0.17446172
1.66000000 0.16902688
1.68000000 0.16370491
1.70000000 0.15849896
1.72000000 0.15341179
1.74000000 0.14844581
1.76000000 0.14360305
1.78000000 0.13888519
1.80000000 0.13429354
1.82000000 0.12982908
1.84000000 0.12549244
1.86000000 0.12128393
1.88000000 0.11720354
1.90000000 0.11325097
1.92000000 0.10942563
1.94000000 0.10572663
1.96000000 0.10215285
1.98000000 0.09870291
2.00000000 0.09537520
2.02000000 0.09216791
2.04000000 0.08907902
2.06000000 0.08610632
2.08000000 0.08324745
2.10000000 0.08049988
2.12000000 0.07786097
2.14000000 0.07532792
2.16000000 0.07289787
2.18000000 0.07056783
2.20000000 0.06833476
2.22000000 0.06619555
2.24000000 0.06414702
2.26000000 0.06218599
2.28000000 0.06030923
2.30000000 0.05851351
2.32000000 0.05679557
2.34000000 0.05515221
2.36000000 0.05358020
2.38000000 0.05207637
2.40000000 0.05063757
2.42000000 0.04926071
2.44000000 0.04794273
2.46000000 0.04668066
2.48000000 0.04547157
2.50000000 0.04431262
2.52000000 0.04320103
2.54000000 0.04213413
2.56000000 0.04110930
2.58000000 0.04012402
2.60000000 0.03917589
2.62000000 0.03826257
2.64000000 0.03738183
2.66000000 0.03653154
2.68000000 0.03570965
2.70000000 0.03491425
2.72000000 0.03414348
2.74000000 0.03339563
2.76000000 0.03266903
2.78000000 0.03196217
2.80000000 0.03127359
2.82000000 0.03060195
2.84000000 0.02994599
2.86000000 0.02930455
2.88000000 0.02867656
2.90000000 0.02806101
2.92000000 0.02745702
2.94000000 0.02686375
2.96000000 0.02628046
2.98000000 0.02570648
3.00000000 0.02514120
3.02000000 0.02458409
3.04000000 0.02403468
3.06000000 0.02349257
3.08000000 0.02295741
3.10000000 0.02242889
3.12000000 0.02190678
3.14000000 0.02139087
3.16000000 0.02088100
3.18000000 0.02037707
3.20000000 0.01987899
3.22000000 0.01938672
3.24000000 0.01890024
3.26000000 0.01841957
3.28000000 0.01794473
3.30000000 0.01747578
3.32000000 0.01701280
3.34000000 0.01655588
3.36000000 0.01610512
3.38000000 0.01566062
3.40000000 0.01522251
3.42000000 0.01479092
3.44000000 0.01436597
3.46000000 0.01394779
3.48000000 0.01353651
3.50000000 0.01313226
3.52000000 0.01273517
3.54000000 0.01234535
3.56000000 0.01196292
3.58000000 0.01158799
3.60000000 0.01122065
3.62000000 0.01086099
3.64000000 0.01050909
3.66000000 0.01016503
3.68000000 0.00982885
3.70000000 0.00950061
3.72000000 0.00918035
3.74000000 0.00886808
3.76000000 0.00856382
3.78000000 0.00826756
3.80000000 0.00797930
3.82000000 0.00769901
3.84000000 0.00742666
3.86000000 0.00716219
3.88000000 0.00690556
3.90000000 0.00665669
3.92000000 0.00641550
3.94000000 0.00618190
3.96000000 0.00595580
3.98000000 0.00573710
