-4.00000000 0.04756118
-3.98000000 0.04828533
-3.96000000 0.04902625
-3.94000000 0.04978429
-3.92000000 0.05055994
-3.90000000 0.05135394
-3.88000000 0.05216677
-3.86000000 0.05299890
-3.84000000 0.05385117
-3.82000000 0.05472418
-3.80000000 0.05561842
-3.78000000 0.05653480
-3.76000000 0.05747406
-3.74000000 0.05843674
-3.72000000 0.05942381
-3.70000000 0.06043617
-3.68000000 0.06147446
-3.66000000 0.06253968
-3.64000000 0.06363291
-3.62000000 0.06475490
-3.60000000 0.06590673
-3.58000000 0.06708966
-3.56000000 0.06830458
-3.54000000 0.06955266
-3.52000000 0.07083535
-3.50000000 0.07215373
-3.48000000 0.07350908
-3.46000000 0.07490303
-3.44000000 0.07633693
-3.42000000 0.07781217
-3.40000000 0.07933061
-3.38000000 0.08089388
-3.36000000 0.08250356
-3.34000000 0.08416173
-3.32000000 0.08587037
-3.30000000 0.08763129
-3.28000000 0.08944684
-3.26000000 0.09131938
-3.24000000 0.09325103
-3.22000000 0.09524447
-3.20000000 0.09730249
-3.18000000 0.09942763
-3.16000000 0.10162291
-3.14000000 0.10389166
-3.12000000 0.10623692
-3.10000000 0.10866215
-3.08000000 0.11117131
-3.06000000 0.11376805
-3.04000000 0.11645641
-3.02000000 0.11924104
-3.00000000 0.12212641
-2.98000000 0.12511724
-2.96000000 0.12821904
-2.94000000 0.13143725
-2.92000000 0.13477749
-2.90000000 0.13824630
-2.88000000 0.14185034
-2.86000000 0.14559637
-2.84000000 0.14949221
-2.82000000 0.15354599
-2.80000000 0.15776597
-2.78000000 0.16216154
-2.76000000 0.16674271
-2.74000000 0.17151965
-2.72000000 0.17650374
-2.70000000 0.18170737
-2.68000000 0.18714315
-2.66000000 0.19282507
-2.64000000 0.19876849
-2.62000000 0.20498926
-2.60000000 0.21150472
-2.58000000 0.21833409
-2.56000000 0.22549745
-2.54000000 0.23301658
-2.52000000 0.24091573
-2.50000000 0.24922058
-2.48000000 0.25795883
-2.46000000 0.26716142
-2.44000000 0.27686150
-2.42000000 0.28709485
-2.40000000 0.29790134
-2.38000000 0.30932429
-2.36000000 0.32141050
-2.34000000 0.33421217
-2.32000000 0.34778655
-2.30000000 0.36219583
-2.28000000 0.37750935
-2.26000000 0.39380386
-2.24000000 0.41116331
-2.22000000 0.42968143
-2.20000000 0.44946275
-2.18000000 0.47062259
-2.16000000 0.49328999
-2.14000000 0.51760996
-2.12000000 0.54374385
-2.10000000 0.57187309
-2.08000000 0.60220289
-2.06000000 0.63496385
-2.04000000 0.67041676
-2.02000000 0.70885875
-2.00000000 0.75062699
-1.98000000 0.79610573
-1.96000000 0.84573610
-1.94000000 0.90002378
-1.92000000 0.95955015
-1.90000000 1.02498826
-1.88000000 1.09711763
-1.86000000 1.17684314
-1.84000000 1.26522164
-1.82000000 1.36348956
-1.80000000 1.47309610
-1.78000000 1.59574820
-1.76000000 1.73346032
-1.74000000 1.88861215
-1.72000000 2.06402270
-1.70000000 2.26303267
-1.68000000 2.48959374
-1.66000000 2.74837068
-1.64000000 3.04483845
-1.62000000 3.38535216
-1.60000000 3.77716596
-1.58000000 4.22832876
-1.56000000 4.74734119
-1.54000000 5.34241423
-1.52000000 6.02006440
-1.50000000 6.78269931
-1.48000000 7.62488232
-1.46000000 8.52819974
-1.44000000 9.45542623
-1.42000000 10.34622655
-1.40000000 11.11844155
-1.38000000 11.67943354
-1.36000000 11.94837405
-1.34000000 11.88226293
-1.32000000 11.49193167
-1.30000000 10.83787982
-1.28000000 10.00868593
-1.26000000 9.09501644
-1.24000000 8.17124892
-1.22000000 7.28846264
-1.20000000 6.47589399
-1.18000000 5.74622103
-1.16000000 5.10129048
-1.14000000 4.53672985
-1.12000000 4.04513954
-1.10000000 3.61807266
-1.08000000 3.24714271
-1.06000000 2.92458532
-1.04000000 2.64349291
-1.02000000 2.39785892
-1.00000000 2.18253382
-0.98000000 1.99314286
-0.96000000 1.82598369
-0.94000000 1.67792862
-0.92000000 1.54633926
-0.90000000 1.42898598
-0.88000000 1.32398014
-0.86000000 1.22972092
-0.84000000 1.14484670
-0.82000000 1.06819429
-0.80000000 0.99876933
-0.78000000 0.93571860
-0.76000000 0.87830577
-0.74000000 0.82589534
-0.72000000 0.77793721
-0.70000000 0.73395174
-0.68000000 0.69352095
-0.66000000 0.65628012
-0.64000000 0.62190817
-0.62000000 0.59012261
-0.60000000 0.56067524
-0.58000000 0.53334566
-0.56000000 0.50793809
-0.54000000 0.48427956
-0.52000000 0.46221527
-0.50000000 0.44160646
-0.48000000 0.42232987
-0.46000000 0.40427456
-0.44000000 0.38734013
-0.42000000 0.37143697
-0.40000000 0.35648414
-0.38000000 0.34240762
-0.36000000 0.32914106
-0.34000000 0.31662441
-0.32000000 0.30480223
-0.30000000 0.29362454
-0.28000000 0.28304611
-0.26000000 0.27302482
-0.24000000 0.26352243
-0.22000000 0.25450441
-0.20000000 0.24593834
-0.18000000 0.23779454
-0.16000000 0.23004629
-0.14000000 0.22266839
-0.12000000 0.21563747
-0.10000000 0.20893263
-0.08000000 0.20253407
-0.06000000 0.19642318
-0.04000000 0.19058340
-0.02000000 0.18499906
0.00000000 0.17965519
0.02000000 0.17453849
0.04000000 0.16963647
0.06000000 0.16493699
0.08000000 0.16042924
0.10000000 0.15610320
0.12000000 0.15194894
0.14000000 0.14795759
0.16000000 0.14412103
0.18000000 0.14043114
0.20000000 0.13688050
0.22000000 0.13346253
0.24000000 0.13017052
0.26000000 0.12699824
0.28000000 0.12394030
0.30000000 0.12099115
0.32000000 0.11814551
0.34000000 0.11539890
0.36000000 0.11274673
0.38000000 0.11018451
0.40000000 0.10770847
0.42000000 0.10531483
0.44000000 0.10299972
0.46000000 0.10075993
0.48000000 0.09859236
0.50000000 0.09649366
0.52000000 0.09446107
0.54000000 0.09249204
0.56000000 0.09058366
0.58000000 0.08873355
0.60000000 0.08693957
0.62000000 0.08519925
0.64000000 0.08351046
0.66000000 0.08187142
0.68000000 0.08028003
0.70000000 0.07873437
0.72000000 0.07723296
0.74000000 0.07577402
0.76000000 0.07435581
0.78000000 0.07297707
0.80000000 0.07163629
0.82000000 0.07033193
0.84000000 0.06906286
0.86000000 0.06782786
0.88000000 0.06662549
0.90000000 0.06545479
0.92000000 0.06431473
0.94000000 0.06320403
0.96000000 0.06212181
0.98000000 0.06106721
1.00000000 0.06003911
1.02000000 0.05903667
1.04000000 0.05805922
1.06000000 0.05710574
1.08000000 0.05617545
1.10000000 0.05526780
1.12000000 0.05438191
1.14000000 0.05351702
1.16000000 0.05267268
1.18000000 0.05184815
1.20000000 0.05104269
1.22000000 0.05025591
1.24000000 0.04948720
1.26000000 0.04873585
1.28000000 0.04800153
1.30000000 0.04728372
1.32000000 0.04658176
1.34000000 0.04589533
1.36000000 0.04522402
1.38000000 0.04456722
1.40000000 0.04392461
1.42000000 0.04329588
1.44000000 0.04268046
1.46000000 0.04207802
1.48000000 0.04148834
1.50000000 0.04091090
1.52000000 0.04034536
1.54000000 0.03979156
1.56000000 0.03924905
1.58000000 0.03871746
1.60000000 0.03819668
1.62000000 0.03768633
1.64000000 0.03718604
1.66000000 0.03669571
1.68000000 0.03621504
1.70000000 0.03574364
1.72000000 0.03528143
1.74000000 0.03482818
1.76000000 0.03438349
1.78000000 0.03394729
1.80000000 0.03351941
1.82000000 0.03309947
1.84000000 0.03268737
1.86000000 0.03228299
1.88000000 0.03188600
1.90000000 0.03149625
1.92000000 0.03111369
1.94000000 0.03073800
1.96000000 0.03036902
1.98000000 0.03000674
2.00000000 0.02965086
2.02000000 0.02930121
2.04000000 0.02895778
2.06000000 0.02862035
2.08000000 0.02828870
2.10000000 0.02796284
2.12000000 0.02764261
2.14000000 0.02732775
2.16000000 0.02701828
2.18000000 0.02671409
2.20000000 0.02641492
2.22000000 0.02612076
2.24000000 0.02583155
2.26000000 0.02554704
2.28000000 0.02526720
2.30000000 0.02499201
2.32000000 0.02472122
2.34000000 0.02445479
2.36000000 0.02419272
2.38000000 0.02393479
2.40000000 0.02368092
2.42000000 0.02343114
2.44000000 0.02318527
2.46000000 0.02294319
2.48000000 0.02270495
2.50000000 0.02247040
2.52000000 0.02223939
2.54000000 0.02201198
2.56000000 0.02178807
2.58000000 0.02156747
2.60000000 0.02135025
2.62000000 0.02113634
2.64000000 0.02092554
2.66000000 0.02071791
2.68000000 0.02051340
2.70000000 0.02031184
2.72000000 0.02011323
2.74000000 0.01991759
2.76000000 0.01972473
2.78000000 0.01953464
2.80000000 0.01934735
2.82000000 0.01916270
2.84000000 0.01898065
2.86000000 0.01880125
2.88000000 0.01862435
2.90000000 0.01844989
2.92000000 0.01827793
2.94000000 0.01810837
2.96000000 0.01794108
2.98000000 0.01777616
3.00000000 0.01761352
3.02000000 0.01745303
3.04000000 0.01729476
3.06000000 0.01713867
3.08000000 0.01698462
3.10000000 0.01683265
3.12000000 0.01668277
3.14000000 0.01653481
3.16000000 0.01638882
3.18000000 0.01624481
3.20000000 0.01610263
3.22000000 0.01596230
3.24000000 0.01582386
3.26000000 0.01568717
3.28000000 0.01555222
3.30000000 0.01541906
3.32000000 0.01528759
3.34000000 0.01515774
3.36000000 0.01502960
3.38000000 0.01490307
3.40000000 0.01477808
3.42000000 0.01465470
3.44000000 0.01453287
3.46000000 0.01441250
3.48000000 0.01429365
3.50000000 0.01417630
3.52000000 0.01406032
3.54000000 0.01394578
3.56000000 0.01383268
3.58000000 0.01372090
3.60000000 0.01361046
3.62000000 0.01350141
3.64000000 0.01339361
3.66000000 0.01328709
3.68000000 0.01318189
3.70000000 0.01307790
3.72000000 0.01297510
3.74000000 0.01287358
3.76000000 0.01277321
3.78000000 0.01267398
3.80000000 0.01257595
3.82000000 0.01247905
3.84000000 0.01238322
3.86000000 0.01228853
3.88000000 0.01219494
3.90000000 0.01210235
3.92000000 0.01201085
3.94000000 0.01192041
3.96000000 0.01183093
3.98000000 0.01174247
