-4.00000000 0.32937777
-3.98000000 0.33039662
-3.96000000 0.33141362
-3.94000000 0.33242868
-3.92000000 0.33344169
-3.90000000 0.33445256
-3.88000000 0.33546120
-3.86000000 0.33646749
-3.84000000 0.33747134
-3.82000000 0.33847264
-3.80000000 0.33947130
-3.78000000 0.34046721
-3.76000000 0.34146026
-3.74000000 0.34245036
-3.72000000 0.34343738
-3.70000000 0.34442124
-3.68000000 0.34540181
-3.66000000 0.34637899
-3.64000000 0.34735268
-3.62000000 0.34832275
-3.60000000 0.34928911
-3.58000000 0.35025164
-3.56000000 0.35121022
-3.54000000 0.35216476
-3.52000000 0.35311512
-3.50000000 0.35406121
-3.48000000 0.35500290
-3.46000000 0.35594008
-3.44000000 0.35687264
-3.42000000 0.35780046
-3.40000000 0.35872343
-3.38000000 0.35964142
-3.36000000 0.36055432
-3.34000000 0.36146202
-3.32000000 0.36236439
-3.30000000 0.36326133
-3.28000000 0.36415270
-3.26000000 0.36503840
-3.24000000 0.36591830
-3.22000000 0.36679229
-3.20000000 0.36766024
-3.18000000 0.36852204
-3.16000000 0.36937757
-3.14000000 0.37022671
-3.12000000 0.37106934
-3.10000000 0.37190534
-3.08000000 0.37273459
-3.06000000 0.37355698
-3.04000000 0.37437238
-3.02000000 0.37518067
-3.00000000 0.37598175
-2.98000000 0.37677548
-2.96000000 0.37756175
-2.94000000 0.37834045
-2.92000000 0.37911145
-2.90000000 0.37987464
-2.88000000 0.38062990
-2.86000000 0.38137712
-2.84000000 0.38211618
-2.82000000 0.38284697
-2.80000000 0.38356937
-2.78000000 0.38428327
-2.76000000 0.38498855
-2.74000000 0.38568510
-2.72000000 0.38637281
-2.70000000 0.38705157
-2.68000000 0.38772127
-2.66000000 0.38838180
-2.64000000 0.38903306
-2.62000000 0.38967492
-2.60000000 0.39030730
-2.58000000 0.39093008
-2.56000000 0.39154315
-2.54000000 0.39214642
-2.52000000 0.39273979
-2.50000000 0.39332314
-2.48000000 0.39389639
-2.46000000 0.39445943
-2.44000000 0.39501217
-2.42000000 0.39555452
-2.40000000 0.39608636
-2.38000000 0.39660763
-2.36000000 0.39711821
-2.34000000 0.39761803
-2.32000000 0.39810700
-2.30000000 0.39858502
-2.28000000 0.39905202
-2.26000000 0.39950790
-2.24000000 0.39995259
-2.22000000 0.40038601
-2.20000000 0.40080808
-2.18000000 0.40121872
-2.16000000 0.40161786
-2.14000000 0.40200543
-2.12000000 0.40238135
-2.10000000 0.40274556
-2.08000000 0.40309798
-2.06000000 0.40343856
-2.04000000 0.40376723
-2.02000000 0.40408392
-2.00000000 0.40438859
-1.98000000 0.40468117
-1.96000000 0.40496161
-1.94000000 0.40522986
-1.92000000 0.40548587
-1.90000000 0.40572958
-1.88000000 0.40596095
-1.86000000 0.40617995
-1.84000000 0.40638652
-1.82000000 0.40658063
-1.80000000 0.40676224
-1.78000000 0.40693131
-1.76000000 0.40708782
-1.74000000 0.40723174
-1.72000000 0.40736304
-1.70000000 0.40748168
-1.68000000 0.40758766
-1.66000000 0.40768094
-1.64000000 0.40776152
-1.62000000 0.40782938
-1.60000000 0.40788449
-1.58000000 0.40792686
-1.56000000 0.40795648
-1.54000000 0.40797333
-1.52000000 0.40797742
-1.50000000 0.40796875
-1.48000000 0.40794731
-1.46000000 0.40791311
-1.44000000 0.40786616
-1.42000000 0.40780647
-1.40000000 0.40773404
-1.38000000 0.40764890
-1.36000000 0.40755105
-1.34000000 0.40744052
-1.32000000 0.40731732
-1.30000000 0.40718149
-1.28000000 0.40703305
-1.26000000 0.40687202
-1.24000000 0.40669844
-1.22000000 0.40651233
-1.20000000 0.40631374
-1.18000000 0.40610271
-1.16000000 0.40587926
-1.14000000 0.40564345
-1.12000000 0.40539531
-1.10000000 0.40513491
-1.08000000 0.40486227
-1.06000000 0.40457746
-1.04000000 0.40428053
-1.02000000 0.40397154
-1.00000000 0.40365053
-0.98000000 0.40331758
-0.96000000 0.40297274
-0.94000000 0.40261608
-0.92000000 0.40224765
-0.90000000 0.40186754
-0.88000000 0.40147581
-0.86000000 0.40107253
-0.84000000 0.40065777
-0.82000000 0.40023162
-0.80000000 0.39979414
-0.78000000 0.39934542
-0.76000000 0.39888553
-0.74000000 0.39841457
-0.72000000 0.39793260
-0.70000000 0.39743973
-0.68000000 0.39693603
-0.66000000 0.39642160
-0.64000000 0.39589652
-0.62000000 0.39536089
-0.60000000 0.39481481
-0.58000000 0.39425835
-0.56000000 0.39369163
-0.54000000 0.39311474
-0.52000000 0.39252778
-0.50000000 0.39193085
-0.48000000 0.39132404
-0.46000000 0.39070747
-0.44000000 0.39008123
-0.42000000 0.38944543
-0.40000000 0.38880018
-0.38000000 0.38814559
-0.36000000 0.38748175
-0.34000000 0.38680878
-0.32000000 0.38612679
-0.30000000 0.38543589
-0.28000000 0.38473619
-0.26000000 0.38402780
-0.24000000 0.38331084
-0.22000000 0.38258541
-0.20000000 0.38185164
-0.18000000 0.38110963
-0.16000000 0.38035951
-0.14000000 0.37960139
-0.12000000 0.37883538
-0.10000000 0.37806160
-0.08000000 0.37728017
-0.06000000 0.37649120
-0.04000000 0.37569482
-0.02000000 0.37489114
0.00000000 0.37408027
0.02000000 0.37326235
0.04000000 0.37243748
0.06000000 0.37160579
0.08000000 0.37076740
0.10000000 0.36992242
0.12000000 0.36907097
0.14000000 0.36821317
0.16000000 0.36734915
0.18000000 0.36647901
0.20000000 0.36560289
0.22000000 0.36472089
0.24000000 0.36383314
0.26000000 0.36293976
0.28000000 0.36204086
0.30000000 0.36113656
0.32000000 0.36022697
0.34000000 0.35931223
0.36000000 0.35839244
0.38000000 0.35746772
0.40000000 0.35653818
0.42000000 0.35560395
0.44000000 0.35466513
0.46000000 0.35372185
0.48000000 0.35277421
0.50000000 0.35182234
0.52000000 0.35086634
0.54000000 0.34990632
0.56000000 0.34894240
0.58000000 0.34797470
0.60000000 0.34700331
0.62000000 0.34602836
0.64000000 0.34504994
0.66000000 0.34406818
0.68000000 0.34308318
0.70000000 0.34209504
0.72000000 0.34110387
0.74000000 0.34010978
0.76000000 0.33911287
0.78000000 0.33811325
0.80000000 0.33711102
0.82000000 0.33610628
0.84000000 0.33509913
0.86000000 0.33408968
0.88000000 0.33307803
0.90000000 0.33206427
0.92000000 0.33104851
0.94000000 0.33003083
0.96000000 0.32901134
0.98000000 0.32799013
1.00000000 0.32696730
1.02000000 0.32594294
1.04000000 0.32491714
1.06000000 0.32388999
1.08000000 0.32286159
1.10000000 0.32183202
1.12000000 0.32080137
1.14000000 0.31976974
1.16000000 0.31873720
1.18000000 0.31770384
1.20000000 0.31666976
1.22000000 0.31563502
1.24000000 0.31459971
1.26000000 0.31356392
1.28000000 0.31252773
1.30000000 0.31149121
1.32000000 0.31045444
1.34000000 0.30941750
1.36000000 0.30838048
1.38000000 0.30734343
1.40000000 0.30630644
1.42000000 0.30526958
1.44000000 0.30423293
1.46000000 0.30319654
1.48000000 0.30216051
1.50000000 0.30112488
1.52000000 0.30008974
1.54000000 0.29905514
1.56000000 0.29802116
1.58000000 0.29698786
1.60000000 0.29595530
1.62000000 0.29492355
1.64000000 0.29389267
1.66000000 0.29286272
1.68000000 0.29183376
1.70000000 0.29080585
1.72000000 0.28977904
1.74000000 0.28875340
1.76000000 0.28772898
1.78000000 0.28670584
1.80000000 0.28568403
1.82000000 0.28466359
1.84000000 0.28364460
1.86000000 0.28262709
1.88000000 0.28161111
1.90000000 0.28059673
1.92000000 0.27958397
1.94000000 0.27857290
1.96000000 0.27756356
1.98000000 0.27655599
2.00000000 0.27555024
2.02000000 0.27454636
2.04000000 0.27354438
2.06000000 0.27254434
2.08000000 0.27154630
2.10000000 0.27055029
2.12000000 0.26955634
2.14000000 0.26856451
2.16000000 0.26757482
2.18000000 0.26658731
2.20000000 0.26560202
2.22000000 0.26461898
2.24000000 0.26363823
2.26000000 0.26265981
2.28000000 0.26168374
2.30000000 0.26071005
2.32000000 0.25973879
2.34000000 0.25876997
2.36000000 0.25780364
2.38000000 0.25683981
2.40000000 0.25587852
2.42000000 0.25491979
2.44000000 0.25396365
2.46000000 0.25301013
2.48000000 0.25205925
2.50000000 0.25111103
2.52000000 0.25016551
2.54000000 0.24922271
2.56000000 0.24828263
2.58000000 0.24734532
2.60000000 0.24641079
2.62000000 0.24547906
2.64000000 0.24455015
2.66000000 0.24362408
2.68000000 0.24270087
2.70000000 0.24178054
2.72000000 0.24086310
2.74000000 0.23994858
2.76000000 0.23903698
2.78000000 0.23812833
2.80000000 0.23722264
2.82000000 0.23631992
2.84000000 0.23542019
2.86000000 0.23452346
2.88000000 0.23362975
2.90000000 0.23273906
2.92000000 0.23185142
2.94000000 0.23096682
2.96000000 0.23008529
2.98000000 0.22920683
3.00000000 0.22833145
3.02000000 0.22745917
3.04000000 0.22658998
3.06000000 0.22572391
3.08000000 0.22486095
3.10000000 0.22400112
3.12000000 0.22314442
3.14000000 0.22229086
3.16000000 0.22144045
3.18000000 0.22059319
3.20000000 0.21974909
3.22000000 0.21890814
3.24000000 0.21807037
3.26000000 0.21723577
3.28000000 0.21640434
3.30000000 0.21557609
3.32000000 0.21475103
3.34000000 0.21392915
3.36000000 0.21311046
3.38000000 0.21229495
3.40000000 0.21148264
3.42000000 0.21067352
3.44000000 0.20986760
3.46000000 0.20906487
3.48000000 0.20826534
3.50000000 0.20746900
3.52000000 0.20667586
3.54000000 0.20588591
3.56000000 0.20509915
3.58000000 0.20431559
3.60000000 0.20353523
3.62000000 0.20275805
3.64000000 0.20198406
3.66000000 0.20121326
3.68000000 0.20044564
3.70000000 0.19968120
3.72000000 0.19891994
3.74000000 0.19816186
3.76000000 0.19740694
3.78000000 0.19665520
3.80000000 0.19590662
3.82000000 0.19516120
3.84000000 0.19441894
3.86000000 0.19367983
3.88000000 0.19294387
3.90000000 0.19221105
3.92000000 0.19148136
3.94000000 0.19075481
3.96000000 0.19003138
3.98000000 0.18931108
