-4.00000000 0.04783728
-3.98000000 0.04856147
-3.96000000 0.04930231
-3.94000000 0.05006031
-3.92000000 0.05083600
-3.90000000 0.05162994
-3.88000000 0.05244270
-3.86000000 0.05327488
-3.84000000 0.05412710
-3.82000000 0.05500002
-3.80000000 0.05589431
-3.78000000 0.05681066
-3.76000000 0.05774981
-3.74000000 0.05871253
-3.72000000 0.05969960
-3.70000000 0.06071185
-3.68000000 0.06175014
-3.66000000 0.06281538
-3.64000000 0.06390850
-3.62000000 0.06503048
-3.60000000 0.06618235
-3.58000000 0.06736517
-3.56000000 0.06858006
-3.54000000 0.06982818
-3.52000000 0.07111077
-3.50000000 0.07242910
-3.48000000 0.07378450
-3.46000000 0.07517837
-3.44000000 0.07661218
-3.42000000 0.07808748
-3.40000000 0.07960586
-3.38000000 0.08116903
-3.36000000 0.08277875
-3.34000000 0.08443688
-3.32000000 0.08614540
-3.30000000 0.08790634
-3.28000000 0.08972188
-3.26000000 0.09159428
-3.24000000 0.09352595
-3.22000000 0.09551939
-3.20000000 0.09757728
-3.18000000 0.09970239
-3.16000000 0.10189770
-3.14000000 0.10416631
-3.12000000 0.10651152
-3.10000000 0.10893680
-3.08000000 0.11144582
-3.06000000 0.11404248
-3.04000000 0.11673089
-3.02000000 0.11951541
-3.00000000 0.12240066
-2.98000000 0.12539153
-2.96000000 0.12849324
-2.94000000 0.13171129
-2.92000000 0.13505157
-2.90000000 0.13852032
-2.88000000 0.14212418
-2.86000000 0.14587023
-2.84000000 0.14976602
-2.82000000 0.15381960
-2.80000000 0.15803956
-2.78000000 0.16243511
-2.76000000 0.16701606
-2.74000000 0.17179295
-2.72000000 0.17677704
-2.70000000 0.18198044
-2.68000000 0.18741612
-2.66000000 0.19309805
-2.64000000 0.19904124
-2.62000000 0.20526185
-2.60000000 0.21177733
-2.58000000 0.21860647
-2.56000000 0.22576962
-2.54000000 0.23328875
-2.52000000 0.24118769
-2.50000000 0.24949225
-2.48000000 0.25823048
-2.46000000 0.26743287
-2.44000000 0.27713261
-2.42000000 0.28736588
-2.40000000 0.29817219
-2.38000000 0.30959473
-2.36000000 0.32168080
-2.34000000 0.33448229
-2.32000000 0.34805620
-2.30000000 0.36246524
-2.28000000 0.37777857
-2.26000000 0.39407255
-2.24000000 0.41143165
-2.22000000 0.42994955
-2.20000000 0.44973027
-2.18000000 0.47088961
-2.16000000 0.49355672
-2.14000000 0.51787600
-2.12000000 0.54400922
-2.10000000 0.57213806
-2.08000000 0.60246707
-2.06000000 0.63522712
-2.04000000 0.67067946
-2.02000000 0.70912050
-2.00000000 0.75088755
-1.98000000 0.79636545
-1.96000000 0.84599466
-1.94000000 0.90028076
-1.92000000 0.95980590
-1.90000000 1.02524251
-1.88000000 1.09736977
-1.86000000 1.17709347
-1.84000000 1.26546994
-1.82000000 1.36373502
-1.80000000 1.47333887
-1.78000000 1.59598813
-1.76000000 1.73369634
-1.74000000 1.88884420
-1.72000000 2.06425064
-1.70000000 2.26325513
-1.68000000 2.48981038
-1.66000000 2.74858136
-1.64000000 3.04504152
-1.62000000 3.38554699
-1.60000000 3.77735263
-1.58000000 4.22850571
-1.56000000 4.74750815
-1.54000000 5.34257265
-1.52000000 6.02021466
-1.50000000 6.78284435
-1.48000000 7.62502906
-1.46000000 8.52835573
-1.44000000 9.45560330
-1.42000000 10.34644127
-1.40000000 11.11870767
-1.38000000 11.67976182
-1.36000000 11.94876887
-1.34000000 11.88271435
-1.32000000 11.49242208
-1.30000000 10.83838964
-1.28000000 10.00919406
-1.26000000 9.09550867
-1.24000000 8.17171872
-1.22000000 7.28890568
-1.20000000 6.47631062
-1.18000000 5.74661483
-1.16000000 5.10166340
-1.14000000 4.53708488
-1.12000000 4.04548073
-1.10000000 3.61840178
-1.08000000 3.24746163
-1.06000000 2.92489681
-1.04000000 2.64379789
-1.02000000 2.39815816
-1.00000000 2.18282915
-0.98000000 1.99343473
-0.96000000 1.82627222
-0.94000000 1.67821504
-0.92000000 1.54662386
-0.90000000 1.42926855
-0.88000000 1.32426153
-0.86000000 1.23000139
-0.84000000 1.14512588
-0.82000000 1.06847277
-0.80000000 0.99904740
-0.78000000 0.93599582
-0.76000000 0.87858253
-0.74000000 0.82617198
-0.72000000 0.77821330
-0.70000000 0.73422748
-0.68000000 0.69379673
-0.66000000 0.65655555
-0.64000000 0.62218331
-0.62000000 0.59039786
-0.60000000 0.56095030
-0.58000000 0.53362045
-0.56000000 0.50821303
-0.54000000 0.48455442
-0.52000000 0.46248989
-0.50000000 0.44188122
-0.48000000 0.42260463
-0.46000000 0.40454910
-0.44000000 0.38761478
-0.42000000 0.37171171
-0.40000000 0.35675868
-0.38000000 0.34268223
-0.36000000 0.32941581
-0.34000000 0.31689899
-0.32000000 0.30507684
-0.30000000 0.29389931
-0.28000000 0.28332075
-0.26000000 0.27329946
-0.24000000 0.26379724
-0.22000000 0.25477913
-0.20000000 0.24621302
-0.18000000 0.23806939
-0.16000000 0.23032110
-0.14000000 0.22294312
-0.12000000 0.21591237
-0.10000000 0.20920753
-0.08000000 0.20280887
-0.06000000 0.19669813
-0.04000000 0.19085839
-0.02000000 0.18527394
0.00000000 0.17993019
0.02000000 0.17481356
0.04000000 0.16991144
0.06000000 0.16521204
0.08000000 0.16070439
0.10000000 0.15637825
0.12000000 0.15222404
0.14000000 0.14823281
0.16000000 0.14439618
0.18000000 0.14070629
0.20000000 0.13715579
0.22000000 0.13373777
0.24000000 0.13044574
0.26000000 0.12727360
0.28000000 0.12421563
0.30000000 0.12126643
0.32000000 0.11842092
0.34000000 0.11567431
0.36000000 0.11302208
0.38000000 0.11045997
0.40000000 0.10798397
0.42000000 0.10559025
0.44000000 0.10327523
0.46000000 0.10103550
0.48000000 0.09886785
0.50000000 0.09676922
0.52000000 0.09473672
0.54000000 0.09276760
0.56000000 0.09085928
0.58000000 0.08900926
0.60000000 0.08721522
0.62000000 0.08547491
0.64000000 0.08378623
0.66000000 0.08214714
0.68000000 0.08055574
0.70000000 0.07901020
0.72000000 0.07750877
0.74000000 0.07604979
0.76000000 0.07463169
0.78000000 0.07325294
0.80000000 0.07191213
0.82000000 0.07060785
0.84000000 0.06933881
0.86000000 0.06810375
0.88000000 0.06690147
0.90000000 0.06573082
0.92000000 0.06459070
0.94000000 0.06348006
0.96000000 0.06239789
0.98000000 0.06134324
1.00000000 0.06031518
1.02000000 0.05931282
1.04000000 0.05833532
1.06000000 0.05738186
1.08000000 0.05645166
1.10000000 0.05554397
1.12000000 0.05465808
1.14000000 0.05379329
1.16000000 0.05294893
1.18000000 0.05212437
1.20000000 0.05131900
1.22000000 0.05053223
1.24000000 0.04976348
1.26000000 0.04901222
1.28000000 0.04827792
1.30000000 0.04756006
1.32000000 0.04685818
1.34000000 0.04617178
1.36000000 0.04550043
1.38000000 0.04484369
1.40000000 0.04420113
1.42000000 0.04357236
1.44000000 0.04295698
1.46000000 0.04235461
1.48000000 0.04176489
1.50000000 0.04118747
1.52000000 0.04062201
1.54000000 0.04006818
1.56000000 0.03952567
1.58000000 0.03899416
1.60000000 0.03847337
1.62000000 0.03796301
1.64000000 0.03746280
1.66000000 0.03697248
1.68000000 0.03649178
1.70000000 0.03602045
1.72000000 0.03555826
1.74000000 0.03510498
1.76000000 0.03466036
1.78000000 0.03422420
1.80000000 0.03379628
1.82000000 0.03337639
1.84000000 0.03296434
1.86000000 0.03255993
1.88000000 0.03216297
1.90000000 0.03177329
1.92000000 0.03139070
1.94000000 0.03101503
1.96000000 0.03064613
1.98000000 0.03028382
2.00000000 0.02992795
2.02000000 0.02957837
2.04000000 0.02923494
2.06000000 0.02889750
2.08000000 0.02856592
2.10000000 0.02824007
2.12000000 0.02791982
2.14000000 0.02760503
2.16000000 0.02729559
2.18000000 0.02699137
2.20000000 0.02669226
2.22000000 0.02639814
2.24000000 0.02610890
2.26000000 0.02582444
2.28000000 0.02554465
2.30000000 0.02526943
2.32000000 0.02499869
2.34000000 0.02473231
2.36000000 0.02447022
2.38000000 0.02421231
2.40000000 0.02395851
2.42000000 0.02370872
2.44000000 0.02346286
2.46000000 0.02322085
2.48000000 0.02298260
2.50000000 0.02274805
2.52000000 0.02251712
2.54000000 0.02228972
2.56000000 0.02206579
2.58000000 0.02184526
2.60000000 0.02162807
2.62000000 0.02141413
2.64000000 0.02120340
2.66000000 0.02099580
2.68000000 0.02079127
2.70000000 0.02058976
2.72000000 0.02039120
2.74000000 0.02019554
2.76000000 0.02000272
2.78000000 0.01981269
2.80000000 0.01962538
2.82000000 0.01944076
2.84000000 0.01925877
2.86000000 0.01907936
2.88000000 0.01890248
2.90000000 0.01872809
2.92000000 0.01855613
2.94000000 0.01838657
2.96000000 0.01821935
2.98000000 0.01805444
3.00000000 0.01789180
3.02000000 0.01773137
3.04000000 0.01757313
3.06000000 0.01741703
3.08000000 0.01726303
3.10000000 0.01711110
3.12000000 0.01696120
3.14000000 0.01681330
3.16000000 0.01666735
3.18000000 0.01652333
3.20000000 0.01638119
3.22000000 0.01624092
3.24000000 0.01610247
3.26000000 0.01596581
3.28000000 0.01583092
3.30000000 0.01569776
3.32000000 0.01556630
3.34000000 0.01543652
3.36000000 0.01530838
3.38000000 0.01518187
3.40000000 0.01505694
3.42000000 0.01493358
3.44000000 0.01481175
3.46000000 0.01469144
3.48000000 0.01457262
3.50000000 0.01445526
3.52000000 0.01433935
3.54000000 0.01422484
3.56000000 0.01411174
3.58000000 0.01400000
3.60000000 0.01388961
3.62000000 0.01378055
3.64000000 0.01367280
3.66000000 0.01356633
3.68000000 0.01346112
3.70000000 0.01335716
3.72000000 0.01325443
3.74000000 0.01315291
3.76000000 0.01305257
3.78000000 0.01295340
3.80000000 0.01285538
3.82000000 0.01275849
3.84000000 0.01266272
3.86000000 0.01256805
3.88000000 0.01247446
3.90000000 0.01238194
3.92000000 0.01229047
3.94000000 0.01220003
3.96000000 0.01211061
3.98000000 0.01202219
