0.000000 1.000000 0.000000
1.000000 0.999467 0.037668
2.000000 0.997567 0.075280
3.000000 0.994305 0.112770
4.000000 0.989689 0.150072
5.000000 0.983732 0.187122
6.000000 0.976449 0.223856
7.000000 0.967861 0.260211
8.000000 0.957989 0.296127
9.000000 0.946860 0.331545
10.000000 0.934502 0.366409
11.000000 0.920946 0.400665
12.000000 0.906227 0.434259
13.000000 0.890379 0.467144
14.000000 0.873441 0.499271
15.000000 0.855452 0.530597
16.000000 0.836452 0.561079
17.000000 0.816484 0.590678
18.000000 0.795590 0.619357
19.000000 0.773816 0.647083
20.000000 0.751204 0.673823
21.000000 0.727802 0.699547
22.000000 0.703654 0.724229
23.000000 0.678807 0.747842
24.000000 0.653307 0.770366
25.000000 0.627202 0.791778
26.000000 0.600539 0.812060
27.000000 0.573364 0.831195
28.000000 0.545726 0.849169
29.000000 0.517671 0.865968
30.000000 0.489248 0.881584
31.000000 0.460504 0.896005
32.000000 0.431487 0.909227
33.000000 0.402244 0.921244
34.000000 0.372822 0.932054
35.000000 0.343268 0.941656
36.000000 0.313630 0.950051
37.000000 0.283953 0.957242
38.000000 0.254283 0.963236
39.000000 0.224666 0.968040
40.000000 0.195145 0.971662
41.000000 0.165766 0.974114
42.000000 0.136570 0.975410
43.000000 0.107600 0.975564
44.000000 0.078896 0.974593
45.000000 0.050498 0.972515
46.000000 0.022445 0.969351
47.000000 -0.005227 0.965123
48.000000 -0.032482 0.959852
49.000000 -0.059285 0.953565
50.000000 -0.085604 0.946285
51.000000 -0.111407 0.938041
52.000000 -0.136665 0.928860
53.000000 -0.161348 0.918771
54.000000 -0.185431 0.907803
55.000000 -0.208887 0.895988
56.000000 -0.231693 0.883356
57.000000 -0.253827 0.869939
58.000000 -0.275268 0.855770
59.000000 -0.295996 0.840882
60.000000 -0.315995 0.825308
61.000000 -0.335248 0.809082
62.000000 -0.353739 0.792238
63.000000 -0.371457 0.774811
64.000000 -0.388388 0.756836
65.000000 -0.404523 0.738347
66.000000 -0.419853 0.719379
67.000000 -0.434370 0.699968
68.000000 -0.448068 0.680149
69.000000 -0.460943 0.659956
70.000000 -0.472992 0.639425
71.000000 -0.484212 0.618590
72.000000 -0.494603 0.597485
73.000000 -0.504166 0.576146
74.000000 -0.512903 0.554606
75.000000 -0.520819 0.532899
76.000000 -0.527917 0.511057
77.000000 -0.534204 0.489114
78.000000 -0.539686 0.467100
79.000000 -0.544373 0.445049
80.000000 -0.548274 0.422989
81.000000 -0.551399 0.400952
82.000000 -0.553760 0.378966
83.000000 -0.555369 0.357060
84.000000 -0.556240 0.335262
85.000000 -0.556387 0.313599
86.000000 -0.555824 0.292097
87.000000 -0.554569 0.270780
88.000000 -0.552636 0.249674
89.000000 -0.550044 0.228801
90.000000 -0.546810 0.208184
91.000000 -0.542952 0.187845
92.000000 -0.538489 0.167804
93.000000 -0.533441 0.148081
94.000000 -0.527828 0.128696
95.000000 -0.521668 0.109664
96.000000 -0.514984 0.091005
97.000000 -0.507796 0.072733
98.000000 -0.500125 0.054864
99.000000 -0.491992 0.037411
100.000000 -0.483420 0.020388
101.000000 -0.474430 0.003807
102.000000 -0.465044 -0.012321
103.000000 -0.455283 -0.027986
104.000000 -0.445171 -0.043179
105.000000 -0.434729 -0.057891
106.000000 -0.423979 -0.072115
107.000000 -0.412944 -0.085845
108.000000 -0.401645 -0.099075
109.000000 -0.390104 -0.111801
110.000000 -0.378342 -0.124018
111.000000 -0.366381 -0.135725
112.000000 -0.354243 -0.146918
113.000000 -0.341947 -0.157598
114.000000 -0.329515 -0.167763
115.000000 -0.316966 -0.177414
116.000000 -0.304320 -0.186553
117.000000 -0.291598 -0.195181
118.000000 -0.278817 -0.203300
119.000000 -0.265997 -0.210914
120.000000 -0.253156 -0.218027
121.000000 -0.240311 -0.224643
122.000000 -0.227479 -0.230768
123.000000 -0.214679 -0.236406
124.000000 -0.201925 -0.241565
125.000000 -0.189234 -0.246250
126.000000 -0.176621 -0.250470
127.000000 -0.164102 -0.254231
128.000000 -0.151689 -0.257542
129.000000 -0.139398 -0.260412
130.000000 -0.127241 -0.262849
131.000000 -0.115231 -0.264862
132.000000 -0.103380 -0.266461
133.000000 -0.091701 -0.267657
134.000000 -0.080203 -0.268460
135.000000 -0.068898 -0.268880
136.000000 -0.057796 -0.268928
137.000000 -0.046905 -0.268615
138.000000 -0.036235 -0.267953
139.000000 -0.025795 -0.266952
140.000000 -0.015591 -0.265626
141.000000 -0.005630 -0.263985
142.000000 0.004080 -0.262042
143.000000 0.013533 -0.259808
144.000000 0.022725 -0.257295
145.000000 0.031650 -0.254516
146.000000 0.040304 -0.251483
147.000000 0.048683 -0.248208
148.000000 0.056784 -0.244702
149.000000 0.064603 -0.240978
150.000000 0.072139 -0.237048
151.000000 0.079389 -0.232924
152.000000 0.086353 -0.228617
153.000000 0.093028 -0.224139
154.000000 0.099414 -0.219502
155.000000 0.105512 -0.214717
156.000000 0.111321 -0.209795
157.000000 0.116842 -0.204748
158.000000 0.122075 -0.199586
159.000000 0.127023 -0.194320
160.000000 0.131686 -0.188961
161.000000 0.136068 -0.183519
162.000000 0.140169 -0.178004
163.000000 0.143993 -0.172426
164.000000 0.147543 -0.166796
165.000000 0.150822 -0.161122
166.000000 0.153834 -0.155414
167.000000 0.156581 -0.149681
168.000000 0.159069 -0.143932
169.000000 0.161302 -0.138175
170.000000 0.163283 -0.132419
171.000000 0.165019 -0.126672
172.000000 0.166513 -0.120941
173.000000 0.167771 -0.115235
174.000000 0.168798 -0.109559
175.000000 0.169600 -0.103922
176.000000 0.170182 -0.098330
177.000000 0.170550 -0.092789
178.000000 0.170710 -0.087306
179.000000 0.170668 -0.081885
180.000000 0.170430 -0.076533
181.000000 0.170001 -0.071256
182.000000 0.169389 -0.066057
183.000000 0.168599 -0.060941
184.000000 0.167638 -0.055913
185.000000 0.166512 -0.050978
186.000000 0.165228 -0.046138
187.000000 0.163791 -0.041398
188.000000 0.162208 -0.036760
189.000000 0.160486 -0.032229
190.000000 0.158631 -0.027806
191.000000 0.156649 -0.023495
192.000000 0.154546 -0.019297
193.000000 0.152330 -0.015215
194.000000 0.150005 -0.011250
195.000000 0.147578 -0.007405
196.000000 0.145056 -0.003681
197.000000 0.142444 -0.000078
198.000000 0.139749 0.003401
199.000000 0.136976 0.006757
200.000000 0.134131 0.009988
201.000000 0.131220 0.013095
202.000000 0.128248 0.016077
203.000000 0.125222 0.018933
204.000000 0.122147 0.021665
205.000000 0.119027 0.024273
206.000000 0.115869 0.026756
207.000000 0.112678 0.029117
208.000000 0.109458 0.031355
209.000000 0.106214 0.033471
210.000000 0.102952 0.035467
211.000000 0.099675 0.037344
212.000000 0.096389 0.039103
213.000000 0.093097 0.040746
214.000000 0.089805 0.042275
215.000000 0.086516 0.043691
216.000000 0.083234 0.044995
217.000000 0.079962 0.046191
218.000000 0.076706 0.047280
219.000000 0.073468 0.048263
220.000000 0.070251 0.049144
221.000000 0.067059 0.049924
222.000000 0.063896 0.050606
223.000000 0.060763 0.051193
224.000000 0.057665 0.051685
225.000000 0.054603 0.052087
226.000000 0.051581 0.052401
227.000000 0.048600 0.052628
228.000000 0.045663 0.052773
229.000000 0.042773 0.052837
230.000000 0.039931 0.052822
231.000000 0.037139 0.052733
232.000000 0.034400 0.052571
233.000000 0.031714 0.052339
234.000000 0.029083 0.052040
235.000000 0.026509 0.051676
236.000000 0.023994 0.051251
237.000000 0.021537 0.050767
238.000000 0.019141 0.050226
239.000000 0.016806 0.049632
240.000000 0.014533 0.048987
241.000000 0.012323 0.048294
242.000000 0.010177 0.047554
243.000000 0.008094 0.046772
244.000000 0.006076 0.045950
245.000000 0.004122 0.045089
246.000000 0.002234 0.044193
247.000000 0.000410 0.043264
248.000000 -0.001348 0.042305
249.000000 -0.003042 0.041317
250.000000 -0.004670 0.040304
251.000000 -0.006234 0.039267
252.000000 -0.007733 0.038210
253.000000 -0.009168 0.037133
254.000000 -0.010540 0.036039
255.000000 -0.011848 0.034931
256.000000 -0.013094 0.033810
257.000000 -0.014278 0.032678
258.000000 -0.015400 0.031538
259.000000 -0.016463 0.030391
260.000000 -0.017465 0.029239
261.000000 -0.018408 0.028084
262.000000 -0.019294 0.026927
263.000000 -0.020122 0.025771
264.000000 -0.020894 0.024617
265.000000 -0.021611 0.023466
266.000000 -0.022275 0.022320
267.000000 -0.022885 0.021181
268.000000 -0.023443 0.020049
269.000000 -0.023951 0.018926
270.000000 -0.024410 0.017814
271.000000 -0.024820 0.016713
272.000000 -0.025184 0.015625
273.000000 -0.025501 0.014551
274.000000 -0.025774 0.013491
275.000000 -0.026004 0.012447
276.000000 -0.026192 0.011420
277.000000 -0.026339 0.010410
278.000000 -0.026447 0.009419
279.000000 -0.026517 0.008447
280.000000 -0.026550 0.007494
281.000000 -0.026547 0.006562
282.000000 -0.026511 0.005651
283.000000 -0.026441 0.004762
284.000000 -0.026340 0.003895
285.000000 -0.026209 0.003050
286.000000 -0.026049 0.002228
287.000000 -0.025861 0.001429
288.000000 -0.025647 0.000654
289.000000 -0.025408 -0.000097
290.000000 -0.025145 -0.000825
291.000000 -0.024859 -0.001528
292.000000 -0.024552 -0.002206
293.000000 -0.024224 -0.002860
294.000000 -0.023878 -0.003490
295.000000 -0.023513 -0.004094
296.000000 -0.023132 -0.004675
297.000000 -0.022736 -0.005230
298.000000 -0.022325 -0.005762
299.000000 -0.021900 -0.006268
300.000000 -0.021463 -0.006751
301.000000 -0.021015 -0.007209
302.000000 -0.020557 -0.007644
303.000000 -0.020090 -0.008055
304.000000 -0.019614 -0.008442
305.000000 -0.019131 -0.008806
306.000000 -0.018641 -0.009148
307.000000 -0.018146 -0.009467
308.000000 -0.017646 -0.009763
309.000000 -0.017143 -0.010038
310.000000 -0.016636 -0.010291
311.000000 -0.016127 -0.010523
312.000000 -0.015617 -0.010735
313.000000 -0.015106 -0.010926
314.000000 -0.014596 -0.011097
315.000000 -0.014085 -0.011248
316.000000 -0.013576 -0.011381
317.000000 -0.013070 -0.011495
318.000000 -0.012565 -0.011592
319.000000 -0.012064 -0.011670
320.000000 -0.011567 -0.011732
321.000000 -0.011073 -0.011776
322.000000 -0.010585 -0.011805
323.000000 -0.010101 -0.011818
324.000000 -0.009624 -0.011816
325.000000 -0.009152 -0.011800
326.000000 -0.008687 -0.011769
327.000000 -0.008229 -0.011725
328.000000 -0.007778 -0.011667
329.000000 -0.007334 -0.011598
330.000000 -0.006899 -0.011516
331.000000 -0.006471 -0.011422
332.000000 -0.006052 -0.011318
333.000000 -0.005642 -0.011203
334.000000 -0.005240 -0.011078
335.000000 -0.004848 -0.010944
336.000000 -0.004464 -0.010800
337.000000 -0.004091 -0.010648
338.000000 -0.003726 -0.010488
339.000000 -0.003372 -0.010321
340.000000 -0.003027 -0.010146
341.000000 -0.002692 -0.009965
342.000000 -0.002367 -0.009778
343.000000 -0.002052 -0.009584
344.000000 -0.001748 -0.009386
345.000000 -0.001453 -0.009183
346.000000 -0.001168 -0.008975
347.000000 -0.000894 -0.008764
348.000000 -0.000629 -0.008548
349.000000 -0.000374 -0.008330
350.000000 -0.000130 -0.008109
351.000000 0.000105 -0.007885
352.000000 0.000330 -0.007659
353.000000 0.000545 -0.007432
354.000000 0.000750 -0.007203
355.000000 0.000946 -0.006973
356.000000 0.001132 -0.006743
357.000000 0.001309 -0.006512
358.000000 0.001476 -0.006281
359.000000 0.001635 -0.006050
360.000000 0.001784 -0.005819
361.000000 0.001925 -0.005590
362.000000 0.002057 -0.005362
363.000000 0.002180 -0.005134
364.000000 0.002295 -0.004909
365.000000 0.002402 -0.004685
366.000000 0.002501 -0.004463
367.000000 0.002592 -0.004243
368.000000 0.002676 -0.004026
369.000000 0.002752 -0.003811
370.000000 0.002821 -0.003599
371.000000 0.002882 -0.003391
372.000000 0.002937 -0.003185
373.000000 0.002985 -0.002982
374.000000 0.003027 -0.002783
375.000000 0.003062 -0.002587
376.000000 0.003091 -0.002395
377.000000 0.003115 -0.002207
378.000000 0.003132 -0.002023
379.000000 0.003145 -0.001842
380.000000 0.003152 -0.001666
381.000000 0.003153 -0.001494
382.000000 0.003150 -0.001326
383.000000 0.003143 -0.001162
384.000000 0.003131 -0.001003
385.000000 0.003114 -0.000848
386.000000 0.003094 -0.000697
387.000000 0.003069 -0.000551
388.000000 0.003041 -0.000410
389.000000 0.003009 -0.000272
390.000000 0.002975 -0.000140
391.000000 0.002936 -0.000012
392.000000 0.002895 0.000112
393.000000 0.002852 0.000231
394.000000 0.002805 0.000345
395.000000 0.002756 0.000456
396.000000 0.002705 0.000561
397.000000 0.002652 0.000662
398.000000 0.002597 0.000759
399.000000 0.002540 0.000852
400.000000 0.002481 0.000940
401.000000 0.002421 0.001023
402.000000 0.002360 0.001103
403.000000 0.002297 0.001178
404.000000 0.002234 0.001250
405.000000 0.002169 0.001317
406.000000 0.002104 0.001380
407.000000 0.002038 0.001439
408.000000 0.001972 0.001494
409.000000 0.001905 0.001546
410.000000 0.001838 0.001594
411.000000 0.001770 0.001638
412.000000 0.001703 0.001678
413.000000 0.001635 0.001715
414.000000 0.001568 0.001749
415.000000 0.001501 0.001779
416.000000 0.001434 0.001806
417.000000 0.001368 0.001830
418.000000 0.001302 0.001851
419.000000 0.001237 0.001869
420.000000 0.001172 0.001883
421.000000 0.001108 0.001895
422.000000 0.001045 0.001905
423.000000 0.000982 0.001911
424.000000 0.000921 0.001915
425.000000 0.000860 0.001917
426.000000 0.000801 0.001916
427.000000 0.000742 0.001913
428.000000 0.000685 0.001908
429.000000 0.000629 0.001900
430.000000 0.000574 0.001891
431.000000 0.000520 0.001879
432.000000 0.000467 0.001866
433.000000 0.000416 0.001851
434.000000 0.000366 0.001834
435.000000 0.000317 0.001816
436.000000 0.000270 0.001796
437.000000 0.000224 0.001774
438.000000 0.000179 0.001752
439.000000 0.000136 0.001728
440.000000 0.000094 0.001702
441.000000 0.000054 0.001676
442.000000 0.000015 0.001649
443.000000 -0.000023 0.001620
444.000000 -0.000059 0.001591
445.000000 -0.000094 0.001561
446.000000 -0.000127 0.001530
447.000000 -0.000159 0.001498
448.000000 -0.000190 0.001466
449.000000 -0.000219 0.001433
450.000000 -0.000246 0.001400
451.000000 -0.000273 0.001366
452.000000 -0.000298 0.001332
453.000000 -0.000321 0.001298
454.000000 -0.000344 0.001263
455.000000 -0.000365 0.001228
456.000000 -0.000384 0.001193
457.000000 -0.000403 0.001158
458.000000 -0.000420 0.001122
459.000000 -0.000436 0.001087
460.000000 -0.000450 0.001052
461.000000 -0.000464 0.001016
462.000000 -0.000476 0.000981
463.000000 -0.000488 0.000946
464.000000 -0.000498 0.000911
465.000000 -0.000507 0.000877
466.000000 -0.000515 0.000843
467.000000 -0.000522 0.000809
468.000000 -0.000528 0.000775
469.000000 -0.000533 0.000742
470.000000 -0.000537 0.000709
471.000000 -0.000540 0.000676
472.000000 -0.000542 0.000644
473.000000 -0.000543 0.000612
474.000000 -0.000544 0.000581
475.000000 -0.000544 0.000551
476.000000 -0.000543 0.000520
477.000000 -0.000541 0.000491
478.000000 -0.000538 0.000462
479.000000 -0.000535 0.000433
480.000000 -0.000531 0.000406
481.000000 -0.000527 0.000378
482.000000 -0.000522 0.000352
483.000000 -0.000516 0.000326
484.000000 -0.000510 0.000300
485.000000 -0.000504 0.000276
486.000000 -0.000497 0.000252
487.000000 -0.000489 0.000228
488.000000 -0.000481 0.000205
489.000000 -0.000473 0.000183
490.000000 -0.000464 0.000162
491.000000 -0.000455 0.000141
492.000000 -0.000446 0.000121
493.000000 -0.000436 0.000101
494.000000 -0.000426 0.000083
495.000000 -0.000416 0.000065
496.000000 -0.000405 0.000047
497.000000 -0.000395 0.000030
498.000000 -0.000384 0.000014
499.000000 -0.000373 -0.000001
500.000000 -0.000362 -0.000016
501.000000 -0.000351 -0.000030
502.000000 -0.000339 -0.000044
503.000000 -0.000328 -0.000057
504.000000 -0.000316 -0.000069
505.000000 -0.000305 -0.000081
506.000000 -0.000293 -0.000092
507.000000 -0.000282 -0.000103
508.000000 -0.000270 -0.000113
509.000000 -0.000259 -0.000122
510.000000 -0.000247 -0.000131
511.000000 -0.000236 -0.000139
512.000000 -0.000225 -0.000147
513.000000 -0.000213 -0.000154
514.000000 -0.000202 -0.000161
515.000000 -0.000191 -0.000167
516.000000 -0.000180 -0.000173
517.000000 -0.000169 -0.000178
518.000000 -0.000159 -0.000183
519.000000 -0.000148 -0.000187
520.000000 -0.000138 -0.000191
521.000000 -0.000128 -0.000195
522.000000 -0.000118 -0.000198
523.000000 -0.000108 -0.000201
524.000000 -0.000098 -0.000203
525.000000 -0.000089 -0.000205
526.000000 -0.000079 -0.000206
527.000000 -0.000070 -0.000207
528.000000 -0.000061 -0.000208
529.000000 -0.000053 -0.000209
530.000000 -0.000044 -0.000209
531.000000 -0.000036 -0.000209
532.000000 -0.000028 -0.000209
533.000000 -0.000020 -0.000208
534.000000 -0.000013 -0.000207
535.000000 -0.000006 -0.000206
536.000000 0.000001 -0.000204
537.000000 0.000008 -0.000203
538.000000 0.000015 -0.000201
539.000000 0.000021 -0.000199
540.000000 0.000027 -0.000197
541.000000 0.000033 -0.000194
542.000000 0.000039 -0.000192
543.000000 0.000044 -0.000189
544.000000 0.000049 -0.000186
545.000000 0.000054 -0.000183
546.000000 0.000059 -0.000180
547.000000 0.000063 -0.000176
548.000000 0.000067 -0.000173
549.000000 0.000072 -0.000169
550.000000 0.000075 -0.000166
551.000000 0.000079 -0.000162
552.000000 0.000082 -0.000158
553.000000 0.000085 -0.000155
554.000000 0.000088 -0.000151
555.000000 0.000091 -0.000147
556.000000 0.000093 -0.000143
557.000000 0.000096 -0.000139
558.000000 0.000098 -0.000135
559.000000 0.000100 -0.000131
560.000000 0.000102 -0.000127
561.000000 0.000103 -0.000122
562.000000 0.000105 -0.000118
563.000000 0.000106 -0.000114
564.000000 0.000107 -0.000110
565.000000 0.000108 -0.000106
566.000000 0.000108 -0.000102
567.000000 0.000109 -0.000098
568.000000 0.000109 -0.000094
569.000000 0.000110 -0.000090
570.000000 0.000110 -0.000086
571.000000 0.000110 -0.000082
572.000000 0.000110 -0.000079
573.000000 0.000109 -0.000075
574.000000 0.000109 -0.000071
575.000000 0.000108 -0.000067
576.000000 0.000108 -0.000064
577.000000 0.000107 -0.000060
578.000000 0.000106 -0.000057
579.000000 0.000105 -0.000053
580.000000 0.000104 -0.000050
581.000000 0.000103 -0.000047
582.000000 0.000102 -0.000043
583.000000 0.000101 -0.000040
584.000000 0.000099 -0.000037
585.000000 0.000098 -0.000034
586.000000 0.000096 -0.000031
587.000000 0.000095 -0.000029
588.000000 0.000093 -0.000026
589.000000 0.000091 -0.000023
590.000000 0.000090 -0.000021
591.000000 0.000088 -0.000018
592.000000 0.000086 -0.000016
593.000000 0.000084 -0.000013
594.000000 0.000082 -0.000011
595.000000 0.000081 -0.000009
596.000000 0.000079 -0.000007
597.000000 0.000077 -0.000005
598.000000 0.000075 -0.000003
599.000000 0.000073 -0.000001
600.000000 0.000071 0.000001
601.000000 0.000069 0.000003
602.000000 0.000067 0.000004
603.000000 0.000064 0.000006
604.000000 0.000062 0.000007
605.000000 0.000060 0.000009
606.000000 0.000058 0.000010
607.000000 0.000056 0.000011
608.000000 0.000054 0.000012
609.000000 0.000052 0.000013
610.000000 0.000050 0.000014
611.000000 0.000048 0.000015
612.000000 0.000046 0.000016
613.000000 0.000044 0.000017
614.000000 0.000042 0.000018
615.000000 0.000040 0.000019
616.000000 0.000038 0.000019
617.000000 0.000037 0.000020
618.000000 0.000035 0.000020
619.000000 0.000033 0.000021
620.000000 0.000031 0.000021
621.000000 0.000029 0.000022
622.000000 0.000028 0.000022
623.000000 0.000026 0.000022
624.000000 0.000024 0.000022
625.000000 0.000022 0.000023
626.000000 0.000021 0.000023
627.000000 0.000019 0.000023
628.000000 0.000018 0.000023
629.000000 0.000016 0.000023
630.000000 0.000015 0.000023
631.000000 0.000013 0.000023
632.000000 0.000012 0.000023
633.000000 0.000011 0.000022
634.000000 0.000009 0.000022
635.000000 0.000008 0.000022
636.000000 0.000007 0.000022
637.000000 0.000006 0.000022
638.000000 0.000004 0.000021
639.000000 0.000003 0.000021
640.000000 0.000002 0.000021
641.000000 0.000001 0.000020
642.000000 0.000000 0.000020
643.000000 -0.000001 0.000020
644.000000 -0.000002 0.000019
645.000000 -0.000003 0.000019
646.000000 -0.000004 0.000018
647.000000 -0.000004 0.000018
648.000000 -0.000005 0.000018
649.000000 -0.000006 0.000017
650.000000 -0.000007 0.000017
651.000000 -0.000007 0.000016
652.000000 -0.000008 0.000016
653.000000 -0.000009 0.000015
654.000000 -0.000009 0.000015
655.000000 -0.000010 0.000014
656.000000 -0.000010 0.000014
657.000000 -0.000011 0.000013
658.000000 -0.000011 0.000013
659.000000 -0.000011 0.000012
660.000000 -0.000012 0.000012
661.000000 -0.000012 0.000011
662.000000 -0.000013 0.000011
663.000000 -0.000013 0.000010
664.000000 -0.000013 0.000010
665.000000 -0.000013 0.000009
666.000000 -0.000014 0.000009
667.000000 -0.000014 0.000008
668.000000 -0.000014 0.000008
669.000000 -0.000014 0.000007
670.000000 -0.000014 0.000007
671.000000 -0.000014 0.000006
672.000000 -0.000014 0.000006
673.000000 -0.000014 0.000005
674.000000 -0.000014 0.000005
675.000000 -0.000014 0.000004
676.000000 -0.000014 0.000004
677.000000 -0.000014 0.000004
678.000000 -0.000014 0.000003
679.000000 -0.000014 0.000003
680.000000 -0.000014 0.000002
681.000000 -0.000014 0.000002
682.000000 -0.000014 0.000002
683.000000 -0.000014 0.000001
684.000000 -0.000014 0.000001
685.000000 -0.000014 0.000001
686.000000 -0.000014 0.000000
687.000000 -0.000013 -0.000000
688.000000 -0.000013 -0.000000
689.000000 -0.000013 -0.000001
690.000000 -0.000013 -0.000001
691.000000 -0.000013 -0.000001
692.000000 -0.000012 -0.000002
693.000000 -0.000012 -0.000002
694.000000 -0.000012 -0.000002
695.000000 -0.000012 -0.000002
696.000000 -0.000012 -0.000002
697.000000 -0.000011 -0.000003
698.000000 -0.000011 -0.000003
699.000000 -0.000011 -0.000003
700.000000 -0.000011 -0.000003
701.000000 -0.000010 -0.000003
702.000000 -0.000010 -0.000004
703.000000 -0.000010 -0.000004
704.000000 -0.000010 -0.000004
705.000000 -0.000009 -0.000004
706.000000 -0.000009 -0.000004
707.000000 -0.000009 -0.000004
708.000000 -0.000009 -0.000004
709.000000 -0.000008 -0.000004
710.000000 -0.000008 -0.000004
711.000000 -0.000008 -0.000004
712.000000 -0.000007 -0.000004
713.000000 -0.000007 -0.000005
714.000000 -0.000007 -0.000005
715.000000 -0.000007 -0.000005
716.000000 -0.000006 -0.000005
717.000000 -0.000006 -0.000005
718.000000 -0.000006 -0.000005
719.000000 -0.000006 -0.000005
720.000000 -0.000005 -0.000005
721.000000 -0.000005 -0.000005
722.000000 -0.000005 -0.000005
723.000000 -0.000005 -0.000005
724.000000 -0.000004 -0.000005
725.000000 -0.000004 -0.000005
726.000000 -0.000004 -0.000005
727.000000 -0.000004 -0.000005
728.000000 -0.000004 -0.000004
729.000000 -0.000003 -0.000004
730.000000 -0.000003 -0.000004
731.000000 -0.000003 -0.000004
732.000000 -0.000003 -0.000004
733.000000 -0.000003 -0.000004
734.000000 -0.000002 -0.000004
735.000000 -0.000002 -0.000004
736.000000 -0.000002 -0.000004
737.000000 -0.000002 -0.000004
738.000000 -0.000002 -0.000004
739.000000 -0.000002 -0.000004
740.000000 -0.000001 -0.000004
741.000000 -0.000001 -0.000004
742.000000 -0.000001 -0.000004
743.000000 -0.000001 -0.000003
744.000000 -0.000001 -0.000003
745.000000 -0.000001 -0.000003
746.000000 -0.000001 -0.000003
747.000000 -0.000000 -0.000003
748.000000 -0.000000 -0.000003
749.000000 -0.000000 -0.000003
750.000000 -0.000000 -0.000003
751.000000 -0.000000 -0.000003
752.000000 0.000000 -0.000003
753.000000 0.000000 -0.000002
754.000000 0.000000 -0.000002
755.000000 0.000000 -0.000002
756.000000 0.000000 -0.000002
757.000000 0.000001 -0.000002
758.000000 0.000001 -0.000002
759.000000 0.000001 -0.000002
760.000000 0.000001 -0.000002
761.000000 0.000001 -0.000002
762.000000 0.000001 -0.000002
763.000000 0.000001 -0.000002
764.000000 0.000001 -0.000001
765.000000 0.000001 -0.000001
766.000000 0.000001 -0.000001
767.000000 0.000001 -0.000001
768.000000 0.000001 -0.000001
769.000000 0.000001 -0.000001
770.000000 0.000001 -0.000001
771.000000 0.000001 -0.000001
772.000000 0.000001 -0.000001
773.000000 0.000001 -0.000001
774.000000 0.000001 -0.000001
775.000000 0.000001 -0.000001
776.000000 0.000001 -0.000001
777.000000 0.000001 -0.000000
778.000000 0.000001 -0.000000
779.000000 0.000001 -0.000000
780.000000 0.000001 -0.000000
781.000000 0.000001 -0.000000
782.000000 0.000001 -0.000000
783.000000 0.000001 -0.000000
784.000000 0.000001 -0.000000
785.000000 0.000001 0.000000
786.000000 0.000001 0.000000
787.000000 0.000001 0.000000
788.000000 0.000001 0.000000
789.000000 0.000001 0.000000
790.000000 0.000001 0.000000
791.000000 0.000001 0.000000
792.000000 0.000001 0.000000
793.000000 0.000001 0.000000
794.000000 0.000001 0.000000
795.000000 0.000001 0.000000
796.000000 0.000001 0.000001
797.000000 0.000001 0.000001
798.000000 0.000001 0.000001
799.000000 0.000001 0.000001
800.000000 0.000001 0.000001
801.000000 0.000001 0.000001
802.000000 0.000001 0.000001
803.000000 0.000001 0.000001
804.000000 0.000001 0.000001
805.000000 0.000001 0.000001
806.000000 0.000001 0.000001
807.000000 0.000001 0.000001
808.000000 0.000001 0.000001
809.000000 0.000001 0.000001
810.000000 0.000001 0.000001
811.000000 0.000001 0.000001
812.000000 0.000001 0.000001
813.000000 0.000001 0.000001
814.000000 0.000001 0.000001
815.000000 0.000001 0.000001
816.000000 0.000001 0.000001
817.000000 0.000001 0.000001
818.000000 0.000001 0.000001
819.000000 0.000001 0.000001
820.000000 0.000001 0.000001
821.000000 0.000000 0.000001
822.000000 0.000000 0.000001
823.000000 0.000000 0.000001
824.000000 0.000000 0.000001
825.000000 0.000000 0.000001
826.000000 0.000000 0.000001
827.000000 0.000000 0.000001
828.000000 0.000000 0.000001
829.000000 0.000000 0.000001
830.000000 0.000000 0.000001
831.000000 0.000000 0.000001
832.000000 0.000000 0.000001
833.000000 0.000000 0.000001
834.000000 0.000000 0.000001
835.000000 0.000000 0.000001
836.000000 0.000000 0.000001
837.000000 0.000000 0.000001
838.000000 0.000000 0.000001
839.000000 0.000000 0.000001
840.000000 0.000000 0.000001
841.000000 0.000000 0.000001
842.000000 0.000000 0.000001
843.000000 0.000000 0.000001
844.000000 0.000000 0.000001
845.000000 0.000000 0.000001
846.000000 0.000000 0.000001
847.000000 -0.000000 0.000001
848.000000 -0.000000 0.000001
849.000000 -0.000000 0.000001
850.000000 -0.000000 0.000001
851.000000 -0.000000 0.000001
852.000000 -0.000000 0.000001
853.000000 -0.000000 0.000000
854.000000 -0.000000 0.000000
855.000000 -0.000000 0.000000
856.000000 -0.000000 0.000000
857.000000 -0.000000 0.000000
858.000000 -0.000000 0.000000
859.000000 -0.000000 0.000000
860.000000 -0.000000 0.000000
861.000000 -0.000000 0.000000
862.000000 -0.000000 0.000000
863.000000 -0.000000 0.000000
864.000000 -0.000000 0.000000
865.000000 -0.000000 0.000000
866.000000 -0.000000 0.000000
867.000000 -0.000000 0.000000
868.000000 -0.000000 0.000000
869.000000 -0.000000 0.000000
870.000000 -0.000000 0.000000
871.000000 -0.000000 0.000000
872.000000 -0.000000 0.000000
873.000000 -0.000000 0.000000
874.000000 -0.000000 0.000000
875.000000 -0.000000 0.000000
876.000000 -0.000000 0.000000
877.000000 -0.000000 0.000000
878.000000 -0.000000 0.000000
879.000000 -0.000000 0.000000
880.000000 -0.000000 0.000000
881.000000 -0.000000 0.000000
882.000000 -0.000000 0.000000
883.000000 -0.000000 0.000000
884.000000 -0.000000 0.000000
885.000000 -0.000000 0.000000
886.000000 -0.000000 0.000000
887.000000 -0.000000 0.000000
888.000000 -0.000000 0.000000
889.000000 -0.000000 0.000000
890.000000 -0.000000 0.000000
891.000000 -0.000000 0.000000
892.000000 -0.000000 0.000000
893.000000 -0.000000 0.000000
894.000000 -0.000000 0.000000
895.000000 -0.000000 -0.000000
896.000000 -0.000000 -0.000000
897.000000 -0.000000 -0.000000
898.000000 -0.000000 -0.000000
899.000000 -0.000000 -0.000000
900.000000 -0.000000 -0.000000
901.000000 -0.000000 -0.000000
902.000000 -0.000000 -0.000000
903.000000 -0.000000 -0.000000
904.000000 -0.000000 -0.000000
905.000000 -0.000000 -0.000000
906.000000 -0.000000 -0.000000
907.000000 -0.000000 -0.000000
908.000000 -0.000000 -0.000000
909.000000 -0.000000 -0.000000
910.000000 -0.000000 -0.000000
911.000000 -0.000000 -0.000000
912.000000 -0.000000 -0.000000
913.000000 -0.000000 -0.000000
914.000000 -0.000000 -0.000000
915.000000 -0.000000 -0.000000
916.000000 -0.000000 -0.000000
917.000000 -0.000000 -0.000000
918.000000 -0.000000 -0.000000
919.000000 -0.000000 -0.000000
920.000000 -0.000000 -0.000000
921.000000 -0.000000 -0.000000
922.000000 -0.000000 -0.000000
923.000000 -0.000000 -0.000000
924.000000 -0.000000 -0.000000
925.000000 -0.000000 -0.000000
926.000000 -0.000000 -0.000000
927.000000 -0.000000 -0.000000
928.000000 -0.000000 -0.000000
929.000000 -0.000000 -0.000000
930.000000 -0.000000 -0.000000
931.000000 0.000000 -0.000000
932.000000 0.000000 -0.000000
933.000000 0.000000 -0.000000
934.000000 0.000000 -0.000000
935.000000 0.000000 -0.000000
936.000000 0.000000 -0.000000
937.000000 0.000000 -0.000000
938.000000 0.000000 -0.000000
939.000000 0.000000 -0.000000
940.000000 0.000000 -0.000000
941.000000 0.000000 -0.000000
942.000000 0.000000 -0.000000
943.000000 0.000000 -0.000000
944.000000 0.000000 -0.000000
945.000000 0.000000 -0.000000
946.000000 0.000000 -0.000000
947.000000 0.000000 -0.000000
948.000000 0.000000 -0.000000
949.000000 0.000000 -0.000000
950.000000 0.000000 -0.000000
951.000000 0.000000 -0.000000
952.000000 0.000000 -0.000000
953.000000 0.000000 -0.000000
954.000000 0.000000 -0.000000
955.000000 0.000000 -0.000000
956.000000 0.000000 -0.000000
957.000000 0.000000 -0.000000
958.000000 0.000000 -0.000000
959.000000 0.000000 -0.000000
960.000000 0.000000 -0.000000
961.000000 0.000000 -0.000000
962.000000 0.000000 -0.000000
963.000000 0.000000 -0.000000
964.000000 0.000000 -0.000000
965.000000 0.000000 -0.000000
966.000000 0.000000 -0.000000
967.000000 0.000000 -0.000000
968.000000 0.000000 -0.000000
969.000000 0.000000 -0.000000
970.000000 0.000000 -0.000000
971.000000 0.000000 -0.000000
972.000000 0.000000 -0.000000
973.000000 0.000000 -0.000000
974.000000 0.000000 -0.000000
975.000000 0.000000 -0.000000
976.000000 0.000000 -0.000000
977.000000 0.000000 -0.000000
978.000000 0.000000 -0.000000
979.000000 0.000000 -0.000000
980.000000 0.000000 -0.000000
981.000000 0.000000 -0.000000
982.000000 0.000000 -0.000000
983.000000 0.000000 -0.000000
984.000000 0.000000 -0.000000
985.000000 0.000000 -0.000000
986.000000 0.000000 -0.000000
987.000000 0.000000 -0.000000
988.000000 0.000000 -0.000000
989.000000 0.000000 -0.000000
990.000000 0.000000 -0.000000
991.000000 0.000000 -0.000000
992.000000 0.000000 -0.000000
993.000000 0.000000 -0.000000
994.000000 0.000000 -0.000000
995.000000 0.000000 -0.000000
996.000000 0.000000 -0.000000
997.000000 0.000000 -0.000000
998.000000 0.000000 -0.000000
999.000000 0.000000 -0.000000
1000.000000 0.000000 -0.000000
1001.000000 0.000000 -0.000000
1002.000000 0.000000 -0.000000
1003.000000 0.000000 -0.000000
1004.000000 0.000000 0.000000
1005.000000 0.000000 0.000000
1006.000000 0.000000 0.000000
1007.000000 0.000000 0.000000
1008.000000 0.000000 0.000000
1009.000000 0.000000 0.000000
1010.000000 0.000000 0.000000
1011.000000 0.000000 0.000000
1012.000000 0.000000 0.000000
1013.000000 0.000000 0.000000
1014.000000 0.000000 0.000000
1015.000000 0.000000 0.000000
1016.000000 0.000000 0.000000
1017.000000 0.000000 0.000000
1018.000000 0.000000 0.000000
1019.000000 0.000000 0.000000
1020.000000 0.000000 0.000000
1021.000000 0.000000 0.000000
1022.000000 0.000000 0.000000
1023.000000 0.000000 0.000000
1024.000000 0.000000 0.000000
1025.000000 0.000000 0.000000
1026.000000 0.000000 0.000000
1027.000000 0.000000 0.000000
1028.000000 0.000000 0.000000
1029.000000 0.000000 0.000000
1030.000000 0.000000 0.000000
1031.000000 0.000000 0.000000
1032.000000 0.000000 0.000000
1033.000000 0.000000 0.000000
1034.000000 0.000000 0.000000
1035.000000 -0.000000 0.000000
1036.000000 -0.000000 0.000000
1037.000000 -0.000000 0.000000
1038.000000 -0.000000 0.000000
1039.000000 -0.000000 0.000000
1040.000000 -0.000000 0.000000
1041.000000 -0.000000 0.000000
1042.000000 -0.000000 0.000000
1043.000000 -0.000000 0.000000
1044.000000 -0.000000 0.000000
1045.000000 -0.000000 0.000000
1046.000000 -0.000000 0.000000
1047.000000 -0.000000 0.000000
1048.000000 -0.000000 0.000000
1049.000000 -0.000000 0.000000
1050.000000 -0.000000 0.000000
1051.000000 -0.000000 0.000000
1052.000000 -0.000000 0.000000
1053.000000 -0.000000 0.000000
1054.000000 -0.000000 0.000000
1055.000000 -0.000000 0.000000
1056.000000 -0.000000 0.000000
1057.000000 -0.000000 0.000000
1058.000000 -0.000000 0.000000
1059.000000 -0.000000 0.000000
1060.000000 -0.000000 0.000000
1061.000000 -0.000000 0.000000
1062.000000 -0.000000 0.000000
1063.000000 -0.000000 0.000000
1064.000000 -0.000000 0.000000
1065.000000 -0.000000 0.000000
1066.000000 -0.000000 0.000000
1067.000000 -0.000000 0.000000
1068.000000 -0.000000 0.000000
1069.000000 -0.000000 0.000000
1070.000000 -0.000000 0.000000
1071.000000 -0.000000 0.000000
1072.000000 -0.000000 0.000000
1073.000000 -0.000000 0.000000
1074.000000 -0.000000 0.000000
1075.000000 -0.000000 0.000000
1076.000000 -0.000000 0.000000
1077.000000 -0.000000 0.000000
1078.000000 -0.000000 0.000000
1079.000000 -0.000000 0.000000
1080.000000 -0.000000 0.000000
1081.000000 -0.000000 0.000000
1082.000000 -0.000000 0.000000
1083.000000 -0.000000 0.000000
1084.000000 -0.000000 0.000000
1085.000000 -0.000000 0.000000
1086.000000 -0.000000 0.000000
1087.000000 -0.000000 0.000000
1088.000000 -0.000000 0.000000
1089.000000 -0.000000 0.000000
1090.000000 -0.000000 -0.000000
1091.000000 -0.000000 -0.000000
1092.000000 -0.000000 -0.000000
1093.000000 -0.000000 -0.000000
1094.000000 -0.000000 -0.000000
1095.000000 -0.000000 -0.000000
1096.000000 -0.000000 -0.000000
1097.000000 -0.000000 -0.000000
1098.000000 -0.000000 -0.000000
1099.000000 -0.000000 -0.000000
1100.000000 -0.000000 -0.000000
1101.000000 -0.000000 -0.000000
1102.000000 -0.000000 -0.000000
1103.000000 -0.000000 -0.000000
1104.000000 -0.000000 -0.000000
1105.000000 -0.000000 -0.000000
1106.000000 -0.000000 -0.000000
1107.000000 -0.000000 -0.000000
1108.000000 -0.000000 -0.000000
1109.000000 -0.000000 -0.000000
1110.000000 -0.000000 -0.000000
1111.000000 -0.000000 -0.000000
1112.000000 -0.000000 -0.000000
1113.000000 -0.000000 -0.000000
1114.000000 -0.000000 -0.000000
1115.000000 -0.000000 -0.000000
1116.000000 -0.000000 -0.000000
1117.000000 -0.000000 -0.000000
1118.000000 -0.000000 -0.000000
1119.000000 -0.000000 -0.000000
1120.000000 -0.000000 -0.000000
1121.000000 -0.000000 -0.000000
1122.000000 -0.000000 -0.000000
1123.000000 -0.000000 -0.000000
1124.000000 -0.000000 -0.000000
1125.000000 -0.000000 -0.000000
1126.000000 -0.000000 -0.000000
1127.000000 -0.000000 -0.000000
1128.000000 -0.000000 -0.000000
1129.000000 -0.000000 -0.000000
1130.000000 -0.000000 -0.000000
1131.000000 -0.000000 -0.000000
1132.000000 -0.000000 -0.000000
1133.000000 -0.000000 -0.000000
1134.000000 -0.000000 -0.000000
1135.000000 -0.000000 -0.000000
1136.000000 -0.000000 -0.000000
1137.000000 -0.000000 -0.000000
1138.000000 -0.000000 -0.000000
1139.000000 -0.000000 -0.000000
1140.000000 -0.000000 -0.000000
1141.000000 -0.000000 -0.000000
1142.000000 -0.000000 -0.000000
1143.000000 -0.000000 -0.000000
1144.000000 -0.000000 -0.000000
1145.000000 -0.000000 -0.000000
1146.000000 -0.000000 -0.000000
1147.000000 -0.000000 -0.000000
1148.000000 -0.000000 -0.000000
1149.000000 0.000000 -0.000000
1150.000000 0.000000 -0.000000
1151.000000 0.000000 -0.000000
1152.000000 0.000000 -0.000000
1153.000000 0.000000 -0.000000
1154.000000 0.000000 -0.000000
1155.000000 0.000000 -0.000000
1156.000000 0.000000 -0.000000
1157.000000 0.000000 -0.000000
1158.000000 0.000000 -0.000000
1159.000000 0.000000 -0.000000
1160.000000 0.000000 -0.000000
1161.000000 0.000000 -0.000000
1162.000000 0.000000 -0.000000
1163.000000 0.000000 -0.000000
1164.000000 0.000000 -0.000000
1165.000000 0.000000 -0.000000
1166.000000 0.000000 -0.000000
1167.000000 0.000000 -0.000000
1168.000000 0.000000 -0.000000
1169.000000 0.000000 -0.000000
1170.000000 0.000000 -0.000000
1171.000000 0.000000 -0.000000
1172.000000 0.000000 -0.000000
1173.000000 0.000000 -0.000000
1174.000000 0.000000 -0.000000
1175.000000 0.000000 -0.000000
1176.000000 0.000000 0.000000
1177.000000 0.000000 0.000000
1178.000000 0.000000 0.000000
1179.000000 0.000000 0.000000
1180.000000 0.000000 0.000000
1181.000000 0.000000 0.000000
1182.000000 0.000000 0.000000
1183.000000 0.000000 0.000000
1184.000000 0.000000 0.000000
1185.000000 0.000000 0.000000
1186.000000 0.000000 0.000000
1187.000000 0.000000 0.000000
1188.000000 0.000000 0.000000
1189.000000 0.000000 0.000000
1190.000000 0.000000 0.000000
1191.000000 0.000000 0.000000
1192.000000 0.000000 0.000000
1193.000000 0.000000 0.000000
1194.000000 0.000000 0.000000
1195.000000 0.000000 0.000000
1196.000000 0.000000 0.000000
1197.000000 0.000000 0.000000
1198.000000 0.000000 0.000000
1199.000000 0.000000 0.000000
1200.000000 0.000000 0.000000
1201.000000 0.000000 0.000000
1202.000000 0.000000 0.000000
1203.000000 0.000000 0.000000
1204.000000 0.000000 0.000000
1205.000000 0.000000 0.000000
1206.000000 0.000000 0.000000
1207.000000 0.000000 0.000000
1208.000000 0.000000 0.000000
1209.000000 0.000000 0.000000
1210.000000 0.000000 0.000000
1211.000000 0.000000 0.000000
1212.000000 0.000000 0.000000
1213.000000 0.000000 0.000000
1214.000000 0.000000 0.000000
1215.000000 0.000000 0.000000
1216.000000 0.000000 0.000000
1217.000000 0.000000 0.000000
1218.000000 0.000000 0.000000
1219.000000 0.000000 0.000000
1220.000000 0.000000 0.000000
1221.000000 0.000000 0.000000
1222.000000 0.000000 0.000000
1223.000000 0.000000 0.000000
1224.000000 0.000000 0.000000
1225.000000 0.000000 0.000000
1226.000000 0.000000 0.000000
1227.000000 0.000000 0.000000
1228.000000 0.000000 0.000000
1229.000000 0.000000 0.000000
1230.000000 0.000000 0.000000
1231.000000 0.000000 0.000000
1232.000000 0.000000 0.000000
1233.000000 0.000000 0.000000
1234.000000 0.000000 0.000000
1235.000000 0.000000 0.000000
1236.000000 0.000000 0.000000
1237.000000 0.000000 0.000000
1238.000000 0.000000 0.000000
1239.000000 0.000000 0.000000
1240.000000 0.000000 0.000000
1241.000000 0.000000 0.000000
1242.000000 0.000000 0.000000
1243.000000 0.000000 0.000000
1244.000000 0.000000 0.000000
1245.000000 0.000000 0.000000
1246.000000 0.000000 0.000000
1247.000000 0.000000 0.000000
1248.000000 0.000000 0.000000
1249.000000 0.000000 0.000000
1250.000000 0.000000 0.000000
1251.000000 0.000000 0.000000
1252.000000 0.000000 0.000000
1253.000000 0.000000 0.000000
1254.000000 0.000000 0.000000
1255.000000 -0.000000 0.000000
1256.000000 -0.000000 0.000000
1257.000000 -0.000000 0.000000
1258.000000 -0.000000 0.000000
1259.000000 -0.000000 0.000000
1260.000000 -0.000000 0.000000
1261.000000 -0.000000 0.000000
1262.000000 -0.000000 0.000000
1263.000000 -0.000000 0.000000
1264.000000 -0.000000 0.000000
1265.000000 -0.000000 0.000000
1266.000000 -0.000000 0.000000
1267.000000 -0.000000 0.000000
1268.000000 -0.000000 0.000000
1269.000000 -0.000000 0.000000
1270.000000 -0.000000 0.000000
1271.000000 -0.000000 0.000000
1272.000000 -0.000000 0.000000
1273.000000 -0.000000 0.000000
1274.000000 -0.000000 0.000000
1275.000000 -0.000000 0.000000
1276.000000 -0.000000 0.000000
1277.000000 -0.000000 0.000000
1278.000000 -0.000000 0.000000
1279.000000 -0.000000 0.000000
1280.000000 -0.000000 0.000000
1281.000000 -0.000000 0.000000
1282.000000 -0.000000 0.000000
1283.000000 -0.000000 0.000000
1284.000000 -0.000000 0.000000
1285.000000 -0.000000 0.000000
1286.000000 -0.000000 0.000000
1287.000000 -0.000000 -0.000000
1288.000000 -0.000000 -0.000000
1289.000000 -0.000000 -0.000000
1290.000000 -0.000000 -0.000000
1291.000000 -0.000000 -0.000000
1292.000000 -0.000000 -0.000000
1293.000000 -0.000000 -0.000000
1294.000000 -0.000000 -0.000000
1295.000000 -0.000000 -0.000000
1296.000000 -0.000000 -0.000000
1297.000000 -0.000000 -0.000000
1298.000000 -0.000000 -0.000000
1299.000000 -0.000000 -0.000000
1300.000000 -0.000000 -0.000000
1301.000000 -0.000000 -0.000000
1302.000000 -0.000000 -0.000000
1303.000000 -0.000000 -0.000000
1304.000000 -0.000000 -0.000000
1305.000000 -0.000000 -0.000000
1306.000000 -0.000000 -0.000000
1307.000000 -0.000000 -0.000000
1308.000000 -0.000000 -0.000000
1309.000000 -0.000000 -0.000000
1310.000000 -0.000000 -0.000000
1311.000000 -0.000000 -0.000000
1312.000000 -0.000000 -0.000000
1313.000000 -0.000000 -0.000000
1314.000000 -0.000000 -0.000000
1315.000000 -0.000000 -0.000000
1316.000000 -0.000000 -0.000000
1317.000000 -0.000000 -0.000000
1318.000000 -0.000000 -0.000000
1319.000000 -0.000000 -0.000000
1320.000000 -0.000000 -0.000000
1321.000000 -0.000000 -0.000000
1322.000000 -0.000000 -0.000000
1323.000000 -0.000000 -0.000000
1324.000000 -0.000000 -0.000000
1325.000000 -0.000000 -0.000000
1326.000000 -0.000000 -0.000000
1327.000000 -0.000000 -0.000000
1328.000000 -0.000000 -0.000000
1329.000000 0.000000 -0.000000
1330.000000 0.000000 -0.000000
1331.000000 0.000000 -0.000000
1332.000000 0.000000 -0.000000
1333.000000 0.000000 -0.000000
1334.000000 0.000000 -0.000000
1335.000000 0.000000 -0.000000
1336.000000 0.000000 -0.000000
1337.000000 0.000000 -0.000000
1338.000000 0.000000 -0.000000
1339.000000 0.000000 -0.000000
1340.000000 0.000000 -0.000000
1341.000000 0.000000 -0.000000
1342.000000 0.000000 -0.000000
1343.000000 0.000000 -0.000000
1344.000000 0.000000 -0.000000
1345.000000 0.000000 -0.000000
1346.000000 0.000000 -0.000000
1347.000000 0.000000 -0.000000
1348.000000 0.000000 -0.000000
1349.000000 0.000000 -0.000000
1350.000000 0.000000 -0.000000
1351.000000 0.000000 -0.000000
1352.000000 0.000000 -0.000000
1353.000000 0.000000 -0.000000
1354.000000 0.000000 -0.000000
1355.000000 0.000000 -0.000000
1356.000000 0.000000 -0.000000
1357.000000 0.000000 -0.000000
1358.000000 0.000000 -0.000000
1359.000000 0.000000 -0.000000
1360.000000 0.000000 -0.000000
1361.000000 0.000000 -0.000000
1362.000000 0.000000 -0.000000
1363.000000 0.000000 -0.000000
1364.000000 0.000000 -0.000000
1365.000000 0.000000 -0.000000
1366.000000 0.000000 -0.000000
1367.000000 0.000000 -0.000000
1368.000000 0.000000 -0.000000
1369.000000 0.000000 -0.000000
1370.000000 0.000000 -0.000000
1371.000000 0.000000 -0.000000
1372.000000 0.000000 -0.000000
1373.000000 0.000000 -0.000000
1374.000000 0.000000 -0.000000
1375.000000 0.000000 -0.000000
1376.000000 0.000000 -0.000000
1377.000000 0.000000 -0.000000
1378.000000 0.000000 -0.000000
1379.000000 0.000000 -0.000000
1380.000000 0.000000 -0.000000
1381.000000 0.000000 -0.000000
1382.000000 0.000000 -0.000000
1383.000000 0.000000 -0.000000
1384.000000 0.000000 -0.000000
1385.000000 0.000000 -0.000000
1386.000000 0.000000 -0.000000
1387.000000 0.000000 -0.000000
1388.000000 0.000000 -0.000000
1389.000000 0.000000 -0.000000
1390.000000 0.000000 -0.000000
1391.000000 0.000000 -0.000000
1392.000000 0.000000 -0.000000
1393.000000 0.000000 -0.000000
1394.000000 0.000000 -0.000000
1395.000000 0.000000 -0.000000
1396.000000 0.000000 -0.000000
1397.000000 0.000000 -0.000000
1398.000000 0.000000 -0.000000
1399.000000 0.000000 -0.000000
1400.000000 0.000000 -0.000000
1401.000000 0.000000 -0.000000
1402.000000 0.000000 -0.000000
1403.000000 0.000000 -0.000000
1404.000000 0.000000 -0.000000
1405.000000 0.000000 0.000000
1406.000000 0.000000 0.000000
1407.000000 0.000000 0.000000
1408.000000 0.000000 0.000000
1409.000000 0.000000 0.000000
1410.000000 0.000000 0.000000
1411.000000 0.000000 0.000000
1412.000000 0.000000 0.000000
1413.000000 0.000000 0.000000
1414.000000 0.000000 0.000000
1415.000000 0.000000 0.000000
1416.000000 0.000000 0.000000
1417.000000 0.000000 0.000000
1418.000000 0.000000 0.000000
1419.000000 0.000000 0.000000
1420.000000 0.000000 0.000000
1421.000000 0.000000 0.000000
1422.000000 0.000000 0.000000
1423.000000 0.000000 0.000000
1424.000000 -0.000000 0.000000
1425.000000 -0.000000 0.000000
1426.000000 -0.000000 0.000000
1427.000000 -0.000000 0.000000
1428.000000 -0.000000 0.000000
1429.000000 -0.000000 0.000000
1430.000000 -0.000000 0.000000
1431.000000 -0.000000 0.000000
1432.000000 -0.000000 0.000000
1433.000000 -0.000000 0.000000
1434.000000 -0.000000 0.000000
1435.000000 -0.000000 0.000000
1436.000000 -0.000000 0.000000
1437.000000 -0.000000 0.000000
1438.000000 -0.000000 0.000000
1439.000000 -0.000000 0.000000
1440.000000 -0.000000 0.000000
1441.000000 -0.000000 0.000000
1442.000000 -0.000000 0.000000
1443.000000 -0.000000 0.000000
1444.000000 -0.000000 0.000000
1445.000000 -0.000000 0.000000
1446.000000 -0.000000 0.000000
1447.000000 -0.000000 0.000000
1448.000000 -0.000000 0.000000
1449.000000 -0.000000 0.000000
1450.000000 -0.000000 0.000000
1451.000000 -0.000000 0.000000
1452.000000 -0.000000 0.000000
1453.000000 -0.000000 0.000000
1454.000000 -0.000000 0.000000
1455.000000 -0.000000 0.000000
1456.000000 -0.000000 0.000000
1457.000000 -0.000000 0.000000
1458.000000 -0.000000 0.000000
1459.000000 -0.000000 0.000000
1460.000000 -0.000000 0.000000
1461.000000 -0.000000 0.000000
1462.000000 -0.000000 0.000000
1463.000000 -0.000000 0.000000
1464.000000 -0.000000 0.000000
1465.000000 -0.000000 0.000000
1466.000000 -0.000000 0.000000
1467.000000 -0.000000 0.000000
1468.000000 -0.000000 0.000000
1469.000000 -0.000000 0.000000
1470.000000 -0.000000 0.000000
1471.000000 -0.000000 0.000000
1472.000000 -0.000000 0.000000
1473.000000 -0.000000 0.000000
1474.000000 -0.000000 0.000000
1475.000000 -0.000000 0.000000
1476.000000 -0.000000 0.000000
1477.000000 -0.000000 0.000000
1478.000000 -0.000000 0.000000
1479.000000 -0.000000 0.000000
1480.000000 -0.000000 0.000000
1481.000000 -0.000000 0.000000
1482.000000 -0.000000 0.000000
1483.000000 -0.000000 0.000000
1484.000000 -0.000000 0.000000
1485.000000 -0.000000 0.000000
1486.000000 -0.000000 0.000000
1487.000000 -0.000000 0.000000
1488.000000 -0.000000 0.000000
1489.000000 -0.000000 0.000000
1490.000000 -0.000000 0.000000
1491.000000 -0.000000 0.000000
1492.000000 -0.000000 0.000000
1493.000000 -0.000000 0.000000
1494.000000 -0.000000 0.000000
1495.000000 -0.000000 0.000000
1496.000000 -0.000000 0.000000
1497.000000 -0.000000 0.000000
1498.000000 -0.000000 0.000000
1499.000000 -0.000000 0.000000
1500.000000 -0.000000 0.000000
1501.000000 -0.000000 0.000000
1502.000000 -0.000000 -0.000000
1503.000000 -0.000000 -0.000000
1504.000000 -0.000000 -0.000000
1505.000000 -0.000000 -0.000000
1506.000000 -0.000000 -0.000000
1507.000000 -0.000000 -0.000000
1508.000000 -0.000000 -0.000000
1509.000000 -0.000000 -0.000000
1510.000000 -0.000000 -0.000000
1511.000000 -0.000000 -0.000000
1512.000000 -0.000000 -0.000000
1513.000000 -0.000000 -0.000000
1514.000000 -0.000000 -0.000000
1515.000000 -0.000000 -0.000000
1516.000000 -0.000000 -0.000000
1517.000000 -0.000000 -0.000000
1518.000000 -0.000000 -0.000000
1519.000000 -0.000000 -0.000000
1520.000000 -0.000000 -0.000000
1521.000000 -0.000000 -0.000000
1522.000000 -0.000000 -0.000000
1523.000000 -0.000000 -0.000000
1524.000000 -0.000000 -0.000000
1525.000000 -0.000000 -0.000000
1526.000000 -0.000000 -0.000000
1527.000000 -0.000000 -0.000000
1528.000000 -0.000000 -0.000000
1529.000000 -0.000000 -0.000000
1530.000000 -0.000000 -0.000000
1531.000000 -0.000000 -0.000000
1532.000000 -0.000000 -0.000000
1533.000000 -0.000000 -0.000000
1534.000000 -0.000000 -0.000000
1535.000000 -0.000000 -0.000000
1536.000000 -0.000000 -0.000000
1537.000000 -0.000000 -0.000000
1538.000000 -0.000000 -0.000000
1539.000000 -0.000000 -0.000000
1540.000000 -0.000000 -0.000000
1541.000000 -0.000000 -0.000000
1542.000000 0.000000 -0.000000
1543.000000 0.000000 -0.000000
1544.000000 0.000000 -0.000000
1545.000000 0.000000 -0.000000
1546.000000 0.000000 -0.000000
1547.000000 0.000000 -0.000000
1548.000000 0.000000 -0.000000
1549.000000 0.000000 -0.000000
1550.000000 0.000000 -0.000000
1551.000000 0.000000 -0.000000
1552.000000 0.000000 -0.000000
1553.000000 0.000000 -0.000000
1554.000000 0.000000 -0.000000
1555.000000 0.000000 -0.000000
1556.000000 0.000000 -0.000000
1557.000000 0.000000 -0.000000
1558.000000 0.000000 -0.000000
1559.000000 0.000000 -0.000000
1560.000000 0.000000 -0.000000
1561.000000 0.000000 -0.000000
1562.000000 0.000000 -0.000000
1563.000000 0.000000 -0.000000
1564.000000 0.000000 -0.000000
1565.000000 0.000000 -0.000000
1566.000000 0.000000 0.000000
1567.000000 0.000000 0.000000
1568.000000 0.000000 0.000000
1569.000000 0.000000 0.000000
1570.000000 0.000000 0.000000
1571.000000 0.000000 0.000000
1572.000000 0.000000 0.000000
1573.000000 0.000000 0.000000
1574.000000 0.000000 0.000000
1575.000000 0.000000 0.000000
1576.000000 0.000000 0.000000
1577.000000 0.000000 0.000000
1578.000000 0.000000 0.000000
1579.000000 0.000000 0.000000
1580.000000 0.000000 0.000000
1581.000000 0.000000 0.000000
1582.000000 0.000000 0.000000
1583.000000 0.000000 0.000000
1584.000000 0.000000 0.000000
1585.000000 0.000000 0.000000
1586.000000 0.000000 0.000000
1587.000000 0.000000 0.000000
1588.000000 0.000000 0.000000
1589.000000 0.000000 0.000000
1590.000000 0.000000 0.000000
1591.000000 0.000000 0.000000
1592.000000 0.000000 0.000000
1593.000000 0.000000 0.000000
1594.000000 0.000000 0.000000
1595.000000 0.000000 0.000000
1596.000000 0.000000 0.000000
1597.000000 0.000000 0.000000
1598.000000 0.000000 0.000000
1599.000000 0.000000 0.000000
1600.000000 0.000000 0.000000
1601.000000 0.000000 0.000000
1602.000000 0.000000 0.000000
1603.000000 0.000000 0.000000
1604.000000 0.000000 0.000000
1605.000000 0.000000 0.000000
1606.000000 0.000000 0.000000
1607.000000 0.000000 0.000000
1608.000000 0.000000 0.000000
1609.000000 0.000000 0.000000
1610.000000 0.000000 0.000000
1611.000000 0.000000 0.000000
1612.000000 0.000000 0.000000
1613.000000 0.000000 0.000000
1614.000000 0.000000 0.000000
1615.000000 0.000000 0.000000
1616.000000 0.000000 0.000000
1617.000000 0.000000 0.000000
1618.000000 0.000000 0.000000
1619.000000 0.000000 0.000000
1620.000000 0.000000 0.000000
1621.000000 0.000000 0.000000
1622.000000 0.000000 0.000000
1623.000000 0.000000 0.000000
1624.000000 0.000000 0.000000
1625.000000 0.000000 0.000000
1626.000000 0.000000 0.000000
1627.000000 0.000000 0.000000
1628.000000 0.000000 0.000000
1629.000000 0.000000 0.000000
1630.000000 0.000000 0.000000
1631.000000 0.000000 0.000000
1632.000000 0.000000 0.000000
1633.000000 0.000000 0.000000
1634.000000 0.000000 0.000000
1635.000000 0.000000 0.000000
1636.000000 0.000000 0.000000
1637.000000 0.000000 0.000000
1638.000000 0.000000 0.000000
1639.000000 0.000000 0.000000
1640.000000 0.000000 0.000000
1641.000000 0.000000 0.000000
1642.000000 0.000000 0.000000
1643.000000 0.000000 0.000000
1644.000000 0.000000 0.000000
1645.000000 0.000000 0.000000
1646.000000 0.000000 0.000000
1647.000000 0.000000 0.000000
1648.000000 0.000000 0.000000
1649.000000 0.000000 0.000000
1650.000000 0.000000 0.000000
1651.000000 0.000000 0.000000
1652.000000 0.000000 0.000000
1653.000000 0.000000 0.000000
1654.000000 0.000000 0.000000
1655.000000 0.000000 0.000000
1656.000000 0.000000 0.000000
1657.000000 0.000000 0.000000
1658.000000 0.000000 0.000000
1659.000000 0.000000 0.000000
1660.000000 0.000000 0.000000
1661.000000 0.000000 0.000000
1662.000000 0.000000 0.000000
1663.000000 -0.000000 0.000000
1664.000000 -0.000000 0.000000
1665.000000 -0.000000 0.000000
1666.000000 -0.000000 0.000000
1667.000000 -0.000000 0.000000
1668.000000 -0.000000 0.000000
1669.000000 -0.000000 0.000000
1670.000000 -0.000000 0.000000
1671.000000 -0.000000 0.000000
1672.000000 -0.000000 0.000000
1673.000000 -0.000000 0.000000
1674.000000 -0.000000 0.000000
1675.000000 -0.000000 -0.000000
1676.000000 -0.000000 -0.000000
1677.000000 -0.000000 -0.000000
1678.000000 -0.000000 -0.000000
1679.000000 -0.000000 -0.000000
1680.000000 -0.000000 -0.000000
1681.000000 -0.000000 -0.000000
1682.000000 -0.000000 -0.000000
1683.000000 -0.000000 -0.000000
1684.000000 -0.000000 -0.000000
1685.000000 -0.000000 -0.000000
1686.000000 -0.000000 -0.000000
1687.000000 -0.000000 -0.000000
1688.000000 -0.000000 -0.000000
1689.000000 -0.000000 -0.000000
1690.000000 -0.000000 -0.000000
1691.000000 -0.000000 -0.000000
1692.000000 -0.000000 -0.000000
1693.000000 -0.000000 -0.000000
1694.000000 -0.000000 -0.000000
1695.000000 -0.000000 -0.000000
1696.000000 -0.000000 -0.000000
1697.000000 -0.000000 -0.000000
1698.000000 -0.000000 -0.000000
1699.000000 -0.000000 -0.000000
1700.000000 -0.000000 -0.000000
1701.000000 -0.000000 -0.000000
1702.000000 -0.000000 -0.000000
1703.000000 -0.000000 -0.000000
1704.000000 -0.000000 -0.000000
1705.000000 -0.000000 -0.000000
1706.000000 -0.000000 -0.000000
1707.000000 -0.000000 -0.000000
1708.000000 -0.000000 -0.000000
1709.000000 -0.000000 -0.000000
1710.000000 -0.000000 -0.000000
1711.000000 -0.000000 -0.000000
1712.000000 -0.000000 -0.000000
1713.000000 -0.000000 -0.000000
1714.000000 -0.000000 -0.000000
1715.000000 -0.000000 -0.000000
1716.000000 -0.000000 -0.000000
1717.000000 -0.000000 -0.000000
1718.000000 -0.000000 -0.000000
1719.000000 -0.000000 -0.000000
1720.000000 -0.000000 -0.000000
1721.000000 -0.000000 -0.000000
1722.000000 -0.000000 -0.000000
1723.000000 -0.000000 -0.000000
1724.000000 -0.000000 -0.000000
1725.000000 -0.000000 -0.000000
1726.000000 -0.000000 -0.000000
1727.000000 -0.000000 -0.000000
1728.000000 -0.000000 -0.000000
1729.000000 -0.000000 -0.000000
1730.000000 -0.000000 -0.000000
1731.000000 -0.000000 -0.000000
1732.000000 -0.000000 -0.000000
1733.000000 -0.000000 -0.000000
1734.000000 -0.000000 -0.000000
1735.000000 -0.000000 -0.000000
1736.000000 -0.000000 -0.000000
1737.000000 -0.000000 -0.000000
1738.000000 -0.000000 -0.000000
1739.000000 -0.000000 -0.000000
1740.000000 0.000000 -0.000000
1741.000000 0.000000 -0.000000
1742.000000 0.000000 -0.000000
1743.000000 0.000000 -0.000000
1744.000000 0.000000 -0.000000
1745.000000 0.000000 -0.000000
1746.000000 0.000000 -0.000000
1747.000000 0.000000 -0.000000
1748.000000 0.000000 -0.000000
1749.000000 0.000000 -0.000000
1750.000000 0.000000 -0.000000
1751.000000 0.000000 -0.000000
1752.000000 0.000000 -0.000000
1753.000000 0.000000 -0.000000
1754.000000 0.000000 -0.000000
1755.000000 0.000000 -0.000000
1756.000000 0.000000 -0.000000
1757.000000 0.000000 -0.000000
1758.000000 0.000000 -0.000000
1759.000000 0.000000 -0.000000
1760.000000 0.000000 -0.000000
1761.000000 0.000000 -0.000000
1762.000000 0.000000 -0.000000
1763.000000 0.000000 -0.000000
1764.000000 0.000000 -0.000000
1765.000000 0.000000 -0.000000
1766.000000 0.000000 -0.000000
1767.000000 0.000000 -0.000000
1768.000000 0.000000 -0.000000
1769.000000 0.000000 -0.000000
1770.000000 0.000000 -0.000000
1771.000000 0.000000 -0.000000
1772.000000 0.000000 -0.000000
1773.000000 0.000000 -0.000000
1774.000000 0.000000 -0.000000
1775.000000 0.000000 -0.000000
1776.000000 0.000000 -0.000000
1777.000000 0.000000 -0.000000
1778.000000 0.000000 -0.000000
1779.000000 0.000000 -0.000000
1780.000000 0.000000 -0.000000
1781.000000 0.000000 -0.000000
1782.000000 0.000000 -0.000000
1783.000000 0.000000 -0.000000
1784.000000 0.000000 -0.000000
1785.000000 0.000000 -0.000000
1786.000000 0.000000 -0.000000
1787.000000 0.000000 -0.000000
1788.000000 0.000000 -0.000000
1789.000000 0.000000 -0.000000
1790.000000 0.000000 -0.000000
1791.000000 0.000000 -0.000000
1792.000000 0.000000 -0.000000
1793.000000 0.000000 -0.000000
1794.000000 0.000000 -0.000000
1795.000000 0.000000 -0.000000
1796.000000 0.000000 -0.000000
1797.000000 0.000000 -0.000000
1798.000000 0.000000 -0.000000
1799.000000 0.000000 0.000000
1800.000000 0.000000 0.000000
1801.000000 0.000000 0.000000
1802.000000 0.000000 0.000000
1803.000000 0.000000 0.000000
1804.000000 0.000000 0.000000
1805.000000 0.000000 0.000000
1806.000000 0.000000 0.000000
1807.000000 -0.000000 0.000000
1808.000000 -0.000000 0.000000
1809.000000 -0.000000 0.000000
1810.000000 -0.000000 0.000000
1811.000000 -0.000000 0.000000
1812.000000 -0.000000 0.000000
1813.000000 -0.000000 0.000000
1814.000000 -0.000000 0.000000
1815.000000 -0.000000 0.000000
1816.000000 -0.000000 0.000000
1817.000000 -0.000000 0.000000
1818.000000 -0.000000 0.000000
1819.000000 -0.000000 0.000000
1820.000000 -0.000000 0.000000
1821.000000 -0.000000 0.000000
1822.000000 -0.000000 0.000000
1823.000000 -0.000000 0.000000
1824.000000 -0.000000 0.000000
1825.000000 -0.000000 0.000000
1826.000000 -0.000000 0.000000
1827.000000 -0.000000 0.000000
1828.000000 -0.000000 0.000000
1829.000000 -0.000000 0.000000
1830.000000 -0.000000 0.000000
1831.000000 -0.000000 0.000000
1832.000000 -0.000000 0.000000
1833.000000 -0.000000 0.000000
1834.000000 -0.000000 0.000000
1835.000000 -0.000000 0.000000
1836.000000 -0.000000 0.000000
1837.000000 -0.000000 0.000000
1838.000000 -0.000000 0.000000
1839.000000 -0.000000 0.000000
1840.000000 -0.000000 0.000000
1841.000000 -0.000000 0.000000
1842.000000 -0.000000 0.000000
1843.000000 -0.000000 0.000000
1844.000000 -0.000000 0.000000
1845.000000 -0.000000 0.000000
1846.000000 -0.000000 0.000000
1847.000000 -0.000000 0.000000
1848.000000 -0.000000 0.000000
1849.000000 -0.000000 0.000000
1850.000000 -0.000000 0.000000
1851.000000 -0.000000 0.000000
1852.000000 -0.000000 0.000000
1853.000000 -0.000000 0.000000
1854.000000 -0.000000 0.000000
1855.000000 -0.000000 0.000000
1856.000000 -0.000000 0.000000
1857.000000 -0.000000 0.000000
1858.000000 -0.000000 0.000000
1859.000000 -0.000000 0.000000
1860.000000 -0.000000 0.000000
1861.000000 -0.000000 0.000000
1862.000000 -0.000000 0.000000
1863.000000 -0.000000 0.000000
1864.000000 -0.000000 0.000000
1865.000000 -0.000000 0.000000
1866.000000 -0.000000 0.000000
1867.000000 -0.000000 0.000000
1868.000000 -0.000000 0.000000
1869.000000 -0.000000 0.000000
1870.000000 -0.000000 0.000000
1871.000000 -0.000000 0.000000
1872.000000 -0.000000 0.000000
1873.000000 -0.000000 0.000000
1874.000000 -0.000000 0.000000
1875.000000 -0.000000 0.000000
1876.000000 -0.000000 0.000000
1877.000000 -0.000000 0.000000
1878.000000 -0.000000 0.000000
1879.000000 -0.000000 0.000000
1880.000000 -0.000000 0.000000
1881.000000 -0.000000 0.000000
1882.000000 -0.000000 0.000000
1883.000000 -0.000000 0.000000
1884.000000 -0.000000 0.000000
1885.000000 -0.000000 0.000000
1886.000000 -0.000000 0.000000
1887.000000 -0.000000 0.000000
1888.000000 -0.000000 0.000000
1889.000000 -0.000000 0.000000
1890.000000 -0.000000 0.000000
1891.000000 -0.000000 0.000000
1892.000000 -0.000000 0.000000
1893.000000 -0.000000 0.000000
1894.000000 -0.000000 0.000000
1895.000000 -0.000000 0.000000
1896.000000 -0.000000 0.000000
1897.000000 -0.000000 0.000000
1898.000000 -0.000000 0.000000
1899.000000 -0.000000 0.000000
1900.000000 -0.000000 0.000000
1901.000000 -0.000000 0.000000
1902.000000 -0.000000 0.000000
1903.000000 -0.000000 0.000000
1904.000000 -0.000000 0.000000
1905.000000 -0.000000 0.000000
1906.000000 -0.000000 0.000000
1907.000000 -0.000000 0.000000
1908.000000 -0.000000 0.000000
1909.000000 -0.000000 0.000000
1910.000000 -0.000000 0.000000
1911.000000 -0.000000 0.000000
1912.000000 -0.000000 0.000000
1913.000000 -0.000000 0.000000
1914.000000 -0.000000 0.000000
1915.000000 -0.000000 0.000000
1916.000000 -0.000000 0.000000
1917.000000 -0.000000 0.000000
1918.000000 -0.000000 0.000000
1919.000000 -0.000000 0.000000
1920.000000 -0.000000 0.000000
1921.000000 -0.000000 0.000000
1922.000000 -0.000000 0.000000
1923.000000 -0.000000 0.000000
1924.000000 -0.000000 0.000000
1925.000000 -0.000000 0.000000
1926.000000 -0.000000 0.000000
1927.000000 -0.000000 -0.000000
1928.000000 -0.000000 -0.000000
1929.000000 -0.000000 -0.000000
1930.000000 0.000000 -0.000000
1931.000000 0.000000 -0.000000
1932.000000 0.000000 -0.000000
1933.000000 0.000000 -0.000000
1934.000000 0.000000 -0.000000
1935.000000 0.000000 -0.000000
1936.000000 0.000000 -0.000000
1937.000000 0.000000 -0.000000
1938.000000 0.000000 -0.000000
1939.000000 0.000000 -0.000000
1940.000000 0.000000 -0.000000
1941.000000 0.000000 -0.000000
1942.000000 0.000000 -0.000000
1943.000000 0.000000 -0.000000
1944.000000 0.000000 -0.000000
1945.000000 0.000000 -0.000000
1946.000000 0.000000 -0.000000
1947.000000 0.000000 -0.000000
1948.000000 0.000000 -0.000000
1949.000000 0.000000 -0.000000
1950.000000 0.000000 -0.000000
1951.000000 0.000000 -0.000000
1952.000000 0.000000 -0.000000
1953.000000 0.000000 -0.000000
1954.000000 0.000000 -0.000000
1955.000000 0.000000 -0.000000
1956.000000 0.000000 -0.000000
1957.000000 0.000000 -0.000000
1958.000000 0.000000 -0.000000
1959.000000 0.000000 0.000000
1960.000000 0.000000 0.000000
1961.000000 0.000000 0.000000
1962.000000 0.000000 0.000000
1963.000000 0.000000 0.000000
1964.000000 0.000000 0.000000
1965.000000 0.000000 0.000000
1966.000000 0.000000 0.000000
1967.000000 0.000000 0.000000
1968.000000 0.000000 0.000000
1969.000000 0.000000 0.000000
1970.000000 0.000000 0.000000
1971.000000 0.000000 0.000000
1972.000000 0.000000 0.000000
1973.000000 0.000000 0.000000
1974.000000 0.000000 0.000000
1975.000000 0.000000 0.000000
1976.000000 0.000000 0.000000
1977.000000 0.000000 0.000000
1978.000000 0.000000 0.000000
1979.000000 0.000000 0.000000
1980.000000 0.000000 0.000000
1981.000000 0.000000 0.000000
1982.000000 0.000000 0.000000
1983.000000 0.000000 0.000000
1984.000000 0.000000 0.000000
1985.000000 0.000000 0.000000
1986.000000 0.000000 0.000000
1987.000000 0.000000 0.000000
1988.000000 0.000000 0.000000
1989.000000 0.000000 0.000000
1990.000000 0.000000 0.000000
1991.000000 0.000000 0.000000
1992.000000 0.000000 0.000000
1993.000000 0.000000 0.000000
1994.000000 0.000000 0.000000
1995.000000 0.000000 0.000000
1996.000000 0.000000 0.000000
1997.000000 0.000000 0.000000
1998.000000 0.000000 0.000000
1999.000000 0.000000 0.000000
