0.00000000 1.00000000 0.00000000
1.00000000 0.99964523 0.00017738
2.00000000 0.99858245 0.00070738
3.00000000 0.99681675 0.00158260
4.00000000 0.99435652 0.00279044
5.00000000 0.99121339 0.00431337
6.00000000 0.98740203 0.00612945
7.00000000 0.98294003 0.00821293
8.00000000 0.97784762 0.01053496
9.00000000 0.97214748 0.01306430
10.00000000 0.96586446 0.01576811
11.00000000 0.95902532 0.01861273
12.00000000 0.95165845 0.02156438
13.00000000 0.94379361 0.02458986
14.00000000 0.93546164 0.02765717
15.00000000 0.92669421 0.03073596
16.00000000 0.91752355 0.03379797
17.00000000 0.90798225 0.03681734
18.00000000 0.89810304 0.03977077
19.00000000 0.88791855 0.04263765
20.00000000 0.87746117 0.04540004
21.00000000 0.86676291 0.04804260
22.00000000 0.85585520 0.05055247
23.00000000 0.84476881 0.05291903
24.00000000 0.83353375 0.05513369
25.00000000 0.82217913 0.05718962
26.00000000 0.81073315 0.05908149
27.00000000 0.79922300 0.06080519
28.00000000 0.78767481 0.06235758
29.00000000 0.77611362 0.06373623
30.00000000 0.76456335 0.06493923
31.00000000 0.75304679 0.06596504
32.00000000 0.74158556 0.06681229
33.00000000 0.73020013 0.06747973
34.00000000 0.71890980 0.06796615
35.00000000 0.70773273 0.06827037
36.00000000 0.69668595 0.06839123
37.00000000 0.68578536 0.06832760
38.00000000 0.67504574 0.06807849
39.00000000 0.66448083 0.06764307
40.00000000 0.65410329 0.06702076
41.00000000 0.64392477 0.06621130
42.00000000 0.63395594 0.06521484
43.00000000 0.62420650 0.06403200
44.00000000 0.61468522 0.06266391
45.00000000 0.60540001 0.06111227
46.00000000 0.59635791 0.05937932
47.00000000 0.58756513 0.05746789
48.00000000 0.57902711 0.05538136
49.00000000 0.57074852 0.05312359
50.00000000 0.56273333 0.05069892
51.00000000 0.55498479 0.04811206
52.00000000 0.54750550 0.04536801
53.00000000 0.54029742 0.04247202
54.00000000 0.53336189 0.03942949
55.00000000 0.52669966 0.03624585
56.00000000 0.52031088 0.03292655
57.00000000 0.51419519 0.02947697
58.00000000 0.50835163 0.02590239
59.00000000 0.50277876 0.02220793
60.00000000 0.49747458 0.01839858
61.00000000 0.49243661 0.01447916
62.00000000 0.48766186 0.01045436
63.00000000 0.48314684 0.00632878
64.00000000 0.47888762 0.00210696
65.00000000 0.47487974 -0.00220654
66.00000000 0.47111834 -0.00660713
67.00000000 0.46759808 -0.01109007
68.00000000 0.46431318 -0.01565047
69.00000000 0.46125746 -0.02028319
70.00000000 0.45842432 -0.02498281
71.00000000 0.45580681 -0.02974362
72.00000000 0.45339760 -0.03455955
73.00000000 0.45118902 -0.03942424
74.00000000 0.44917310 -0.04433098
75.00000000 0.44734162 -0.04927277
76.00000000 0.44568608 -0.05424238
77.00000000 0.44419779 -0.05923233
78.00000000 0.44286790 -0.06423505
79.00000000 0.44168739 -0.06924286
80.00000000 0.44064716 -0.07424809
81.00000000 0.43973805 -0.07924311
82.00000000 0.43895085 -0.08422044
83.00000000 0.43827636 -0.08917279
84.00000000 0.43770544 -0.09409308
85.00000000 0.43722899 -0.09897455
86.00000000 0.43683803 -0.10381070
87.00000000 0.43652369 -0.10859538
88.00000000 0.43627726 -0.11332272
89.00000000 0.43609020 -0.11798720
90.00000000 0.43595417 -0.12258356
91.00000000 0.43586103 -0.12710680
92.00000000 0.43580288 -0.13155218
93.00000000 0.43577206 -0.13591511
94.00000000 0.43576117 -0.14019120
95.00000000 0.43576307 -0.14437619
96.00000000 0.43577091 -0.14846592
97.00000000 0.43577814 -0.15245634
98.00000000 0.43577851 -0.15634352
99.00000000 0.43576609 -0.16012361
100.00000000 0.43573527 -0.16379293
101.00000000 0.43568080 -0.16734794
102.00000000 0.43559777 -0.17078533
103.00000000 0.43548164 -0.17410204
104.00000000 0.43532823 -0.17729534
105.00000000 0.43513376 -0.18036284
106.00000000 0.43489486 -0.18330262
107.00000000 0.43460852 -0.18611321
108.00000000 0.43427219 -0.18879368
109.00000000 0.43388371 -0.19134363
110.00000000 0.43344132 -0.19376327
111.00000000 0.43294370 -0.19605337
112.00000000 0.43238995 -0.19821528
113.00000000 0.43177955 -0.20025089
114.00000000 0.43111241 -0.20216260
115.00000000 0.43038880 -0.20395328
116.00000000 0.42960939 -0.20562618
117.00000000 0.42877520 -0.20718488
118.00000000 0.42788758 -0.20863320
119.00000000 0.42694821 -0.20997515
120.00000000 0.42595908 -0.21121480
121.00000000 0.42492243 -0.21235627
122.00000000 0.42384077 -0.21340362
123.00000000 0.42271683 -0.21436083
124.00000000 0.42155354 -0.21523171
125.00000000 0.42035401 -0.21601993
126.00000000 0.41912152 -0.21672896
127.00000000 0.41785944 -0.21736209
128.00000000 0.41657129 -0.21792243
129.00000000 0.41526063 -0.21841290
130.00000000 0.41393113 -0.21883633
131.00000000 0.41258646 -0.21919542
132.00000000 0.41123034 -0.21949279
133.00000000 0.40986647 -0.21973106
134.00000000 0.40849857 -0.21991281
135.00000000 0.40713028 -0.22004066
136.00000000 0.40576525 -0.22011729
137.00000000 0.40440702 -0.22014542
138.00000000 0.40305908 -0.22012781
139.00000000 0.40172483 -0.22006732
140.00000000 0.40040754 -0.21996679
141.00000000 0.39911040 -0.21982912
142.00000000 0.39783645 -0.21965717
143.00000000 0.39658860 -0.21945376
144.00000000 0.39536963 -0.21922161
145.00000000 0.39418213 -0.21896336
146.00000000 0.39302858 -0.21868146
147.00000000 0.39191125 -0.21837819
148.00000000 0.39083226 -0.21805566
149.00000000 0.38979356 -0.21771572
150.00000000 0.38879691 -0.21736004
151.00000000 0.38784393 -0.21699007
152.00000000 0.38693602 -0.21660705
153.00000000 0.38607444 -0.21621206
154.00000000 0.38526027 -0.21580603
155.00000000 0.38449441 -0.21538975
156.00000000 0.38377762 -0.21496397
157.00000000 0.38311049 -0.21452936
158.00000000 0.38249345 -0.21408662
159.00000000 0.38192679 -0.21363646
160.00000000 0.38141067 -0.21317965
161.00000000 0.38094507 -0.21271704
162.00000000 0.38052989 -0.21224956
163.00000000 0.38016485 -0.21177827
164.00000000 0.37984959 -0.21130428
165.00000000 0.37958360 -0.21082881
166.00000000 0.37936628 -0.21035315
167.00000000 0.37919689 -0.20987861
168.00000000 0.37907463 -0.20940653
169.00000000 0.37899855 -0.20893821
170.00000000 0.37896765 -0.20847490
171.00000000 0.37898081 -0.20801778
172.00000000 0.37903684 -0.20756790
173.00000000 0.37913446 -0.20712618
174.00000000 0.37927233 -0.20669339
175.00000000 0.37944906 -0.20627014
176.00000000 0.37966316 -0.20585687
177.00000000 0.37991312 -0.20545388
178.00000000 0.38019739 -0.20506129
179.00000000 0.38051437 -0.20467913
180.00000000 0.38086243 -0.20430732
181.00000000 0.38123993 -0.20394571
182.00000000 0.38164520 -0.20359411
183.00000000 0.38207659 -0.20325234
184.00000000 0.38253241 -0.20292022
185.00000000 0.38301100 -0.20259764
186.00000000 0.38351070 -0.20228458
187.00000000 0.38402985 -0.20198108
188.00000000 0.38456682 -0.20168732
189.00000000 0.38511997 -0.20140355
190.00000000 0.38568770 -0.20113017
191.00000000 0.38626841 -0.20086764
192.00000000 0.38686052 -0.20061651
193.00000000 0.38746247 -0.20037739
194.00000000 0.38807271 -0.20015091
195.00000000 0.38868971 -0.19993771
196.00000000 0.38931194 -0.19973841
197.00000000 0.38993791 -0.19955357
198.00000000 0.39056613 -0.19938368
199.00000000 0.39119511 -0.19922912
200.00000000 0.39182341 -0.19909016
201.00000000 0.39244960 -0.19896695
202.00000000 0.39307226 -0.19885952
203.00000000 0.39369002 -0.19876776
204.00000000 0.39430152 -0.19869146
205.00000000 0.39490544 -0.19863030
206.00000000 0.39550053 -0.19858388
207.00000000 0.39608554 -0.19855174
208.00000000 0.39665930 -0.19853341
209.00000000 0.39722070 -0.19852838
210.00000000 0.39776868 -0.19853618
211.00000000 0.39830222 -0.19855638
212.00000000 0.39882042 -0.19858861
213.00000000 0.39932239 -0.19863257
214.00000000 0.39980734 -0.19868807
215.00000000 0.40027455 -0.19875498
216.00000000 0.40072336 -0.19883327
217.00000000 0.40115315 -0.19892301
218.00000000 0.40156341 -0.19902432
219.00000000 0.40195366 -0.19913736
220.00000000 0.40232347 -0.19926236
221.00000000 0.40267247 -0.19939953
222.00000000 0.40300035 -0.19954907
223.00000000 0.40330682 -0.19971116
224.00000000 0.40359164 -0.19988591
225.00000000 0.40385461 -0.20007335
226.00000000 0.40409554 -0.20027346
227.00000000 0.40431429 -0.20048609
228.00000000 0.40451075 -0.20071101
229.00000000 0.40468482 -0.20094789
230.00000000 0.40483646 -0.20119632
231.00000000 0.40496562 -0.20145581
232.00000000 0.40507231 -0.20172583
233.00000000 0.40515655 -0.20200579
234.00000000 0.40521841 -0.20229510
235.00000000 0.40525800 -0.20259317
236.00000000 0.40527545 -0.20289944
237.00000000 0.40527094 -0.20321339
238.00000000 0.40524471 -0.20353455
239.00000000 0.40519701 -0.20386256
240.00000000 0.40512818 -0.20419709
241.00000000 0.40503857 -0.20453793
242.00000000 0.40492858 -0.20488492
243.00000000 0.40479867 -0.20523797
244.00000000 0.40464933 -0.20559706
245.00000000 0.40448110 -0.20596217
246.00000000 0.40429452 -0.20633331
247.00000000 0.40409022 -0.20671051
248.00000000 0.40386880 -0.20709371
249.00000000 0.40363092 -0.20748283
250.00000000 0.40337724 -0.20787772
251.00000000 0.40310845 -0.20827813
252.00000000 0.40282523 -0.20868369
253.00000000 0.40252827 -0.20909396
254.00000000 0.40221828 -0.20950835
255.00000000 0.40189594 -0.20992618
256.00000000 0.40156197 -0.21034669
257.00000000 0.40121703 -0.21076902
258.00000000 0.40086183 -0.21119224
259.00000000 0.40049704 -0.21161540
260.00000000 0.40012333 -0.21203753
261.00000000 0.39974138 -0.21245767
262.00000000 0.39935184 -0.21287488
263.00000000 0.39895539 -0.21328832
264.00000000 0.39855268 -0.21369718
265.00000000 0.39814437 -0.21410078
266.00000000 0.39773112 -0.21449854
267.00000000 0.39731359 -0.21488998
268.00000000 0.39689242 -0.21527474
269.00000000 0.39646829 -0.21565257
270.00000000 0.39604183 -0.21602332
271.00000000 0.39561372 -0.21638692
272.00000000 0.39518460 -0.21674336
273.00000000 0.39475510 -0.21709268
274.00000000 0.39432589 -0.21743495
275.00000000 0.39389757 -0.21777022
276.00000000 0.39347079 -0.21809855
277.00000000 0.39304613 -0.21841995
278.00000000 0.39262419 -0.21873438
279.00000000 0.39220555 -0.21904173
280.00000000 0.39179077 -0.21934185
281.00000000 0.39138038 -0.21963451
282.00000000 0.39097490 -0.21991942
283.00000000 0.39057482 -0.22019623
284.00000000 0.39018063 -0.22046458
285.00000000 0.38979276 -0.22072406
286.00000000 0.38941166 -0.22097428
287.00000000 0.38903772 -0.22121484
288.00000000 0.38867134 -0.22144540
289.00000000 0.38831288 -0.22166566
290.00000000 0.38796269 -0.22187540
291.00000000 0.38762108 -0.22207446
292.00000000 0.38728837 -0.22226278
293.00000000 0.38696485 -0.22244041
294.00000000 0.38665077 -0.22260747
295.00000000 0.38634639 -0.22276416
296.00000000 0.38605193 -0.22291079
297.00000000 0.38576761 -0.22304770
298.00000000 0.38549361 -0.22317530
299.00000000 0.38523010 -0.22329402
300.00000000 0.38497723 -0.22340431
301.00000000 0.38473513 -0.22350661
302.00000000 0.38450390 -0.22360135
303.00000000 0.38428363 -0.22368891
304.00000000 0.38407438 -0.22376963
305.00000000 0.38387619 -0.22384380
306.00000000 0.38368910 -0.22391164
307.00000000 0.38351308 -0.22397335
308.00000000 0.38334814 -0.22402903
309.00000000 0.38319424 -0.22407878
310.00000000 0.38305132 -0.22412265
311.00000000 0.38291931 -0.22416068
312.00000000 0.38279813 -0.22419291
313.00000000 0.38268768 -0.22421939
314.00000000 0.38258784 -0.22424020
315.00000000 0.38249850 -0.22425548
316.00000000 0.38241951 -0.22426540
317.00000000 0.38235072 -0.22427022
318.00000000 0.38229197 -0.22427024
319.00000000 0.38224309 -0.22426584
320.00000000 0.38220389 -0.22425746
321.00000000 0.38217417 -0.22424560
322.00000000 0.38215373 -0.22423078
323.00000000 0.38214233 -0.22421358
324.00000000 0.38213975 -0.22419457
325.00000000 0.38214573 -0.22417432
326.00000000 0.38216000 -0.22415336
327.00000000 0.38218228 -0.22413222
328.00000000 0.38221229 -0.22411132
329.00000000 0.38224972 -0.22409107
330.00000000 0.38229425 -0.22407177
331.00000000 0.38234555 -0.22405363
332.00000000 0.38240328 -0.22403681
333.00000000 0.38246711 -0.22402137
334.00000000 0.38253668 -0.22400730
335.00000000 0.38261163 -0.22399454
336.00000000 0.38269163 -0.22398297
337.00000000 0.38277630 -0.22397246
338.00000000 0.38286531 -0.22396284
339.00000000 0.38295830 -0.22395395
340.00000000 0.38305495 -0.22394568
341.00000000 0.38315492 -0.22393791
342.00000000 0.38325789 -0.22393059
343.00000000 0.38336355 -0.22392374
344.00000000 0.38347159 -0.22391741
345.00000000 0.38358173 -0.22391175
346.00000000 0.38369367 -0.22390693
347.00000000 0.38380713 -0.22390323
348.00000000 0.38392184 -0.22390091
349.00000000 0.38403753 -0.22390033
350.00000000 0.38415393 -0.22390181
351.00000000 0.38427077 -0.22390572
352.00000000 0.38438778 -0.22391240
353.00000000 0.38450471 -0.22392214
354.00000000 0.38462126 -0.22393523
355.00000000 0.38473717 -0.22395187
356.00000000 0.38485216 -0.22397222
357.00000000 0.38496596 -0.22399637
358.00000000 0.38507828 -0.22402433
359.00000000 0.38518884 -0.22405605
360.00000000 0.38529736 -0.22409142
361.00000000 0.38540359 -0.22413026
362.00000000 0.38550724 -0.22417239
363.00000000 0.38560806 -0.22421755
364.00000000 0.38570581 -0.22426550
365.00000000 0.38580025 -0.22431599
366.00000000 0.38589119 -0.22436880
367.00000000 0.38597841 -0.22442371
368.00000000 0.38606174 -0.22448056
369.00000000 0.38614104 -0.22453924
370.00000000 0.38621616 -0.22459966
371.00000000 0.38628699 -0.22466182
372.00000000 0.38635345 -0.22472574
373.00000000 0.38641546 -0.22479152
374.00000000 0.38647296 -0.22485924
375.00000000 0.38652592 -0.22492906
376.00000000 0.38657431 -0.22500113
377.00000000 0.38661812 -0.22507558
378.00000000 0.38665735 -0.22515255
379.00000000 0.38669200 -0.22523213
380.00000000 0.38672207 -0.22531440
381.00000000 0.38674758 -0.22539936
382.00000000 0.38676853 -0.22548696
383.00000000 0.38678495 -0.22557711
384.00000000 0.38679682 -0.22566964
385.00000000 0.38680417 -0.22576434
386.00000000 0.38680701 -0.22586093
387.00000000 0.38680533 -0.22595912
388.00000000 0.38679915 -0.22605858
389.00000000 0.38678848 -0.22615896
390.00000000 0.38677333 -0.22625993
391.00000000 0.38675373 -0.22636117
392.00000000 0.38672970 -0.22646237
393.00000000 0.38670127 -0.22656330
394.00000000 0.38666851 -0.22666376
395.00000000 0.38663146 -0.22676362
396.00000000 0.38659021 -0.22686279
397.00000000 0.38654484 -0.22696127
398.00000000 0.38649545 -0.22705911
399.00000000 0.38644216 -0.22715642
400.00000000 0.38638510 -0.22725332
401.00000000 0.38632441 -0.22735001
402.00000000 0.38626024 -0.22744667
403.00000000 0.38619275 -0.22754349
404.00000000 0.38612212 -0.22764064
405.00000000 0.38604851 -0.22773827
406.00000000 0.38597211 -0.22783650
407.00000000 0.38589309 -0.22793537
408.00000000 0.38581163 -0.22803487
409.00000000 0.38572791 -0.22813494
410.00000000 0.38564209 -0.22823545
411.00000000 0.38555436 -0.22833618
412.00000000 0.38546487 -0.22843690
413.00000000 0.38537378 -0.22853730
414.00000000 0.38528124 -0.22863705
415.00000000 0.38518741 -0.22873580
416.00000000 0.38509242 -0.22883319
417.00000000 0.38499642 -0.22892886
418.00000000 0.38489954 -0.22902250
419.00000000 0.38480191 -0.22911382
420.00000000 0.38470368 -0.22920259
421.00000000 0.38460497 -0.22928861
422.00000000 0.38450591 -0.22937179
423.00000000 0.38440663 -0.22945207
424.00000000 0.38430728 -0.22952947
425.00000000 0.38420798 -0.22960406
426.00000000 0.38410888 -0.22967597
427.00000000 0.38401010 -0.22974538
428.00000000 0.38391179 -0.22981248
429.00000000 0.38381408 -0.22987748
430.00000000 0.38371712 -0.22994062
431.00000000 0.38362102 -0.23000209
432.00000000 0.38352593 -0.23006209
433.00000000 0.38343197 -0.23012077
434.00000000 0.38333926 -0.23017824
435.00000000 0.38324792 -0.23023457
436.00000000 0.38315807 -0.23028977
437.00000000 0.38306981 -0.23034381
438.00000000 0.38298323 -0.23039661
439.00000000 0.38289844 -0.23044806
440.00000000 0.38281552 -0.23049802
441.00000000 0.38273455 -0.23054631
442.00000000 0.38265560 -0.23059277
443.00000000 0.38257875 -0.23063724
444.00000000 0.38250405 -0.23067956
445.00000000 0.38243157 -0.23071961
446.00000000 0.38236137 -0.23075730
447.00000000 0.38229348 -0.23079260
448.00000000 0.38222795 -0.23082550
449.00000000 0.38216484 -0.23085605
450.00000000 0.38210417 -0.23088434
451.00000000 0.38204598 -0.23091052
452.00000000 0.38199030 -0.23093474
453.00000000 0.38193715 -0.23095722
454.00000000 0.38188655 -0.23097815
455.00000000 0.38183851 -0.23099775
456.00000000 0.38179305 -0.23101624
457.00000000 0.38175017 -0.23103379
458.00000000 0.38170986 -0.23105057
459.00000000 0.38167212 -0.23106671
460.00000000 0.38163693 -0.23108229
461.00000000 0.38160428 -0.23109734
462.00000000 0.38157413 -0.23111188
463.00000000 0.38154647 -0.23112584
464.00000000 0.38152125 -0.23113915
465.00000000 0.38149844 -0.23115171
466.00000000 0.38147800 -0.23116337
467.00000000 0.38145989 -0.23117401
468.00000000 0.38144407 -0.23118349
469.00000000 0.38143050 -0.23119168
470.00000000 0.38141913 -0.23119849
471.00000000 0.38140991 -0.23120385
472.00000000 0.38140282 -0.23120776
473.00000000 0.38139779 -0.23121022
474.00000000 0.38139478 -0.23121132
475.00000000 0.38139376 -0.23121117
476.00000000 0.38139467 -0.23120994
477.00000000 0.38139747 -0.23120785
478.00000000 0.38140209 -0.23120512
479.00000000 0.38140850 -0.23120201
480.00000000 0.38141663 -0.23119879
481.00000000 0.38142642 -0.23119573
482.00000000 0.38143779 -0.23119307
483.00000000 0.38145068 -0.23119104
484.00000000 0.38146500 -0.23118983
485.00000000 0.38148067 -0.23118957
486.00000000 0.38149760 -0.23119037
487.00000000 0.38151569 -0.23119226
488.00000000 0.38153484 -0.23119524
489.00000000 0.38155497 -0.23119925
490.00000000 0.38157595 -0.23120417
491.00000000 0.38159770 -0.23120988
492.00000000 0.38162012 -0.23121620
493.00000000 0.38164310 -0.23122294
494.00000000 0.38166655 -0.23122992
495.00000000 0.38169039 -0.23123696
496.00000000 0.38171454 -0.23124389
497.00000000 0.38173893 -0.23125058
498.00000000 0.38176347 -0.23125693
499.00000000 0.38178813 -0.23126288
500.00000000 0.38181284 -0.23126842
501.00000000 0.38183756 -0.23127359
502.00000000 0.38186225 -0.23127847
503.00000000 0.38188687 -0.23128317
504.00000000 0.38191140 -0.23128786
505.00000000 0.38193580 -0.23129269
506.00000000 0.38196003 -0.23129786
507.00000000 0.38198408 -0.23130357
508.00000000 0.38200790 -0.23130999
509.00000000 0.38203145 -0.23131730
510.00000000 0.38205471 -0.23132562
511.00000000 0.38207761 -0.23133507
512.00000000 0.38210010 -0.23134571
513.00000000 0.38212214 -0.23135755
514.00000000 0.38214365 -0.23137058
515.00000000 0.38216457 -0.23138472
516.00000000 0.38218483 -0.23139989
517.00000000 0.38220435 -0.23141595
518.00000000 0.38222308 -0.23143275
519.00000000 0.38224093 -0.23145012
520.00000000 0.38225785 -0.23146790
521.00000000 0.38227376 -0.23148594
522.00000000 0.38228863 -0.23150409
523.00000000 0.38230239 -0.23152224
524.00000000 0.38231501 -0.23154032
525.00000000 0.38232647 -0.23155827
526.00000000 0.38233674 -0.23157611
527.00000000 0.38234581 -0.23159385
528.00000000 0.38235370 -0.23161158
529.00000000 0.38236040 -0.23162940
530.00000000 0.38236594 -0.23164743
531.00000000 0.38237034 -0.23166581
532.00000000 0.38237363 -0.23168470
533.00000000 0.38237585 -0.23170423
534.00000000 0.38237703 -0.23172454
535.00000000 0.38237720 -0.23174571
536.00000000 0.38237641 -0.23176783
537.00000000 0.38237468 -0.23179092
538.00000000 0.38237205 -0.23181497
539.00000000 0.38236853 -0.23183993
540.00000000 0.38236414 -0.23186570
541.00000000 0.38235891 -0.23189214
542.00000000 0.38235284 -0.23191908
543.00000000 0.38234593 -0.23194632
544.00000000 0.38233818 -0.23197365
545.00000000 0.38232960 -0.23200084
546.00000000 0.38232017 -0.23202769
547.00000000 0.38230990 -0.23205399
548.00000000 0.38229878 -0.23207958
549.00000000 0.38228681 -0.23210432
550.00000000 0.38227399 -0.23212811
551.00000000 0.38226034 -0.23215090
552.00000000 0.38224585 -0.23217270
553.00000000 0.38223055 -0.23219355
554.00000000 0.38221447 -0.23221355
555.00000000 0.38219763 -0.23223283
556.00000000 0.38218007 -0.23225155
557.00000000 0.38216183 -0.23226989
558.00000000 0.38214296 -0.23228806
559.00000000 0.38212350 -0.23230626
560.00000000 0.38210352 -0.23232465
561.00000000 0.38208306 -0.23234342
562.00000000 0.38206218 -0.23236269
563.00000000 0.38204093 -0.23238256
564.00000000 0.38201937 -0.23240307
565.00000000 0.38199755 -0.23242422
566.00000000 0.38197552 -0.23244598
567.00000000 0.38195332 -0.23246825
568.00000000 0.38193098 -0.23249091
569.00000000 0.38190856 -0.23251378
570.00000000 0.38188608 -0.23253667
571.00000000 0.38186356 -0.23255939
572.00000000 0.38184105 -0.23258172
573.00000000 0.38181855 -0.23260345
574.00000000 0.38179610 -0.23262442
575.00000000 0.38177371 -0.23264444
576.00000000 0.38175141 -0.23266340
577.00000000 0.38172921 -0.23268120
578.00000000 0.38170713 -0.23269780
579.00000000 0.38168521 -0.23271321
580.00000000 0.38166345 -0.23272745
581.00000000 0.38164188 -0.23274060
582.00000000 0.38162053 -0.23275279
583.00000000 0.38159943 -0.23276414
584.00000000 0.38157859 -0.23277480
585.00000000 0.38155805 -0.23278495
586.00000000 0.38153784 -0.23279473
587.00000000 0.38151798 -0.23280429
588.00000000 0.38149849 -0.23281376
589.00000000 0.38147940 -0.23282324
590.00000000 0.38146074 -0.23283279
591.00000000 0.38144253 -0.23284245
592.00000000 0.38142478 -0.23285222
593.00000000 0.38140752 -0.23286205
594.00000000 0.38139076 -0.23287190
595.00000000 0.38137450 -0.23288165
596.00000000 0.38135878 -0.23289121
597.00000000 0.38134359 -0.23290046
598.00000000 0.38132894 -0.23290926
599.00000000 0.38131484 -0.23291751
600.00000000 0.38130131 -0.23292511
601.00000000 0.38128833 -0.23293197
602.00000000 0.38127593 -0.23293806
603.00000000 0.38126411 -0.23294333
604.00000000 0.38125287 -0.23294783
605.00000000 0.38124222 -0.23295158
606.00000000 0.38123215 -0.23295466
607.00000000 0.38122268 -0.23295719
608.00000000 0.38121381 -0.23295929
609.00000000 0.38120554 -0.23296110
610.00000000 0.38119786 -0.23296276
611.00000000 0.38119077 -0.23296442
612.00000000 0.38118427 -0.23296621
613.00000000 0.38117836 -0.23296824
614.00000000 0.38117301 -0.23297059
615.00000000 0.38116822 -0.23297333
616.00000000 0.38116398 -0.23297647
617.00000000 0.38116026 -0.23298000
618.00000000 0.38115706 -0.23298386
619.00000000 0.38115435 -0.23298798
620.00000000 0.38115211 -0.23299225
621.00000000 0.38115032 -0.23299653
622.00000000 0.38114897 -0.23300068
623.00000000 0.38114804 -0.23300456
624.00000000 0.38114751 -0.23300802
625.00000000 0.38114736 -0.23301093
626.00000000 0.38114759 -0.23301318
627.00000000 0.38114819 -0.23301469
628.00000000 0.38114916 -0.23301542
629.00000000 0.38115047 -0.23301535
630.00000000 0.38115214 -0.23301452
631.00000000 0.38115416 -0.23301299
632.00000000 0.38115653 -0.23301087
633.00000000 0.38115924 -0.23300828
634.00000000 0.38116230 -0.23300539
635.00000000 0.38116571 -0.23300237
636.00000000 0.38116944 -0.23299939
637.00000000 0.38117351 -0.23299663
638.00000000 0.38117788 -0.23299426
639.00000000 0.38118255 -0.23299242
640.00000000 0.38118750 -0.23299124
641.00000000 0.38119269 -0.23299079
642.00000000 0.38119811 -0.23299114
643.00000000 0.38120371 -0.23299227
644.00000000 0.38120945 -0.23299418
645.00000000 0.38121532 -0.23299679
646.00000000 0.38122125 -0.23300001
647.00000000 0.38122722 -0.23300372
648.00000000 0.38123319 -0.23300777
649.00000000 0.38123912 -0.23301203
650.00000000 0.38124498 -0.23301632
651.00000000 0.38125075 -0.23302052
652.00000000 0.38125639 -0.23302449
653.00000000 0.38126190 -0.23302813
654.00000000 0.38126725 -0.23303136
655.00000000 0.38127246 -0.23303414
656.00000000 0.38127750 -0.23303645
657.00000000 0.38128240 -0.23303832
658.00000000 0.38128715 -0.23303980
659.00000000 0.38129178 -0.23304098
660.00000000 0.38129629 -0.23304196
661.00000000 0.38130070 -0.23304286
662.00000000 0.38130503 -0.23304381
663.00000000 0.38130929 -0.23304494
664.00000000 0.38131349 -0.23304637
665.00000000 0.38131764 -0.23304821
666.00000000 0.38132174 -0.23305053
667.00000000 0.38132580 -0.23305339
668.00000000 0.38132980 -0.23305682
669.00000000 0.38133373 -0.23306082
670.00000000 0.38133758 -0.23306533
671.00000000 0.38134132 -0.23307031
672.00000000 0.38134492 -0.23307565
673.00000000 0.38134837 -0.23308124
674.00000000 0.38135161 -0.23308697
675.00000000 0.38135463 -0.23309272
676.00000000 0.38135739 -0.23309835
677.00000000 0.38135987 -0.23310376
678.00000000 0.38136203 -0.23310886
679.00000000 0.38136386 -0.23311358
680.00000000 0.38136533 -0.23311788
681.00000000 0.38136644 -0.23312175
682.00000000 0.38136719 -0.23312523
683.00000000 0.38136757 -0.23312836
684.00000000 0.38136759 -0.23313124
685.00000000 0.38136727 -0.23313397
686.00000000 0.38136662 -0.23313667
687.00000000 0.38136567 -0.23313949
688.00000000 0.38136444 -0.23314256
689.00000000 0.38136296 -0.23314600
690.00000000 0.38136125 -0.23314994
691.00000000 0.38135935 -0.23315447
692.00000000 0.38135728 -0.23315965
693.00000000 0.38135507 -0.23316552
694.00000000 0.38135273 -0.23317206
695.00000000 0.38135029 -0.23317924
696.00000000 0.38134775 -0.23318698
697.00000000 0.38134511 -0.23319519
698.00000000 0.38134240 -0.23320371
699.00000000 0.38133959 -0.23321240
700.00000000 0.38133669 -0.23322109
701.00000000 0.38133369 -0.23322961
702.00000000 0.38133057 -0.23323780
703.00000000 0.38132734 -0.23324550
704.00000000 0.38132397 -0.23325259
705.00000000 0.38132045 -0.23325896
706.00000000 0.38131677 -0.23326455
707.00000000 0.38131293 -0.23326933
708.00000000 0.38130892 -0.23327331
709.00000000 0.38130474 -0.23327654
710.00000000 0.38130039 -0.23327909
711.00000000 0.38129588 -0.23328109
712.00000000 0.38129121 -0.23328268
713.00000000 0.38128640 -0.23328399
714.00000000 0.38128146 -0.23328521
715.00000000 0.38127642 -0.23328650
716.00000000 0.38127128 -0.23328800
717.00000000 0.38126607 -0.23328986
718.00000000 0.38126081 -0.23329218
719.00000000 0.38125552 -0.23329506
720.00000000 0.38125022 -0.23329854
721.00000000 0.38124493 -0.23330264
722.00000000 0.38123965 -0.23330732
723.00000000 0.38123441 -0.23331254
724.00000000 0.38122921 -0.23331820
725.00000000 0.38122406 -0.23332420
726.00000000 0.38121898 -0.23333040
727.00000000 0.38121395 -0.23333666
728.00000000 0.38120899 -0.23334283
729.00000000 0.38120410 -0.23334878
730.00000000 0.38119928 -0.23335438
731.00000000 0.38119452 -0.23335952
732.00000000 0.38118983 -0.23336412
733.00000000 0.38118521 -0.23336813
734.00000000 0.38118066 -0.23337152
735.00000000 0.38117617 -0.23337430
736.00000000 0.38117175 -0.23337651
737.00000000 0.38116741 -0.23337822
738.00000000 0.38116315 -0.23337951
739.00000000 0.38115897 -0.23338049
740.00000000 0.38115487 -0.23338127
741.00000000 0.38115087 -0.23338195
742.00000000 0.38114697 -0.23338266
743.00000000 0.38114317 -0.23338348
744.00000000 0.38113948 -0.23338450
745.00000000 0.38113590 -0.23338576
746.00000000 0.38113244 -0.23338731
747.00000000 0.38112909 -0.23338915
748.00000000 0.38112587 -0.23339125
749.00000000 0.38112278 -0.23339357
750.00000000 0.38111980 -0.23339604
751.00000000 0.38111695 -0.23339858
752.00000000 0.38111423 -0.23340108
753.00000000 0.38111163 -0.23340345
754.00000000 0.38110915 -0.23340559
755.00000000 0.38110680 -0.23340741
756.00000000 0.38110457 -0.23340885
757.00000000 0.38110247 -0.23340984
758.00000000 0.38110050 -0.23341035
759.00000000 0.38109866 -0.23341039
760.00000000 0.38109696 -0.23340999
761.00000000 0.38109539 -0.23340918
762.00000000 0.38109397 -0.23340806
763.00000000 0.38109269 -0.23340671
764.00000000 0.38109155 -0.23340525
765.00000000 0.38109057 -0.23340379
766.00000000 0.38108973 -0.23340245
767.00000000 0.38108903 -0.23340136
768.00000000 0.38108848 -0.23340061
769.00000000 0.38108807 -0.23340028
770.00000000 0.38108779 -0.23340044
771.00000000 0.38108763 -0.23340112
772.00000000 0.38108758 -0.23340233
773.00000000 0.38108763 -0.23340403
774.00000000 0.38108777 -0.23340617
775.00000000 0.38108798 -0.23340866
776.00000000 0.38108826 -0.23341140
777.00000000 0.38108858 -0.23341428
778.00000000 0.38108895 -0.23341715
779.00000000 0.38108935 -0.23341988
780.00000000 0.38108977 -0.23342235
781.00000000 0.38109021 -0.23342445
782.00000000 0.38109067 -0.23342606
783.00000000 0.38109115 -0.23342712
784.00000000 0.38109166 -0.23342758
785.00000000 0.38109219 -0.23342743
786.00000000 0.38109276 -0.23342668
787.00000000 0.38109339 -0.23342539
788.00000000 0.38109407 -0.23342362
789.00000000 0.38109483 -0.23342148
790.00000000 0.38109567 -0.23341909
791.00000000 0.38109660 -0.23341658
792.00000000 0.38109764 -0.23341409
793.00000000 0.38109877 -0.23341174
794.00000000 0.38110002 -0.23340967
795.00000000 0.38110137 -0.23340797
796.00000000 0.38110282 -0.23340675
797.00000000 0.38110436 -0.23340605
798.00000000 0.38110597 -0.23340592
799.00000000 0.38110764 -0.23340635
800.00000000 0.38110935 -0.23340731
801.00000000 0.38111108 -0.23340875
802.00000000 0.38111280 -0.23341059
803.00000000 0.38111450 -0.23341274
804.00000000 0.38111614 -0.23341508
805.00000000 0.38111770 -0.23341751
806.00000000 0.38111917 -0.23341990
807.00000000 0.38112054 -0.23342215
808.00000000 0.38112178 -0.23342417
809.00000000 0.38112289 -0.23342589
810.00000000 0.38112388 -0.23342725
811.00000000 0.38112473 -0.23342823
812.00000000 0.38112547 -0.23342883
813.00000000 0.38112609 -0.23342908
814.00000000 0.38112662 -0.23342903
815.00000000 0.38112707 -0.23342876
816.00000000 0.38112746 -0.23342834
817.00000000 0.38112782 -0.23342788
818.00000000 0.38112816 -0.23342748
819.00000000 0.38112851 -0.23342723
820.00000000 0.38112888 -0.23342721
821.00000000 0.38112928 -0.23342751
822.00000000 0.38112974 -0.23342817
823.00000000 0.38113025 -0.23342921
824.00000000 0.38113082 -0.23343065
825.00000000 0.38113144 -0.23343246
826.00000000 0.38113212 -0.23343458
827.00000000 0.38113283 -0.23343696
828.00000000 0.38113356 -0.23343950
829.00000000 0.38113429 -0.23344211
830.00000000 0.38113501 -0.23344467
831.00000000 0.38113569 -0.23344709
832.00000000 0.38113630 -0.23344926
833.00000000 0.38113684 -0.23345109
834.00000000 0.38113727 -0.23345252
835.00000000 0.38113758 -0.23345350
836.00000000 0.38113776 -0.23345401
837.00000000 0.38113780 -0.23345406
838.00000000 0.38113769 -0.23345369
839.00000000 0.38113744 -0.23345295
840.00000000 0.38113704 -0.23345195
841.00000000 0.38113650 -0.23345077
842.00000000 0.38113584 -0.23344955
843.00000000 0.38113508 -0.23344841
844.00000000 0.38113422 -0.23344747
845.00000000 0.38113329 -0.23344685
846.00000000 0.38113231 -0.23344666
847.00000000 0.38113130 -0.23344698
848.00000000 0.38113027 -0.23344787
849.00000000 0.38112924 -0.23344936
850.00000000 0.38112822 -0.23345145
851.00000000 0.38112724 -0.23345410
852.00000000 0.38112629 -0.23345726
853.00000000 0.38112537 -0.23346083
854.00000000 0.38112450 -0.23346470
855.00000000 0.38112366 -0.23346875
856.00000000 0.38112286 -0.23347284
857.00000000 0.38112208 -0.23347682
858.00000000 0.38112131 -0.23348055
859.00000000 0.38112054 -0.23348392
860.00000000 0.38111977 -0.23348682
861.00000000 0.38111898 -0.23348916
862.00000000 0.38111817 -0.23349089
863.00000000 0.38111731 -0.23349197
864.00000000 0.38111641 -0.23349243
865.00000000 0.38111546 -0.23349230
866.00000000 0.38111446 -0.23349163
867.00000000 0.38111341 -0.23349053
868.00000000 0.38111230 -0.23348911
869.00000000 0.38111115 -0.23348747
870.00000000 0.38110996 -0.23348577
871.00000000 0.38110873 -0.23348412
872.00000000 0.38110748 -0.23348265
873.00000000 0.38110622 -0.23348147
874.00000000 0.38110494 -0.23348066
875.00000000 0.38110367 -0.23348030
876.00000000 0.38110241 -0.23348041
877.00000000 0.38110117 -0.23348101
878.00000000 0.38109995 -0.23348208
879.00000000 0.38109876 -0.23348358
880.00000000 0.38109760 -0.23348544
881.00000000 0.38109648 -0.23348758
882.00000000 0.38109538 -0.23348989
883.00000000 0.38109433 -0.23349229
884.00000000 0.38109331 -0.23349465
885.00000000 0.38109231 -0.23349688
886.00000000 0.38109135 -0.23349889
887.00000000 0.38109041 -0.23350061
888.00000000 0.38108950 -0.23350199
889.00000000 0.38108862 -0.23350299
890.00000000 0.38108775 -0.23350362
891.00000000 0.38108691 -0.23350389
892.00000000 0.38108608 -0.23350384
893.00000000 0.38108528 -0.23350353
894.00000000 0.38108451 -0.23350303
895.00000000 0.38108375 -0.23350242
896.00000000 0.38108302 -0.23350180
897.00000000 0.38108232 -0.23350124
898.00000000 0.38108164 -0.23350083
899.00000000 0.38108099 -0.23350063
900.00000000 0.38108037 -0.23350068
901.00000000 0.38107978 -0.23350102
902.00000000 0.38107921 -0.23350166
903.00000000 0.38107867 -0.23350257
904.00000000 0.38107816 -0.23350372
905.00000000 0.38107766 -0.23350506
906.00000000 0.38107719 -0.23350652
907.00000000 0.38107673 -0.23350800
908.00000000 0.38107629 -0.23350943
909.00000000 0.38107587 -0.23351071
910.00000000 0.38107546 -0.23351177
911.00000000 0.38107507 -0.23351252
912.00000000 0.38107469 -0.23351290
913.00000000 0.38107434 -0.23351289
914.00000000 0.38107401 -0.23351246
915.00000000 0.38107371 -0.23351163
916.00000000 0.38107344 -0.23351042
917.00000000 0.38107321 -0.23350889
918.00000000 0.38107302 -0.23350711
919.00000000 0.38107288 -0.23350518
920.00000000 0.38107279 -0.23350320
921.00000000 0.38107276 -0.23350127
922.00000000 0.38107278 -0.23349950
923.00000000 0.38107286 -0.23349800
924.00000000 0.38107299 -0.23349685
925.00000000 0.38107318 -0.23349613
926.00000000 0.38107341 -0.23349588
927.00000000 0.38107368 -0.23349612
928.00000000 0.38107398 -0.23349687
929.00000000 0.38107430 -0.23349808
930.00000000 0.38107462 -0.23349972
931.00000000 0.38107494 -0.23350169
932.00000000 0.38107525 -0.23350392
933.00000000 0.38107554 -0.23350629
934.00000000 0.38107579 -0.23350869
935.00000000 0.38107599 -0.23351100
936.00000000 0.38107616 -0.23351312
937.00000000 0.38107627 -0.23351495
938.00000000 0.38107634 -0.23351639
939.00000000 0.38107637 -0.23351739
940.00000000 0.38107635 -0.23351791
941.00000000 0.38107631 -0.23351793
942.00000000 0.38107625 -0.23351746
943.00000000 0.38107619 -0.23351655
944.00000000 0.38107614 -0.23351526
945.00000000 0.38107611 -0.23351366
946.00000000 0.38107611 -0.23351185
947.00000000 0.38107617 -0.23350992
948.00000000 0.38107629 -0.23350800
949.00000000 0.38107648 -0.23350618
950.00000000 0.38107675 -0.23350456
951.00000000 0.38107710 -0.23350322
952.00000000 0.38107752 -0.23350222
953.00000000 0.38107802 -0.23350161
954.00000000 0.38107859 -0.23350140
955.00000000 0.38107921 -0.23350159
956.00000000 0.38107986 -0.23350216
957.00000000 0.38108054 -0.23350305
958.00000000 0.38108123 -0.23350419
959.00000000 0.38108190 -0.23350552
960.00000000 0.38108254 -0.23350694
961.00000000 0.38108312 -0.23350837
962.00000000 0.38108364 -0.23350971
963.00000000 0.38108407 -0.23351089
964.00000000 0.38108441 -0.23351184
965.00000000 0.38108466 -0.23351252
966.00000000 0.38108480 -0.23351291
967.00000000 0.38108484 -0.23351298
968.00000000 0.38108479 -0.23351277
969.00000000 0.38108466 -0.23351230
970.00000000 0.38108445 -0.23351163
971.00000000 0.38108419 -0.23351082
972.00000000 0.38108389 -0.23350997
973.00000000 0.38108356 -0.23350914
974.00000000 0.38108324 -0.23350843
975.00000000 0.38108294 -0.23350791
976.00000000 0.38108267 -0.23350765
977.00000000 0.38108245 -0.23350769
978.00000000 0.38108230 -0.23350809
979.00000000 0.38108221 -0.23350883
980.00000000 0.38108220 -0.23350992
981.00000000 0.38108227 -0.23351132
982.00000000 0.38108241 -0.23351297
983.00000000 0.38108262 -0.23351480
984.00000000 0.38108288 -0.23351673
985.00000000 0.38108318 -0.23351866
986.00000000 0.38108352 -0.23352049
987.00000000 0.38108386 -0.23352212
988.00000000 0.38108420 -0.23352346
989.00000000 0.38108451 -0.23352445
990.00000000 0.38108479 -0.23352501
991.00000000 0.38108501 -0.23352512
992.00000000 0.38108517 -0.23352476
993.00000000 0.38108525 -0.23352395
994.00000000 0.38108525 -0.23352272
995.00000000 0.38108517 -0.23352114
996.00000000 0.38108501 -0.23351929
997.00000000 0.38108478 -0.23351727
998.00000000 0.38108447 -0.23351518
999.00000000 0.38108410 -0.23351315
1000.00000000 0.38108369 -0.23351130
1001.00000000 0.38108324 -0.23350971
1002.00000000 0.38108277 -0.23350850
1003.00000000 0.38108229 -0.23350774
1004.00000000 0.38108181 -0.23350748
1005.00000000 0.38108136 -0.23350775
1006.00000000 0.38108093 -0.23350856
1007.00000000 0.38108053 -0.23350987
1008.00000000 0.38108018 -0.23351164
1009.00000000 0.38107987 -0.23351380
1010.00000000 0.38107960 -0.23351624
1011.00000000 0.38107938 -0.23351887
1012.00000000 0.38107920 -0.23352157
1013.00000000 0.38107905 -0.23352422
1014.00000000 0.38107893 -0.23352671
1015.00000000 0.38107882 -0.23352892
1016.00000000 0.38107873 -0.23353078
1017.00000000 0.38107864 -0.23353221
1018.00000000 0.38107854 -0.23353316
1019.00000000 0.38107843 -0.23353362
1020.00000000 0.38107830 -0.23353358
1021.00000000 0.38107816 -0.23353307
1022.00000000 0.38107798 -0.23353216
1023.00000000 0.38107778 -0.23353090
1024.00000000 0.38107756 -0.23352939
1025.00000000 0.38107731 -0.23352772
1026.00000000 0.38107704 -0.23352599
1027.00000000 0.38107675 -0.23352431
1028.00000000 0.38107645 -0.23352276
1029.00000000 0.38107615 -0.23352144
1030.00000000 0.38107584 -0.23352040
1031.00000000 0.38107553 -0.23351969
1032.00000000 0.38107522 -0.23351934
1033.00000000 0.38107492 -0.23351935
1034.00000000 0.38107464 -0.23351970
1035.00000000 0.38107436 -0.23352036
1036.00000000 0.38107411 -0.23352127
1037.00000000 0.38107386 -0.23352236
1038.00000000 0.38107363 -0.23352355
1039.00000000 0.38107342 -0.23352477
1040.00000000 0.38107321 -0.23352593
1041.00000000 0.38107302 -0.23352697
1042.00000000 0.38107283 -0.23352782
1043.00000000 0.38107266 -0.23352843
1044.00000000 0.38107249 -0.23352879
1045.00000000 0.38107233 -0.23352887
1046.00000000 0.38107218 -0.23352869
1047.00000000 0.38107204 -0.23352827
1048.00000000 0.38107190 -0.23352766
1049.00000000 0.38107178 -0.23352692
1050.00000000 0.38107166 -0.23352611
1051.00000000 0.38107155 -0.23352531
1052.00000000 0.38107146 -0.23352459
1053.00000000 0.38107138 -0.23352401
1054.00000000 0.38107130 -0.23352364
1055.00000000 0.38107124 -0.23352353
1056.00000000 0.38107119 -0.23352370
1057.00000000 0.38107114 -0.23352417
1058.00000000 0.38107110 -0.23352492
1059.00000000 0.38107106 -0.23352593
1060.00000000 0.38107101 -0.23352716
1061.00000000 0.38107096 -0.23352854
1062.00000000 0.38107090 -0.23353001
1063.00000000 0.38107083 -0.23353146
1064.00000000 0.38107075 -0.23353284
1065.00000000 0.38107065 -0.23353404
1066.00000000 0.38107054 -0.23353500
1067.00000000 0.38107042 -0.23353564
1068.00000000 0.38107029 -0.23353593
1069.00000000 0.38107015 -0.23353583
1070.00000000 0.38107001 -0.23353532
1071.00000000 0.38106987 -0.23353443
1072.00000000 0.38106975 -0.23353318
1073.00000000 0.38106964 -0.23353163
1074.00000000 0.38106956 -0.23352985
1075.00000000 0.38106950 -0.23352793
1076.00000000 0.38106949 -0.23352596
1077.00000000 0.38106951 -0.23352403
1078.00000000 0.38106957 -0.23352226
1079.00000000 0.38106968 -0.23352071
1080.00000000 0.38106983 -0.23351948
1081.00000000 0.38107003 -0.23351863
1082.00000000 0.38107025 -0.23351820
1083.00000000 0.38107051 -0.23351821
1084.00000000 0.38107078 -0.23351866
1085.00000000 0.38107106 -0.23351953
1086.00000000 0.38107134 -0.23352078
1087.00000000 0.38107161 -0.23352233
1088.00000000 0.38107185 -0.23352412
1089.00000000 0.38107206 -0.23352604
1090.00000000 0.38107222 -0.23352801
1091.00000000 0.38107233 -0.23352992
1092.00000000 0.38107239 -0.23353169
1093.00000000 0.38107238 -0.23353322
1094.00000000 0.38107232 -0.23353446
1095.00000000 0.38107220 -0.23353534
1096.00000000 0.38107202 -0.23353584
1097.00000000 0.38107181 -0.23353595
1098.00000000 0.38107156 -0.23353567
1099.00000000 0.38107130 -0.23353505
1100.00000000 0.38107103 -0.23353412
1101.00000000 0.38107077 -0.23353296
1102.00000000 0.38107054 -0.23353165
1103.00000000 0.38107034 -0.23353026
1104.00000000 0.38107020 -0.23352888
1105.00000000 0.38107011 -0.23352759
1106.00000000 0.38107010 -0.23352647
1107.00000000 0.38107015 -0.23352557
1108.00000000 0.38107029 -0.23352493
1109.00000000 0.38107049 -0.23352459
1110.00000000 0.38107076 -0.23352455
1111.00000000 0.38107109 -0.23352479
1112.00000000 0.38107147 -0.23352529
1113.00000000 0.38107188 -0.23352601
1114.00000000 0.38107231 -0.23352687
1115.00000000 0.38107274 -0.23352782
1116.00000000 0.38107315 -0.23352877
1117.00000000 0.38107354 -0.23352967
1118.00000000 0.38107387 -0.23353043
1119.00000000 0.38107415 -0.23353101
1120.00000000 0.38107435 -0.23353135
1121.00000000 0.38107447 -0.23353144
1122.00000000 0.38107452 -0.23353125
1123.00000000 0.38107448 -0.23353080
1124.00000000 0.38107436 -0.23353011
1125.00000000 0.38107417 -0.23352923
1126.00000000 0.38107392 -0.23352822
1127.00000000 0.38107362 -0.23352714
1128.00000000 0.38107328 -0.23352608
1129.00000000 0.38107292 -0.23352510
1130.00000000 0.38107256 -0.23352429
1131.00000000 0.38107221 -0.23352371
1132.00000000 0.38107189 -0.23352342
1133.00000000 0.38107160 -0.23352346
1134.00000000 0.38107137 -0.23352384
1135.00000000 0.38107120 -0.23352459
1136.00000000 0.38107109 -0.23352566
1137.00000000 0.38107106 -0.23352704
1138.00000000 0.38107109 -0.23352864
1139.00000000 0.38107118 -0.23353041
1140.00000000 0.38107134 -0.23353226
1141.00000000 0.38107153 -0.23353409
1142.00000000 0.38107177 -0.23353582
1143.00000000 0.38107203 -0.23353734
1144.00000000 0.38107229 -0.23353859
1145.00000000 0.38107256 -0.23353947
1146.00000000 0.38107281 -0.23353996
1147.00000000 0.38107303 -0.23354000
1148.00000000 0.38107321 -0.23353959
1149.00000000 0.38107335 -0.23353875
1150.00000000 0.38107343 -0.23353751
1151.00000000 0.38107346 -0.23353593
1152.00000000 0.38107344 -0.23353407
1153.00000000 0.38107337 -0.23353204
1154.00000000 0.38107324 -0.23352993
1155.00000000 0.38107307 -0.23352785
1156.00000000 0.38107287 -0.23352589
1157.00000000 0.38107265 -0.23352415
1158.00000000 0.38107241 -0.23352273
1159.00000000 0.38107216 -0.23352168
1160.00000000 0.38107192 -0.23352106
1161.00000000 0.38107169 -0.23352089
1162.00000000 0.38107147 -0.23352119
1163.00000000 0.38107129 -0.23352192
1164.00000000 0.38107113 -0.23352306
1165.00000000 0.38107100 -0.23352455
1166.00000000 0.38107091 -0.23352629
1167.00000000 0.38107084 -0.23352822
1168.00000000 0.38107081 -0.23353022
1169.00000000 0.38107080 -0.23353221
1170.00000000 0.38107081 -0.23353408
1171.00000000 0.38107083 -0.23353577
1172.00000000 0.38107087 -0.23353718
1173.00000000 0.38107091 -0.23353827
1174.00000000 0.38107095 -0.23353899
1175.00000000 0.38107098 -0.23353933
1176.00000000 0.38107100 -0.23353930
1177.00000000 0.38107102 -0.23353891
1178.00000000 0.38107102 -0.23353822
1179.00000000 0.38107100 -0.23353727
1180.00000000 0.38107097 -0.23353614
1181.00000000 0.38107093 -0.23353490
1182.00000000 0.38107087 -0.23353364
1183.00000000 0.38107081 -0.23353242
1184.00000000 0.38107074 -0.23353132
1185.00000000 0.38107066 -0.23353040
1186.00000000 0.38107058 -0.23352971
1187.00000000 0.38107050 -0.23352927
1188.00000000 0.38107042 -0.23352909
1189.00000000 0.38107035 -0.23352917
1190.00000000 0.38107028 -0.23352949
1191.00000000 0.38107021 -0.23353001
1192.00000000 0.38107014 -0.23353068
1193.00000000 0.38107008 -0.23353143
1194.00000000 0.38107003 -0.23353222
1195.00000000 0.38106997 -0.23353296
1196.00000000 0.38106992 -0.23353360
1197.00000000 0.38106987 -0.23353409
1198.00000000 0.38106982 -0.23353438
1199.00000000 0.38106977 -0.23353446
1200.00000000 0.38106973 -0.23353430
1201.00000000 0.38106969 -0.23353390
1202.00000000 0.38106966 -0.23353331
1203.00000000 0.38106963 -0.23353253
1204.00000000 0.38106961 -0.23353164
1205.00000000 0.38106960 -0.23353069
1206.00000000 0.38106960 -0.23352973
1207.00000000 0.38106961 -0.23352885
1208.00000000 0.38106963 -0.23352811
1209.00000000 0.38106967 -0.23352756
1210.00000000 0.38106971 -0.23352726
1211.00000000 0.38106977 -0.23352725
1212.00000000 0.38106983 -0.23352753
1213.00000000 0.38106989 -0.23352812
1214.00000000 0.38106995 -0.23352900
1215.00000000 0.38107000 -0.23353013
1216.00000000 0.38107005 -0.23353146
1217.00000000 0.38107008 -0.23353294
1218.00000000 0.38107009 -0.23353449
1219.00000000 0.38107008 -0.23353602
1220.00000000 0.38107005 -0.23353747
1221.00000000 0.38106999 -0.23353874
1222.00000000 0.38106991 -0.23353976
1223.00000000 0.38106980 -0.23354049
1224.00000000 0.38106968 -0.23354087
1225.00000000 0.38106954 -0.23354087
1226.00000000 0.38106939 -0.23354050
1227.00000000 0.38106923 -0.23353975
1228.00000000 0.38106908 -0.23353867
1229.00000000 0.38106895 -0.23353730
1230.00000000 0.38106883 -0.23353571
1231.00000000 0.38106874 -0.23353398
1232.00000000 0.38106869 -0.23353218
1233.00000000 0.38106867 -0.23353041
1234.00000000 0.38106870 -0.23352875
1235.00000000 0.38106877 -0.23352729
1236.00000000 0.38106889 -0.23352609
1237.00000000 0.38106905 -0.23352521
1238.00000000 0.38106924 -0.23352469
1239.00000000 0.38106947 -0.23352455
1240.00000000 0.38106973 -0.23352478
1241.00000000 0.38106999 -0.23352536
1242.00000000 0.38107026 -0.23352627
1243.00000000 0.38107051 -0.23352744
1244.00000000 0.38107075 -0.23352880
1245.00000000 0.38107095 -0.23353028
1246.00000000 0.38107111 -0.23353181
1247.00000000 0.38107122 -0.23353329
1248.00000000 0.38107128 -0.23353466
1249.00000000 0.38107127 -0.23353585
1250.00000000 0.38107120 -0.23353680
1251.00000000 0.38107108 -0.23353747
1252.00000000 0.38107090 -0.23353784
1253.00000000 0.38107067 -0.23353791
1254.00000000 0.38107040 -0.23353769
1255.00000000 0.38107010 -0.23353721
1256.00000000 0.38106979 -0.23353652
1257.00000000 0.38106949 -0.23353567
1258.00000000 0.38106919 -0.23353473
1259.00000000 0.38106893 -0.23353376
1260.00000000 0.38106870 -0.23353283
1261.00000000 0.38106853 -0.23353200
1262.00000000 0.38106842 -0.23353133
1263.00000000 0.38106837 -0.23353086
1264.00000000 0.38106839 -0.23353061
1265.00000000 0.38106848 -0.23353061
1266.00000000 0.38106864 -0.23353084
1267.00000000 0.38106886 -0.23353128
1268.00000000 0.38106913 -0.23353190
1269.00000000 0.38106944 -0.23353264
1270.00000000 0.38106977 -0.23353346
1271.00000000 0.38107012 -0.23353429
1272.00000000 0.38107046 -0.23353505
1273.00000000 0.38107079 -0.23353570
1274.00000000 0.38107109 -0.23353618
1275.00000000 0.38107134 -0.23353644
1276.00000000 0.38107154 -0.23353644
1277.00000000 0.38107167 -0.23353618
1278.00000000 0.38107174 -0.23353565
1279.00000000 0.38107174 -0.23353488
1280.00000000 0.38107168 -0.23353389
1281.00000000 0.38107155 -0.23353274
1282.00000000 0.38107136 -0.23353149
1283.00000000 0.38107113 -0.23353022
1284.00000000 0.38107086 -0.23352898
1285.00000000 0.38107057 -0.23352787
1286.00000000 0.38107026 -0.23352695
1287.00000000 0.38106996 -0.23352629
1288.00000000 0.38106968 -0.23352593
1289.00000000 0.38106942 -0.23352592
1290.00000000 0.38106921 -0.23352626
1291.00000000 0.38106903 -0.23352697
1292.00000000 0.38106891 -0.23352800
1293.00000000 0.38106884 -0.23352933
1294.00000000 0.38106883 -0.23353090
1295.00000000 0.38106887 -0.23353263
1296.00000000 0.38106896 -0.23353445
1297.00000000 0.38106909 -0.23353626
1298.00000000 0.38106925 -0.23353799
1299.00000000 0.38106944 -0.23353953
1300.00000000 0.38106965 -0.23354081
1301.00000000 0.38106986 -0.23354177
1302.00000000 0.38107006 -0.23354236
1303.00000000 0.38107025 -0.23354254
1304.00000000 0.38107041 -0.23354231
1305.00000000 0.38107055 -0.23354168
1306.00000000 0.38107065 -0.23354067
1307.00000000 0.38107072 -0.23353933
1308.00000000 0.38107074 -0.23353774
1309.00000000 0.38107073 -0.23353596
1310.00000000 0.38107069 -0.23353409
1311.00000000 0.38107061 -0.23353221
1312.00000000 0.38107051 -0.23353042
1313.00000000 0.38107039 -0.23352880
1314.00000000 0.38107026 -0.23352743
1315.00000000 0.38107012 -0.23352636
1316.00000000 0.38106998 -0.23352564
1317.00000000 0.38106985 -0.23352530
1318.00000000 0.38106973 -0.23352533
1319.00000000 0.38106963 -0.23352574
1320.00000000 0.38106954 -0.23352648
1321.00000000 0.38106947 -0.23352751
1322.00000000 0.38106942 -0.23352875
1323.00000000 0.38106940 -0.23353015
1324.00000000 0.38106939 -0.23353163
1325.00000000 0.38106940 -0.23353310
1326.00000000 0.38106942 -0.23353449
1327.00000000 0.38106945 -0.23353573
1328.00000000 0.38106949 -0.23353676
1329.00000000 0.38106953 -0.23353755
1330.00000000 0.38106957 -0.23353806
1331.00000000 0.38106961 -0.23353829
1332.00000000 0.38106965 -0.23353824
1333.00000000 0.38106968 -0.23353794
1334.00000000 0.38106970 -0.23353742
1335.00000000 0.38106971 -0.23353674
1336.00000000 0.38106972 -0.23353594
1337.00000000 0.38106972 -0.23353510
1338.00000000 0.38106972 -0.23353426
1339.00000000 0.38106971 -0.23353350
1340.00000000 0.38106969 -0.23353286
1341.00000000 0.38106968 -0.23353239
1342.00000000 0.38106966 -0.23353210
1343.00000000 0.38106965 -0.23353203
1344.00000000 0.38106963 -0.23353216
1345.00000000 0.38106961 -0.23353248
1346.00000000 0.38106959 -0.23353296
1347.00000000 0.38106957 -0.23353356
1348.00000000 0.38106955 -0.23353423
1349.00000000 0.38106952 -0.23353492
1350.00000000 0.38106949 -0.23353556
1351.00000000 0.38106946 -0.23353611
1352.00000000 0.38106942 -0.23353652
1353.00000000 0.38106938 -0.23353673
1354.00000000 0.38106934 -0.23353673
1355.00000000 0.38106930 -0.23353650
1356.00000000 0.38106926 -0.23353604
1357.00000000 0.38106923 -0.23353536
1358.00000000 0.38106920 -0.23353450
1359.00000000 0.38106918 -0.23353349
1360.00000000 0.38106917 -0.23353239
1361.00000000 0.38106917 -0.23353126
1362.00000000 0.38106919 -0.23353017
1363.00000000 0.38106923 -0.23352918
1364.00000000 0.38106928 -0.23352836
1365.00000000 0.38106934 -0.23352776
1366.00000000 0.38106942 -0.23352742
1367.00000000 0.38106951 -0.23352738
1368.00000000 0.38106961 -0.23352765
1369.00000000 0.38106971 -0.23352823
1370.00000000 0.38106980 -0.23352911
1371.00000000 0.38106989 -0.23353023
1372.00000000 0.38106997 -0.23353156
1373.00000000 0.38107003 -0.23353303
1374.00000000 0.38107007 -0.23353458
1375.00000000 0.38107008 -0.23353612
1376.00000000 0.38107006 -0.23353757
1377.00000000 0.38107002 -0.23353888
1378.00000000 0.38106994 -0.23353996
1379.00000000 0.38106983 -0.23354077
1380.00000000 0.38106969 -0.23354126
1381.00000000 0.38106953 -0.23354140
1382.00000000 0.38106936 -0.23354120
1383.00000000 0.38106918 -0.23354067
1384.00000000 0.38106900 -0.23353982
1385.00000000 0.38106882 -0.23353870
1386.00000000 0.38106867 -0.23353738
1387.00000000 0.38106854 -0.23353592
1388.00000000 0.38106844 -0.23353439
1389.00000000 0.38106839 -0.23353287
1390.00000000 0.38106837 -0.23353143
1391.00000000 0.38106841 -0.23353016
1392.00000000 0.38106849 -0.23352909
1393.00000000 0.38106862 -0.23352829
1394.00000000 0.38106879 -0.23352777
1395.00000000 0.38106900 -0.23352757
1396.00000000 0.38106924 -0.23352767
1397.00000000 0.38106949 -0.23352806
1398.00000000 0.38106976 -0.23352871
1399.00000000 0.38107002 -0.23352956
1400.00000000 0.38107027 -0.23353057
1401.00000000 0.38107049 -0.23353166
1402.00000000 0.38107068 -0.23353277
1403.00000000 0.38107082 -0.23353384
1404.00000000 0.38107090 -0.23353481
1405.00000000 0.38107093 -0.23353562
1406.00000000 0.38107090 -0.23353624
1407.00000000 0.38107081 -0.23353663
1408.00000000 0.38107067 -0.23353679
1409.00000000 0.38107047 -0.23353672
1410.00000000 0.38107023 -0.23353643
1411.00000000 0.38106996 -0.23353597
1412.00000000 0.38106967 -0.23353536
1413.00000000 0.38106937 -0.23353467
1414.00000000 0.38106907 -0.23353395
1415.00000000 0.38106879 -0.23353325
1416.00000000 0.38106854 -0.23353264
1417.00000000 0.38106834 -0.23353216
1418.00000000 0.38106818 -0.23353184
1419.00000000 0.38106808 -0.23353173
1420.00000000 0.38106804 -0.23353183
1421.00000000 0.38106807 -0.23353214
1422.00000000 0.38106815 -0.23353265
1423.00000000 0.38106830 -0.23353333
1424.00000000 0.38106849 -0.23353414
1425.00000000 0.38106873 -0.23353503
1426.00000000 0.38106900 -0.23353593
1427.00000000 0.38106928 -0.23353679
1428.00000000 0.38106958 -0.23353754
1429.00000000 0.38106986 -0.23353813
1430.00000000 0.38107013 -0.23353851
1431.00000000 0.38107037 -0.23353865
1432.00000000 0.38107057 -0.23353851
1433.00000000 0.38107072 -0.23353809
1434.00000000 0.38107082 -0.23353739
1435.00000000 0.38107087 -0.23353645
1436.00000000 0.38107085 -0.23353530
1437.00000000 0.38107079 -0.23353399
1438.00000000 0.38107067 -0.23353260
1439.00000000 0.38107051 -0.23353118
1440.00000000 0.38107032 -0.23352981
1441.00000000 0.38107010 -0.23352858
1442.00000000 0.38106986 -0.23352754
1443.00000000 0.38106963 -0.23352676
1444.00000000 0.38106940 -0.23352628
1445.00000000 0.38106918 -0.23352615
1446.00000000 0.38106899 -0.23352637
1447.00000000 0.38106884 -0.23352694
1448.00000000 0.38106872 -0.23352784
1449.00000000 0.38106864 -0.23352904
1450.00000000 0.38106860 -0.23353047
1451.00000000 0.38106861 -0.23353209
1452.00000000 0.38106865 -0.23353380
1453.00000000 0.38106873 -0.23353552
1454.00000000 0.38106884 -0.23353718
1455.00000000 0.38106897 -0.23353869
1456.00000000 0.38106911 -0.23353999
1457.00000000 0.38106926 -0.23354101
1458.00000000 0.38106941 -0.23354170
1459.00000000 0.38106955 -0.23354203
1460.00000000 0.38106968 -0.23354200
1461.00000000 0.38106979 -0.23354161
1462.00000000 0.38106988 -0.23354088
1463.00000000 0.38106994 -0.23353986
1464.00000000 0.38106998 -0.23353860
1465.00000000 0.38106999 -0.23353716
1466.00000000 0.38106998 -0.23353563
1467.00000000 0.38106995 -0.23353407
1468.00000000 0.38106990 -0.23353257
1469.00000000 0.38106983 -0.23353120
1470.00000000 0.38106976 -0.23353001
1471.00000000 0.38106968 -0.23352907
1472.00000000 0.38106960 -0.23352840
1473.00000000 0.38106952 -0.23352803
1474.00000000 0.38106945 -0.23352796
1475.00000000 0.38106939 -0.23352818
1476.00000000 0.38106934 -0.23352867
1477.00000000 0.38106930 -0.23352937
1478.00000000 0.38106927 -0.23353025
1479.00000000 0.38106926 -0.23353123
1480.00000000 0.38106925 -0.23353226
1481.00000000 0.38106925 -0.23353328
1482.00000000 0.38106927 -0.23353423
1483.00000000 0.38106928 -0.23353505
1484.00000000 0.38106930 -0.23353571
1485.00000000 0.38106933 -0.23353617
1486.00000000 0.38106935 -0.23353642
1487.00000000 0.38106937 -0.23353646
1488.00000000 0.38106939 -0.23353630
1489.00000000 0.38106941 -0.23353597
1490.00000000 0.38106943 -0.23353550
1491.00000000 0.38106945 -0.23353494
1492.00000000 0.38106946 -0.23353433
1493.00000000 0.38106947 -0.23353374
1494.00000000 0.38106948 -0.23353320
1495.00000000 0.38106949 -0.23353277
1496.00000000 0.38106951 -0.23353248
1497.00000000 0.38106952 -0.23353236
1498.00000000 0.38106953 -0.23353242
1499.00000000 0.38106953 -0.23353267
1500.00000000 0.38106954 -0.23353310
1501.00000000 0.38106954 -0.23353368
1502.00000000 0.38106954 -0.23353437
1503.00000000 0.38106953 -0.23353513
1504.00000000 0.38106952 -0.23353591
1505.00000000 0.38106949 -0.23353666
1506.00000000 0.38106946 -0.23353732
1507.00000000 0.38106942 -0.23353784
1508.00000000 0.38106938 -0.23353817
1509.00000000 0.38106933 -0.23353829
1510.00000000 0.38106927 -0.23353818
1511.00000000 0.38106921 -0.23353781
1512.00000000 0.38106915 -0.23353721
1513.00000000 0.38106910 -0.23353639
1514.00000000 0.38106905 -0.23353538
1515.00000000 0.38106902 -0.23353424
1516.00000000 0.38106900 -0.23353301
1517.00000000 0.38106899 -0.23353177
1518.00000000 0.38106901 -0.23353057
1519.00000000 0.38106905 -0.23352948
1520.00000000 0.38106910 -0.23352857
1521.00000000 0.38106918 -0.23352787
1522.00000000 0.38106928 -0.23352744
1523.00000000 0.38106939 -0.23352731
1524.00000000 0.38106951 -0.23352748
1525.00000000 0.38106964 -0.23352795
1526.00000000 0.38106976 -0.23352871
1527.00000000 0.38106988 -0.23352972
1528.00000000 0.38106999 -0.23353093
1529.00000000 0.38107008 -0.23353228
1530.00000000 0.38107015 -0.23353372
1531.00000000 0.38107018 -0.23353516
1532.00000000 0.38107018 -0.23353654
1533.00000000 0.38107015 -0.23353780
1534.00000000 0.38107008 -0.23353886
1535.00000000 0.38106998 -0.23353969
1536.00000000 0.38106984 -0.23354024
1537.00000000 0.38106968 -0.23354049
1538.00000000 0.38106949 -0.23354044
1539.00000000 0.38106929 -0.23354009
1540.00000000 0.38106909 -0.23353947
1541.00000000 0.38106889 -0.23353862
1542.00000000 0.38106870 -0.23353758
1543.00000000 0.38106854 -0.23353642
1544.00000000 0.38106841 -0.23353521
1545.00000000 0.38106831 -0.23353399
1546.00000000 0.38106826 -0.23353285
1547.00000000 0.38106825 -0.23353183
1548.00000000 0.38106830 -0.23353098
1549.00000000 0.38106839 -0.23353035
1550.00000000 0.38106853 -0.23352994
1551.00000000 0.38106872 -0.23352979
1552.00000000 0.38106893 -0.23352987
1553.00000000 0.38106917 -0.23353018
1554.00000000 0.38106943 -0.23353067
1555.00000000 0.38106969 -0.23353131
1556.00000000 0.38106995 -0.23353206
1557.00000000 0.38107019 -0.23353284
1558.00000000 0.38107039 -0.23353362
1559.00000000 0.38107056 -0.23353433
1560.00000000 0.38107069 -0.23353494
1561.00000000 0.38107076 -0.23353539
1562.00000000 0.38107077 -0.23353568
1563.00000000 0.38107073 -0.23353577
1564.00000000 0.38107063 -0.23353567
1565.00000000 0.38107048 -0.23353539
1566.00000000 0.38107029 -0.23353495
1567.00000000 0.38107006 -0.23353439
1568.00000000 0.38106980 -0.23353376
1569.00000000 0.38106953 -0.23353310
1570.00000000 0.38106926 -0.23353246
1571.00000000 0.38106899 -0.23353189
1572.00000000 0.38106874 -0.23353145
1573.00000000 0.38106853 -0.23353118
1574.00000000 0.38106835 -0.23353109
1575.00000000 0.38106822 -0.23353122
1576.00000000 0.38106814 -0.23353157
1577.00000000 0.38106812 -0.23353213
1578.00000000 0.38106815 -0.23353287
1579.00000000 0.38106823 -0.23353377
1580.00000000 0.38106836 -0.23353477
1581.00000000 0.38106854 -0.23353582
1582.00000000 0.38106874 -0.23353685
1583.00000000 0.38106897 -0.23353782
1584.00000000 0.38106921 -0.23353865
1585.00000000 0.38106945 -0.23353930
1586.00000000 0.38106969 -0.23353971
1587.00000000 0.38106990 -0.23353986
1588.00000000 0.38107009 -0.23353972
1589.00000000 0.38107024 -0.23353928
1590.00000000 0.38107036 -0.23353857
1591.00000000 0.38107043 -0.23353760
1592.00000000 0.38107045 -0.23353641
1593.00000000 0.38107043 -0.23353506
1594.00000000 0.38107037 -0.23353362
1595.00000000 0.38107027 -0.23353214
1596.00000000 0.38107014 -0.23353071
1597.00000000 0.38106998 -0.23352940
1598.00000000 0.38106981 -0.23352827
1599.00000000 0.38106964 -0.23352738
1600.00000000 0.38106946 -0.23352677
1601.00000000 0.38106929 -0.23352649
1602.00000000 0.38106914 -0.23352654
1603.00000000 0.38106901 -0.23352693
1604.00000000 0.38106891 -0.23352763
1605.00000000 0.38106883 -0.23352862
1606.00000000 0.38106878 -0.23352984
1607.00000000 0.38106877 -0.23353124
1608.00000000 0.38106878 -0.23353275
1609.00000000 0.38106882 -0.23353430
1610.00000000 0.38106889 -0.23353581
1611.00000000 0.38106897 -0.23353720
1612.00000000 0.38106906 -0.23353842
1613.00000000 0.38106916 -0.23353942
1614.00000000 0.38106926 -0.23354014
1615.00000000 0.38106936 -0.23354056
1616.00000000 0.38106945 -0.23354068
1617.00000000 0.38106953 -0.23354048
1618.00000000 0.38106960 -0.23354000
1619.00000000 0.38106965 -0.23353927
1620.00000000 0.38106968 -0.23353834
1621.00000000 0.38106970 -0.23353725
1622.00000000 0.38106970 -0.23353608
1623.00000000 0.38106969 -0.23353488
1624.00000000 0.38106966 -0.23353372
1625.00000000 0.38106963 -0.23353266
1626.00000000 0.38106959 -0.23353175
1627.00000000 0.38106955 -0.23353103
1628.00000000 0.38106950 -0.23353052
1629.00000000 0.38106946 -0.23353024
1630.00000000 0.38106942 -0.23353019
1631.00000000 0.38106938 -0.23353035
1632.00000000 0.38106935 -0.23353071
1633.00000000 0.38106933 -0.23353122
1634.00000000 0.38106931 -0.23353184
1635.00000000 0.38106930 -0.23353253
1636.00000000 0.38106929 -0.23353322
1637.00000000 0.38106929 -0.23353388
1638.00000000 0.38106929 -0.23353445
1639.00000000 0.38106929 -0.23353490
1640.00000000 0.38106930 -0.23353520
1641.00000000 0.38106930 -0.23353534
1642.00000000 0.38106931 -0.23353530
1643.00000000 0.38106932 -0.23353511
1644.00000000 0.38106933 -0.23353477
1645.00000000 0.38106934 -0.23353432
1646.00000000 0.38106935 -0.23353379
1647.00000000 0.38106936 -0.23353322
1648.00000000 0.38106938 -0.23353268
1649.00000000 0.38106940 -0.23353219
1650.00000000 0.38106942 -0.23353181
1651.00000000 0.38106945 -0.23353156
1652.00000000 0.38106948 -0.23353149
1653.00000000 0.38106951 -0.23353160
1654.00000000 0.38106954 -0.23353190
1655.00000000 0.38106956 -0.23353239
1656.00000000 0.38106959 -0.23353304
1657.00000000 0.38106960 -0.23353382
1658.00000000 0.38106961 -0.23353470
1659.00000000 0.38106961 -0.23353563
1660.00000000 0.38106960 -0.23353655
1661.00000000 0.38106957 -0.23353741
1662.00000000 0.38106954 -0.23353815
1663.00000000 0.38106949 -0.23353873
1664.00000000 0.38106943 -0.23353910
1665.00000000 0.38106935 -0.23353924
1666.00000000 0.38106928 -0.23353913
1667.00000000 0.38106919 -0.23353876
1668.00000000 0.38106911 -0.23353815
1669.00000000 0.38106903 -0.23353731
1670.00000000 0.38106896 -0.23353629
1671.00000000 0.38106891 -0.23353512
1672.00000000 0.38106887 -0.23353387
1673.00000000 0.38106885 -0.23353260
1674.00000000 0.38106885 -0.23353136
1675.00000000 0.38106888 -0.23353023
1676.00000000 0.38106894 -0.23352925
1677.00000000 0.38106902 -0.23352848
1678.00000000 0.38106913 -0.23352796
1679.00000000 0.38106925 -0.23352772
1680.00000000 0.38106939 -0.23352776
1681.00000000 0.38106954 -0.23352808
1682.00000000 0.38106969 -0.23352867
1683.00000000 0.38106984 -0.23352950
1684.00000000 0.38106998 -0.23353052
1685.00000000 0.38107010 -0.23353168
1686.00000000 0.38107019 -0.23353292
1687.00000000 0.38107026 -0.23353418
1688.00000000 0.38107029 -0.23353539
1689.00000000 0.38107028 -0.23353651
1690.00000000 0.38107023 -0.23353747
1691.00000000 0.38107014 -0.23353823
1692.00000000 0.38107002 -0.23353875
1693.00000000 0.38106986 -0.23353903
1694.00000000 0.38106968 -0.23353906
1695.00000000 0.38106948 -0.23353884
1696.00000000 0.38106926 -0.23353839
1697.00000000 0.38106905 -0.23353776
1698.00000000 0.38106884 -0.23353699
1699.00000000 0.38106865 -0.23353611
1700.00000000 0.38106848 -0.23353520
1701.00000000 0.38106835 -0.23353430
1702.00000000 0.38106826 -0.23353347
1703.00000000 0.38106822 -0.23353274
1704.00000000 0.38106823 -0.23353216
1705.00000000 0.38106828 -0.23353176
1706.00000000 0.38106838 -0.23353155
1707.00000000 0.38106853 -0.23353153
1708.00000000 0.38106872 -0.23353170
1709.00000000 0.38106893 -0.23353202
1710.00000000 0.38106917 -0.23353248
1711.00000000 0.38106942 -0.23353303
1712.00000000 0.38106967 -0.23353362
1713.00000000 0.38106991 -0.23353421
1714.00000000 0.38107013 -0.23353475
1715.00000000 0.38107032 -0.23353520
1716.00000000 0.38107047 -0.23353552
1717.00000000 0.38107057 -0.23353569
1718.00000000 0.38107063 -0.23353568
1719.00000000 0.38107063 -0.23353550
1720.00000000 0.38107058 -0.23353514
1721.00000000 0.38107049 -0.23353464
1722.00000000 0.38107034 -0.23353401
1723.00000000 0.38107016 -0.23353330
1724.00000000 0.38106995 -0.23353255
1725.00000000 0.38106972 -0.23353182
1726.00000000 0.38106948 -0.23353116
1727.00000000 0.38106924 -0.23353061
1728.00000000 0.38106901 -0.23353021
1729.00000000 0.38106880 -0.23353001
1730.00000000 0.38106862 -0.23353003
1731.00000000 0.38106848 -0.23353028
1732.00000000 0.38106837 -0.23353077
1733.00000000 0.38106832 -0.23353146
1734.00000000 0.38106831 -0.23353235
1735.00000000 0.38106834 -0.23353339
1736.00000000 0.38106842 -0.23353452
1737.00000000 0.38106854 -0.23353570
1738.00000000 0.38106868 -0.23353687
1739.00000000 0.38106886 -0.23353795
1740.00000000 0.38106904 -0.23353889
1741.00000000 0.38106924 -0.23353964
1742.00000000 0.38106943 -0.23354015
1743.00000000 0.38106961 -0.23354039
1744.00000000 0.38106978 -0.23354034
1745.00000000 0.38106992 -0.23354000
1746.00000000 0.38107003 -0.23353937
1747.00000000 0.38107011 -0.23353848
1748.00000000 0.38107015 -0.23353737
1749.00000000 0.38107016 -0.23353609
1750.00000000 0.38107013 -0.23353471
1751.00000000 0.38107008 -0.23353327
1752.00000000 0.38107000 -0.23353187
1753.00000000 0.38106990 -0.23353055
1754.00000000 0.38106978 -0.23352940
1755.00000000 0.38106966 -0.23352845
1756.00000000 0.38106953 -0.23352775
1757.00000000 0.38106941 -0.23352735
1758.00000000 0.38106929 -0.23352724
1759.00000000 0.38106919 -0.23352744
1760.00000000 0.38106910 -0.23352793
1761.00000000 0.38106904 -0.23352868
1762.00000000 0.38106900 -0.23352964
1763.00000000 0.38106898 -0.23353078
1764.00000000 0.38106897 -0.23353203
1765.00000000 0.38106899 -0.23353332
1766.00000000 0.38106902 -0.23353459
1767.00000000 0.38106907 -0.23353579
1768.00000000 0.38106913 -0.23353685
1769.00000000 0.38106919 -0.23353773
1770.00000000 0.38106925 -0.23353838
1771.00000000 0.38106931 -0.23353880
1772.00000000 0.38106937 -0.23353897
1773.00000000 0.38106943 -0.23353889
1774.00000000 0.38106947 -0.23353858
1775.00000000 0.38106950 -0.23353807
1776.00000000 0.38106953 -0.23353740
1777.00000000 0.38106954 -0.23353662
1778.00000000 0.38106955 -0.23353578
1779.00000000 0.38106955 -0.23353492
1780.00000000 0.38106954 -0.23353411
1781.00000000 0.38106952 -0.23353338
1782.00000000 0.38106950 -0.23353278
1783.00000000 0.38106948 -0.23353232
1784.00000000 0.38106946 -0.23353204
1785.00000000 0.38106944 -0.23353194
1786.00000000 0.38106942 -0.23353200
1787.00000000 0.38106940 -0.23353222
1788.00000000 0.38106939 -0.23353257
1789.00000000 0.38106937 -0.23353301
1790.00000000 0.38106936 -0.23353350
1791.00000000 0.38106935 -0.23353401
1792.00000000 0.38106933 -0.23353448
1793.00000000 0.38106932 -0.23353488
1794.00000000 0.38106931 -0.23353518
1795.00000000 0.38106930 -0.23353534
1796.00000000 0.38106929 -0.23353535
1797.00000000 0.38106928 -0.23353520
1798.00000000 0.38106928 -0.23353491
1799.00000000 0.38106927 -0.23353448
1800.00000000 0.38106927 -0.23353393
1801.00000000 0.38106927 -0.23353332
1802.00000000 0.38106928 -0.23353266
1803.00000000 0.38106930 -0.23353202
1804.00000000 0.38106932 -0.23353143
1805.00000000 0.38106935 -0.23353094
1806.00000000 0.38106938 -0.23353059
1807.00000000 0.38106942 -0.23353041
1808.00000000 0.38106947 -0.23353042
1809.00000000 0.38106952 -0.23353064
1810.00000000 0.38106957 -0.23353106
1811.00000000 0.38106961 -0.23353167
1812.00000000 0.38106966 -0.23353245
1813.00000000 0.38106969 -0.23353336
1814.00000000 0.38106971 -0.23353437
1815.00000000 0.38106972 -0.23353541
1816.00000000 0.38106972 -0.23353643
1817.00000000 0.38106969 -0.23353739
1818.00000000 0.38106965 -0.23353823
1819.00000000 0.38106959 -0.23353889
1820.00000000 0.38106952 -0.23353935
1821.00000000 0.38106943 -0.23353958
1822.00000000 0.38106933 -0.23353955
1823.00000000 0.38106923 -0.23353926
1824.00000000 0.38106912 -0.23353873
1825.00000000 0.38106902 -0.23353797
1826.00000000 0.38106892 -0.23353703
1827.00000000 0.38106884 -0.23353594
1828.00000000 0.38106877 -0.23353476
1829.00000000 0.38106873 -0.23353355
1830.00000000 0.38106872 -0.23353236
1831.00000000 0.38106874 -0.23353126
1832.00000000 0.38106878 -0.23353030
1833.00000000 0.38106886 -0.23352951
1834.00000000 0.38106896 -0.23352895
1835.00000000 0.38106909 -0.23352863
1836.00000000 0.38106924 -0.23352856
1837.00000000 0.38106940 -0.23352875
1838.00000000 0.38106957 -0.23352917
1839.00000000 0.38106974 -0.23352980
1840.00000000 0.38106990 -0.23353061
1841.00000000 0.38107005 -0.23353153
1842.00000000 0.38107018 -0.23353254
1843.00000000 0.38107027 -0.23353356
1844.00000000 0.38107033 -0.23353455
1845.00000000 0.38107036 -0.23353545
1846.00000000 0.38107034 -0.23353623
1847.00000000 0.38107028 -0.23353684
1848.00000000 0.38107018 -0.23353726
1849.00000000 0.38107004 -0.23353748
1850.00000000 0.38106987 -0.23353750
1851.00000000 0.38106968 -0.23353732
1852.00000000 0.38106946 -0.23353697
1853.00000000 0.38106925 -0.23353648
1854.00000000 0.38106903 -0.23353589
1855.00000000 0.38106882 -0.23353525
1856.00000000 0.38106864 -0.23353459
1857.00000000 0.38106848 -0.23353396
1858.00000000 0.38106836 -0.23353341
1859.00000000 0.38106828 -0.23353298
1860.00000000 0.38106825 -0.23353268
1861.00000000 0.38106826 -0.23353253
1862.00000000 0.38106832 -0.23353255
1863.00000000 0.38106843 -0.23353273
1864.00000000 0.38106858 -0.23353304
1865.00000000 0.38106876 -0.23353347
1866.00000000 0.38106897 -0.23353398
1867.00000000 0.38106919 -0.23353454
1868.00000000 0.38106942 -0.23353509
1869.00000000 0.38106965 -0.23353560
1870.00000000 0.38106987 -0.23353602
1871.00000000 0.38107006 -0.23353631
1872.00000000 0.38107023 -0.23353645
1873.00000000 0.38107035 -0.23353642
1874.00000000 0.38107044 -0.23353621
1875.00000000 0.38107048 -0.23353581
1876.00000000 0.38107047 -0.23353525
1877.00000000 0.38107042 -0.23353454
1878.00000000 0.38107033 -0.23353373
1879.00000000 0.38107020 -0.23353286
1880.00000000 0.38107004 -0.23353198
1881.00000000 0.38106985 -0.23353113
1882.00000000 0.38106965 -0.23353037
1883.00000000 0.38106945 -0.23352976
1884.00000000 0.38106925 -0.23352932
1885.00000000 0.38106906 -0.23352909
1886.00000000 0.38106889 -0.23352911
1887.00000000 0.38106875 -0.23352937
1888.00000000 0.38106864 -0.23352987
1889.00000000 0.38106856 -0.23353060
1890.00000000 0.38106852 -0.23353152
1891.00000000 0.38106853 -0.23353261
1892.00000000 0.38106856 -0.23353380
1893.00000000 0.38106863 -0.23353504
1894.00000000 0.38106873 -0.23353627
1895.00000000 0.38106885 -0.23353743
1896.00000000 0.38106899 -0.23353846
1897.00000000 0.38106913 -0.23353930
1898.00000000 0.38106928 -0.23353992
1899.00000000 0.38106943 -0.23354028
1900.00000000 0.38106956 -0.23354037
1901.00000000 0.38106968 -0.23354016
1902.00000000 0.38106978 -0.23353969
1903.00000000 0.38106985 -0.23353895
1904.00000000 0.38106990 -0.23353800
1905.00000000 0.38106992 -0.23353688
1906.00000000 0.38106992 -0.23353564
1907.00000000 0.38106990 -0.23353435
1908.00000000 0.38106985 -0.23353306
1909.00000000 0.38106979 -0.23353183
1910.00000000 0.38106971 -0.23353073
1911.00000000 0.38106963 -0.23352980
1912.00000000 0.38106955 -0.23352909
1913.00000000 0.38106946 -0.23352862
1914.00000000 0.38106938 -0.23352842
1915.00000000 0.38106931 -0.23352847
1916.00000000 0.38106925 -0.23352877
1917.00000000 0.38106920 -0.23352930
1918.00000000 0.38106916 -0.23353001
1919.00000000 0.38106914 -0.23353088
1920.00000000 0.38106913 -0.23353184
1921.00000000 0.38106914 -0.23353285
1922.00000000 0.38106915 -0.23353385
1923.00000000 0.38106918 -0.23353478
1924.00000000 0.38106921 -0.23353561
1925.00000000 0.38106924 -0.23353629
1926.00000000 0.38106928 -0.23353680
1927.00000000 0.38106932 -0.23353712
1928.00000000 0.38106935 -0.23353725
1929.00000000 0.38106938 -0.23353718
1930.00000000 0.38106941 -0.23353695
1931.00000000 0.38106943 -0.23353657
1932.00000000 0.38106945 -0.23353608
1933.00000000 0.38106946 -0.23353552
1934.00000000 0.38106947 -0.23353494
1935.00000000 0.38106947 -0.23353436
1936.00000000 0.38106947 -0.23353385
1937.00000000 0.38106947 -0.23353342
1938.00000000 0.38106947 -0.23353311
1939.00000000 0.38106946 -0.23353294
1940.00000000 0.38106946 -0.23353291
1941.00000000 0.38106945 -0.23353302
1942.00000000 0.38106944 -0.23353326
1943.00000000 0.38106943 -0.23353361
1944.00000000 0.38106942 -0.23353404
1945.00000000 0.38106941 -0.23353451
1946.00000000 0.38106940 -0.23353498
1947.00000000 0.38106938 -0.23353542
1948.00000000 0.38106936 -0.23353579
1949.00000000 0.38106934 -0.23353605
1950.00000000 0.38106932 -0.23353617
1951.00000000 0.38106929 -0.23353615
1952.00000000 0.38106927 -0.23353596
1953.00000000 0.38106924 -0.23353561
1954.00000000 0.38106922 -0.23353512
1955.00000000 0.38106921 -0.23353449
1956.00000000 0.38106919 -0.23353378
1957.00000000 0.38106919 -0.23353300
1958.00000000 0.38106920 -0.23353221
1959.00000000 0.38106921 -0.23353145
1960.00000000 0.38106924 -0.23353078
1961.00000000 0.38106928 -0.23353022
1962.00000000 0.38106933 -0.23352982
1963.00000000 0.38106938 -0.23352961
1964.00000000 0.38106945 -0.23352961
1965.00000000 0.38106952 -0.23352983
1966.00000000 0.38106959 -0.23353026
1967.00000000 0.38106965 -0.23353089
1968.00000000 0.38106972 -0.23353170
1969.00000000 0.38106977 -0.23353264
1970.00000000 0.38106981 -0.23353368
1971.00000000 0.38106984 -0.23353476
1972.00000000 0.38106984 -0.23353583
1973.00000000 0.38106982 -0.23353684
1974.00000000 0.38106979 -0.23353773
1975.00000000 0.38106973 -0.23353846
1976.00000000 0.38106965 -0.23353900
1977.00000000 0.38106955 -0.23353931
1978.00000000 0.38106943 -0.23353939
1979.00000000 0.38106931 -0.23353922
1980.00000000 0.38106918 -0.23353881
1981.00000000 0.38106905 -0.23353819
1982.00000000 0.38106893 -0.23353740
1983.00000000 0.38106882 -0.23353646
1984.00000000 0.38106873 -0.23353543
1985.00000000 0.38106866 -0.23353436
1986.00000000 0.38106863 -0.23353330
1987.00000000 0.38106862 -0.23353232
1988.00000000 0.38106864 -0.23353144
1989.00000000 0.38106870 -0.23353072
1990.00000000 0.38106880 -0.23353018
1991.00000000 0.38106892 -0.23352985
1992.00000000 0.38106907 -0.23352974
1993.00000000 0.38106923 -0.23352983
1994.00000000 0.38106941 -0.23353013
1995.00000000 0.38106959 -0.23353060
1996.00000000 0.38106978 -0.23353121
1997.00000000 0.38106995 -0.23353192
1998.00000000 0.38107010 -0.23353269
1999.00000000 0.38107022 -0.23353346
