0.000000 8.433254 -1.000000 8.433254 -1.000000 
0.500000 8.320503 -0.995012 8.320503 -0.995012 
1.000000 8.216503 -0.990050 8.216503 -0.990050 
1.500000 8.120263 -0.985112 8.120263 -0.985112 
2.000000 8.030904 -0.980199 8.030904 -0.980199 
2.500000 7.947651 -0.975310 7.947651 -0.975310 
3.000000 7.869817 -0.970446 7.869817 -0.970446 
3.500000 7.796796 -0.965605 7.796796 -0.965605 
4.000000 7.728051 -0.960789 7.728051 -0.960789 
4.500000 7.663108 -0.955997 7.663108 -0.955997 
5.000000 7.601548 -0.951229 7.601548 -0.951229 
5.500000 7.542998 -0.946485 7.542998 -0.946485 
6.000000 7.487130 -0.941765 7.487130 -0.941765 
6.500000 7.433656 -0.937067 7.433656 -0.937067 
7.000000 7.382316 -0.932394 7.382316 -0.932394 
7.500000 7.332885 -0.927743 7.332885 -0.927743 
8.000000 7.285162 -0.923116 7.285162 -0.923116 
8.500000 7.238968 -0.918512 7.238968 -0.918512 
9.000000 7.194147 -0.913931 7.194147 -0.913931 
9.500000 7.150559 -0.909373 7.150559 -0.909373 
10.000000 7.108082 -0.904837 7.108082 -0.904837 
10.500000 7.066605 -0.900325 7.066605 -0.900325 
11.000000 7.026034 -0.895834 7.026034 -0.895834 
11.500000 6.986281 -0.891366 6.986281 -0.891366 
12.000000 6.947273 -0.886920 6.947273 -0.886920 
12.500000 6.908942 -0.882497 6.908942 -0.882497 
13.000000 6.871228 -0.878095 6.871228 -0.878095 
13.500000 6.834079 -0.873716 6.834079 -0.873716 
14.000000 6.797450 -0.869358 6.797450 -0.869358 
14.500000 6.761297 -0.865022 6.761297 -0.865022 
15.000000 6.725586 -0.860708 6.725586 -0.860708 
15.500000 6.690283 -0.856415 6.690283 -0.856415 
16.000000 6.655360 -0.852144 6.655360 -0.852144 
16.500000 6.620791 -0.847894 6.620791 -0.847894 
17.000000 6.586554 -0.843665 6.586554 -0.843665 
17.500000 6.552629 -0.839457 6.552629 -0.839457 
18.000000 6.518997 -0.835270 6.518997 -0.835270 
18.500000 6.485643 -0.831104 6.485643 -0.831104 
19.000000 6.452553 -0.826959 6.452553 -0.826959 
19.500000 6.419714 -0.822835 6.419714 -0.822835 
20.000000 6.387115 -0.818731 6.387115 -0.818731 
20.500000 6.354746 -0.814647 6.354746 -0.814647 
21.000000 6.322597 -0.810584 6.322597 -0.810584 
21.500000 6.290662 -0.806541 6.290662 -0.806541 
22.000000 6.258932 -0.802519 6.258932 -0.802519 
22.500000 6.227402 -0.798516 6.227402 -0.798516 
23.000000 6.196065 -0.794534 6.196065 -0.794534 
23.500000 6.164917 -0.790571 6.164917 -0.790571 
24.000000 6.133952 -0.786628 6.133952 -0.786628 
24.500000 6.103167 -0.782705 6.103167 -0.782705 
25.000000 6.072558 -0.778801 6.072558 -0.778801 
25.500000 6.042121 -0.774916 6.042121 -0.774916 
26.000000 6.011853 -0.771052 6.011853 -0.771052 
26.500000 5.981752 -0.767206 5.981752 -0.767206 
27.000000 5.951814 -0.763379 5.951814 -0.763379 
27.500000 5.922038 -0.759572 5.922038 -0.759572 
28.000000 5.892420 -0.755784 5.892420 -0.755784 
28.500000 5.862960 -0.752014 5.862960 -0.752014 
29.000000 5.833655 -0.748264 5.833655 -0.748264 
29.500000 5.804504 -0.744532 5.804504 -0.744532 
30.000000 5.775504 -0.740818 5.775504 -0.740818 
30.500000 5.746655 -0.737123 5.746655 -0.737123 
31.000000 5.717955 -0.733447 5.717955 -0.733447 
31.500000 5.689402 -0.729789 5.689402 -0.729789 
32.000000 5.660996 -0.726149 5.660996 -0.726149 
32.500000 5.632735 -0.722527 5.632735 -0.722527 
33.000000 5.604618 -0.718924 5.604618 -0.718924 
33.500000 5.576644 -0.715338 5.576644 -0.715338 
34.000000 5.548812 -0.711770 5.548812 -0.711770 
34.500000 5.521120 -0.708220 5.521120 -0.708220 
35.000000 5.493569 -0.704688 5.493569 -0.704688 
35.500000 5.466157 -0.701173 5.466157 -0.701173 
36.000000 5.438883 -0.697676 5.438883 -0.697676 
36.500000 5.411747 -0.694197 5.411747 -0.694197 
37.000000 5.384747 -0.690734 5.384747 -0.690734 
37.500000 5.357882 -0.687289 5.357882 -0.687289 
38.000000 5.331153 -0.683861 5.331153 -0.683861 
38.500000 5.304558 -0.680451 5.304558 -0.680451 
39.000000 5.278096 -0.677057 5.278096 -0.677057 
39.500000 5.251766 -0.673680 5.251766 -0.673680 
40.000000 5.225569 -0.670320 5.225569 -0.670320 
40.500000 5.199502 -0.666977 5.199502 -0.666977 
41.000000 5.173566 -0.663650 5.173566 -0.663650 
41.500000 5.147760 -0.660340 5.147760 -0.660340 
42.000000 5.122083 -0.657047 5.122083 -0.657047 
42.500000 5.096534 -0.653770 5.096534 -0.653770 
43.000000 5.071113 -0.650509 5.071113 -0.650509 
43.500000 5.045819 -0.647265 5.045819 -0.647265 
44.000000 5.020651 -0.644036 5.020651 -0.644036 
44.500000 4.995609 -0.640824 4.995609 -0.640824 
45.000000 4.970693 -0.637628 4.970693 -0.637628 
45.500000 4.945900 -0.634448 4.945900 -0.634448 
46.000000 4.921231 -0.631284 4.921231 -0.631284 
46.500000 4.896686 -0.628135 4.896686 -0.628135 
47.000000 4.872263 -0.625002 4.872263 -0.625002 
47.500000 4.847961 -0.621885 4.847961 -0.621885 
48.000000 4.823782 -0.618783 4.823782 -0.618783 
48.500000 4.799722 -0.615697 4.799722 -0.615697 
49.000000 4.775783 -0.612626 4.775783 -0.612626 
49.500000 4.751963 -0.609571 4.751963 -0.609571 
50.000000 4.728263 -0.606531 4.728263 -0.606531 
50.500000 4.704680 -0.603506 4.704680 -0.603506 
51.000000 4.681215 -0.600496 4.681215 -0.600496 
51.500000 4.657867 -0.597501 4.657867 -0.597501 
52.000000 4.634636 -0.594521 4.634636 -0.594521 
52.500000 4.611520 -0.591555 4.611520 -0.591555 
53.000000 4.588520 -0.588605 4.588520 -0.588605 
53.500000 4.565634 -0.585669 4.565634 -0.585669 
54.000000 4.542863 -0.582748 4.542863 -0.582748 
54.500000 4.520205 -0.579842 4.520205 -0.579842 
55.000000 4.497661 -0.576950 4.497661 -0.576950 
55.500000 4.475228 -0.574072 4.475228 -0.574072 
56.000000 4.452908 -0.571209 4.452908 -0.571209 
56.500000 4.430699 -0.568360 4.430699 -0.568360 
57.000000 4.408601 -0.565525 4.408601 -0.565525 
57.500000 4.386613 -0.562705 4.386613 -0.562705 
58.000000 4.364734 -0.559898 4.364734 -0.559898 
58.500000 4.342965 -0.557106 4.342965 -0.557106 
59.000000 4.321304 -0.554327 4.321304 -0.554327 
59.500000 4.299752 -0.551563 4.299752 -0.551563 
60.000000 4.278307 -0.548812 4.278307 -0.548812 
60.500000 4.256968 -0.546074 4.256968 -0.546074 
61.000000 4.235737 -0.543351 4.235737 -0.543351 
61.500000 4.214611 -0.540641 4.214611 -0.540641 
62.000000 4.193590 -0.537944 4.193590 -0.537944 
62.500000 4.172675 -0.535261 4.172675 -0.535261 
63.000000 4.151863 -0.532592 4.151863 -0.532592 
63.500000 4.131156 -0.529935 4.131156 -0.529935 
64.000000 4.110552 -0.527292 4.110552 -0.527292 
64.500000 4.090050 -0.524663 4.090050 -0.524663 
65.000000 4.069651 -0.522046 4.069651 -0.522046 
65.500000 4.049353 -0.519442 4.049353 -0.519442 
66.000000 4.029157 -0.516851 4.029157 -0.516851 
66.500000 4.009062 -0.514274 4.009062 -0.514274 
67.000000 3.989066 -0.511709 3.989066 -0.511709 
67.500000 3.969171 -0.509156 3.969171 -0.509156 
68.000000 3.949374 -0.506617 3.949374 -0.506617 
68.500000 3.929677 -0.504090 3.929677 -0.504090 
69.000000 3.910078 -0.501576 3.910078 -0.501576 
69.500000 3.890576 -0.499074 3.890576 -0.499074 
70.000000 3.871172 -0.496585 3.871172 -0.496585 
70.500000 3.851864 -0.494109 3.851864 -0.494109 
71.000000 3.832653 -0.491644 3.832653 -0.491644 
71.500000 3.813537 -0.489192 3.813537 -0.489192 
72.000000 3.794517 -0.486752 3.794517 -0.486752 
72.500000 3.775592 -0.484325 3.775592 -0.484325 
73.000000 3.756761 -0.481909 3.756761 -0.481909 
73.500000 3.738024 -0.479505 3.738024 -0.479505 
74.000000 3.719381 -0.477114 3.719381 -0.477114 
74.500000 3.700830 -0.474734 3.700830 -0.474734 
75.000000 3.682372 -0.472367 3.682372 -0.472367 
75.500000 3.664006 -0.470011 3.664006 -0.470011 
76.000000 3.645732 -0.467666 3.645732 -0.467666 
76.500000 3.627549 -0.465334 3.627549 -0.465334 
77.000000 3.609456 -0.463013 3.609456 -0.463013 
77.500000 3.591454 -0.460704 3.591454 -0.460704 
78.000000 3.573542 -0.458406 3.573542 -0.458406 
78.500000 3.555719 -0.456120 3.555719 -0.456120 
79.000000 3.537984 -0.453845 3.537984 -0.453845 
79.500000 3.520339 -0.451581 3.520339 -0.451581 
80.000000 3.502781 -0.449329 3.502781 -0.449329 
80.500000 3.485311 -0.447088 3.485311 -0.447088 
81.000000 3.467928 -0.444858 3.467928 -0.444858 
81.500000 3.450631 -0.442639 3.450631 -0.442639 
82.000000 3.433421 -0.440432 3.433421 -0.440432 
82.500000 3.416297 -0.438235 3.416297 -0.438235 
83.000000 3.399258 -0.436049 3.399258 -0.436049 
83.500000 3.382304 -0.433874 3.382304 -0.433874 
84.000000 3.365435 -0.431711 3.365435 -0.431711 
84.500000 3.348650 -0.429557 3.348650 -0.429557 
85.000000 3.331948 -0.427415 3.331948 -0.427415 
85.500000 3.315330 -0.425283 3.315330 -0.425283 
86.000000 3.298795 -0.423162 3.298795 -0.423162 
86.500000 3.282342 -0.421052 3.282342 -0.421052 
87.000000 3.265971 -0.418952 3.265971 -0.418952 
87.500000 3.249682 -0.416862 3.249682 -0.416862 
88.000000 3.233474 -0.414783 3.233474 -0.414783 
88.500000 3.217347 -0.412714 3.217347 -0.412714 
89.000000 3.201301 -0.410656 3.201301 -0.410656 
89.500000 3.185334 -0.408608 3.185334 -0.408608 
90.000000 3.169447 -0.406570 3.169447 -0.406570 
90.500000 3.153640 -0.404542 3.153640 -0.404542 
91.000000 3.137911 -0.402524 3.137911 -0.402524 
91.500000 3.122260 -0.400517 3.122260 -0.400517 
92.000000 3.106688 -0.398519 3.106688 -0.398519 
92.500000 3.091193 -0.396531 3.091193 -0.396531 
93.000000 3.075776 -0.394554 3.075776 -0.394554 
93.500000 3.060435 -0.392586 3.060435 -0.392586 
94.000000 3.045171 -0.390628 3.045171 -0.390628 
94.500000 3.029984 -0.388680 3.029984 -0.388680 
95.000000 3.014871 -0.386741 3.014871 -0.386741 
95.500000 2.999835 -0.384812 2.999835 -0.384812 
96.000000 2.984873 -0.382893 2.984873 -0.382893 
96.500000 2.969986 -0.380983 2.969986 -0.380983 
97.000000 2.955173 -0.379083 2.955173 -0.379083 
97.500000 2.940434 -0.377192 2.940434 -0.377192 
98.000000 2.925769 -0.375311 2.925769 -0.375311 
98.500000 2.911176 -0.373439 2.911176 -0.373439 
99.000000 2.896657 -0.371577 2.896657 -0.371577 
99.500000 2.882210 -0.369723 2.882210 -0.369723 
100.000000 2.867834 -0.367879 2.867834 -0.367879 
100.500000 2.853531 -0.366045 2.853531 -0.366045 
101.000000 2.839299 -0.364219 2.839299 -0.364219 
101.500000 2.825138 -0.362402 2.825138 -0.362402 
102.000000 2.811048 -0.360595 2.811048 -0.360595 
102.500000 2.797027 -0.358796 2.797027 -0.358796 
103.000000 2.783077 -0.357007 2.783077 -0.357007 
103.500000 2.769196 -0.355226 2.769196 -0.355226 
104.000000 2.755385 -0.353455 2.755385 -0.353455 
104.500000 2.741643 -0.351692 2.741643 -0.351692 
105.000000 2.727969 -0.349938 2.727969 -0.349938 
105.500000 2.714363 -0.348192 2.714363 -0.348192 
106.000000 2.700825 -0.346456 2.700825 -0.346456 
106.500000 2.687354 -0.344728 2.687354 -0.344728 
107.000000 2.673951 -0.343009 2.673951 -0.343009 
107.500000 2.660615 -0.341298 2.660615 -0.341298 
108.000000 2.647345 -0.339596 2.647345 -0.339596 
108.500000 2.634141 -0.337902 2.634141 -0.337902 
109.000000 2.621003 -0.336216 2.621003 -0.336216 
109.500000 2.607931 -0.334540 2.607931 -0.334540 
110.000000 2.594924 -0.332871 2.594924 -0.332871 
110.500000 2.581982 -0.331211 2.581982 -0.331211 
111.000000 2.569104 -0.329559 2.569104 -0.329559 
111.500000 2.556291 -0.327915 2.556291 -0.327915 
112.000000 2.543541 -0.326280 2.543541 -0.326280 
112.500000 2.530855 -0.324652 2.530855 -0.324652 
113.000000 2.518232 -0.323033 2.518232 -0.323033 
113.500000 2.505673 -0.321422 2.505673 -0.321422 
114.000000 2.493176 -0.319819 2.493176 -0.319819 
114.500000 2.480741 -0.318224 2.480741 -0.318224 
115.000000 2.468368 -0.316637 2.468368 -0.316637 
115.500000 2.456057 -0.315058 2.456057 -0.315058 
116.000000 2.443807 -0.313486 2.443807 -0.313486 
116.500000 2.431619 -0.311923 2.431619 -0.311923 
117.000000 2.419491 -0.310367 2.419491 -0.310367 
117.500000 2.407424 -0.308819 2.407424 -0.308819 
118.000000 2.395417 -0.307279 2.395417 -0.307279 
118.500000 2.383470 -0.305746 2.383470 -0.305746 
119.000000 2.371582 -0.304221 2.371582 -0.304221 
119.500000 2.359754 -0.302704 2.359754 -0.302704 
120.000000 2.347984 -0.301194 2.347984 -0.301194 
120.500000 2.336274 -0.299692 2.336274 -0.299692 
121.000000 2.324621 -0.298197 2.324621 -0.298197 
121.500000 2.313027 -0.296710 2.313027 -0.296710 
122.000000 2.301491 -0.295230 2.301491 -0.295230 
122.500000 2.290012 -0.293758 2.290012 -0.293758 
123.000000 2.278591 -0.292293 2.278591 -0.292293 
123.500000 2.267226 -0.290835 2.267226 -0.290835 
124.000000 2.255918 -0.289384 2.255918 -0.289384 
124.500000 2.244667 -0.287941 2.244667 -0.287941 
125.000000 2.233472 -0.286505 2.233472 -0.286505 
125.500000 2.222332 -0.285076 2.222332 -0.285076 
126.000000 2.211248 -0.283654 2.211248 -0.283654 
126.500000 2.200220 -0.282239 2.200220 -0.282239 
127.000000 2.189246 -0.280832 2.189246 -0.280832 
127.500000 2.178327 -0.279431 2.178327 -0.279431 
128.000000 2.167463 -0.278037 2.167463 -0.278037 
128.500000 2.156652 -0.276651 2.156652 -0.276651 
129.000000 2.145896 -0.275271 2.145896 -0.275271 
129.500000 2.135193 -0.273898 2.135193 -0.273898 
130.000000 2.124544 -0.272532 2.124544 -0.272532 
130.500000 2.113948 -0.271173 2.113948 -0.271173 
131.000000 2.103404 -0.269820 2.103404 -0.269820 
131.500000 2.092914 -0.268474 2.092914 -0.268474 
132.000000 2.082475 -0.267135 2.082475 -0.267135 
132.500000 2.072089 -0.265803 2.072089 -0.265803 
133.000000 2.061754 -0.264477 2.061754 -0.264477 
133.500000 2.051471 -0.263158 2.051471 -0.263158 
134.000000 2.041239 -0.261846 2.041239 -0.261846 
134.500000 2.031059 -0.260540 2.031059 -0.260540 
135.000000 2.020929 -0.259240 2.020929 -0.259240 
135.500000 2.010849 -0.257947 2.010849 -0.257947 
136.000000 2.000820 -0.256661 2.000820 -0.256661 
136.500000 1.990841 -0.255381 1.990841 -0.255381 
137.000000 1.980912 -0.254107 1.980912 -0.254107 
137.500000 1.971032 -0.252840 1.971032 -0.252840 
138.000000 1.961201 -0.251579 1.961201 -0.251579 
138.500000 1.951420 -0.250324 1.951420 -0.250324 
139.000000 1.941687 -0.249075 1.941687 -0.249075 
139.500000 1.932003 -0.247833 1.932003 -0.247833 
140.000000 1.922367 -0.246597 1.922367 -0.246597 
140.500000 1.912779 -0.245367 1.912779 -0.245367 
141.000000 1.903239 -0.244143 1.903239 -0.244143 
141.500000 1.893747 -0.242926 1.893747 -0.242926 
142.000000 1.884302 -0.241714 1.884302 -0.241714 
142.500000 1.874904 -0.240508 1.874904 -0.240508 
143.000000 1.865552 -0.239309 1.865552 -0.239309 
143.500000 1.856248 -0.238115 1.856248 -0.238115 
144.000000 1.846990 -0.236928 1.846990 -0.236928 
144.500000 1.837778 -0.235746 1.837778 -0.235746 
145.000000 1.828612 -0.234570 1.828612 -0.234570 
145.500000 1.819492 -0.233400 1.819492 -0.233400 
146.000000 1.810417 -0.232236 1.810417 -0.232236 
146.500000 1.801387 -0.231078 1.801387 -0.231078 
147.000000 1.792403 -0.229925 1.792403 -0.229925 
147.500000 1.783463 -0.228779 1.783463 -0.228779 
148.000000 1.774568 -0.227638 1.774568 -0.227638 
148.500000 1.765718 -0.226502 1.765718 -0.226502 
149.000000 1.756911 -0.225373 1.756911 -0.225373 
149.500000 1.748148 -0.224249 1.748148 -0.224249 
150.000000 1.739430 -0.223130 1.739430 -0.223130 
150.500000 1.730754 -0.222017 1.730754 -0.222017 
151.000000 1.722122 -0.220910 1.722122 -0.220910 
151.500000 1.713533 -0.219808 1.713533 -0.219808 
152.000000 1.704987 -0.218712 1.704987 -0.218712 
152.500000 1.696483 -0.217621 1.696483 -0.217621 
153.000000 1.688022 -0.216536 1.688022 -0.216536 
153.500000 1.679603 -0.215456 1.679603 -0.215456 
154.000000 1.671226 -0.214381 1.671226 -0.214381 
154.500000 1.662890 -0.213312 1.662890 -0.213312 
155.000000 1.654597 -0.212248 1.654597 -0.212248 
155.500000 1.646344 -0.211189 1.646344 -0.211189 
156.000000 1.638133 -0.210136 1.638133 -0.210136 
156.500000 1.629963 -0.209088 1.629963 -0.209088 
157.000000 1.621833 -0.208045 1.621833 -0.208045 
157.500000 1.613744 -0.207008 1.613744 -0.207008 
158.000000 1.605696 -0.205975 1.605696 -0.205975 
158.500000 1.597687 -0.204948 1.597687 -0.204948 
159.000000 1.589719 -0.203926 1.589719 -0.203926 
159.500000 1.581790 -0.202909 1.581790 -0.202909 
160.000000 1.573901 -0.201897 1.573901 -0.201897 
160.500000 1.566051 -0.200890 1.566051 -0.200890 
161.000000 1.558240 -0.199888 1.558240 -0.199888 
161.500000 1.550469 -0.198891 1.550469 -0.198891 
162.000000 1.542736 -0.197899 1.542736 -0.197899 
162.500000 1.535041 -0.196912 1.535041 -0.196912 
163.000000 1.527385 -0.195930 1.527385 -0.195930 
163.500000 1.519767 -0.194952 1.519767 -0.194952 
164.000000 1.512187 -0.193980 1.512187 -0.193980 
164.500000 1.504645 -0.193013 1.504645 -0.193013 
165.000000 1.497141 -0.192050 1.497141 -0.192050 
165.500000 1.489674 -0.191092 1.489674 -0.191092 
166.000000 1.482244 -0.190139 1.482244 -0.190139 
166.500000 1.474851 -0.189191 1.474851 -0.189191 
167.000000 1.467495 -0.188247 1.467495 -0.188247 
167.500000 1.460176 -0.187308 1.460176 -0.187308 
168.000000 1.452894 -0.186374 1.452894 -0.186374 
168.500000 1.445647 -0.185444 1.445647 -0.185444 
169.000000 1.438437 -0.184520 1.438437 -0.184520 
169.500000 1.431263 -0.183599 1.431263 -0.183599 
170.000000 1.424124 -0.182684 1.424124 -0.182684 
170.500000 1.417022 -0.181772 1.417022 -0.181772 
171.000000 1.409954 -0.180866 1.409954 -0.180866 
171.500000 1.402922 -0.179964 1.402922 -0.179964 
172.000000 1.395925 -0.179066 1.395925 -0.179066 
172.500000 1.388963 -0.178173 1.388963 -0.178173 
173.000000 1.382035 -0.177284 1.382035 -0.177284 
173.500000 1.375142 -0.176400 1.375142 -0.176400 
174.000000 1.368284 -0.175520 1.368284 -0.175520 
174.500000 1.361459 -0.174645 1.361459 -0.174645 
175.000000 1.354669 -0.173774 1.354669 -0.173774 
175.500000 1.347913 -0.172907 1.347913 -0.172907 
176.000000 1.341190 -0.172045 1.341190 -0.172045 
176.500000 1.334501 -0.171187 1.334501 -0.171187 
177.000000 1.327845 -0.170333 1.327845 -0.170333 
177.500000 1.321222 -0.169483 1.321222 -0.169483 
178.000000 1.314633 -0.168638 1.314633 -0.168638 
178.500000 1.308076 -0.167797 1.308076 -0.167797 
179.000000 1.301552 -0.166960 1.301552 -0.166960 
179.500000 1.295060 -0.166127 1.295060 -0.166127 
180.000000 1.288601 -0.165299 1.288601 -0.165299 
180.500000 1.282174 -0.164474 1.282174 -0.164474 
181.000000 1.275779 -0.163654 1.275779 -0.163654 
181.500000 1.269416 -0.162838 1.269416 -0.162838 
182.000000 1.263085 -0.162026 1.263085 -0.162026 
182.500000 1.256785 -0.161218 1.256785 -0.161218 
183.000000 1.250517 -0.160414 1.250517 -0.160414 
183.500000 1.244280 -0.159614 1.244280 -0.159614 
184.000000 1.238074 -0.158817 1.238074 -0.158817 
184.500000 1.231899 -0.158025 1.231899 -0.158025 
185.000000 1.225755 -0.157237 1.225755 -0.157237 
185.500000 1.219642 -0.156453 1.219642 -0.156453 
186.000000 1.213559 -0.155673 1.213559 -0.155673 
186.500000 1.207506 -0.154896 1.207506 -0.154896 
187.000000 1.201484 -0.154124 1.201484 -0.154124 
187.500000 1.195491 -0.153355 1.195491 -0.153355 
188.000000 1.189529 -0.152590 1.189529 -0.152590 
188.500000 1.183596 -0.151829 1.183596 -0.151829 
189.000000 1.177693 -0.151072 1.177693 -0.151072 
189.500000 1.171819 -0.150318 1.171819 -0.150318 
190.000000 1.165974 -0.149569 1.165974 -0.149569 
190.500000 1.160159 -0.148823 1.160159 -0.148823 
191.000000 1.154373 -0.148080 1.154373 -0.148080 
191.500000 1.148615 -0.147342 1.148615 -0.147342 
192.000000 1.142887 -0.146607 1.142887 -0.146607 
192.500000 1.137186 -0.145876 1.137186 -0.145876 
193.000000 1.131515 -0.145148 1.131515 -0.145148 
193.500000 1.125871 -0.144424 1.125871 -0.144424 
194.000000 1.120256 -0.143704 1.120256 -0.143704 
194.500000 1.114669 -0.142987 1.114669 -0.142987 
195.000000 1.109109 -0.142274 1.109109 -0.142274 
195.500000 1.103578 -0.141564 1.103578 -0.141564 
196.000000 1.098073 -0.140858 1.098073 -0.140858 
196.500000 1.092597 -0.140156 1.092597 -0.140156 
197.000000 1.087147 -0.139457 1.087147 -0.139457 
197.500000 1.081725 -0.138761 1.081725 -0.138761 
198.000000 1.076330 -0.138069 1.076330 -0.138069 
198.500000 1.070962 -0.137381 1.070962 -0.137381 
199.000000 1.065620 -0.136695 1.065620 -0.136695 
199.500000 1.060306 -0.136014 1.060306 -0.136014 
200.000000 1.055017 -0.135335 1.055017 -0.135335 
200.500000 1.049755 -0.134660 1.049755 -0.134660 
201.000000 1.044520 -0.133989 1.044520 -0.133989 
201.500000 1.039310 -0.133320 1.039310 -0.133320 
202.000000 1.034127 -0.132655 1.034127 -0.132655 
202.500000 1.028969 -0.131994 1.028969 -0.131994 
203.000000 1.023837 -0.131336 1.023837 -0.131336 
203.500000 1.018730 -0.130680 1.018730 -0.130680 
204.000000 1.013650 -0.130029 1.013650 -0.130029 
204.500000 1.008594 -0.129380 1.008594 -0.129380 
205.000000 1.003564 -0.128735 1.003564 -0.128735 
205.500000 0.998558 -0.128093 0.998558 -0.128093 
206.000000 0.993578 -0.127454 0.993578 -0.127454 
206.500000 0.988622 -0.126818 0.988622 -0.126818 
207.000000 0.983692 -0.126186 0.983692 -0.126186 
207.500000 0.978785 -0.125556 0.978785 -0.125556 
208.000000 0.973904 -0.124930 0.973904 -0.124930 
208.500000 0.969046 -0.124307 0.969046 -0.124307 
209.000000 0.964213 -0.123687 0.964213 -0.123687 
209.500000 0.959404 -0.123070 0.959404 -0.123070 
210.000000 0.954619 -0.122456 0.954619 -0.122456 
210.500000 0.949858 -0.121846 0.949858 -0.121846 
211.000000 0.945121 -0.121238 0.945121 -0.121238 
211.500000 0.940407 -0.120633 0.940407 -0.120633 
212.000000 0.935716 -0.120032 0.935716 -0.120032 
212.500000 0.931050 -0.119433 0.931050 -0.119433 
213.000000 0.926406 -0.118837 0.926406 -0.118837 
213.500000 0.921785 -0.118245 0.921785 -0.118245 
214.000000 0.917188 -0.117655 0.917188 -0.117655 
214.500000 0.912614 -0.117068 0.912614 -0.117068 
215.000000 0.908062 -0.116484 0.908062 -0.116484 
215.500000 0.903533 -0.115903 0.903533 -0.115903 
216.000000 0.899026 -0.115325 0.899026 -0.115325 
216.500000 0.894543 -0.114750 0.894543 -0.114750 
217.000000 0.890081 -0.114178 0.890081 -0.114178 
217.500000 0.885642 -0.113608 0.885642 -0.113608 
218.000000 0.881225 -0.113042 0.881225 -0.113042 
218.500000 0.876829 -0.112478 0.876829 -0.112478 
219.000000 0.872456 -0.111917 0.872456 -0.111917 
219.500000 0.868105 -0.111359 0.868105 -0.111359 
220.000000 0.863775 -0.110803 0.863775 -0.110803 
220.500000 0.859467 -0.110251 0.859467 -0.110251 
221.000000 0.855180 -0.109701 0.855180 -0.109701 
221.500000 0.850915 -0.109154 0.850915 -0.109154 
222.000000 0.846671 -0.108609 0.846671 -0.108609 
222.500000 0.842448 -0.108067 0.842448 -0.108067 
223.000000 0.838247 -0.107528 0.838247 -0.107528 
223.500000 0.834066 -0.106992 0.834066 -0.106992 
224.000000 0.829906 -0.106459 0.829906 -0.106459 
224.500000 0.825767 -0.105928 0.825767 -0.105928 
225.000000 0.821648 -0.105399 0.821648 -0.105399 
225.500000 0.817550 -0.104874 0.817550 -0.104874 
226.000000 0.813473 -0.104350 0.813473 -0.104350 
226.500000 0.809416 -0.103830 0.809416 -0.103830 
227.000000 0.805379 -0.103312 0.805379 -0.103312 
227.500000 0.801362 -0.102797 0.801362 -0.102797 
228.000000 0.797365 -0.102284 0.797365 -0.102284 
228.500000 0.793388 -0.101774 0.793388 -0.101774 
229.000000 0.789431 -0.101266 0.789431 -0.101266 
229.500000 0.785494 -0.100761 0.785494 -0.100761 
230.000000 0.781576 -0.100259 0.781576 -0.100259 
230.500000 0.777678 -0.099759 0.777678 -0.099759 
231.000000 0.773799 -0.099261 0.773799 -0.099261 
231.500000 0.769940 -0.098766 0.769940 -0.098766 
232.000000 0.766100 -0.098274 0.766100 -0.098274 
232.500000 0.762279 -0.097783 0.762279 -0.097783 
233.000000 0.758477 -0.097296 0.758477 -0.097296 
233.500000 0.754694 -0.096810 0.754694 -0.096810 
234.000000 0.750930 -0.096328 0.750930 -0.096328 
234.500000 0.747185 -0.095847 0.747185 -0.095847 
235.000000 0.743458 -0.095369 0.743458 -0.095369 
235.500000 0.739750 -0.094894 0.739750 -0.094894 
236.000000 0.736061 -0.094420 0.736061 -0.094420 
236.500000 0.732390 -0.093949 0.732390 -0.093949 
237.000000 0.728737 -0.093481 0.728737 -0.093481 
237.500000 0.725102 -0.093014 0.725102 -0.093014 
238.000000 0.721486 -0.092551 0.721486 -0.092551 
238.500000 0.717887 -0.092089 0.717887 -0.092089 
239.000000 0.714307 -0.091630 0.714307 -0.091630 
239.500000 0.710744 -0.091173 0.710744 -0.091173 
240.000000 0.707199 -0.090718 0.707199 -0.090718 
240.500000 0.703672 -0.090265 0.703672 -0.090265 
241.000000 0.700163 -0.089815 0.700163 -0.089815 
241.500000 0.696670 -0.089367 0.696670 -0.089367 
242.000000 0.693196 -0.088922 0.693196 -0.088922 
242.500000 0.689738 -0.088478 0.689738 -0.088478 
243.000000 0.686298 -0.088037 0.686298 -0.088037 
243.500000 0.682875 -0.087598 0.682875 -0.087598 
244.000000 0.679470 -0.087161 0.679470 -0.087161 
244.500000 0.676081 -0.086726 0.676081 -0.086726 
245.000000 0.672709 -0.086294 0.672709 -0.086294 
245.500000 0.669354 -0.085863 0.669354 -0.085863 
246.000000 0.666015 -0.085435 0.666015 -0.085435 
246.500000 0.662693 -0.085009 0.662693 -0.085009 
247.000000 0.659388 -0.084585 0.659388 -0.084585 
247.500000 0.656100 -0.084163 0.656100 -0.084163 
248.000000 0.652827 -0.083743 0.652827 -0.083743 
248.500000 0.649571 -0.083326 0.649571 -0.083326 
249.000000 0.646331 -0.082910 0.646331 -0.082910 
249.500000 0.643108 -0.082496 0.643108 -0.082496 
250.000000 0.639900 -0.082085 0.639900 -0.082085 
250.500000 0.636709 -0.081676 0.636709 -0.081676 
251.000000 0.633533 -0.081268 0.633533 -0.081268 
251.500000 0.630373 -0.080863 0.630373 -0.080863 
252.000000 0.627229 -0.080460 0.627229 -0.080460 
252.500000 0.624101 -0.080058 0.624101 -0.080058 
253.000000 0.620988 -0.079659 0.620988 -0.079659 
253.500000 0.617891 -0.079262 0.617891 -0.079262 
254.000000 0.614810 -0.078866 0.614810 -0.078866 
254.500000 0.611743 -0.078473 0.611743 -0.078473 
255.000000 0.608692 -0.078082 0.608692 -0.078082 
255.500000 0.605656 -0.077692 0.605656 -0.077692 
256.000000 0.602635 -0.077305 0.602635 -0.077305 
256.500000 0.599630 -0.076919 0.599630 -0.076919 
257.000000 0.596639 -0.076536 0.596639 -0.076536 
257.500000 0.593663 -0.076154 0.593663 -0.076154 
258.000000 0.590702 -0.075774 0.590702 -0.075774 
258.500000 0.587756 -0.075396 0.587756 -0.075396 
259.000000 0.584825 -0.075020 0.584825 -0.075020 
259.500000 0.581908 -0.074646 0.581908 -0.074646 
260.000000 0.579006 -0.074274 0.579006 -0.074274 
260.500000 0.576118 -0.073903 0.576118 -0.073903 
261.000000 0.573245 -0.073535 0.573245 -0.073535 
261.500000 0.570386 -0.073168 0.570386 -0.073168 
262.000000 0.567541 -0.072803 0.567541 -0.072803 
262.500000 0.564710 -0.072440 0.564710 -0.072440 
263.000000 0.561894 -0.072078 0.561894 -0.072078 
263.500000 0.559091 -0.071719 0.559091 -0.071719 
264.000000 0.556303 -0.071361 0.556303 -0.071361 
264.500000 0.553528 -0.071005 0.553528 -0.071005 
265.000000 0.550767 -0.070651 0.550767 -0.070651 
265.500000 0.548020 -0.070299 0.548020 -0.070299 
266.000000 0.545287 -0.069948 0.545287 -0.069948 
266.500000 0.542567 -0.069599 0.542567 -0.069599 
267.000000 0.539861 -0.069252 0.539861 -0.069252 
267.500000 0.537169 -0.068907 0.537169 -0.068907 
268.000000 0.534490 -0.068563 0.534490 -0.068563 
268.500000 0.531824 -0.068221 0.531824 -0.068221 
269.000000 0.529171 -0.067881 0.529171 -0.067881 
269.500000 0.526532 -0.067542 0.526532 -0.067542 
270.000000 0.523906 -0.067206 0.523906 -0.067206 
270.500000 0.521293 -0.066870 0.521293 -0.066870 
271.000000 0.518693 -0.066537 0.518693 -0.066537 
271.500000 0.516106 -0.066205 0.516106 -0.066205 
272.000000 0.513532 -0.065875 0.513532 -0.065875 
272.500000 0.510971 -0.065546 0.510971 -0.065546 
273.000000 0.508422 -0.065219 0.508422 -0.065219 
273.500000 0.505887 -0.064894 0.505887 -0.064894 
274.000000 0.503363 -0.064570 0.503363 -0.064570 
274.500000 0.500853 -0.064248 0.500853 -0.064248 
275.000000 0.498355 -0.063928 0.498355 -0.063928 
275.500000 0.495869 -0.063609 0.495869 -0.063609 
276.000000 0.493396 -0.063292 0.493396 -0.063292 
276.500000 0.490935 -0.062976 0.490935 -0.062976 
277.000000 0.488487 -0.062662 0.488487 -0.062662 
277.500000 0.486050 -0.062349 0.486050 -0.062349 
278.000000 0.483626 -0.062039 0.483626 -0.062039 
278.500000 0.481214 -0.061729 0.481214 -0.061729 
279.000000 0.478814 -0.061421 0.478814 -0.061421 
279.500000 0.476426 -0.061115 0.476426 -0.061115 
280.000000 0.474050 -0.060810 0.474050 -0.060810 
280.500000 0.471686 -0.060507 0.471686 -0.060507 
281.000000 0.469333 -0.060205 0.469333 -0.060205 
281.500000 0.466992 -0.059905 0.466992 -0.059905 
282.000000 0.464663 -0.059606 0.464663 -0.059606 
282.500000 0.462346 -0.059309 0.462346 -0.059309 
283.000000 0.460040 -0.059013 0.460040 -0.059013 
283.500000 0.457745 -0.058719 0.457745 -0.058719 
284.000000 0.455462 -0.058426 0.455462 -0.058426 
284.500000 0.453190 -0.058134 0.453190 -0.058134 
285.000000 0.450930 -0.057844 0.450930 -0.057844 
285.500000 0.448681 -0.057556 0.448681 -0.057556 
286.000000 0.446443 -0.057269 0.446443 -0.057269 
286.500000 0.444217 -0.056983 0.444217 -0.056983 
287.000000 0.442001 -0.056699 0.442001 -0.056699 
287.500000 0.439797 -0.056416 0.439797 -0.056416 
288.000000 0.437603 -0.056135 0.437603 -0.056135 
288.500000 0.435421 -0.055855 0.435421 -0.055855 
289.000000 0.433249 -0.055576 0.433249 -0.055576 
289.500000 0.431088 -0.055299 0.431088 -0.055299 
290.000000 0.428938 -0.055023 0.428938 -0.055023 
290.500000 0.426799 -0.054749 0.426799 -0.054749 
291.000000 0.424670 -0.054476 0.424670 -0.054476 
291.500000 0.422552 -0.054204 0.422552 -0.054204 
292.000000 0.420444 -0.053934 0.420444 -0.053934 
292.500000 0.418348 -0.053665 0.418348 -0.053665 
293.000000 0.416261 -0.053397 0.416261 -0.053397 
293.500000 0.414185 -0.053131 0.414185 -0.053131 
294.000000 0.412119 -0.052866 0.412119 -0.052866 
294.500000 0.410064 -0.052602 0.410064 -0.052602 
295.000000 0.408018 -0.052340 0.408018 -0.052340 
295.500000 0.405983 -0.052079 0.405983 -0.052079 
296.000000 0.403959 -0.051819 0.403959 -0.051819 
296.500000 0.401944 -0.051560 0.401944 -0.051560 
297.000000 0.399939 -0.051303 0.399939 -0.051303 
297.500000 0.397944 -0.051047 0.397944 -0.051047 
298.000000 0.395960 -0.050793 0.395960 -0.050793 
298.500000 0.393985 -0.050540 0.393985 -0.050540 
299.000000 0.392020 -0.050287 0.392020 -0.050287 
299.500000 0.390065 -0.050037 0.390065 -0.050037 
300.000000 0.388119 -0.049787 0.388119 -0.049787 
300.500000 0.386183 -0.049539 0.386183 -0.049539 
301.000000 0.384257 -0.049292 0.384257 -0.049292 
301.500000 0.382341 -0.049046 0.382341 -0.049046 
302.000000 0.380434 -0.048801 0.380434 -0.048801 
302.500000 0.378536 -0.048558 0.378536 -0.048558 
303.000000 0.376649 -0.048316 0.376649 -0.048316 
303.500000 0.374770 -0.048075 0.374770 -0.048075 
304.000000 0.372901 -0.047835 0.372901 -0.047835 
304.500000 0.371041 -0.047596 0.371041 -0.047596 
305.000000 0.369190 -0.047359 0.369190 -0.047359 
305.500000 0.367349 -0.047123 0.367349 -0.047123 
306.000000 0.365517 -0.046888 0.365517 -0.046888 
306.500000 0.363694 -0.046654 0.363694 -0.046654 
307.000000 0.361880 -0.046421 0.361880 -0.046421 
307.500000 0.360075 -0.046190 0.360075 -0.046190 
308.000000 0.358279 -0.045959 0.358279 -0.045959 
308.500000 0.356492 -0.045730 0.356492 -0.045730 
309.000000 0.354714 -0.045502 0.354714 -0.045502 
309.500000 0.352945 -0.045275 0.352945 -0.045275 
310.000000 0.351185 -0.045049 0.351185 -0.045049 
310.500000 0.349433 -0.044825 0.349433 -0.044825 
311.000000 0.347690 -0.044601 0.347690 -0.044601 
311.500000 0.345956 -0.044379 0.345956 -0.044379 
312.000000 0.344231 -0.044157 0.344231 -0.044157 
312.500000 0.342514 -0.043937 0.342514 -0.043937 
313.000000 0.340806 -0.043718 0.340806 -0.043718 
313.500000 0.339106 -0.043500 0.339106 -0.043500 
314.000000 0.337415 -0.043283 0.337415 -0.043283 
314.500000 0.335732 -0.043067 0.335732 -0.043067 
315.000000 0.334057 -0.042852 0.334057 -0.042852 
315.500000 0.332391 -0.042638 0.332391 -0.042638 
316.000000 0.330733 -0.042426 0.330733 -0.042426 
316.500000 0.329084 -0.042214 0.329084 -0.042214 
317.000000 0.327443 -0.042004 0.327443 -0.042004 
317.500000 0.325809 -0.041794 0.325809 -0.041794 
318.000000 0.324184 -0.041586 0.324184 -0.041586 
318.500000 0.322568 -0.041378 0.322568 -0.041378 
319.000000 0.320959 -0.041172 0.320959 -0.041172 
319.500000 0.319358 -0.040967 0.319358 -0.040967 
320.000000 0.317765 -0.040762 0.317765 -0.040762 
320.500000 0.316180 -0.040559 0.316180 -0.040559 
321.000000 0.314603 -0.040357 0.314603 -0.040357 
321.500000 0.313034 -0.040155 0.313034 -0.040155 
322.000000 0.311473 -0.039955 0.311473 -0.039955 
322.500000 0.309919 -0.039756 0.309919 -0.039756 
323.000000 0.308374 -0.039557 0.308374 -0.039557 
323.500000 0.306836 -0.039360 0.306836 -0.039360 
324.000000 0.305305 -0.039164 0.305305 -0.039164 
324.500000 0.303783 -0.038969 0.303783 -0.038969 
325.000000 0.302268 -0.038774 0.302268 -0.038774 
325.500000 0.300760 -0.038581 0.300760 -0.038581 
326.000000 0.299260 -0.038388 0.299260 -0.038388 
326.500000 0.297767 -0.038197 0.297767 -0.038197 
327.000000 0.296282 -0.038006 0.296282 -0.038006 
327.500000 0.294805 -0.037817 0.294805 -0.037817 
328.000000 0.293334 -0.037628 0.293334 -0.037628 
328.500000 0.291871 -0.037441 0.291871 -0.037441 
329.000000 0.290415 -0.037254 0.290415 -0.037254 
329.500000 0.288967 -0.037068 0.288967 -0.037068 
330.000000 0.287526 -0.036883 0.287526 -0.036883 
330.500000 0.286092 -0.036699 0.286092 -0.036699 
331.000000 0.284665 -0.036516 0.284665 -0.036516 
331.500000 0.283245 -0.036334 0.283245 -0.036334 
332.000000 0.281832 -0.036153 0.281832 -0.036153 
332.500000 0.280427 -0.035973 0.280427 -0.035973 
333.000000 0.279028 -0.035793 0.279028 -0.035793 
333.500000 0.277636 -0.035615 0.277636 -0.035615 
334.000000 0.276252 -0.035437 0.276252 -0.035437 
334.500000 0.274874 -0.035260 0.274874 -0.035260 
335.000000 0.273503 -0.035084 0.273503 -0.035084 
335.500000 0.272139 -0.034909 0.272139 -0.034909 
336.000000 0.270782 -0.034735 0.270782 -0.034735 
336.500000 0.269431 -0.034562 0.269431 -0.034562 
337.000000 0.268087 -0.034390 0.268087 -0.034390 
337.500000 0.266750 -0.034218 0.266750 -0.034218 
338.000000 0.265420 -0.034047 0.265420 -0.034047 
338.500000 0.264096 -0.033878 0.264096 -0.033878 
339.000000 0.262779 -0.033709 0.262779 -0.033709 
339.500000 0.261468 -0.033541 0.261468 -0.033541 
340.000000 0.260164 -0.033373 0.260164 -0.033373 
340.500000 0.258866 -0.033207 0.258866 -0.033207 
341.000000 0.257575 -0.033041 0.257575 -0.033041 
341.500000 0.256291 -0.032876 0.256291 -0.032876 
342.000000 0.255012 -0.032712 0.255012 -0.032712 
342.500000 0.253741 -0.032549 0.253741 -0.032549 
343.000000 0.252475 -0.032387 0.252475 -0.032387 
343.500000 0.251216 -0.032225 0.251216 -0.032225 
344.000000 0.249963 -0.032065 0.249963 -0.032065 
344.500000 0.248716 -0.031905 0.248716 -0.031905 
345.000000 0.247476 -0.031746 0.247476 -0.031746 
345.500000 0.246241 -0.031587 0.246241 -0.031587 
346.000000 0.245013 -0.031430 0.245013 -0.031430 
346.500000 0.243791 -0.031273 0.243791 -0.031273 
347.000000 0.242575 -0.031117 0.242575 -0.031117 
347.500000 0.241366 -0.030962 0.241366 -0.030962 
348.000000 0.240162 -0.030807 0.240162 -0.030807 
348.500000 0.238964 -0.030654 0.238964 -0.030654 
349.000000 0.237772 -0.030501 0.237772 -0.030501 
349.500000 0.236586 -0.030349 0.236586 -0.030349 
350.000000 0.235406 -0.030197 0.235406 -0.030197 
350.500000 0.234232 -0.030047 0.234232 -0.030047 
351.000000 0.233064 -0.029897 0.233064 -0.029897 
351.500000 0.231901 -0.029748 0.231901 -0.029748 
352.000000 0.230745 -0.029599 0.230745 -0.029599 
352.500000 0.229594 -0.029452 0.229594 -0.029452 
353.000000 0.228449 -0.029305 0.228449 -0.029305 
353.500000 0.227309 -0.029159 0.227309 -0.029159 
354.000000 0.226176 -0.029013 0.226176 -0.029013 
354.500000 0.225048 -0.028869 0.225048 -0.028869 
355.000000 0.223925 -0.028725 0.223925 -0.028725 
355.500000 0.222808 -0.028581 0.222808 -0.028581 
356.000000 0.221697 -0.028439 0.221697 -0.028439 
356.500000 0.220591 -0.028297 0.220591 -0.028297 
357.000000 0.219491 -0.028156 0.219491 -0.028156 
357.500000 0.218397 -0.028015 0.218397 -0.028015 
358.000000 0.217307 -0.027876 0.217307 -0.027876 
358.500000 0.216223 -0.027737 0.216223 -0.027737 
359.000000 0.215145 -0.027598 0.215145 -0.027598 
359.500000 0.214072 -0.027461 0.214072 -0.027461 
360.000000 0.213004 -0.027324 0.213004 -0.027324 
360.500000 0.211942 -0.027187 0.211942 -0.027187 
361.000000 0.210885 -0.027052 0.210885 -0.027052 
361.500000 0.209833 -0.026917 0.209833 -0.026917 
362.000000 0.208787 -0.026783 0.208787 -0.026783 
362.500000 0.207745 -0.026649 0.207745 -0.026649 
363.000000 0.206709 -0.026516 0.206709 -0.026516 
363.500000 0.205678 -0.026384 0.205678 -0.026384 
364.000000 0.204652 -0.026252 0.204652 -0.026252 
364.500000 0.203632 -0.026121 0.203632 -0.026121 
365.000000 0.202616 -0.025991 0.202616 -0.025991 
365.500000 0.201605 -0.025861 0.201605 -0.025861 
366.000000 0.200600 -0.025733 0.200600 -0.025733 
366.500000 0.199599 -0.025604 0.199599 -0.025604 
367.000000 0.198604 -0.025476 0.198604 -0.025476 
367.500000 0.197613 -0.025349 0.197613 -0.025349 
368.000000 0.196628 -0.025223 0.196628 -0.025223 
368.500000 0.195647 -0.025097 0.195647 -0.025097 
369.000000 0.194671 -0.024972 0.194671 -0.024972 
369.500000 0.193700 -0.024847 0.193700 -0.024847 
370.000000 0.192734 -0.024724 0.192734 -0.024724 
370.500000 0.191773 -0.024600 0.191773 -0.024600 
371.000000 0.190817 -0.024478 0.190817 -0.024478 
371.500000 0.189865 -0.024355 0.189865 -0.024355 
372.000000 0.188918 -0.024234 0.188918 -0.024234 
372.500000 0.187976 -0.024113 0.187976 -0.024113 
373.000000 0.187038 -0.023993 0.187038 -0.023993 
373.500000 0.186105 -0.023873 0.186105 -0.023873 
374.000000 0.185177 -0.023754 0.185177 -0.023754 
374.500000 0.184253 -0.023636 0.184253 -0.023636 
375.000000 0.183335 -0.023518 0.183335 -0.023518 
375.500000 0.182420 -0.023400 0.182420 -0.023400 
376.000000 0.181510 -0.023284 0.181510 -0.023284 
376.500000 0.180605 -0.023168 0.180605 -0.023168 
377.000000 0.179704 -0.023052 0.179704 -0.023052 
377.500000 0.178808 -0.022937 0.178808 -0.022937 
378.000000 0.177916 -0.022823 0.177916 -0.022823 
378.500000 0.177029 -0.022709 0.177029 -0.022709 
379.000000 0.176146 -0.022596 0.176146 -0.022596 
379.500000 0.175267 -0.022483 0.175267 -0.022483 
380.000000 0.174393 -0.022371 0.174393 -0.022371 
380.500000 0.173523 -0.022259 0.173523 -0.022259 
381.000000 0.172658 -0.022148 0.172658 -0.022148 
381.500000 0.171797 -0.022038 0.171797 -0.022038 
382.000000 0.170940 -0.021928 0.170940 -0.021928 
382.500000 0.170087 -0.021818 0.170087 -0.021818 
383.000000 0.169239 -0.021710 0.169239 -0.021710 
383.500000 0.168395 -0.021601 0.168395 -0.021601 
384.000000 0.167555 -0.021494 0.167555 -0.021494 
384.500000 0.166719 -0.021386 0.166719 -0.021386 
385.000000 0.165888 -0.021280 0.165888 -0.021280 
385.500000 0.165061 -0.021174 0.165061 -0.021174 
386.000000 0.164237 -0.021068 0.164237 -0.021068 
386.500000 0.163418 -0.020963 0.163418 -0.020963 
387.000000 0.162603 -0.020858 0.162603 -0.020858 
387.500000 0.161792 -0.020754 0.161792 -0.020754 
388.000000 0.160985 -0.020651 0.160985 -0.020651 
388.500000 0.160182 -0.020548 0.160182 -0.020548 
389.000000 0.159383 -0.020445 0.159383 -0.020445 
389.500000 0.158588 -0.020343 0.158588 -0.020343 
390.000000 0.157797 -0.020242 0.157797 -0.020242 
390.500000 0.157010 -0.020141 0.157010 -0.020141 
391.000000 0.156227 -0.020041 0.156227 -0.020041 
391.500000 0.155448 -0.019941 0.155448 -0.019941 
392.000000 0.154673 -0.019841 0.154673 -0.019841 
392.500000 0.153901 -0.019742 0.153901 -0.019742 
393.000000 0.153134 -0.019644 0.153134 -0.019644 
393.500000 0.152370 -0.019546 0.152370 -0.019546 
394.000000 0.151610 -0.019448 0.151610 -0.019448 
394.500000 0.150854 -0.019351 0.150854 -0.019351 
395.000000 0.150102 -0.019255 0.150102 -0.019255 
395.500000 0.149353 -0.019159 0.149353 -0.019159 
396.000000 0.148608 -0.019063 0.148608 -0.019063 
396.500000 0.147867 -0.018968 0.147867 -0.018968 
397.000000 0.147129 -0.018873 0.147129 -0.018873 
397.500000 0.146396 -0.018779 0.146396 -0.018779 
398.000000 0.145665 -0.018686 0.145665 -0.018686 
398.500000 0.144939 -0.018592 0.144939 -0.018592 
399.000000 0.144216 -0.018500 0.144216 -0.018500 
399.500000 0.143497 -0.018407 0.143497 -0.018407 
400.000000 0.142781 -0.018316 0.142781 -0.018316 
400.500000 0.142069 -0.018224 0.142069 -0.018224 
401.000000 0.141360 -0.018133 0.141360 -0.018133 
401.500000 0.140655 -0.018043 0.140655 -0.018043 
402.000000 0.139954 -0.017953 0.139954 -0.017953 
402.500000 0.139256 -0.017863 0.139256 -0.017863 
403.000000 0.138561 -0.017774 0.138561 -0.017774 
403.500000 0.137870 -0.017686 0.137870 -0.017686 
404.000000 0.137183 -0.017597 0.137183 -0.017597 
404.500000 0.136498 -0.017510 0.136498 -0.017510 
405.000000 0.135818 -0.017422 0.135818 -0.017422 
405.500000 0.135140 -0.017335 0.135140 -0.017335 
406.000000 0.134466 -0.017249 0.134466 -0.017249 
406.500000 0.133795 -0.017163 0.133795 -0.017163 
407.000000 0.133128 -0.017077 0.133128 -0.017077 
407.500000 0.132464 -0.016992 0.132464 -0.016992 
408.000000 0.131804 -0.016907 0.131804 -0.016907 
408.500000 0.131146 -0.016823 0.131146 -0.016823 
409.000000 0.130492 -0.016739 0.130492 -0.016739 
409.500000 0.129841 -0.016656 0.129841 -0.016656 
410.000000 0.129194 -0.016573 0.129194 -0.016573 
410.500000 0.128549 -0.016490 0.128549 -0.016490 
411.000000 0.127908 -0.016408 0.127908 -0.016408 
411.500000 0.127270 -0.016326 0.127270 -0.016326 
412.000000 0.126635 -0.016245 0.126635 -0.016245 
412.500000 0.126004 -0.016163 0.126004 -0.016163 
413.000000 0.125375 -0.016083 0.125375 -0.016083 
413.500000 0.124750 -0.016003 0.124750 -0.016003 
414.000000 0.124128 -0.015923 0.124128 -0.015923 
414.500000 0.123509 -0.015843 0.123509 -0.015843 
415.000000 0.122893 -0.015764 0.122893 -0.015764 
415.500000 0.122280 -0.015686 0.122280 -0.015686 
416.000000 0.121670 -0.015608 0.121670 -0.015608 
416.500000 0.121063 -0.015530 0.121063 -0.015530 
417.000000 0.120459 -0.015452 0.120459 -0.015452 
417.500000 0.119859 -0.015375 0.119859 -0.015375 
418.000000 0.119261 -0.015299 0.119261 -0.015299 
418.500000 0.118666 -0.015222 0.118666 -0.015222 
419.000000 0.118074 -0.015146 0.118074 -0.015146 
419.500000 0.117485 -0.015071 0.117485 -0.015071 
420.000000 0.116899 -0.014996 0.116899 -0.014996 
420.500000 0.116316 -0.014921 0.116316 -0.014921 
421.000000 0.115736 -0.014846 0.115736 -0.014846 
421.500000 0.115159 -0.014772 0.115159 -0.014772 
422.000000 0.114584 -0.014699 0.114584 -0.014699 
422.500000 0.114013 -0.014625 0.114013 -0.014625 
423.000000 0.113444 -0.014552 0.113444 -0.014552 
423.500000 0.112879 -0.014480 0.112879 -0.014480 
424.000000 0.112316 -0.014408 0.112316 -0.014408 
424.500000 0.111755 -0.014336 0.111755 -0.014336 
425.000000 0.111198 -0.014264 0.111198 -0.014264 
425.500000 0.110643 -0.014193 0.110643 -0.014193 
426.000000 0.110092 -0.014122 0.110092 -0.014122 
426.500000 0.109542 -0.014052 0.109542 -0.014052 
427.000000 0.108996 -0.013982 0.108996 -0.013982 
427.500000 0.108453 -0.013912 0.108453 -0.013912 
428.000000 0.107912 -0.013843 0.107912 -0.013843 
428.500000 0.107373 -0.013774 0.107373 -0.013774 
429.000000 0.106838 -0.013705 0.106838 -0.013705 
429.500000 0.106305 -0.013637 0.106305 -0.013637 
430.000000 0.105775 -0.013569 0.105775 -0.013569 
430.500000 0.105247 -0.013501 0.105247 -0.013501 
431.000000 0.104722 -0.013434 0.104722 -0.013434 
431.500000 0.104200 -0.013367 0.104200 -0.013367 
432.000000 0.103680 -0.013300 0.103680 -0.013300 
432.500000 0.103163 -0.013234 0.103163 -0.013234 
433.000000 0.102649 -0.013168 0.102649 -0.013168 
433.500000 0.102137 -0.013102 0.102137 -0.013102 
434.000000 0.101627 -0.013037 0.101627 -0.013037 
434.500000 0.101120 -0.012972 0.101120 -0.012972 
435.000000 0.100616 -0.012907 0.100616 -0.012907 
435.500000 0.100114 -0.012842 0.100114 -0.012842 
436.000000 0.099615 -0.012778 0.099615 -0.012778 
436.500000 0.099118 -0.012715 0.099118 -0.012715 
437.000000 0.098624 -0.012651 0.098624 -0.012651 
437.500000 0.098132 -0.012588 0.098132 -0.012588 
438.000000 0.097642 -0.012525 0.097642 -0.012525 
438.500000 0.097155 -0.012463 0.097155 -0.012463 
439.000000 0.096671 -0.012401 0.096671 -0.012401 
439.500000 0.096189 -0.012339 0.096189 -0.012339 
440.000000 0.095709 -0.012277 0.095709 -0.012277 
440.500000 0.095232 -0.012216 0.095232 -0.012216 
441.000000 0.094757 -0.012155 0.094757 -0.012155 
441.500000 0.094284 -0.012095 0.094284 -0.012095 
442.000000 0.093814 -0.012034 0.093814 -0.012034 
442.500000 0.093346 -0.011974 0.093346 -0.011974 
443.000000 0.092880 -0.011914 0.092880 -0.011914 
443.500000 0.092417 -0.011855 0.092417 -0.011855 
444.000000 0.091956 -0.011796 0.091956 -0.011796 
444.500000 0.091498 -0.011737 0.091498 -0.011737 
445.000000 0.091041 -0.011679 0.091041 -0.011679 
445.500000 0.090587 -0.011620 0.090587 -0.011620 
446.000000 0.090135 -0.011562 0.090135 -0.011562 
446.500000 0.089686 -0.011505 0.089686 -0.011505 
447.000000 0.089238 -0.011447 0.089238 -0.011447 
447.500000 0.088793 -0.011390 0.088793 -0.011390 
448.000000 0.088351 -0.011333 0.088351 -0.011333 
448.500000 0.087910 -0.011277 0.087910 -0.011277 
449.000000 0.087471 -0.011221 0.087471 -0.011221 
449.500000 0.087035 -0.011165 0.087035 -0.011165 
450.000000 0.086601 -0.011109 0.086601 -0.011109 
450.500000 0.086169 -0.011054 0.086169 -0.011054 
451.000000 0.085739 -0.010998 0.085739 -0.010998 
451.500000 0.085312 -0.010944 0.085312 -0.010944 
452.000000 0.084886 -0.010889 0.084886 -0.010889 
452.500000 0.084463 -0.010835 0.084463 -0.010835 
453.000000 0.084042 -0.010781 0.084042 -0.010781 
453.500000 0.083622 -0.010727 0.083622 -0.010727 
454.000000 0.083205 -0.010673 0.083205 -0.010673 
454.500000 0.082790 -0.010620 0.082790 -0.010620 
455.000000 0.082378 -0.010567 0.082378 -0.010567 
455.500000 0.081967 -0.010515 0.081967 -0.010515 
456.000000 0.081558 -0.010462 0.081558 -0.010462 
456.500000 0.081151 -0.010410 0.081151 -0.010410 
457.000000 0.080746 -0.010358 0.080746 -0.010358 
457.500000 0.080344 -0.010306 0.080344 -0.010306 
458.000000 0.079943 -0.010255 0.079943 -0.010255 
458.500000 0.079544 -0.010204 0.079544 -0.010204 
459.000000 0.079147 -0.010153 0.079147 -0.010153 
459.500000 0.078753 -0.010102 0.078753 -0.010102 
460.000000 0.078360 -0.010052 0.078360 -0.010052 
460.500000 0.077969 -0.010002 0.077969 -0.010002 
461.000000 0.077580 -0.009952 0.077580 -0.009952 
461.500000 0.077193 -0.009902 0.077193 -0.009902 
462.000000 0.076808 -0.009853 0.076808 -0.009853 
462.500000 0.076425 -0.009804 0.076425 -0.009804 
463.000000 0.076044 -0.009755 0.076044 -0.009755 
463.500000 0.075665 -0.009706 0.075665 -0.009706 
464.000000 0.075287 -0.009658 0.075287 -0.009658 
464.500000 0.074912 -0.009610 0.074912 -0.009610 
465.000000 0.074538 -0.009562 0.074538 -0.009562 
465.500000 0.074166 -0.009514 0.074166 -0.009514 
466.000000 0.073797 -0.009466 0.073797 -0.009466 
466.500000 0.073429 -0.009419 0.073429 -0.009419 
467.000000 0.073062 -0.009372 0.073062 -0.009372 
467.500000 0.072698 -0.009326 0.072698 -0.009326 
468.000000 0.072335 -0.009279 0.072335 -0.009279 
468.500000 0.071975 -0.009233 0.071975 -0.009233 
469.000000 0.071616 -0.009187 0.071616 -0.009187 
469.500000 0.071258 -0.009141 0.071258 -0.009141 
470.000000 0.070903 -0.009095 0.070903 -0.009095 
470.500000 0.070549 -0.009050 0.070549 -0.009050 
471.000000 0.070197 -0.009005 0.070197 -0.009005 
471.500000 0.069847 -0.008960 0.069847 -0.008960 
472.000000 0.069499 -0.008915 0.069499 -0.008915 
472.500000 0.069152 -0.008871 0.069152 -0.008871 
473.000000 0.068807 -0.008826 0.068807 -0.008826 
473.500000 0.068464 -0.008782 0.068464 -0.008782 
474.000000 0.068123 -0.008739 0.068123 -0.008739 
474.500000 0.067783 -0.008695 0.067783 -0.008695 
475.000000 0.067445 -0.008652 0.067445 -0.008652 
475.500000 0.067109 -0.008609 0.067109 -0.008609 
476.000000 0.066774 -0.008566 0.066774 -0.008566 
476.500000 0.066441 -0.008523 0.066441 -0.008523 
477.000000 0.066110 -0.008480 0.066110 -0.008480 
477.500000 0.065780 -0.008438 0.065780 -0.008438 
478.000000 0.065452 -0.008396 0.065452 -0.008396 
478.500000 0.065125 -0.008354 0.065125 -0.008354 
479.000000 0.064800 -0.008312 0.064800 -0.008312 
479.500000 0.064477 -0.008271 0.064477 -0.008271 
480.000000 0.064156 -0.008230 0.064156 -0.008230 
480.500000 0.063836 -0.008189 0.063836 -0.008189 
481.000000 0.063517 -0.008148 0.063517 -0.008148 
481.500000 0.063201 -0.008107 0.063201 -0.008107 
482.000000 0.062885 -0.008067 0.062885 -0.008067 
482.500000 0.062572 -0.008027 0.062572 -0.008027 
483.000000 0.062260 -0.007987 0.062260 -0.007987 
483.500000 0.061949 -0.007947 0.061949 -0.007947 
484.000000 0.061640 -0.007907 0.061640 -0.007907 
484.500000 0.061333 -0.007868 0.061333 -0.007868 
485.000000 0.061027 -0.007828 0.061027 -0.007828 
485.500000 0.060722 -0.007789 0.060722 -0.007789 
486.000000 0.060420 -0.007750 0.060420 -0.007750 
486.500000 0.060118 -0.007712 0.060118 -0.007712 
487.000000 0.059818 -0.007673 0.059818 -0.007673 
487.500000 0.059520 -0.007635 0.059520 -0.007635 
488.000000 0.059223 -0.007597 0.059223 -0.007597 
488.500000 0.058928 -0.007559 0.058928 -0.007559 
489.000000 0.058634 -0.007521 0.058634 -0.007521 
489.500000 0.058341 -0.007484 0.058341 -0.007484 
490.000000 0.058050 -0.007447 0.058050 -0.007447 
490.500000 0.057761 -0.007409 0.057761 -0.007409 
491.000000 0.057473 -0.007372 0.057473 -0.007372 
491.500000 0.057186 -0.007336 0.057186 -0.007336 
492.000000 0.056901 -0.007299 0.056901 -0.007299 
492.500000 0.056617 -0.007263 0.056617 -0.007263 
493.000000 0.056335 -0.007227 0.056335 -0.007227 
493.500000 0.056054 -0.007190 0.056054 -0.007190 
494.000000 0.055774 -0.007155 0.055774 -0.007155 
494.500000 0.055496 -0.007119 0.055496 -0.007119 
495.000000 0.055219 -0.007083 0.055219 -0.007083 
495.500000 0.054944 -0.007048 0.054944 -0.007048 
496.000000 0.054670 -0.007013 0.054670 -0.007013 
496.500000 0.054397 -0.006978 0.054397 -0.006978 
497.000000 0.054126 -0.006943 0.054126 -0.006943 
497.500000 0.053856 -0.006909 0.053856 -0.006909 
498.000000 0.053587 -0.006874 0.053587 -0.006874 
498.500000 0.053320 -0.006840 0.053320 -0.006840 
499.000000 0.053054 -0.006806 0.053054 -0.006806 
499.500000 0.052790 -0.006772 0.052790 -0.006772 
500.000000 0.052526 -0.006738 0.052526 -0.006738 
500.500000 0.052264 -0.006704 0.052264 -0.006704 
501.000000 0.052004 -0.006671 0.052004 -0.006671 
501.500000 0.051744 -0.006638 0.051744 -0.006638 
502.000000 0.051486 -0.006605 0.051486 -0.006605 
502.500000 0.051229 -0.006572 0.051229 -0.006572 
503.000000 0.050974 -0.006539 0.050974 -0.006539 
503.500000 0.050720 -0.006506 0.050720 -0.006506 
504.000000 0.050467 -0.006474 0.050467 -0.006474 
504.500000 0.050215 -0.006441 0.050215 -0.006441 
505.000000 0.049964 -0.006409 0.049964 -0.006409 
505.500000 0.049715 -0.006377 0.049715 -0.006377 
506.000000 0.049467 -0.006346 0.049467 -0.006346 
506.500000 0.049221 -0.006314 0.049221 -0.006314 
507.000000 0.048975 -0.006282 0.048975 -0.006282 
507.500000 0.048731 -0.006251 0.048731 -0.006251 
508.000000 0.048488 -0.006220 0.048488 -0.006220 
508.500000 0.048246 -0.006189 0.048246 -0.006189 
509.000000 0.048005 -0.006158 0.048005 -0.006158 
509.500000 0.047766 -0.006127 0.047766 -0.006127 
510.000000 0.047528 -0.006097 0.047528 -0.006097 
510.500000 0.047291 -0.006066 0.047291 -0.006066 
511.000000 0.047055 -0.006036 0.047055 -0.006036 
511.500000 0.046820 -0.006006 0.046820 -0.006006 
512.000000 0.046587 -0.005976 0.046587 -0.005976 
512.500000 0.046354 -0.005946 0.046354 -0.005946 
513.000000 0.046123 -0.005917 0.046123 -0.005917 
513.500000 0.045893 -0.005887 0.045893 -0.005887 
514.000000 0.045664 -0.005858 0.045664 -0.005858 
514.500000 0.045436 -0.005828 0.045436 -0.005828 
515.000000 0.045210 -0.005799 0.045210 -0.005799 
515.500000 0.044984 -0.005770 0.044984 -0.005770 
516.000000 0.044760 -0.005742 0.044760 -0.005742 
516.500000 0.044537 -0.005713 0.044537 -0.005713 
517.000000 0.044315 -0.005685 0.044315 -0.005685 
517.500000 0.044094 -0.005656 0.044094 -0.005656 
518.000000 0.043874 -0.005628 0.043874 -0.005628 
518.500000 0.043655 -0.005600 0.043655 -0.005600 
519.000000 0.043437 -0.005572 0.043437 -0.005572 
519.500000 0.043220 -0.005544 0.043220 -0.005544 
520.000000 0.043005 -0.005517 0.043005 -0.005517 
520.500000 0.042790 -0.005489 0.042790 -0.005489 
521.000000 0.042577 -0.005462 0.042577 -0.005462 
521.500000 0.042365 -0.005434 0.042365 -0.005434 
522.000000 0.042153 -0.005407 0.042153 -0.005407 
522.500000 0.041943 -0.005380 0.041943 -0.005380 
523.000000 0.041734 -0.005354 0.041734 -0.005354 
523.500000 0.041526 -0.005327 0.041526 -0.005327 
524.000000 0.041319 -0.005300 0.041319 -0.005300 
524.500000 0.041113 -0.005274 0.041113 -0.005274 
525.000000 0.040907 -0.005248 0.040907 -0.005248 
525.500000 0.040703 -0.005221 0.040703 -0.005221 
526.000000 0.040500 -0.005195 0.040500 -0.005195 
526.500000 0.040298 -0.005169 0.040298 -0.005169 
527.000000 0.040097 -0.005144 0.040097 -0.005144 
527.500000 0.039897 -0.005118 0.039897 -0.005118 
528.000000 0.039698 -0.005092 0.039698 -0.005092 
528.500000 0.039500 -0.005067 0.039500 -0.005067 
529.000000 0.039303 -0.005042 0.039303 -0.005042 
529.500000 0.039107 -0.005017 0.039107 -0.005017 
530.000000 0.038912 -0.004992 0.038912 -0.004992 
530.500000 0.038718 -0.004967 0.038718 -0.004967 
531.000000 0.038525 -0.004942 0.038525 -0.004942 
531.500000 0.038333 -0.004917 0.038333 -0.004917 
532.000000 0.038142 -0.004893 0.038142 -0.004893 
532.500000 0.037952 -0.004868 0.037952 -0.004868 
533.000000 0.037762 -0.004844 0.037762 -0.004844 
533.500000 0.037574 -0.004820 0.037574 -0.004820 
534.000000 0.037387 -0.004796 0.037387 -0.004796 
534.500000 0.037200 -0.004772 0.037200 -0.004772 
535.000000 0.037015 -0.004748 0.037015 -0.004748 
535.500000 0.036830 -0.004724 0.036830 -0.004724 
536.000000 0.036646 -0.004701 0.036646 -0.004701 
536.500000 0.036464 -0.004677 0.036464 -0.004677 
537.000000 0.036282 -0.004654 0.036282 -0.004654 
537.500000 0.036101 -0.004631 0.036101 -0.004631 
538.000000 0.035921 -0.004608 0.035921 -0.004608 
538.500000 0.035741 -0.004585 0.035741 -0.004585 
539.000000 0.035563 -0.004562 0.035563 -0.004562 
539.500000 0.035386 -0.004539 0.035386 -0.004539 
540.000000 0.035209 -0.004517 0.035209 -0.004517 
540.500000 0.035034 -0.004494 0.035034 -0.004494 
541.000000 0.034859 -0.004472 0.034859 -0.004472 
541.500000 0.034685 -0.004449 0.034685 -0.004449 
542.000000 0.034512 -0.004427 0.034512 -0.004427 
542.500000 0.034340 -0.004405 0.034340 -0.004405 
543.000000 0.034169 -0.004383 0.034169 -0.004383 
543.500000 0.033998 -0.004361 0.033998 -0.004361 
544.000000 0.033829 -0.004339 0.033829 -0.004339 
544.500000 0.033660 -0.004318 0.033660 -0.004318 
545.000000 0.033492 -0.004296 0.033492 -0.004296 
545.500000 0.033325 -0.004275 0.033325 -0.004275 
546.000000 0.033159 -0.004254 0.033159 -0.004254 
546.500000 0.032994 -0.004232 0.032994 -0.004232 
547.000000 0.032829 -0.004211 0.032829 -0.004211 
547.500000 0.032665 -0.004190 0.032665 -0.004190 
548.000000 0.032502 -0.004169 0.032502 -0.004169 
548.500000 0.032340 -0.004149 0.032340 -0.004149 
549.000000 0.032179 -0.004128 0.032179 -0.004128 
549.500000 0.032018 -0.004107 0.032018 -0.004107 
550.000000 0.031859 -0.004087 0.031859 -0.004087 
550.500000 0.031700 -0.004066 0.031700 -0.004066 
551.000000 0.031542 -0.004046 0.031542 -0.004046 
551.500000 0.031384 -0.004026 0.031384 -0.004026 
552.000000 0.031228 -0.004006 0.031228 -0.004006 
552.500000 0.031072 -0.003986 0.031072 -0.003986 
553.000000 0.030917 -0.003966 0.030917 -0.003966 
553.500000 0.030763 -0.003946 0.030763 -0.003946 
554.000000 0.030610 -0.003927 0.030610 -0.003927 
554.500000 0.030457 -0.003907 0.030457 -0.003907 
555.000000 0.030305 -0.003887 0.030305 -0.003887 
555.500000 0.030154 -0.003868 0.030154 -0.003868 
556.000000 0.030003 -0.003849 0.030003 -0.003849 
556.500000 0.029854 -0.003830 0.029854 -0.003830 
557.000000 0.029705 -0.003810 0.029705 -0.003810 
557.500000 0.029557 -0.003791 0.029557 -0.003791 
558.000000 0.029409 -0.003773 0.029409 -0.003773 
558.500000 0.029263 -0.003754 0.029263 -0.003754 
559.000000 0.029117 -0.003735 0.029117 -0.003735 
559.500000 0.028971 -0.003716 0.028971 -0.003716 
560.000000 0.028827 -0.003698 0.028827 -0.003698 
560.500000 0.028683 -0.003679 0.028683 -0.003679 
561.000000 0.028540 -0.003661 0.028540 -0.003661 
561.500000 0.028398 -0.003643 0.028398 -0.003643 
562.000000 0.028256 -0.003625 0.028256 -0.003625 
562.500000 0.028115 -0.003607 0.028115 -0.003607 
563.000000 0.027975 -0.003589 0.027975 -0.003589 
563.500000 0.027836 -0.003571 0.027836 -0.003571 
564.000000 0.027697 -0.003553 0.027697 -0.003553 
564.500000 0.027559 -0.003535 0.027559 -0.003535 
565.000000 0.027421 -0.003518 0.027421 -0.003518 
565.500000 0.027284 -0.003500 0.027284 -0.003500 
566.000000 0.027148 -0.003483 0.027148 -0.003483 
566.500000 0.027013 -0.003465 0.027013 -0.003465 
567.000000 0.026878 -0.003448 0.026878 -0.003448 
567.500000 0.026744 -0.003431 0.026744 -0.003431 
568.000000 0.026611 -0.003414 0.026611 -0.003414 
568.500000 0.026478 -0.003397 0.026478 -0.003397 
569.000000 0.026346 -0.003380 0.026346 -0.003380 
569.500000 0.026214 -0.003363 0.026214 -0.003363 
570.000000 0.026084 -0.003346 0.026084 -0.003346 
570.500000 0.025954 -0.003329 0.025954 -0.003329 
571.000000 0.025824 -0.003313 0.025824 -0.003313 
571.500000 0.025695 -0.003296 0.025695 -0.003296 
572.000000 0.025567 -0.003280 0.025567 -0.003280 
572.500000 0.025440 -0.003263 0.025440 -0.003263 
573.000000 0.025313 -0.003247 0.025313 -0.003247 
573.500000 0.025187 -0.003231 0.025187 -0.003231 
574.000000 0.025061 -0.003215 0.025061 -0.003215 
574.500000 0.024936 -0.003199 0.024936 -0.003199 
575.000000 0.024812 -0.003183 0.024812 -0.003183 
575.500000 0.024688 -0.003167 0.024688 -0.003167 
576.000000 0.024565 -0.003151 0.024565 -0.003151 
576.500000 0.024442 -0.003135 0.024442 -0.003135 
577.000000 0.024320 -0.003120 0.024320 -0.003120 
577.500000 0.024199 -0.003104 0.024199 -0.003104 
578.000000 0.024078 -0.003089 0.024078 -0.003089 
578.500000 0.023958 -0.003073 0.023958 -0.003073 
579.000000 0.023839 -0.003058 0.023839 -0.003058 
579.500000 0.023720 -0.003043 0.023720 -0.003043 
580.000000 0.023602 -0.003028 0.023602 -0.003028 
580.500000 0.023484 -0.003012 0.023484 -0.003012 
581.000000 0.023367 -0.002997 0.023367 -0.002997 
581.500000 0.023250 -0.002982 0.023250 -0.002982 
582.000000 0.023134 -0.002968 0.023134 -0.002968 
582.500000 0.023019 -0.002953 0.023019 -0.002953 
583.000000 0.022904 -0.002938 0.022904 -0.002938 
583.500000 0.022790 -0.002923 0.022790 -0.002923 
584.000000 0.022676 -0.002909 0.022676 -0.002909 
584.500000 0.022563 -0.002894 0.022563 -0.002894 
585.000000 0.022450 -0.002880 0.022450 -0.002880 
585.500000 0.022339 -0.002866 0.022339 -0.002866 
586.000000 0.022227 -0.002851 0.022227 -0.002851 
586.500000 0.022116 -0.002837 0.022116 -0.002837 
587.000000 0.022006 -0.002823 0.022006 -0.002823 
587.500000 0.021896 -0.002809 0.021896 -0.002809 
588.000000 0.021787 -0.002795 0.021787 -0.002795 
588.500000 0.021678 -0.002781 0.021678 -0.002781 
589.000000 0.021570 -0.002767 0.021570 -0.002767 
589.500000 0.021463 -0.002753 0.021463 -0.002753 
590.000000 0.021356 -0.002739 0.021356 -0.002739 
590.500000 0.021249 -0.002726 0.021249 -0.002726 
591.000000 0.021143 -0.002712 0.021143 -0.002712 
591.500000 0.021038 -0.002699 0.021038 -0.002699 
592.000000 0.020933 -0.002685 0.020933 -0.002685 
592.500000 0.020828 -0.002672 0.020828 -0.002672 
593.000000 0.020724 -0.002658 0.020724 -0.002658 
593.500000 0.020621 -0.002645 0.020621 -0.002645 
594.000000 0.020518 -0.002632 0.020518 -0.002632 
594.500000 0.020416 -0.002619 0.020416 -0.002619 
595.000000 0.020314 -0.002606 0.020314 -0.002606 
595.500000 0.020213 -0.002593 0.020213 -0.002593 
596.000000 0.020112 -0.002580 0.020112 -0.002580 
596.500000 0.020012 -0.002567 0.020012 -0.002567 
597.000000 0.019912 -0.002554 0.019912 -0.002554 
597.500000 0.019812 -0.002542 0.019812 -0.002542 
598.000000 0.019714 -0.002529 0.019714 -0.002529 
598.500000 0.019615 -0.002516 0.019615 -0.002516 
599.000000 0.019518 -0.002504 0.019518 -0.002504 
599.500000 0.019420 -0.002491 0.019420 -0.002491 
600.000000 0.019323 -0.002479 0.019323 -0.002479 
600.500000 0.019227 -0.002466 0.019227 -0.002466 
601.000000 0.019131 -0.002454 0.019131 -0.002454 
601.500000 0.019036 -0.002442 0.019036 -0.002442 
602.000000 0.018941 -0.002430 0.018941 -0.002430 
602.500000 0.018846 -0.002418 0.018846 -0.002418 
603.000000 0.018752 -0.002405 0.018752 -0.002405 
603.500000 0.018659 -0.002393 0.018659 -0.002393 
604.000000 0.018566 -0.002382 0.018566 -0.002382 
604.500000 0.018473 -0.002370 0.018473 -0.002370 
605.000000 0.018381 -0.002358 0.018381 -0.002358 
605.500000 0.018289 -0.002346 0.018289 -0.002346 
606.000000 0.018198 -0.002334 0.018198 -0.002334 
606.500000 0.018107 -0.002323 0.018107 -0.002323 
607.000000 0.018017 -0.002311 0.018017 -0.002311 
607.500000 0.017927 -0.002300 0.017927 -0.002300 
608.000000 0.017838 -0.002288 0.017838 -0.002288 
608.500000 0.017749 -0.002277 0.017749 -0.002277 
609.000000 0.017660 -0.002265 0.017660 -0.002265 
609.500000 0.017572 -0.002254 0.017572 -0.002254 
610.000000 0.017484 -0.002243 0.017484 -0.002243 
610.500000 0.017397 -0.002232 0.017397 -0.002232 
611.000000 0.017310 -0.002221 0.017310 -0.002221 
611.500000 0.017224 -0.002209 0.017224 -0.002209 
612.000000 0.017138 -0.002198 0.017138 -0.002198 
612.500000 0.017053 -0.002187 0.017053 -0.002187 
613.000000 0.016968 -0.002177 0.016968 -0.002177 
613.500000 0.016883 -0.002166 0.016883 -0.002166 
614.000000 0.016799 -0.002155 0.016799 -0.002155 
614.500000 0.016715 -0.002144 0.016715 -0.002144 
615.000000 0.016632 -0.002133 0.016632 -0.002133 
615.500000 0.016549 -0.002123 0.016549 -0.002123 
616.000000 0.016466 -0.002112 0.016466 -0.002112 
616.500000 0.016384 -0.002102 0.016384 -0.002102 
617.000000 0.016302 -0.002091 0.016302 -0.002091 
617.500000 0.016221 -0.002081 0.016221 -0.002081 
618.000000 0.016140 -0.002070 0.016140 -0.002070 
618.500000 0.016060 -0.002060 0.016060 -0.002060 
619.000000 0.015980 -0.002050 0.015980 -0.002050 
619.500000 0.015900 -0.002040 0.015900 -0.002040 
620.000000 0.015821 -0.002029 0.015821 -0.002029 
620.500000 0.015742 -0.002019 0.015742 -0.002019 
621.000000 0.015663 -0.002009 0.015663 -0.002009 
621.500000 0.015585 -0.001999 0.015585 -0.001999 
622.000000 0.015507 -0.001989 0.015507 -0.001989 
622.500000 0.015430 -0.001979 0.015430 -0.001979 
623.000000 0.015353 -0.001969 0.015353 -0.001969 
623.500000 0.015276 -0.001960 0.015276 -0.001960 
624.000000 0.015200 -0.001950 0.015200 -0.001950 
624.500000 0.015124 -0.001940 0.015124 -0.001940 
625.000000 0.015049 -0.001930 0.015049 -0.001930 
625.500000 0.014974 -0.001921 0.014974 -0.001921 
626.000000 0.014899 -0.001911 0.014899 -0.001911 
626.500000 0.014825 -0.001902 0.014825 -0.001902 
627.000000 0.014751 -0.001892 0.014751 -0.001892 
627.500000 0.014677 -0.001883 0.014677 -0.001883 
628.000000 0.014604 -0.001873 0.014604 -0.001873 
628.500000 0.014531 -0.001864 0.014531 -0.001864 
629.000000 0.014459 -0.001855 0.014459 -0.001855 
629.500000 0.014387 -0.001846 0.014387 -0.001846 
630.000000 0.014315 -0.001836 0.014315 -0.001836 
630.500000 0.014244 -0.001827 0.014244 -0.001827 
631.000000 0.014173 -0.001818 0.014173 -0.001818 
631.500000 0.014102 -0.001809 0.014102 -0.001809 
632.000000 0.014032 -0.001800 0.014032 -0.001800 
632.500000 0.013962 -0.001791 0.013962 -0.001791 
633.000000 0.013892 -0.001782 0.013892 -0.001782 
633.500000 0.013823 -0.001773 0.013823 -0.001773 
634.000000 0.013754 -0.001764 0.013754 -0.001764 
634.500000 0.013685 -0.001756 0.013685 -0.001756 
635.000000 0.013617 -0.001747 0.013617 -0.001747 
635.500000 0.013549 -0.001738 0.013549 -0.001738 
636.000000 0.013481 -0.001729 0.013481 -0.001729 
636.500000 0.013414 -0.001721 0.013414 -0.001721 
637.000000 0.013347 -0.001712 0.013347 -0.001712 
637.500000 0.013281 -0.001704 0.013281 -0.001704 
638.000000 0.013214 -0.001695 0.013214 -0.001695 
638.500000 0.013149 -0.001687 0.013149 -0.001687 
639.000000 0.013083 -0.001678 0.013083 -0.001678 
639.500000 0.013018 -0.001670 0.013018 -0.001670 
640.000000 0.012953 -0.001662 0.012953 -0.001662 
640.500000 0.012888 -0.001653 0.012888 -0.001653 
641.000000 0.012824 -0.001645 0.012824 -0.001645 
641.500000 0.012760 -0.001637 0.012760 -0.001637 
642.000000 0.012696 -0.001629 0.012696 -0.001629 
642.500000 0.012633 -0.001621 0.012633 -0.001621 
643.000000 0.012570 -0.001612 0.012570 -0.001612 
643.500000 0.012507 -0.001604 0.012507 -0.001604 
644.000000 0.012445 -0.001596 0.012445 -0.001596 
644.500000 0.012383 -0.001588 0.012383 -0.001588 
645.000000 0.012321 -0.001581 0.012321 -0.001581 
645.500000 0.012260 -0.001573 0.012260 -0.001573 
646.000000 0.012198 -0.001565 0.012198 -0.001565 
646.500000 0.012138 -0.001557 0.012138 -0.001557 
647.000000 0.012077 -0.001549 0.012077 -0.001549 
647.500000 0.012017 -0.001541 0.012017 -0.001541 
648.000000 0.011957 -0.001534 0.011957 -0.001534 
648.500000 0.011897 -0.001526 0.011897 -0.001526 
649.000000 0.011838 -0.001519 0.011838 -0.001519 
649.500000 0.011779 -0.001511 0.011779 -0.001511 
650.000000 0.011720 -0.001503 0.011720 -0.001503 
650.500000 0.011662 -0.001496 0.011662 -0.001496 
651.000000 0.011604 -0.001488 0.011604 -0.001488 
651.500000 0.011546 -0.001481 0.011546 -0.001481 
652.000000 0.011488 -0.001474 0.011488 -0.001474 
652.500000 0.011431 -0.001466 0.011431 -0.001466 
653.000000 0.011374 -0.001459 0.011374 -0.001459 
653.500000 0.011317 -0.001452 0.011317 -0.001452 
654.000000 0.011261 -0.001444 0.011261 -0.001444 
654.500000 0.011204 -0.001437 0.011204 -0.001437 
655.000000 0.011149 -0.001430 0.011149 -0.001430 
655.500000 0.011093 -0.001423 0.011093 -0.001423 
656.000000 0.011038 -0.001416 0.011038 -0.001416 
656.500000 0.010983 -0.001409 0.010983 -0.001409 
657.000000 0.010928 -0.001402 0.010928 -0.001402 
657.500000 0.010873 -0.001395 0.010873 -0.001395 
658.000000 0.010819 -0.001388 0.010819 -0.001388 
658.500000 0.010765 -0.001381 0.010765 -0.001381 
659.000000 0.010711 -0.001374 0.010711 -0.001374 
659.500000 0.010658 -0.001367 0.010658 -0.001367 
660.000000 0.010605 -0.001360 0.010605 -0.001360 
660.500000 0.010552 -0.001354 0.010552 -0.001354 
661.000000 0.010499 -0.001347 0.010499 -0.001347 
661.500000 0.010447 -0.001340 0.010447 -0.001340 
662.000000 0.010395 -0.001333 0.010395 -0.001333 
662.500000 0.010343 -0.001327 0.010343 -0.001327 
663.000000 0.010291 -0.001320 0.010291 -0.001320 
663.500000 0.010240 -0.001314 0.010240 -0.001314 
664.000000 0.010189 -0.001307 0.010189 -0.001307 
664.500000 0.010138 -0.001301 0.010138 -0.001301 
665.000000 0.010088 -0.001294 0.010088 -0.001294 
665.500000 0.010037 -0.001288 0.010037 -0.001288 
666.000000 0.009987 -0.001281 0.009987 -0.001281 
666.500000 0.009937 -0.001275 0.009937 -0.001275 
667.000000 0.009888 -0.001268 0.009888 -0.001268 
667.500000 0.009839 -0.001262 0.009839 -0.001262 
668.000000 0.009790 -0.001256 0.009790 -0.001256 
668.500000 0.009741 -0.001250 0.009741 -0.001250 
669.000000 0.009692 -0.001243 0.009692 -0.001243 
669.500000 0.009644 -0.001237 0.009644 -0.001237 
670.000000 0.009596 -0.001231 0.009596 -0.001231 
670.500000 0.009548 -0.001225 0.009548 -0.001225 
671.000000 0.009500 -0.001219 0.009500 -0.001219 
671.500000 0.009453 -0.001213 0.009453 -0.001213 
672.000000 0.009406 -0.001207 0.009406 -0.001207 
672.500000 0.009359 -0.001201 0.009359 -0.001201 
673.000000 0.009312 -0.001195 0.009312 -0.001195 
673.500000 0.009266 -0.001189 0.009266 -0.001189 
674.000000 0.009219 -0.001183 0.009219 -0.001183 
674.500000 0.009173 -0.001177 0.009173 -0.001177 
675.000000 0.009128 -0.001171 0.009128 -0.001171 
675.500000 0.009082 -0.001165 0.009082 -0.001165 
676.000000 0.009037 -0.001159 0.009037 -0.001159 
676.500000 0.008992 -0.001153 0.008992 -0.001153 
677.000000 0.008947 -0.001148 0.008947 -0.001148 
677.500000 0.008902 -0.001142 0.008902 -0.001142 
678.000000 0.008858 -0.001136 0.008858 -0.001136 
678.500000 0.008814 -0.001131 0.008814 -0.001131 
679.000000 0.008770 -0.001125 0.008770 -0.001125 
679.500000 0.008726 -0.001119 0.008726 -0.001119 
680.000000 0.008683 -0.001114 0.008683 -0.001114 
680.500000 0.008639 -0.001108 0.008639 -0.001108 
681.000000 0.008596 -0.001103 0.008596 -0.001103 
681.500000 0.008553 -0.001097 0.008553 -0.001097 
682.000000 0.008511 -0.001092 0.008511 -0.001092 
682.500000 0.008468 -0.001086 0.008468 -0.001086 
683.000000 0.008426 -0.001081 0.008426 -0.001081 
683.500000 0.008384 -0.001075 0.008384 -0.001075 
684.000000 0.008342 -0.001070 0.008342 -0.001070 
684.500000 0.008300 -0.001065 0.008300 -0.001065 
685.000000 0.008259 -0.001059 0.008259 -0.001059 
685.500000 0.008218 -0.001054 0.008218 -0.001054 
686.000000 0.008177 -0.001049 0.008177 -0.001049 
686.500000 0.008136 -0.001044 0.008136 -0.001044 
687.000000 0.008096 -0.001038 0.008096 -0.001038 
687.500000 0.008055 -0.001033 0.008055 -0.001033 
688.000000 0.008015 -0.001028 0.008015 -0.001028 
688.500000 0.007975 -0.001023 0.007975 -0.001023 
689.000000 0.007935 -0.001018 0.007935 -0.001018 
689.500000 0.007896 -0.001013 0.007896 -0.001013 
690.000000 0.007856 -0.001008 0.007856 -0.001008 
690.500000 0.007817 -0.001003 0.007817 -0.001003 
691.000000 0.007778 -0.000998 0.007778 -0.000998 
691.500000 0.007739 -0.000993 0.007739 -0.000993 
692.000000 0.007701 -0.000988 0.007701 -0.000988 
692.500000 0.007662 -0.000983 0.007662 -0.000983 
693.000000 0.007624 -0.000978 0.007624 -0.000978 
693.500000 0.007586 -0.000973 0.007586 -0.000973 
694.000000 0.007548 -0.000968 0.007548 -0.000968 
694.500000 0.007511 -0.000963 0.007511 -0.000963 
695.000000 0.007473 -0.000959 0.007473 -0.000959 
695.500000 0.007436 -0.000954 0.007436 -0.000954 
696.000000 0.007399 -0.000949 0.007399 -0.000949 
696.500000 0.007362 -0.000944 0.007362 -0.000944 
697.000000 0.007325 -0.000940 0.007325 -0.000940 
697.500000 0.007289 -0.000935 0.007289 -0.000935 
698.000000 0.007252 -0.000930 0.007252 -0.000930 
698.500000 0.007216 -0.000926 0.007216 -0.000926 
699.000000 0.007180 -0.000921 0.007180 -0.000921 
699.500000 0.007144 -0.000916 0.007144 -0.000916 
700.000000 0.007109 -0.000912 0.007109 -0.000912 
700.500000 0.007073 -0.000907 0.007073 -0.000907 
701.000000 0.007038 -0.000903 0.007038 -0.000903 
701.500000 0.007003 -0.000898 0.007003 -0.000898 
702.000000 0.006968 -0.000894 0.006968 -0.000894 
702.500000 0.006933 -0.000889 0.006933 -0.000889 
703.000000 0.006899 -0.000885 0.006899 -0.000885 
703.500000 0.006864 -0.000881 0.006864 -0.000881 
704.000000 0.006830 -0.000876 0.006830 -0.000876 
704.500000 0.006796 -0.000872 0.006796 -0.000872 
705.000000 0.006762 -0.000867 0.006762 -0.000867 
705.500000 0.006728 -0.000863 0.006728 -0.000863 
706.000000 0.006695 -0.000859 0.006695 -0.000859 
706.500000 0.006661 -0.000854 0.006661 -0.000854 
707.000000 0.006628 -0.000850 0.006628 -0.000850 
707.500000 0.006595 -0.000846 0.006595 -0.000846 
708.000000 0.006562 -0.000842 0.006562 -0.000842 
708.500000 0.006529 -0.000838 0.006529 -0.000838 
709.000000 0.006497 -0.000833 0.006497 -0.000833 
709.500000 0.006464 -0.000829 0.006464 -0.000829 
710.000000 0.006432 -0.000825 0.006432 -0.000825 
710.500000 0.006400 -0.000821 0.006400 -0.000821 
711.000000 0.006368 -0.000817 0.006368 -0.000817 
711.500000 0.006336 -0.000813 0.006336 -0.000813 
712.000000 0.006305 -0.000809 0.006305 -0.000809 
712.500000 0.006273 -0.000805 0.006273 -0.000805 
713.000000 0.006242 -0.000801 0.006242 -0.000801 
713.500000 0.006211 -0.000797 0.006211 -0.000797 
714.000000 0.006180 -0.000793 0.006180 -0.000793 
714.500000 0.006149 -0.000789 0.006149 -0.000789 
715.000000 0.006118 -0.000785 0.006118 -0.000785 
715.500000 0.006088 -0.000781 0.006088 -0.000781 
716.000000 0.006058 -0.000777 0.006058 -0.000777 
716.500000 0.006027 -0.000773 0.006027 -0.000773 
717.000000 0.005997 -0.000769 0.005997 -0.000769 
717.500000 0.005967 -0.000765 0.005967 -0.000765 
718.000000 0.005938 -0.000762 0.005938 -0.000762 
718.500000 0.005908 -0.000758 0.005908 -0.000758 
719.000000 0.005879 -0.000754 0.005879 -0.000754 
719.500000 0.005849 -0.000750 0.005849 -0.000750 
720.000000 0.005820 -0.000747 0.005820 -0.000747 
720.500000 0.005791 -0.000743 0.005791 -0.000743 
721.000000 0.005762 -0.000739 0.005762 -0.000739 
721.500000 0.005733 -0.000735 0.005733 -0.000735 
722.000000 0.005705 -0.000732 0.005705 -0.000732 
722.500000 0.005676 -0.000728 0.005676 -0.000728 
723.000000 0.005648 -0.000725 0.005648 -0.000725 
723.500000 0.005620 -0.000721 0.005620 -0.000721 
724.000000 0.005592 -0.000717 0.005592 -0.000717 
724.500000 0.005564 -0.000714 0.005564 -0.000714 
725.000000 0.005536 -0.000710 0.005536 -0.000710 
725.500000 0.005509 -0.000707 0.005509 -0.000707 
726.000000 0.005481 -0.000703 0.005481 -0.000703 
726.500000 0.005454 -0.000700 0.005454 -0.000700 
727.000000 0.005427 -0.000696 0.005427 -0.000696 
727.500000 0.005400 -0.000693 0.005400 -0.000693 
728.000000 0.005373 -0.000689 0.005373 -0.000689 
728.500000 0.005346 -0.000686 0.005346 -0.000686 
729.000000 0.005319 -0.000682 0.005319 -0.000682 
729.500000 0.005293 -0.000679 0.005293 -0.000679 
730.000000 0.005266 -0.000676 0.005266 -0.000676 
730.500000 0.005240 -0.000672 0.005240 -0.000672 
731.000000 0.005214 -0.000669 0.005214 -0.000669 
731.500000 0.005188 -0.000665 0.005188 -0.000665 
732.000000 0.005162 -0.000662 0.005162 -0.000662 
732.500000 0.005136 -0.000659 0.005136 -0.000659 
733.000000 0.005111 -0.000656 0.005111 -0.000656 
733.500000 0.005085 -0.000652 0.005085 -0.000652 
734.000000 0.005060 -0.000649 0.005060 -0.000649 
734.500000 0.005034 -0.000646 0.005034 -0.000646 
735.000000 0.005009 -0.000643 0.005009 -0.000643 
735.500000 0.004984 -0.000639 0.004984 -0.000639 
736.000000 0.004960 -0.000636 0.004960 -0.000636 
736.500000 0.004935 -0.000633 0.004935 -0.000633 
737.000000 0.004910 -0.000630 0.004910 -0.000630 
737.500000 0.004886 -0.000627 0.004886 -0.000627 
738.000000 0.004861 -0.000624 0.004861 -0.000624 
738.500000 0.004837 -0.000620 0.004837 -0.000620 
739.000000 0.004813 -0.000617 0.004813 -0.000617 
739.500000 0.004789 -0.000614 0.004789 -0.000614 
740.000000 0.004765 -0.000611 0.004765 -0.000611 
740.500000 0.004741 -0.000608 0.004741 -0.000608 
741.000000 0.004718 -0.000605 0.004718 -0.000605 
741.500000 0.004694 -0.000602 0.004694 -0.000602 
742.000000 0.004671 -0.000599 0.004671 -0.000599 
742.500000 0.004647 -0.000596 0.004647 -0.000596 
743.000000 0.004624 -0.000593 0.004624 -0.000593 
743.500000 0.004601 -0.000590 0.004601 -0.000590 
744.000000 0.004578 -0.000587 0.004578 -0.000587 
744.500000 0.004555 -0.000584 0.004555 -0.000584 
745.000000 0.004533 -0.000581 0.004533 -0.000581 
745.500000 0.004510 -0.000579 0.004510 -0.000579 
746.000000 0.004488 -0.000576 0.004488 -0.000576 
746.500000 0.004465 -0.000573 0.004465 -0.000573 
747.000000 0.004443 -0.000570 0.004443 -0.000570 
747.500000 0.004421 -0.000567 0.004421 -0.000567 
748.000000 0.004399 -0.000564 0.004399 -0.000564 
748.500000 0.004377 -0.000561 0.004377 -0.000561 
749.000000 0.004355 -0.000559 0.004355 -0.000559 
749.500000 0.004333 -0.000556 0.004333 -0.000556 
750.000000 0.004312 -0.000553 0.004312 -0.000553 
750.500000 0.004290 -0.000550 0.004290 -0.000550 
751.000000 0.004269 -0.000548 0.004269 -0.000548 
751.500000 0.004247 -0.000545 0.004247 -0.000545 
752.000000 0.004226 -0.000542 0.004226 -0.000542 
752.500000 0.004205 -0.000539 0.004205 -0.000539 
753.000000 0.004184 -0.000537 0.004184 -0.000537 
753.500000 0.004163 -0.000534 0.004163 -0.000534 
754.000000 0.004143 -0.000531 0.004143 -0.000531 
754.500000 0.004122 -0.000529 0.004122 -0.000529 
755.000000 0.004101 -0.000526 0.004101 -0.000526 
755.500000 0.004081 -0.000523 0.004081 -0.000523 
756.000000 0.004061 -0.000521 0.004061 -0.000521 
756.500000 0.004040 -0.000518 0.004040 -0.000518 
757.000000 0.004020 -0.000516 0.004020 -0.000516 
757.500000 0.004000 -0.000513 0.004000 -0.000513 
758.000000 0.003980 -0.000511 0.003980 -0.000511 
758.500000 0.003960 -0.000508 0.003960 -0.000508 
759.000000 0.003941 -0.000505 0.003941 -0.000505 
759.500000 0.003921 -0.000503 0.003921 -0.000503 
760.000000 0.003901 -0.000500 0.003901 -0.000500 
760.500000 0.003882 -0.000498 0.003882 -0.000498 
761.000000 0.003862 -0.000495 0.003862 -0.000495 
761.500000 0.003843 -0.000493 0.003843 -0.000493 
762.000000 0.003824 -0.000491 0.003824 -0.000491 
762.500000 0.003805 -0.000488 0.003805 -0.000488 
763.000000 0.003786 -0.000486 0.003786 -0.000486 
763.500000 0.003767 -0.000483 0.003767 -0.000483 
764.000000 0.003748 -0.000481 0.003748 -0.000481 
764.500000 0.003730 -0.000478 0.003730 -0.000478 
765.000000 0.003711 -0.000476 0.003711 -0.000476 
765.500000 0.003693 -0.000474 0.003693 -0.000474 
766.000000 0.003674 -0.000471 0.003674 -0.000471 
766.500000 0.003656 -0.000469 0.003656 -0.000469 
767.000000 0.003638 -0.000467 0.003638 -0.000467 
767.500000 0.003619 -0.000464 0.003619 -0.000464 
768.000000 0.003601 -0.000462 0.003601 -0.000462 
768.500000 0.003583 -0.000460 0.003583 -0.000460 
769.000000 0.003566 -0.000457 0.003566 -0.000457 
769.500000 0.003548 -0.000455 0.003548 -0.000455 
770.000000 0.003530 -0.000453 0.003530 -0.000453 
770.500000 0.003512 -0.000451 0.003512 -0.000451 
771.000000 0.003495 -0.000448 0.003495 -0.000448 
771.500000 0.003477 -0.000446 0.003477 -0.000446 
772.000000 0.003460 -0.000444 0.003460 -0.000444 
772.500000 0.003443 -0.000442 0.003443 -0.000442 
773.000000 0.003426 -0.000439 0.003426 -0.000439 
773.500000 0.003409 -0.000437 0.003409 -0.000437 
774.000000 0.003392 -0.000435 0.003392 -0.000435 
774.500000 0.003375 -0.000433 0.003375 -0.000433 
775.000000 0.003358 -0.000431 0.003358 -0.000431 
775.500000 0.003341 -0.000429 0.003341 -0.000429 
776.000000 0.003324 -0.000426 0.003324 -0.000426 
776.500000 0.003308 -0.000424 0.003308 -0.000424 
777.000000 0.003291 -0.000422 0.003291 -0.000422 
777.500000 0.003275 -0.000420 0.003275 -0.000420 
778.000000 0.003259 -0.000418 0.003259 -0.000418 
778.500000 0.003242 -0.000416 0.003242 -0.000416 
779.000000 0.003226 -0.000414 0.003226 -0.000414 
779.500000 0.003210 -0.000412 0.003210 -0.000412 
780.000000 0.003194 -0.000410 0.003194 -0.000410 
780.500000 0.003178 -0.000408 0.003178 -0.000408 
781.000000 0.003162 -0.000406 0.003162 -0.000406 
781.500000 0.003147 -0.000404 0.003147 -0.000404 
782.000000 0.003131 -0.000402 0.003131 -0.000402 
782.500000 0.003115 -0.000400 0.003115 -0.000400 
783.000000 0.003100 -0.000398 0.003100 -0.000398 
783.500000 0.003084 -0.000396 0.003084 -0.000396 
784.000000 0.003069 -0.000394 0.003069 -0.000394 
784.500000 0.003054 -0.000392 0.003054 -0.000392 
785.000000 0.003038 -0.000390 0.003038 -0.000390 
785.500000 0.003023 -0.000388 0.003023 -0.000388 
786.000000 0.003008 -0.000386 0.003008 -0.000386 
786.500000 0.002993 -0.000384 0.002993 -0.000384 
787.000000 0.002978 -0.000382 0.002978 -0.000382 
787.500000 0.002963 -0.000380 0.002963 -0.000380 
788.000000 0.002949 -0.000378 0.002949 -0.000378 
788.500000 0.002934 -0.000376 0.002934 -0.000376 
789.000000 0.002919 -0.000374 0.002919 -0.000374 
789.500000 0.002905 -0.000373 0.002905 -0.000373 
790.000000 0.002890 -0.000371 0.002890 -0.000371 
790.500000 0.002876 -0.000369 0.002876 -0.000369 
791.000000 0.002861 -0.000367 0.002861 -0.000367 
791.500000 0.002847 -0.000365 0.002847 -0.000365 
792.000000 0.002833 -0.000363 0.002833 -0.000363 
792.500000 0.002819 -0.000362 0.002819 -0.000362 
793.000000 0.002805 -0.000360 0.002805 -0.000360 
793.500000 0.002791 -0.000358 0.002791 -0.000358 
794.000000 0.002777 -0.000356 0.002777 -0.000356 
794.500000 0.002763 -0.000354 0.002763 -0.000354 
795.000000 0.002749 -0.000353 0.002749 -0.000353 
795.500000 0.002735 -0.000351 0.002735 -0.000351 
796.000000 0.002722 -0.000349 0.002722 -0.000349 
796.500000 0.002708 -0.000347 0.002708 -0.000347 
797.000000 0.002695 -0.000346 0.002695 -0.000346 
797.500000 0.002681 -0.000344 0.002681 -0.000344 
798.000000 0.002668 -0.000342 0.002668 -0.000342 
798.500000 0.002655 -0.000341 0.002655 -0.000341 
799.000000 0.002641 -0.000339 0.002641 -0.000339 
799.500000 0.002628 -0.000337 0.002628 -0.000337 
800.000000 0.002615 -0.000335 0.002615 -0.000335 
800.500000 0.002602 -0.000334 0.002602 -0.000334 
801.000000 0.002589 -0.000332 0.002589 -0.000332 
801.500000 0.002576 -0.000330 0.002576 -0.000330 
802.000000 0.002563 -0.000329 0.002563 -0.000329 
802.500000 0.002551 -0.000327 0.002551 -0.000327 
803.000000 0.002538 -0.000326 0.002538 -0.000326 
803.500000 0.002525 -0.000324 0.002525 -0.000324 
804.000000 0.002513 -0.000322 0.002513 -0.000322 
804.500000 0.002500 -0.000321 0.002500 -0.000321 
805.000000 0.002488 -0.000319 0.002488 -0.000319 
805.500000 0.002475 -0.000318 0.002475 -0.000318 
806.000000 0.002463 -0.000316 0.002463 -0.000316 
806.500000 0.002451 -0.000314 0.002451 -0.000314 
807.000000 0.002438 -0.000313 0.002438 -0.000313 
807.500000 0.002426 -0.000311 0.002426 -0.000311 
808.000000 0.002414 -0.000310 0.002414 -0.000310 
808.500000 0.002402 -0.000308 0.002402 -0.000308 
809.000000 0.002390 -0.000307 0.002390 -0.000307 
809.500000 0.002378 -0.000305 0.002378 -0.000305 
810.000000 0.002366 -0.000304 0.002366 -0.000304 
810.500000 0.002354 -0.000302 0.002354 -0.000302 
811.000000 0.002343 -0.000301 0.002343 -0.000301 
811.500000 0.002331 -0.000299 0.002331 -0.000299 
812.000000 0.002319 -0.000298 0.002319 -0.000298 
812.500000 0.002308 -0.000296 0.002308 -0.000296 
813.000000 0.002296 -0.000295 0.002296 -0.000295 
813.500000 0.002285 -0.000293 0.002285 -0.000293 
814.000000 0.002273 -0.000292 0.002273 -0.000292 
814.500000 0.002262 -0.000290 0.002262 -0.000290 
815.000000 0.002251 -0.000289 0.002251 -0.000289 
815.500000 0.002240 -0.000287 0.002240 -0.000287 
816.000000 0.002228 -0.000286 0.002228 -0.000286 
816.500000 0.002217 -0.000284 0.002217 -0.000284 
817.000000 0.002206 -0.000283 0.002206 -0.000283 
817.500000 0.002195 -0.000282 0.002195 -0.000282 
818.000000 0.002184 -0.000280 0.002184 -0.000280 
818.500000 0.002173 -0.000279 0.002173 -0.000279 
819.000000 0.002163 -0.000277 0.002163 -0.000277 
819.500000 0.002152 -0.000276 0.002152 -0.000276 
820.000000 0.002141 -0.000275 0.002141 -0.000275 
820.500000 0.002130 -0.000273 0.002130 -0.000273 
821.000000 0.002120 -0.000272 0.002120 -0.000272 
821.500000 0.002109 -0.000271 0.002109 -0.000271 
822.000000 0.002099 -0.000269 0.002099 -0.000269 
822.500000 0.002088 -0.000268 0.002088 -0.000268 
823.000000 0.002078 -0.000267 0.002078 -0.000267 
823.500000 0.002067 -0.000265 0.002067 -0.000265 
824.000000 0.002057 -0.000264 0.002057 -0.000264 
824.500000 0.002047 -0.000263 0.002047 -0.000263 
825.000000 0.002037 -0.000261 0.002037 -0.000261 
825.500000 0.002027 -0.000260 0.002027 -0.000260 
826.000000 0.002016 -0.000259 0.002016 -0.000259 
826.500000 0.002006 -0.000257 0.002006 -0.000257 
827.000000 0.001996 -0.000256 0.001996 -0.000256 
827.500000 0.001986 -0.000255 0.001986 -0.000255 
828.000000 0.001976 -0.000254 0.001976 -0.000254 
828.500000 0.001967 -0.000252 0.001967 -0.000252 
829.000000 0.001957 -0.000251 0.001957 -0.000251 
829.500000 0.001947 -0.000250 0.001947 -0.000250 
830.000000 0.001937 -0.000249 0.001937 -0.000249 
830.500000 0.001928 -0.000247 0.001928 -0.000247 
831.000000 0.001918 -0.000246 0.001918 -0.000246 
831.500000 0.001908 -0.000245 0.001908 -0.000245 
832.000000 0.001899 -0.000244 0.001899 -0.000244 
832.500000 0.001890 -0.000242 0.001890 -0.000242 
833.000000 0.001880 -0.000241 0.001880 -0.000241 
833.500000 0.001871 -0.000240 0.001871 -0.000240 
834.000000 0.001861 -0.000239 0.001861 -0.000239 
834.500000 0.001852 -0.000238 0.001852 -0.000238 
835.000000 0.001843 -0.000236 0.001843 -0.000236 
835.500000 0.001834 -0.000235 0.001834 -0.000235 
836.000000 0.001825 -0.000234 0.001825 -0.000234 
836.500000 0.001815 -0.000233 0.001815 -0.000233 
837.000000 0.001806 -0.000232 0.001806 -0.000232 
837.500000 0.001797 -0.000231 0.001797 -0.000231 
838.000000 0.001788 -0.000229 0.001788 -0.000229 
838.500000 0.001779 -0.000228 0.001779 -0.000228 
839.000000 0.001771 -0.000227 0.001771 -0.000227 
839.500000 0.001762 -0.000226 0.001762 -0.000226 
840.000000 0.001753 -0.000225 0.001753 -0.000225 
840.500000 0.001744 -0.000224 0.001744 -0.000224 
841.000000 0.001736 -0.000223 0.001736 -0.000223 
841.500000 0.001727 -0.000222 0.001727 -0.000222 
842.000000 0.001718 -0.000220 0.001718 -0.000220 
842.500000 0.001710 -0.000219 0.001710 -0.000219 
843.000000 0.001701 -0.000218 0.001701 -0.000218 
843.500000 0.001693 -0.000217 0.001693 -0.000217 
844.000000 0.001684 -0.000216 0.001684 -0.000216 
844.500000 0.001676 -0.000215 0.001676 -0.000215 
845.000000 0.001667 -0.000214 0.001667 -0.000214 
845.500000 0.001659 -0.000213 0.001659 -0.000213 
846.000000 0.001651 -0.000212 0.001651 -0.000212 
846.500000 0.001643 -0.000211 0.001643 -0.000211 
847.000000 0.001634 -0.000210 0.001634 -0.000210 
847.500000 0.001626 -0.000209 0.001626 -0.000209 
848.000000 0.001618 -0.000208 0.001618 -0.000208 
848.500000 0.001610 -0.000207 0.001610 -0.000207 
849.000000 0.001602 -0.000206 0.001602 -0.000206 
849.500000 0.001594 -0.000204 0.001594 -0.000204 
850.000000 0.001586 -0.000203 0.001586 -0.000203 
850.500000 0.001578 -0.000202 0.001578 -0.000202 
851.000000 0.001570 -0.000201 0.001570 -0.000201 
851.500000 0.001563 -0.000200 0.001563 -0.000200 
852.000000 0.001555 -0.000199 0.001555 -0.000199 
852.500000 0.001547 -0.000198 0.001547 -0.000198 
853.000000 0.001539 -0.000197 0.001539 -0.000197 
853.500000 0.001532 -0.000196 0.001532 -0.000196 
854.000000 0.001524 -0.000195 0.001524 -0.000195 
854.500000 0.001516 -0.000195 0.001516 -0.000195 
855.000000 0.001509 -0.000194 0.001509 -0.000194 
855.500000 0.001501 -0.000193 0.001501 -0.000193 
856.000000 0.001494 -0.000192 0.001494 -0.000192 
856.500000 0.001486 -0.000191 0.001486 -0.000191 
857.000000 0.001479 -0.000190 0.001479 -0.000190 
857.500000 0.001472 -0.000189 0.001472 -0.000189 
858.000000 0.001464 -0.000188 0.001464 -0.000188 
858.500000 0.001457 -0.000187 0.001457 -0.000187 
859.000000 0.001450 -0.000186 0.001450 -0.000186 
859.500000 0.001442 -0.000185 0.001442 -0.000185 
860.000000 0.001435 -0.000184 0.001435 -0.000184 
860.500000 0.001428 -0.000183 0.001428 -0.000183 
861.000000 0.001421 -0.000182 0.001421 -0.000182 
861.500000 0.001414 -0.000181 0.001414 -0.000181 
862.000000 0.001407 -0.000180 0.001407 -0.000180 
862.500000 0.001400 -0.000180 0.001400 -0.000180 
863.000000 0.001393 -0.000179 0.001393 -0.000179 
863.500000 0.001386 -0.000178 0.001386 -0.000178 
864.000000 0.001379 -0.000177 0.001379 -0.000177 
864.500000 0.001372 -0.000176 0.001372 -0.000176 
865.000000 0.001365 -0.000175 0.001365 -0.000175 
865.500000 0.001358 -0.000174 0.001358 -0.000174 
866.000000 0.001352 -0.000173 0.001352 -0.000173 
866.500000 0.001345 -0.000173 0.001345 -0.000173 
867.000000 0.001338 -0.000172 0.001338 -0.000172 
867.500000 0.001332 -0.000171 0.001332 -0.000171 
868.000000 0.001325 -0.000170 0.001325 -0.000170 
868.500000 0.001318 -0.000169 0.001318 -0.000169 
869.000000 0.001312 -0.000168 0.001312 -0.000168 
869.500000 0.001305 -0.000167 0.001305 -0.000167 
870.000000 0.001299 -0.000167 0.001299 -0.000167 
870.500000 0.001292 -0.000166 0.001292 -0.000166 
871.000000 0.001286 -0.000165 0.001286 -0.000165 
871.500000 0.001279 -0.000164 0.001279 -0.000164 
872.000000 0.001273 -0.000163 0.001273 -0.000163 
872.500000 0.001267 -0.000162 0.001267 -0.000162 
873.000000 0.001260 -0.000162 0.001260 -0.000162 
873.500000 0.001254 -0.000161 0.001254 -0.000161 
874.000000 0.001248 -0.000160 0.001248 -0.000160 
874.500000 0.001241 -0.000159 0.001241 -0.000159 
875.000000 0.001235 -0.000158 0.001235 -0.000158 
875.500000 0.001229 -0.000158 0.001229 -0.000158 
876.000000 0.001223 -0.000157 0.001223 -0.000157 
876.500000 0.001217 -0.000156 0.001217 -0.000156 
877.000000 0.001211 -0.000155 0.001211 -0.000155 
877.500000 0.001205 -0.000155 0.001205 -0.000155 
878.000000 0.001199 -0.000154 0.001199 -0.000154 
878.500000 0.001193 -0.000153 0.001193 -0.000153 
879.000000 0.001187 -0.000152 0.001187 -0.000152 
879.500000 0.001181 -0.000151 0.001181 -0.000151 
880.000000 0.001175 -0.000151 0.001175 -0.000151 
880.500000 0.001169 -0.000150 0.001169 -0.000150 
881.000000 0.001163 -0.000149 0.001163 -0.000149 
881.500000 0.001158 -0.000148 0.001158 -0.000148 
882.000000 0.001152 -0.000148 0.001152 -0.000148 
882.500000 0.001146 -0.000147 0.001146 -0.000147 
883.000000 0.001140 -0.000146 0.001140 -0.000146 
883.500000 0.001135 -0.000146 0.001135 -0.000146 
884.000000 0.001129 -0.000145 0.001129 -0.000145 
884.500000 0.001123 -0.000144 0.001123 -0.000144 
885.000000 0.001118 -0.000143 0.001118 -0.000143 
885.500000 0.001112 -0.000143 0.001112 -0.000143 
886.000000 0.001107 -0.000142 0.001107 -0.000142 
886.500000 0.001101 -0.000141 0.001101 -0.000141 
887.000000 0.001096 -0.000141 0.001096 -0.000141 
887.500000 0.001090 -0.000140 0.001090 -0.000140 
888.000000 0.001085 -0.000139 0.001085 -0.000139 
888.500000 0.001079 -0.000138 0.001079 -0.000138 
889.000000 0.001074 -0.000138 0.001074 -0.000138 
889.500000 0.001069 -0.000137 0.001069 -0.000137 
890.000000 0.001063 -0.000136 0.001063 -0.000136 
890.500000 0.001058 -0.000136 0.001058 -0.000136 
891.000000 0.001053 -0.000135 0.001053 -0.000135 
891.500000 0.001047 -0.000134 0.001047 -0.000134 
892.000000 0.001042 -0.000134 0.001042 -0.000134 
892.500000 0.001037 -0.000133 0.001037 -0.000133 
893.000000 0.001032 -0.000132 0.001032 -0.000132 
893.500000 0.001027 -0.000132 0.001027 -0.000132 
894.000000 0.001022 -0.000131 0.001022 -0.000131 
894.500000 0.001016 -0.000130 0.001016 -0.000130 
895.000000 0.001011 -0.000130 0.001011 -0.000130 
895.500000 0.001006 -0.000129 0.001006 -0.000129 
896.000000 0.001001 -0.000128 0.001001 -0.000128 
896.500000 0.000996 -0.000128 0.000996 -0.000128 
897.000000 0.000991 -0.000127 0.000991 -0.000127 
897.500000 0.000986 -0.000127 0.000986 -0.000127 
898.000000 0.000981 -0.000126 0.000981 -0.000126 
898.500000 0.000977 -0.000125 0.000977 -0.000125 
899.000000 0.000972 -0.000125 0.000972 -0.000125 
899.500000 0.000967 -0.000124 0.000967 -0.000124 
900.000000 0.000962 -0.000123 0.000962 -0.000123 
900.500000 0.000957 -0.000123 0.000957 -0.000123 
901.000000 0.000952 -0.000122 0.000952 -0.000122 
901.500000 0.000948 -0.000122 0.000948 -0.000122 
902.000000 0.000943 -0.000121 0.000943 -0.000121 
902.500000 0.000938 -0.000120 0.000938 -0.000120 
903.000000 0.000934 -0.000120 0.000934 -0.000120 
903.500000 0.000929 -0.000119 0.000929 -0.000119 
904.000000 0.000924 -0.000119 0.000924 -0.000119 
904.500000 0.000920 -0.000118 0.000920 -0.000118 
905.000000 0.000915 -0.000117 0.000915 -0.000117 
905.500000 0.000911 -0.000117 0.000911 -0.000117 
906.000000 0.000906 -0.000116 0.000906 -0.000116 
906.500000 0.000902 -0.000116 0.000902 -0.000116 
907.000000 0.000897 -0.000115 0.000897 -0.000115 
907.500000 0.000893 -0.000114 0.000893 -0.000114 
908.000000 0.000888 -0.000114 0.000888 -0.000114 
908.500000 0.000884 -0.000113 0.000884 -0.000113 
909.000000 0.000879 -0.000113 0.000879 -0.000113 
909.500000 0.000875 -0.000112 0.000875 -0.000112 
910.000000 0.000870 -0.000112 0.000870 -0.000112 
910.500000 0.000866 -0.000111 0.000866 -0.000111 
911.000000 0.000862 -0.000111 0.000862 -0.000111 
911.500000 0.000858 -0.000110 0.000858 -0.000110 
912.000000 0.000853 -0.000109 0.000853 -0.000109 
912.500000 0.000849 -0.000109 0.000849 -0.000109 
913.000000 0.000845 -0.000108 0.000845 -0.000108 
913.500000 0.000841 -0.000108 0.000841 -0.000108 
914.000000 0.000836 -0.000107 0.000836 -0.000107 
914.500000 0.000832 -0.000107 0.000832 -0.000107 
915.000000 0.000828 -0.000106 0.000828 -0.000106 
915.500000 0.000824 -0.000106 0.000824 -0.000106 
916.000000 0.000820 -0.000105 0.000820 -0.000105 
916.500000 0.000816 -0.000105 0.000816 -0.000105 
917.000000 0.000812 -0.000104 0.000812 -0.000104 
917.500000 0.000808 -0.000104 0.000808 -0.000104 
918.000000 0.000804 -0.000103 0.000804 -0.000103 
918.500000 0.000800 -0.000103 0.000800 -0.000103 
919.000000 0.000796 -0.000102 0.000796 -0.000102 
919.500000 0.000792 -0.000102 0.000792 -0.000102 
920.000000 0.000788 -0.000101 0.000788 -0.000101 
920.500000 0.000784 -0.000101 0.000784 -0.000101 
921.000000 0.000780 -0.000100 0.000780 -0.000100 
921.500000 0.000776 -0.000100 0.000776 -0.000100 
922.000000 0.000772 -0.000099 0.000772 -0.000099 
922.500000 0.000768 -0.000099 0.000768 -0.000099 
923.000000 0.000764 -0.000098 0.000764 -0.000098 
923.500000 0.000761 -0.000098 0.000761 -0.000098 
924.000000 0.000757 -0.000097 0.000757 -0.000097 
924.500000 0.000753 -0.000097 0.000753 -0.000097 
925.000000 0.000749 -0.000096 0.000749 -0.000096 
925.500000 0.000746 -0.000096 0.000746 -0.000096 
926.000000 0.000742 -0.000095 0.000742 -0.000095 
926.500000 0.000738 -0.000095 0.000738 -0.000095 
927.000000 0.000734 -0.000094 0.000734 -0.000094 
927.500000 0.000731 -0.000094 0.000731 -0.000094 
928.000000 0.000727 -0.000093 0.000727 -0.000093 
928.500000 0.000723 -0.000093 0.000723 -0.000093 
929.000000 0.000720 -0.000092 0.000720 -0.000092 
929.500000 0.000716 -0.000092 0.000716 -0.000092 
930.000000 0.000713 -0.000091 0.000713 -0.000091 
930.500000 0.000709 -0.000091 0.000709 -0.000091 
931.000000 0.000706 -0.000091 0.000706 -0.000091 
931.500000 0.000702 -0.000090 0.000702 -0.000090 
932.000000 0.000699 -0.000090 0.000699 -0.000090 
932.500000 0.000695 -0.000089 0.000695 -0.000089 
933.000000 0.000692 -0.000089 0.000692 -0.000089 
933.500000 0.000688 -0.000088 0.000688 -0.000088 
934.000000 0.000685 -0.000088 0.000685 -0.000088 
934.500000 0.000681 -0.000087 0.000681 -0.000087 
935.000000 0.000678 -0.000087 0.000678 -0.000087 
935.500000 0.000675 -0.000087 0.000675 -0.000087 
936.000000 0.000671 -0.000086 0.000671 -0.000086 
936.500000 0.000668 -0.000086 0.000668 -0.000086 
937.000000 0.000665 -0.000085 0.000665 -0.000085 
937.500000 0.000661 -0.000085 0.000661 -0.000085 
938.000000 0.000658 -0.000084 0.000658 -0.000084 
938.500000 0.000655 -0.000084 0.000655 -0.000084 
939.000000 0.000651 -0.000084 0.000651 -0.000084 
939.500000 0.000648 -0.000083 0.000648 -0.000083 
940.000000 0.000645 -0.000083 0.000645 -0.000083 
940.500000 0.000642 -0.000082 0.000642 -0.000082 
941.000000 0.000638 -0.000082 0.000638 -0.000082 
941.500000 0.000635 -0.000081 0.000635 -0.000081 
942.000000 0.000632 -0.000081 0.000632 -0.000081 
942.500000 0.000629 -0.000081 0.000629 -0.000081 
943.000000 0.000626 -0.000080 0.000626 -0.000080 
943.500000 0.000623 -0.000080 0.000623 -0.000080 
944.000000 0.000620 -0.000079 0.000620 -0.000079 
944.500000 0.000617 -0.000079 0.000617 -0.000079 
945.000000 0.000613 -0.000079 0.000613 -0.000079 
945.500000 0.000610 -0.000078 0.000610 -0.000078 
946.000000 0.000607 -0.000078 0.000607 -0.000078 
946.500000 0.000604 -0.000078 0.000604 -0.000078 
947.000000 0.000601 -0.000077 0.000601 -0.000077 
947.500000 0.000598 -0.000077 0.000598 -0.000077 
948.000000 0.000595 -0.000076 0.000595 -0.000076 
948.500000 0.000592 -0.000076 0.000592 -0.000076 
949.000000 0.000589 -0.000076 0.000589 -0.000076 
949.500000 0.000586 -0.000075 0.000586 -0.000075 
950.000000 0.000584 -0.000075 0.000584 -0.000075 
950.500000 0.000581 -0.000074 0.000581 -0.000074 
951.000000 0.000578 -0.000074 0.000578 -0.000074 
951.500000 0.000575 -0.000074 0.000575 -0.000074 
952.000000 0.000572 -0.000073 0.000572 -0.000073 
952.500000 0.000569 -0.000073 0.000569 -0.000073 
953.000000 0.000566 -0.000073 0.000566 -0.000073 
953.500000 0.000563 -0.000072 0.000563 -0.000072 
954.000000 0.000561 -0.000072 0.000561 -0.000072 
954.500000 0.000558 -0.000072 0.000558 -0.000072 
955.000000 0.000555 -0.000071 0.000555 -0.000071 
955.500000 0.000552 -0.000071 0.000552 -0.000071 
956.000000 0.000550 -0.000070 0.000550 -0.000070 
956.500000 0.000547 -0.000070 0.000547 -0.000070 
957.000000 0.000544 -0.000070 0.000544 -0.000070 
957.500000 0.000541 -0.000069 0.000541 -0.000069 
958.000000 0.000539 -0.000069 0.000539 -0.000069 
958.500000 0.000536 -0.000069 0.000536 -0.000069 
959.000000 0.000533 -0.000068 0.000533 -0.000068 
959.500000 0.000531 -0.000068 0.000531 -0.000068 
960.000000 0.000528 -0.000068 0.000528 -0.000068 
960.500000 0.000525 -0.000067 0.000525 -0.000067 
961.000000 0.000523 -0.000067 0.000523 -0.000067 
961.500000 0.000520 -0.000067 0.000520 -0.000067 
962.000000 0.000518 -0.000066 0.000518 -0.000066 
962.500000 0.000515 -0.000066 0.000515 -0.000066 
963.000000 0.000512 -0.000066 0.000512 -0.000066 
963.500000 0.000510 -0.000065 0.000510 -0.000065 
964.000000 0.000507 -0.000065 0.000507 -0.000065 
964.500000 0.000505 -0.000065 0.000505 -0.000065 
965.000000 0.000502 -0.000064 0.000502 -0.000064 
965.500000 0.000500 -0.000064 0.000500 -0.000064 
966.000000 0.000497 -0.000064 0.000497 -0.000064 
966.500000 0.000495 -0.000063 0.000495 -0.000063 
967.000000 0.000492 -0.000063 0.000492 -0.000063 
967.500000 0.000490 -0.000063 0.000490 -0.000063 
968.000000 0.000487 -0.000063 0.000487 -0.000063 
968.500000 0.000485 -0.000062 0.000485 -0.000062 
969.000000 0.000483 -0.000062 0.000483 -0.000062 
969.500000 0.000480 -0.000062 0.000480 -0.000062 
970.000000 0.000478 -0.000061 0.000478 -0.000061 
970.500000 0.000475 -0.000061 0.000475 -0.000061 
971.000000 0.000473 -0.000061 0.000473 -0.000061 
971.500000 0.000471 -0.000060 0.000471 -0.000060 
972.000000 0.000468 -0.000060 0.000468 -0.000060 
972.500000 0.000466 -0.000060 0.000466 -0.000060 
973.000000 0.000464 -0.000059 0.000464 -0.000059 
973.500000 0.000461 -0.000059 0.000461 -0.000059 
974.000000 0.000459 -0.000059 0.000459 -0.000059 
974.500000 0.000457 -0.000059 0.000457 -0.000059 
975.000000 0.000454 -0.000058 0.000454 -0.000058 
975.500000 0.000452 -0.000058 0.000452 -0.000058 
976.000000 0.000450 -0.000058 0.000450 -0.000058 
976.500000 0.000448 -0.000057 0.000448 -0.000057 
977.000000 0.000445 -0.000057 0.000445 -0.000057 
977.500000 0.000443 -0.000057 0.000443 -0.000057 
978.000000 0.000441 -0.000057 0.000441 -0.000057 
978.500000 0.000439 -0.000056 0.000439 -0.000056 
979.000000 0.000437 -0.000056 0.000437 -0.000056 
979.500000 0.000434 -0.000056 0.000434 -0.000056 
980.000000 0.000432 -0.000055 0.000432 -0.000055 
980.500000 0.000430 -0.000055 0.000430 -0.000055 
981.000000 0.000428 -0.000055 0.000428 -0.000055 
981.500000 0.000426 -0.000055 0.000426 -0.000055 
982.000000 0.000424 -0.000054 0.000424 -0.000054 
982.500000 0.000422 -0.000054 0.000422 -0.000054 
983.000000 0.000420 -0.000054 0.000420 -0.000054 
983.500000 0.000417 -0.000054 0.000417 -0.000054 
984.000000 0.000415 -0.000053 0.000415 -0.000053 
984.500000 0.000413 -0.000053 0.000413 -0.000053 
985.000000 0.000411 -0.000053 0.000411 -0.000053 
985.500000 0.000409 -0.000052 0.000409 -0.000052 
986.000000 0.000407 -0.000052 0.000407 -0.000052 
986.500000 0.000405 -0.000052 0.000405 -0.000052 
987.000000 0.000403 -0.000052 0.000403 -0.000052 
987.500000 0.000401 -0.000051 0.000401 -0.000051 
988.000000 0.000399 -0.000051 0.000399 -0.000051 
988.500000 0.000397 -0.000051 0.000397 -0.000051 
989.000000 0.000395 -0.000051 0.000395 -0.000051 
989.500000 0.000393 -0.000050 0.000393 -0.000050 
990.000000 0.000391 -0.000050 0.000391 -0.000050 
990.500000 0.000389 -0.000050 0.000389 -0.000050 
991.000000 0.000387 -0.000050 0.000387 -0.000050 
991.500000 0.000385 -0.000049 0.000385 -0.000049 
992.000000 0.000383 -0.000049 0.000383 -0.000049 
992.500000 0.000381 -0.000049 0.000381 -0.000049 
993.000000 0.000380 -0.000049 0.000380 -0.000049 
993.500000 0.000378 -0.000048 0.000378 -0.000048 
994.000000 0.000376 -0.000048 0.000376 -0.000048 
994.500000 0.000374 -0.000048 0.000374 -0.000048 
995.000000 0.000372 -0.000048 0.000372 -0.000048 
995.500000 0.000370 -0.000047 0.000370 -0.000047 
996.000000 0.000368 -0.000047 0.000368 -0.000047 
996.500000 0.000367 -0.000047 0.000367 -0.000047 
997.000000 0.000365 -0.000047 0.000365 -0.000047 
997.500000 0.000363 -0.000047 0.000363 -0.000047 
998.000000 0.000361 -0.000046 0.000361 -0.000046 
998.500000 0.000359 -0.000046 0.000359 -0.000046 
999.000000 0.000357 -0.000046 0.000357 -0.000046 
999.500000 0.000356 -0.000046 0.000356 -0.000046 
