-4.00000000 0.37017634
-3.98000000 0.37424823
-3.96000000 0.37837778
-3.94000000 0.38256581
-3.92000000 0.38681315
-3.90000000 0.39112063
-3.88000000 0.39548910
-3.86000000 0.39991938
-3.84000000 0.40441234
-3.82000000 0.40896880
-3.80000000 0.41358963
-3.78000000 0.41827566
-3.76000000 0.42302775
-3.74000000 0.42784675
-3.72000000 0.43273350
-3.70000000 0.43768885
-3.68000000 0.44271364
-3.66000000 0.44780870
-3.64000000 0.45297486
-3.62000000 0.45821295
-3.60000000 0.46352378
-3.58000000 0.46890815
-3.56000000 0.47436687
-3.54000000 0.47990070
-3.52000000 0.48551041
-3.50000000 0.49119676
-3.48000000 0.49696048
-3.46000000 0.50280226
-3.44000000 0.50872282
-3.42000000 0.51472279
-3.40000000 0.52080284
-3.38000000 0.52696355
-3.36000000 0.53320551
-3.34000000 0.53952926
-3.32000000 0.54593530
-3.30000000 0.55242411
-3.28000000 0.55899609
-3.26000000 0.56565162
-3.24000000 0.57239103
-3.22000000 0.57921459
-3.20000000 0.58612251
-3.18000000 0.59311495
-3.16000000 0.60019200
-3.14000000 0.60735367
-3.12000000 0.61459991
-3.10000000 0.62193060
-3.08000000 0.62934552
-3.06000000 0.63684436
-3.04000000 0.64442674
-3.02000000 0.65209218
-3.00000000 0.65984008
-2.98000000 0.66766974
-2.96000000 0.67558036
-2.94000000 0.68357101
-2.92000000 0.69164065
-2.90000000 0.69978808
-2.88000000 0.70801199
-2.86000000 0.71631093
-2.84000000 0.72468330
-2.82000000 0.73312733
-2.80000000 0.74164112
-2.78000000 0.75022256
-2.76000000 0.75886942
-2.74000000 0.76757927
-2.72000000 0.77634947
-2.70000000 0.78517723
-2.68000000 0.79405955
-2.66000000 0.80299322
-2.64000000 0.81197483
-2.62000000 0.82100076
-2.60000000 0.83006718
-2.58000000 0.83917001
-2.56000000 0.84830497
-2.54000000 0.85746754
-2.52000000 0.86665297
-2.50000000 0.87585627
-2.48000000 0.88507220
-2.46000000 0.89429531
-2.44000000 0.90351988
-2.42000000 0.91273994
-2.40000000 0.92194931
-2.38000000 0.93114154
-2.36000000 0.94030994
-2.34000000 0.94944760
-2.32000000 0.95854737
-2.30000000 0.96760186
-2.28000000 0.97660347
-2.26000000 0.98554439
-2.24000000 0.99441658
-2.22000000 1.00321182
-2.20000000 1.01192170
-2.18000000 1.02053763
-2.16000000 1.02905086
-2.14000000 1.03745250
-2.12000000 1.04573352
-2.10000000 1.05388477
-2.08000000 1.06189701
-2.06000000 1.06976094
-2.04000000 1.07746717
-2.02000000 1.08500631
-2.00000000 1.09236894
-1.98000000 1.09954567
-1.96000000 1.10652712
-1.94000000 1.11330400
-1.92000000 1.11986711
-1.90000000 1.12620737
-1.88000000 1.13231584
-1.86000000 1.13818376
-1.84000000 1.14380257
-1.82000000 1.14916395
-1.80000000 1.15425985
-1.78000000 1.15908250
-1.76000000 1.16362444
-1.74000000 1.16787857
-1.72000000 1.17183816
-1.70000000 1.17549687
-1.68000000 1.17884881
-1.66000000 1.18188850
-1.64000000 1.18461094
-1.62000000 1.18701164
-1.60000000 1.18908659
-1.58000000 1.19083231
-1.56000000 1.19224586
-1.54000000 1.19332486
-1.52000000 1.19406747
-1.50000000 1.19447243
-1.48000000 1.19453905
-1.46000000 1.19426721
-1.44000000 1.19365739
-1.42000000 1.19271062
-1.40000000 1.19142850
-1.38000000 1.18981320
-1.36000000 1.18786746
-1.34000000 1.18559453
-1.32000000 1.18299822
-1.30000000 1.18008284
-1.28000000 1.17685318
-1.26000000 1.17331454
-1.24000000 1.16947265
-1.22000000 1.16533367
-1.20000000 1.16090419
-1.18000000 1.15619117
-1.16000000 1.15120192
-1.14000000 1.14594409
-1.12000000 1.14042562
-1.10000000 1.13465475
-1.08000000 1.12863993
-1.06000000 1.12238985
-1.04000000 1.11591338
-1.02000000 1.10921955
-1.00000000 1.10231752
-0.98000000 1.09521654
-0.96000000 1.08792597
-0.94000000 1.08045518
-0.92000000 1.07281360
-0.90000000 1.06501062
-0.88000000 1.05705564
-0.86000000 1.04895800
-0.84000000 1.04072696
-0.82000000 1.03237172
-0.80000000 1.02390134
-0.78000000 1.01532478
-0.76000000 1.00665085
-0.74000000 0.99788819
-0.72000000 0.98904530
-0.70000000 0.98013047
-0.68000000 0.97115180
-0.66000000 0.96211720
-0.64000000 0.95303436
-0.62000000 0.94391075
-0.60000000 0.93475361
-0.58000000 0.92556995
-0.56000000 0.91636655
-0.54000000 0.90714995
-0.52000000 0.89792643
-0.50000000 0.88870205
-0.48000000 0.87948262
-0.46000000 0.87027371
-0.44000000 0.86108064
-0.42000000 0.85190849
-0.40000000 0.84276211
-0.38000000 0.83364611
-0.36000000 0.82456486
-0.34000000 0.81552253
-0.32000000 0.80652303
-0.30000000 0.79757007
-0.28000000 0.78866714
-0.26000000 0.77981754
-0.24000000 0.77102433
-0.22000000 0.76229041
-0.20000000 0.75361846
-0.18000000 0.74501098
-0.16000000 0.73647031
-0.14000000 0.72799858
-0.12000000 0.71959779
-0.10000000 0.71126974
-0.08000000 0.70301611
-0.06000000 0.69483841
-0.04000000 0.68673801
-0.02000000 0.67871614
0.00000000 0.67077390
0.02000000 0.66291226
0.04000000 0.65513209
0.06000000 0.64743412
0.08000000 0.63981898
0.10000000 0.63228720
0.12000000 0.62483921
0.14000000 0.61747534
0.16000000 0.61019584
0.18000000 0.60300087
0.20000000 0.59589051
0.22000000 0.58886478
0.24000000 0.58192360
0.26000000 0.57506686
0.28000000 0.56829435
0.30000000 0.56160584
0.32000000 0.55500101
0.34000000 0.54847952
0.36000000 0.54204095
0.38000000 0.53568487
0.40000000 0.52941077
0.42000000 0.52321815
0.44000000 0.51710642
0.46000000 0.51107500
0.48000000 0.50512327
0.50000000 0.49925056
0.52000000 0.49345620
0.54000000 0.48773948
0.56000000 0.48209969
0.58000000 0.47653608
0.60000000 0.47104789
0.62000000 0.46563435
0.64000000 0.46029466
0.66000000 0.45502804
0.68000000 0.44983366
0.70000000 0.44471071
0.72000000 0.43965837
0.74000000 0.43467579
0.76000000 0.42976214
0.78000000 0.42491657
0.80000000 0.42013824
0.82000000 0.41542631
0.84000000 0.41077992
0.86000000 0.40619822
0.88000000 0.40168037
0.90000000 0.39722552
0.92000000 0.39283282
0.94000000 0.38850143
0.96000000 0.38423051
0.98000000 0.38001924
1.00000000 0.37586677
1.02000000 0.37177229
1.04000000 0.36773496
1.06000000 0.36375399
1.08000000 0.35982856
1.10000000 0.35595787
1.12000000 0.35214112
1.14000000 0.34837754
1.16000000 0.34466633
1.18000000 0.34100673
1.20000000 0.33739797
1.22000000 0.33383930
1.24000000 0.33032997
1.26000000 0.32686924
1.28000000 0.32345638
1.30000000 0.32009066
1.32000000 0.31677138
1.34000000 0.31349783
1.36000000 0.31026931
1.38000000 0.30708514
1.40000000 0.30394463
1.42000000 0.30084712
1.44000000 0.29779195
1.46000000 0.29477848
1.48000000 0.29180604
1.50000000 0.28887402
1.52000000 0.28598179
1.54000000 0.28312874
1.56000000 0.28031425
1.58000000 0.27753774
1.60000000 0.27479861
1.62000000 0.27209628
1.64000000 0.26943018
1.66000000 0.26679975
1.68000000 0.26420445
1.70000000 0.26164371
1.72000000 0.25911700
1.74000000 0.25662381
1.76000000 0.25416359
1.78000000 0.25173586
1.80000000 0.24934009
1.82000000 0.24697579
1.84000000 0.24464249
1.86000000 0.24233968
1.88000000 0.24006691
1.90000000 0.23782371
1.92000000 0.23560962
1.94000000 0.23342419
1.96000000 0.23126698
1.98000000 0.22913755
2.00000000 0.22703548
2.02000000 0.22496034
2.04000000 0.22291172
2.06000000 0.22088921
2.08000000 0.21889241
2.10000000 0.21692092
2.12000000 0.21497437
2.14000000 0.21305237
2.16000000 0.21115453
2.18000000 0.20928051
2.20000000 0.20742992
2.22000000 0.20560242
2.24000000 0.20379766
2.26000000 0.20201528
2.28000000 0.20025496
2.30000000 0.19851636
2.32000000 0.19679915
2.34000000 0.19510300
2.36000000 0.19342761
2.38000000 0.19177267
2.40000000 0.19013785
2.42000000 0.18852287
2.44000000 0.18692743
2.46000000 0.18535123
2.48000000 0.18379400
2.50000000 0.18225545
2.52000000 0.18073529
2.54000000 0.17923327
2.56000000 0.17774911
2.58000000 0.17628256
2.60000000 0.17483334
2.62000000 0.17340121
2.64000000 0.17198592
2.66000000 0.17058722
2.68000000 0.16920487
2.70000000 0.16783863
2.72000000 0.16648827
2.74000000 0.16515356
2.76000000 0.16383427
2.78000000 0.16253018
2.80000000 0.16124108
2.82000000 0.15996674
2.84000000 0.15870695
2.86000000 0.15746151
2.88000000 0.15623021
2.90000000 0.15501286
2.92000000 0.15380925
2.94000000 0.15261918
2.96000000 0.15144248
2.98000000 0.15027894
3.00000000 0.14912839
3.02000000 0.14799064
3.04000000 0.14686551
3.06000000 0.14575283
3.08000000 0.14465242
3.10000000 0.14356411
3.12000000 0.14248774
3.14000000 0.14142314
3.16000000 0.14037015
3.18000000 0.13932860
3.20000000 0.13829834
3.22000000 0.13727922
3.24000000 0.13627108
3.26000000 0.13527378
3.28000000 0.13428716
3.30000000 0.13331108
3.32000000 0.13234540
3.34000000 0.13138998
3.36000000 0.13044468
3.38000000 0.12950937
3.40000000 0.12858390
3.42000000 0.12766815
3.44000000 0.12676199
3.46000000 0.12586529
3.48000000 0.12497793
3.50000000 0.12409978
3.52000000 0.12323072
3.54000000 0.12237063
3.56000000 0.12151939
3.58000000 0.12067689
3.60000000 0.11984302
3.62000000 0.11901765
3.64000000 0.11820068
3.66000000 0.11739200
3.68000000 0.11659150
3.70000000 0.11579909
3.72000000 0.11501464
3.74000000 0.11423806
3.76000000 0.11346926
3.78000000 0.11270812
3.80000000 0.11195456
3.82000000 0.11120847
3.84000000 0.11046977
3.86000000 0.10973835
3.88000000 0.10901413
3.90000000 0.10829701
3.92000000 0.10758691
3.94000000 0.10688374
3.96000000 0.10618740
3.98000000 0.10549783
