-4.00000000 0.33564768
-3.98000000 0.33928881
-3.96000000 0.34298158
-3.94000000 0.34672677
-3.92000000 0.35052517
-3.90000000 0.35437757
-3.88000000 0.35828479
-3.86000000 0.36224763
-3.84000000 0.36626692
-3.82000000 0.37034348
-3.80000000 0.37447816
-3.78000000 0.37867179
-3.76000000 0.38292522
-3.74000000 0.38723930
-3.72000000 0.39161488
-3.70000000 0.39605284
-3.68000000 0.40055402
-3.66000000 0.40511931
-3.64000000 0.40974957
-3.62000000 0.41444568
-3.60000000 0.41920849
-3.58000000 0.42403890
-3.56000000 0.42893776
-3.54000000 0.43390596
-3.52000000 0.43894435
-3.50000000 0.44405380
-3.48000000 0.44923516
-3.46000000 0.45448930
-3.44000000 0.45981705
-3.42000000 0.46521924
-3.40000000 0.47069671
-3.38000000 0.47625026
-3.36000000 0.48188069
-3.34000000 0.48758879
-3.32000000 0.49337531
-3.30000000 0.49924102
-3.28000000 0.50518661
-3.26000000 0.51121281
-3.24000000 0.51732029
-3.22000000 0.52350968
-3.20000000 0.52978161
-3.18000000 0.53613665
-3.16000000 0.54257536
-3.14000000 0.54909822
-3.12000000 0.55570572
-3.10000000 0.56239826
-3.08000000 0.56917621
-3.06000000 0.57603989
-3.04000000 0.58298955
-3.02000000 0.59002540
-3.00000000 0.59714755
-2.98000000 0.60435609
-2.96000000 0.61165099
-2.94000000 0.61903218
-2.92000000 0.62649949
-2.90000000 0.63405265
-2.88000000 0.64169134
-2.86000000 0.64941509
-2.84000000 0.65722337
-2.82000000 0.66511552
-2.80000000 0.67309078
-2.78000000 0.68114825
-2.76000000 0.68928694
-2.74000000 0.69750569
-2.72000000 0.70580323
-2.70000000 0.71417814
-2.68000000 0.72262885
-2.66000000 0.73115363
-2.64000000 0.73975059
-2.62000000 0.74841768
-2.60000000 0.75715267
-2.58000000 0.76595314
-2.56000000 0.77481649
-2.54000000 0.78373994
-2.52000000 0.79272048
-2.50000000 0.80175493
-2.48000000 0.81083987
-2.46000000 0.81997166
-2.44000000 0.82914647
-2.42000000 0.83836022
-2.40000000 0.84760858
-2.38000000 0.85688703
-2.36000000 0.86619076
-2.34000000 0.87551475
-2.32000000 0.88485371
-2.30000000 0.89420213
-2.28000000 0.90355421
-2.26000000 0.91290394
-2.24000000 0.92224503
-2.22000000 0.93157094
-2.20000000 0.94087489
-2.18000000 0.95014986
-2.16000000 0.95938856
-2.14000000 0.96858350
-2.12000000 0.97772693
-2.10000000 0.98681088
-2.08000000 0.99582716
-2.06000000 1.00476739
-2.04000000 1.01362296
-2.02000000 1.02238511
-2.00000000 1.03104488
-1.98000000 1.03959317
-1.96000000 1.04802074
-1.94000000 1.05631821
-1.92000000 1.06447612
-1.90000000 1.07248491
-1.88000000 1.08033495
-1.86000000 1.08801660
-1.84000000 1.09552016
-1.82000000 1.10283598
-1.80000000 1.10995442
-1.78000000 1.11686591
-1.76000000 1.12356098
-1.74000000 1.13003026
-1.72000000 1.13626453
-1.70000000 1.14225477
-1.68000000 1.14799214
-1.66000000 1.15346804
-1.64000000 1.15867415
-1.62000000 1.16360245
-1.60000000 1.16824522
-1.58000000 1.17259512
-1.56000000 1.17664517
-1.54000000 1.18038883
-1.52000000 1.18381996
-1.50000000 1.18693290
-1.48000000 1.18972248
-1.46000000 1.19218400
-1.44000000 1.19431331
-1.42000000 1.19610680
-1.40000000 1.19756141
-1.38000000 1.19867464
-1.36000000 1.19944458
-1.34000000 1.19986990
-1.32000000 1.19994987
-1.30000000 1.19968435
-1.28000000 1.19907379
-1.26000000 1.19811926
-1.24000000 1.19682239
-1.22000000 1.19518542
-1.20000000 1.19321113
-1.18000000 1.19090289
-1.16000000 1.18826462
-1.14000000 1.18530074
-1.12000000 1.18201621
-1.10000000 1.17841648
-1.08000000 1.17450746
-1.06000000 1.17029551
-1.04000000 1.16578741
-1.02000000 1.16099034
-1.00000000 1.15591184
-0.98000000 1.15055980
-0.96000000 1.14494240
-0.94000000 1.13906813
-0.92000000 1.13294570
-0.90000000 1.12658407
-0.88000000 1.11999235
-0.86000000 1.11317987
-0.84000000 1.10615603
-0.82000000 1.09893038
-0.80000000 1.09151252
-0.78000000 1.08391210
-0.76000000 1.07613881
-0.74000000 1.06820230
-0.72000000 1.06011222
-0.70000000 1.05187816
-0.68000000 1.04350964
-0.66000000 1.03501607
-0.64000000 1.02640676
-0.62000000 1.01769088
-0.60000000 1.00887745
-0.58000000 0.99997533
-0.56000000 0.99099320
-0.54000000 0.98193954
-0.52000000 0.97282264
-0.50000000 0.96365056
-0.48000000 0.95443117
-0.46000000 0.94517206
-0.44000000 0.93588064
-0.42000000 0.92656403
-0.40000000 0.91722915
-0.38000000 0.90788262
-0.36000000 0.89853086
-0.34000000 0.88918002
-0.32000000 0.87983597
-0.30000000 0.87050438
-0.28000000 0.86119063
-0.26000000 0.85189987
-0.24000000 0.84263701
-0.22000000 0.83340669
-0.20000000 0.82421333
-0.18000000 0.81506114
-0.16000000 0.80595404
-0.14000000 0.79689579
-0.12000000 0.78788989
-0.10000000 0.77893963
-0.08000000 0.77004810
-0.06000000 0.76121818
-0.04000000 0.75245258
-0.02000000 0.74375377
0.00000000 0.73512408
0.02000000 0.72656565
0.04000000 0.71808043
0.06000000 0.70967023
0.08000000 0.70133669
0.10000000 0.69308130
0.12000000 0.68490541
0.14000000 0.67681021
0.16000000 0.66879678
0.18000000 0.66086605
0.20000000 0.65301886
0.22000000 0.64525591
0.24000000 0.63757779
0.26000000 0.62998499
0.28000000 0.62247791
0.30000000 0.61505683
0.32000000 0.60772197
0.34000000 0.60047345
0.36000000 0.59331132
0.38000000 0.58623554
0.40000000 0.57924600
0.42000000 0.57234256
0.44000000 0.56552496
0.46000000 0.55879293
0.48000000 0.55214611
0.50000000 0.54558413
0.52000000 0.53910653
0.54000000 0.53271282
0.56000000 0.52640249
0.58000000 0.52017497
0.60000000 0.51402966
0.62000000 0.50796592
0.64000000 0.50198310
0.66000000 0.49608051
0.68000000 0.49025742
0.70000000 0.48451312
0.72000000 0.47884683
0.74000000 0.47325779
0.76000000 0.46774521
0.78000000 0.46230828
0.80000000 0.45694617
0.82000000 0.45165807
0.84000000 0.44644312
0.86000000 0.44130049
0.88000000 0.43622932
0.90000000 0.43122874
0.92000000 0.42629789
0.94000000 0.42143590
0.96000000 0.41664191
0.98000000 0.41191504
1.00000000 0.40725441
1.02000000 0.40265915
1.04000000 0.39812840
1.06000000 0.39366129
1.08000000 0.38925694
1.10000000 0.38491450
1.12000000 0.38063310
1.14000000 0.37641190
1.16000000 0.37225004
1.18000000 0.36814668
1.20000000 0.36410098
1.22000000 0.36011212
1.24000000 0.35617925
1.26000000 0.35230158
1.28000000 0.34847829
1.30000000 0.34470857
1.32000000 0.34099163
1.34000000 0.33732669
1.36000000 0.33371297
1.38000000 0.33014969
1.40000000 0.32663610
1.42000000 0.32317145
1.44000000 0.31975498
1.46000000 0.31638598
1.48000000 0.31306370
1.50000000 0.30978745
1.52000000 0.30655650
1.54000000 0.30337017
1.56000000 0.30022776
1.58000000 0.29712859
1.60000000 0.29407201
1.62000000 0.29105734
1.64000000 0.28808393
1.66000000 0.28515115
1.68000000 0.28225837
1.70000000 0.27940495
1.72000000 0.27659029
1.74000000 0.27381378
1.76000000 0.27107482
1.78000000 0.26837284
1.80000000 0.26570724
1.82000000 0.26307747
1.84000000 0.26048296
1.86000000 0.25792316
1.88000000 0.25539752
1.90000000 0.25290553
1.92000000 0.25044664
1.94000000 0.24802034
1.96000000 0.24562613
1.98000000 0.24326350
2.00000000 0.24093195
2.02000000 0.23863101
2.04000000 0.23636020
2.06000000 0.23411904
2.08000000 0.23190708
2.10000000 0.22972386
2.12000000 0.22756894
2.14000000 0.22544188
2.16000000 0.22334224
2.18000000 0.22126960
2.20000000 0.21922354
2.22000000 0.21720365
2.24000000 0.21520954
2.26000000 0.21324079
2.28000000 0.21129702
2.30000000 0.20937785
2.32000000 0.20748290
2.34000000 0.20561180
2.36000000 0.20376418
2.38000000 0.20193968
2.40000000 0.20013796
2.42000000 0.19835866
2.44000000 0.19660144
2.46000000 0.19486597
2.48000000 0.19315192
2.50000000 0.19145897
2.52000000 0.18978679
2.54000000 0.18813508
2.56000000 0.18650352
2.58000000 0.18489181
2.60000000 0.18329966
2.62000000 0.18172677
2.64000000 0.18017285
2.66000000 0.17863763
2.68000000 0.17712082
2.70000000 0.17562215
2.72000000 0.17414135
2.74000000 0.17267817
2.76000000 0.17123233
2.78000000 0.16980358
2.80000000 0.16839167
2.82000000 0.16699636
2.84000000 0.16561740
2.86000000 0.16425455
2.88000000 0.16290758
2.90000000 0.16157626
2.92000000 0.16026036
2.94000000 0.15895966
2.96000000 0.15767394
2.98000000 0.15640298
3.00000000 0.15514657
3.02000000 0.15390450
3.04000000 0.15267656
3.06000000 0.15146257
3.08000000 0.15026230
3.10000000 0.14907558
3.12000000 0.14790221
3.14000000 0.14674200
3.16000000 0.14559476
3.18000000 0.14446032
3.20000000 0.14333849
3.22000000 0.14222909
3.24000000 0.14113195
3.26000000 0.14004691
3.28000000 0.13897379
3.30000000 0.13791242
3.32000000 0.13686265
3.34000000 0.13582432
3.36000000 0.13479726
3.38000000 0.13378132
3.40000000 0.13277636
3.42000000 0.13178221
3.44000000 0.13079873
3.46000000 0.12982578
3.48000000 0.12886322
3.50000000 0.12791089
3.52000000 0.12696867
3.54000000 0.12603642
3.56000000 0.12511401
3.58000000 0.12420129
3.60000000 0.12329815
3.62000000 0.12240446
3.64000000 0.12152008
3.66000000 0.12064490
3.68000000 0.11977879
3.70000000 0.11892164
3.72000000 0.11807332
3.74000000 0.11723373
3.76000000 0.11640273
3.78000000 0.11558023
3.80000000 0.11476612
3.82000000 0.11396027
3.84000000 0.11316259
3.86000000 0.11237297
3.88000000 0.11159131
3.90000000 0.11081750
3.92000000 0.11005144
3.94000000 0.10929303
3.96000000 0.10854218
3.98000000 0.10779879
