0.000000 2.000000 0.000000
0.010000 1.999227 0.020014
0.020000 1.997431 0.040045
0.030000 1.994618 0.060073
0.040000 1.990791 0.080080
0.050000 1.985958 0.100047
0.060000 1.980126 0.119957
0.070000 1.973304 0.139790
0.080000 1.965501 0.159528
0.090000 1.956730 0.179152
0.100000 1.947003 0.198646
0.110000 1.936332 0.217991
0.120000 1.924733 0.237169
0.130000 1.912222 0.256163
0.140000 1.898815 0.274957
0.150000 1.884529 0.293532
0.160000 1.869385 0.311873
0.170000 1.853401 0.329964
0.180000 1.836598 0.347788
0.190000 1.818998 0.365331
0.200000 1.800622 0.382577
0.210000 1.781495 0.399512
0.220000 1.761640 0.416122
0.230000 1.741081 0.432393
0.240000 1.719844 0.448313
0.250000 1.697954 0.463868
0.260000 1.675439 0.479046
0.270000 1.652324 0.493836
0.280000 1.628638 0.508227
0.290000 1.604408 0.522209
0.300000 1.579662 0.535772
0.310000 1.554429 0.548906
0.320000 1.528737 0.561603
0.330000 1.502616 0.573854
0.340000 1.476094 0.585654
0.350000 1.449201 0.596994
0.360000 1.421967 0.607868
0.370000 1.394420 0.618272
0.380000 1.366590 0.628200
0.390000 1.338506 0.637648
0.400000 1.310198 0.646612
0.410000 1.281694 0.655089
0.420000 1.253023 0.663078
0.430000 1.224214 0.670576
0.440000 1.195294 0.677581
0.450000 1.166293 0.684095
0.460000 1.137237 0.690117
0.470000 1.108154 0.695647
0.480000 1.079070 0.700687
0.490000 1.050012 0.705238
0.500000 1.021005 0.709304
0.510000 0.992075 0.712888
0.520000 0.963245 0.715992
0.530000 0.934541 0.718621
0.540000 0.905985 0.720780
0.550000 0.877601 0.722474
0.560000 0.849410 0.723708
0.570000 0.821433 0.724489
0.580000 0.793692 0.724822
0.590000 0.766205 0.724716
0.600000 0.738994 0.724178
0.610000 0.712074 0.723215
0.620000 0.685466 0.721835
0.630000 0.659184 0.720048
0.640000 0.633246 0.717861
0.650000 0.607666 0.715285
0.660000 0.582459 0.712328
0.670000 0.557638 0.709001
0.680000 0.533217 0.705314
0.690000 0.509207 0.701277
0.700000 0.485619 0.696900
0.710000 0.462465 0.692194
0.720000 0.439752 0.687171
0.730000 0.417491 0.681840
0.740000 0.395689 0.676214
0.750000 0.374353 0.670304
0.760000 0.353490 0.664121
0.770000 0.333105 0.657676
0.780000 0.313204 0.650982
0.790000 0.293790 0.644050
0.800000 0.274867 0.636891
0.810000 0.256437 0.629517
0.820000 0.238503 0.621939
0.830000 0.221065 0.614170
0.840000 0.204126 0.606221
0.850000 0.187684 0.598103
0.860000 0.171739 0.589828
0.870000 0.156290 0.581406
0.880000 0.141336 0.572850
0.890000 0.126873 0.564170
0.900000 0.112899 0.555377
0.910000 0.099411 0.546481
0.920000 0.086404 0.537495
0.930000 0.073876 0.528427
0.940000 0.061819 0.519288
0.950000 0.050231 0.510089
0.960000 0.039104 0.500838
0.970000 0.028433 0.491547
0.980000 0.018211 0.482223
0.990000 0.008432 0.472877
1.000000 -0.000911 0.463517
1.010000 -0.009826 0.454152
1.020000 -0.018320 0.444791
1.030000 -0.026401 0.435441
1.040000 -0.034078 0.426110
1.050000 -0.041357 0.416807
1.060000 -0.048249 0.407539
1.070000 -0.054762 0.398313
1.080000 -0.060904 0.389135
1.090000 -0.066684 0.380013
1.100000 -0.072112 0.370952
1.110000 -0.077196 0.361959
1.120000 -0.081946 0.353040
1.130000 -0.086372 0.344199
1.140000 -0.090481 0.335443
1.150000 -0.094285 0.326776
1.160000 -0.097792 0.318203
1.170000 -0.101011 0.309729
1.180000 -0.103952 0.301357
1.190000 -0.106625 0.293091
1.200000 -0.109038 0.284936
1.210000 -0.111200 0.276894
1.220000 -0.113122 0.268969
1.230000 -0.114811 0.261163
1.240000 -0.116278 0.253480
1.250000 -0.117530 0.245921
1.260000 -0.118576 0.238489
1.270000 -0.119426 0.231186
1.280000 -0.120088 0.224014
1.290000 -0.120570 0.216973
1.300000 -0.120880 0.210066
1.310000 -0.121027 0.203294
1.320000 -0.121018 0.196656
1.330000 -0.120861 0.190155
1.340000 -0.120564 0.183791
1.350000 -0.120134 0.177564
1.360000 -0.119579 0.171474
1.370000 -0.118906 0.165521
1.380000 -0.118121 0.159706
1.390000 -0.117231 0.154027
1.400000 -0.116244 0.148485
1.410000 -0.115164 0.143079
1.420000 -0.113999 0.137807
1.430000 -0.112755 0.132670
1.440000 -0.111437 0.127667
1.450000 -0.110050 0.122796
1.460000 -0.108601 0.118055
1.470000 -0.107095 0.113445
1.480000 -0.105536 0.108963
1.490000 -0.103930 0.104609
1.500000 -0.102281 0.100379
1.510000 -0.100594 0.096274
1.520000 -0.098872 0.092291
1.530000 -0.097122 0.088428
1.540000 -0.095345 0.084683
1.550000 -0.093546 0.081056
1.560000 -0.091729 0.077543
1.570000 -0.089897 0.074142
1.580000 -0.088054 0.070853
1.590000 -0.086202 0.067672
1.600000 -0.084345 0.064598
1.610000 -0.082486 0.061628
1.620000 -0.080626 0.058761
1.630000 -0.078770 0.055994
1.640000 -0.076918 0.053324
1.650000 -0.075074 0.050751
1.660000 -0.073239 0.048271
1.670000 -0.071416 0.045883
1.680000 -0.069606 0.043584
1.690000 -0.067812 0.041371
1.700000 -0.066034 0.039244
1.710000 -0.064274 0.037199
1.720000 -0.062534 0.035234
1.730000 -0.060815 0.033348
1.740000 -0.059119 0.031538
1.750000 -0.057445 0.029802
1.760000 -0.055796 0.028138
1.770000 -0.054171 0.026543
1.780000 -0.052573 0.025016
1.790000 -0.051001 0.023555
1.800000 -0.049457 0.022157
1.810000 -0.047941 0.020821
1.820000 -0.046452 0.019544
1.830000 -0.044993 0.018326
1.840000 -0.043563 0.017163
1.850000 -0.042162 0.016054
1.860000 -0.040791 0.014997
1.870000 -0.039450 0.013990
1.880000 -0.038138 0.013032
1.890000 -0.036857 0.012120
1.900000 -0.035606 0.011254
1.910000 -0.034384 0.010431
1.920000 -0.033193 0.009650
1.930000 -0.032031 0.008909
1.940000 -0.030899 0.008206
1.950000 -0.029796 0.007541
1.960000 -0.028723 0.006912
1.970000 -0.027678 0.006316
1.980000 -0.026662 0.005754
1.990000 -0.025675 0.005223
2.000000 -0.024715 0.004722
2.010000 -0.023783 0.004250
2.020000 -0.022879 0.003806
2.030000 -0.022001 0.003388
2.040000 -0.021150 0.002996
2.050000 -0.020325 0.002627
2.060000 -0.019525 0.002281
2.070000 -0.018751 0.001958
2.080000 -0.018001 0.001655
2.090000 -0.017276 0.001372
2.100000 -0.016574 0.001108
2.110000 -0.015896 0.000862
2.120000 -0.015240 0.000633
2.130000 -0.014607 0.000420
2.140000 -0.013995 0.000222
2.150000 -0.013405 0.000039
2.160000 -0.012835 -0.000130
2.170000 -0.012286 -0.000286
2.180000 -0.011757 -0.000431
2.190000 -0.011246 -0.000563
2.200000 -0.010755 -0.000685
2.210000 -0.010282 -0.000796
2.220000 -0.009826 -0.000898
2.230000 -0.009388 -0.000991
2.240000 -0.008967 -0.001076
2.250000 -0.008562 -0.001153
2.260000 -0.008173 -0.001222
2.270000 -0.007800 -0.001285
2.280000 -0.007441 -0.001341
2.290000 -0.007097 -0.001391
2.300000 -0.006767 -0.001436
2.310000 -0.006450 -0.001476
2.320000 -0.006147 -0.001512
2.330000 -0.005857 -0.001543
2.340000 -0.005578 -0.001571
2.350000 -0.005312 -0.001595
2.360000 -0.005058 -0.001616
2.370000 -0.004814 -0.001634
2.380000 -0.004581 -0.001650
2.390000 -0.004359 -0.001664
2.400000 -0.004146 -0.001675
2.410000 -0.003944 -0.001686
2.420000 -0.003750 -0.001695
2.430000 -0.003566 -0.001703
2.440000 -0.003390 -0.001710
2.450000 -0.003223 -0.001717
2.460000 -0.003063 -0.001723
2.470000 -0.002911 -0.001729
2.480000 -0.002767 -0.001736
2.490000 -0.002629 -0.001742
2.500000 -0.002499 -0.001749
2.510000 -0.002375 -0.001757
2.520000 -0.002257 -0.001765
2.530000 -0.002145 -0.001775
2.540000 -0.002039 -0.001785
2.550000 -0.001938 -0.001797
2.560000 -0.001843 -0.001810
2.570000 -0.001752 -0.001825
2.580000 -0.001667 -0.001842
2.590000 -0.001585 -0.001860
2.600000 -0.001508 -0.001881
2.610000 -0.001435 -0.001903
2.620000 -0.001367 -0.001928
2.630000 -0.001301 -0.001954
2.640000 -0.001239 -0.001984
2.650000 -0.001181 -0.002015
2.660000 -0.001125 -0.002050
2.670000 -0.001073 -0.002087
2.680000 -0.001023 -0.002126
2.690000 -0.000975 -0.002169
2.700000 -0.000930 -0.002215
2.710000 -0.000887 -0.002263
2.720000 -0.000847 -0.002315
2.730000 -0.000808 -0.002370
2.740000 -0.000770 -0.002428
2.750000 -0.000735 -0.002490
2.760000 -0.000700 -0.002555
2.770000 -0.000667 -0.002623
2.780000 -0.000635 -0.002695
2.790000 -0.000604 -0.002770
2.800000 -0.000574 -0.002849
2.810000 -0.000544 -0.002932
2.820000 -0.000515 -0.003018
2.830000 -0.000486 -0.003109
2.840000 -0.000458 -0.003203
2.850000 -0.000429 -0.003301
2.860000 -0.000401 -0.003402
2.870000 -0.000372 -0.003508
2.880000 -0.000343 -0.003618
2.890000 -0.000314 -0.003732
2.900000 -0.000284 -0.003850
2.910000 -0.000253 -0.003971
2.920000 -0.000222 -0.004097
2.930000 -0.000189 -0.004227
2.940000 -0.000156 -0.004362
2.950000 -0.000121 -0.004500
2.960000 -0.000085 -0.004642
2.970000 -0.000048 -0.004789
2.980000 -0.000009 -0.004940
2.990000 0.000032 -0.005095
3.000000 0.000075 -0.005254
3.010000 0.000119 -0.005417
3.020000 0.000166 -0.005584
3.030000 0.000214 -0.005755
3.040000 0.000265 -0.005931
3.050000 0.000318 -0.006110
3.060000 0.000374 -0.006294
3.070000 0.000433 -0.006481
3.080000 0.000494 -0.006673
3.090000 0.000558 -0.006868
3.100000 0.000626 -0.007067
3.110000 0.000696 -0.007270
3.120000 0.000769 -0.007477
3.130000 0.000846 -0.007687
3.140000 0.000926 -0.007901
3.150000 0.001010 -0.008119
3.160000 0.001098 -0.008340
3.170000 0.001189 -0.008564
3.180000 0.001284 -0.008792
3.190000 0.001383 -0.009023
3.200000 0.001486 -0.009256
3.210000 0.001593 -0.009493
3.220000 0.001705 -0.009733
3.230000 0.001821 -0.009976
3.240000 0.001941 -0.010221
3.250000 0.002066 -0.010469
3.260000 0.002196 -0.010719
3.270000 0.002330 -0.010971
3.280000 0.002469 -0.011225
3.290000 0.002613 -0.011482
3.300000 0.002762 -0.011740
3.310000 0.002917 -0.012000
3.320000 0.003076 -0.012261
3.330000 0.003240 -0.012524
3.340000 0.003410 -0.012788
3.350000 0.003585 -0.013053
3.360000 0.003766 -0.013319
3.370000 0.003952 -0.013585
3.380000 0.004143 -0.013852
3.390000 0.004340 -0.014119
3.400000 0.004543 -0.014386
3.410000 0.004751 -0.014653
3.420000 0.004965 -0.014919
3.430000 0.005184 -0.015185
3.440000 0.005410 -0.015450
3.450000 0.005641 -0.015714
3.460000 0.005878 -0.015977
3.470000 0.006120 -0.016239
3.480000 0.006369 -0.016498
3.490000 0.006623 -0.016756
3.500000 0.006883 -0.017012
3.510000 0.007149 -0.017265
3.520000 0.007420 -0.017516
3.530000 0.007697 -0.017763
3.540000 0.007980 -0.018008
3.550000 0.008268 -0.018249
3.560000 0.008563 -0.018487
3.570000 0.008862 -0.018721
3.580000 0.009167 -0.018951
3.590000 0.009478 -0.019176
3.600000 0.009793 -0.019397
3.610000 0.010115 -0.019613
3.620000 0.010441 -0.019824
3.630000 0.010772 -0.020029
3.640000 0.011108 -0.020229
3.650000 0.011449 -0.020423
3.660000 0.011795 -0.020611
3.670000 0.012146 -0.020793
3.680000 0.012501 -0.020968
3.690000 0.012860 -0.021136
3.700000 0.013223 -0.021297
3.710000 0.013591 -0.021451
3.720000 0.013962 -0.021597
3.730000 0.014337 -0.021736
3.740000 0.014715 -0.021866
3.750000 0.015097 -0.021989
3.760000 0.015481 -0.022102
3.770000 0.015869 -0.022207
3.780000 0.016259 -0.022304
3.790000 0.016651 -0.022391
3.800000 0.017046 -0.022468
3.810000 0.017442 -0.022537
3.820000 0.017840 -0.022595
3.830000 0.018240 -0.022644
3.840000 0.018640 -0.022683
3.850000 0.019042 -0.022711
3.860000 0.019444 -0.022729
3.870000 0.019846 -0.022737
3.880000 0.020247 -0.022734
3.890000 0.020649 -0.022720
3.900000 0.021050 -0.022695
3.910000 0.021449 -0.022659
3.920000 0.021848 -0.022612
3.930000 0.022244 -0.022553
3.940000 0.022639 -0.022483
3.950000 0.023031 -0.022402
3.960000 0.023420 -0.022309
3.970000 0.023806 -0.022205
3.980000 0.024188 -0.022089
3.990000 0.024566 -0.021961
4.000000 0.024940 -0.021821
4.010000 0.025309 -0.021670
4.020000 0.025674 -0.021508
4.030000 0.026032 -0.021333
4.040000 0.026385 -0.021147
4.050000 0.026731 -0.020949
4.060000 0.027071 -0.020740
4.070000 0.027403 -0.020519
4.080000 0.027728 -0.020287
4.090000 0.028045 -0.020043
4.100000 0.028353 -0.019788
4.110000 0.028653 -0.019522
4.120000 0.028943 -0.019245
4.130000 0.029224 -0.018958
4.140000 0.029495 -0.018659
4.150000 0.029756 -0.018351
4.160000 0.030006 -0.018031
4.170000 0.030245 -0.017702
4.180000 0.030472 -0.017363
4.190000 0.030687 -0.017015
4.200000 0.030890 -0.016657
4.210000 0.031081 -0.016290
4.220000 0.031258 -0.015914
4.230000 0.031422 -0.015529
4.240000 0.031573 -0.015137
4.250000 0.031709 -0.014736
4.260000 0.031832 -0.014328
4.270000 0.031939 -0.013913
4.280000 0.032032 -0.013490
4.290000 0.032110 -0.013062
4.300000 0.032172 -0.012627
4.310000 0.032219 -0.012186
4.320000 0.032250 -0.011741
4.330000 0.032265 -0.011290
4.340000 0.032263 -0.010835
4.350000 0.032245 -0.010375
4.360000 0.032211 -0.009912
4.370000 0.032159 -0.009446
4.380000 0.032091 -0.008978
4.390000 0.032006 -0.008507
4.400000 0.031904 -0.008034
4.410000 0.031785 -0.007560
4.420000 0.031649 -0.007086
4.430000 0.031495 -0.006611
4.440000 0.031324 -0.006136
4.450000 0.031136 -0.005662
4.460000 0.030931 -0.005189
4.470000 0.030710 -0.004718
4.480000 0.030471 -0.004250
4.490000 0.030215 -0.003784
4.500000 0.029942 -0.003321
4.510000 0.029653 -0.002862
4.520000 0.029348 -0.002407
4.530000 0.029027 -0.001957
4.540000 0.028689 -0.001512
4.550000 0.028336 -0.001073
4.560000 0.027968 -0.000640
4.570000 0.027584 -0.000214
4.580000 0.027186 0.000205
4.590000 0.026773 0.000616
4.600000 0.026346 0.001019
4.610000 0.025905 0.001414
4.620000 0.025451 0.001799
4.630000 0.024984 0.002175
4.640000 0.024505 0.002542
4.650000 0.024014 0.002898
4.660000 0.023511 0.003243
4.670000 0.022997 0.003578
4.680000 0.022472 0.003901
4.690000 0.021938 0.004212
4.700000 0.021394 0.004511
4.710000 0.020841 0.004798
4.720000 0.020280 0.005072
4.730000 0.019711 0.005334
4.740000 0.019135 0.005582
4.750000 0.018553 0.005816
4.760000 0.017964 0.006037
4.770000 0.017371 0.006244
4.780000 0.016772 0.006437
4.790000 0.016170 0.006616
4.800000 0.015564 0.006781
4.810000 0.014956 0.006931
4.820000 0.014345 0.007066
4.830000 0.013733 0.007186
4.840000 0.013121 0.007292
4.850000 0.012508 0.007383
4.860000 0.011896 0.007460
4.870000 0.011285 0.007521
4.880000 0.010676 0.007568
4.890000 0.010070 0.007600
4.900000 0.009467 0.007617
4.910000 0.008868 0.007620
4.920000 0.008273 0.007608
4.930000 0.007684 0.007582
4.940000 0.007100 0.007542
4.950000 0.006523 0.007488
4.960000 0.005953 0.007420
4.970000 0.005390 0.007339
4.980000 0.004835 0.007244
4.990000 0.004289 0.007136
5.000000 0.003752 0.007015
5.010000 0.003226 0.006882
5.020000 0.002709 0.006736
5.030000 0.002203 0.006579
5.040000 0.001709 0.006409
5.050000 0.001226 0.006229
5.060000 0.000755 0.006038
5.070000 0.000297 0.005836
5.080000 -0.000148 0.005625
5.090000 -0.000579 0.005403
5.100000 -0.000997 0.005172
5.110000 -0.001401 0.004933
5.120000 -0.001790 0.004685
5.130000 -0.002165 0.004429
5.140000 -0.002525 0.004166
5.150000 -0.002869 0.003895
5.160000 -0.003198 0.003619
5.170000 -0.003512 0.003336
5.180000 -0.003810 0.003047
5.190000 -0.004092 0.002753
5.200000 -0.004357 0.002455
5.210000 -0.004607 0.002153
5.220000 -0.004840 0.001847
5.230000 -0.005057 0.001537
5.240000 -0.005258 0.001226
5.250000 -0.005443 0.000912
5.260000 -0.005611 0.000596
5.270000 -0.005763 0.000279
5.280000 -0.005899 -0.000038
5.290000 -0.006018 -0.000356
5.300000 -0.006122 -0.000673
5.310000 -0.006210 -0.000990
5.320000 -0.006282 -0.001305
5.330000 -0.006338 -0.001619
5.340000 -0.006379 -0.001930
5.350000 -0.006406 -0.002239
5.360000 -0.006417 -0.002545
5.370000 -0.006413 -0.002847
5.380000 -0.006396 -0.003146
5.390000 -0.006364 -0.003440
5.400000 -0.006318 -0.003730
5.410000 -0.006259 -0.004015
5.420000 -0.006186 -0.004294
5.430000 -0.006101 -0.004568
5.440000 -0.006004 -0.004835
5.450000 -0.005894 -0.005096
5.460000 -0.005773 -0.005351
5.470000 -0.005640 -0.005598
5.480000 -0.005497 -0.005838
5.490000 -0.005343 -0.006071
5.500000 -0.005179 -0.006295
5.510000 -0.005005 -0.006512
5.520000 -0.004823 -0.006720
5.530000 -0.004631 -0.006920
5.540000 -0.004431 -0.007111
5.550000 -0.004224 -0.007293
5.560000 -0.004009 -0.007466
5.570000 -0.003787 -0.007630
5.580000 -0.003558 -0.007785
5.590000 -0.003324 -0.007930
5.600000 -0.003084 -0.008066
5.610000 -0.002839 -0.008192
5.620000 -0.002589 -0.008309
5.630000 -0.002336 -0.008416
5.640000 -0.002078 -0.008513
5.650000 -0.001817 -0.008600
5.660000 -0.001554 -0.008677
5.670000 -0.001288 -0.008745
5.680000 -0.001020 -0.008803
5.690000 -0.000750 -0.008851
5.700000 -0.000480 -0.008889
5.710000 -0.000209 -0.008918
5.720000 0.000063 -0.008937
5.730000 0.000334 -0.008947
5.740000 0.000605 -0.008947
5.750000 0.000874 -0.008938
5.760000 0.001143 -0.008920
5.770000 0.001409 -0.008893
5.780000 0.001674 -0.008857
5.790000 0.001936 -0.008812
5.800000 0.002196 -0.008759
5.810000 0.002452 -0.008697
5.820000 0.002706 -0.008627
5.830000 0.002955 -0.008549
5.840000 0.003201 -0.008463
5.850000 0.003442 -0.008369
5.860000 0.003679 -0.008268
5.870000 0.003911 -0.008159
5.880000 0.004138 -0.008044
5.890000 0.004359 -0.007922
5.900000 0.004576 -0.007793
5.910000 0.004786 -0.007657
5.920000 0.004991 -0.007516
5.930000 0.005190 -0.007368
5.940000 0.005382 -0.007215
5.950000 0.005569 -0.007057
5.960000 0.005748 -0.006893
5.970000 0.005922 -0.006724
5.980000 0.006088 -0.006551
5.990000 0.006247 -0.006373
6.000000 0.006400 -0.006191
6.010000 0.006546 -0.006005
6.020000 0.006684 -0.005815
6.030000 0.006815 -0.005622
6.040000 0.006939 -0.005425
6.050000 0.007056 -0.005226
6.060000 0.007166 -0.005024
6.070000 0.007268 -0.004819
6.080000 0.007363 -0.004612
6.090000 0.007450 -0.004403
6.100000 0.007531 -0.004192
6.110000 0.007604 -0.003979
6.120000 0.007669 -0.003765
6.130000 0.007728 -0.003550
6.140000 0.007779 -0.003334
6.150000 0.007824 -0.003118
6.160000 0.007861 -0.002900
6.170000 0.007891 -0.002683
6.180000 0.007915 -0.002465
6.190000 0.007931 -0.002248
6.200000 0.007941 -0.002030
6.210000 0.007944 -0.001814
6.220000 0.007941 -0.001597
6.230000 0.007931 -0.001382
6.240000 0.007915 -0.001168
6.250000 0.007892 -0.000954
6.260000 0.007864 -0.000742
6.270000 0.007830 -0.000532
6.280000 0.007789 -0.000323
6.290000 0.007743 -0.000116
6.300000 0.007692 0.000090
6.310000 0.007635 0.000293
6.320000 0.007573 0.000494
6.330000 0.007506 0.000693
6.340000 0.007433 0.000890
6.350000 0.007356 0.001084
6.360000 0.007274 0.001275
6.370000 0.007188 0.001464
6.380000 0.007097 0.001651
6.390000 0.007002 0.001834
6.400000 0.006903 0.002014
6.410000 0.006800 0.002192
6.420000 0.006694 0.002366
6.430000 0.006583 0.002537
6.440000 0.006469 0.002705
6.450000 0.006352 0.002870
6.460000 0.006232 0.003032
6.470000 0.006109 0.003190
6.480000 0.005983 0.003345
6.490000 0.005854 0.003496
6.500000 0.005722 0.003644
6.510000 0.005589 0.003789
6.520000 0.005453 0.003930
6.530000 0.005314 0.004067
6.540000 0.005174 0.004201
6.550000 0.005032 0.004331
6.560000 0.004889 0.004458
6.570000 0.004743 0.004581
6.580000 0.004597 0.004701
6.590000 0.004449 0.004817
6.600000 0.004300 0.004929
6.610000 0.004149 0.005038
6.620000 0.003998 0.005144
6.630000 0.003846 0.005246
6.640000 0.003694 0.005344
6.650000 0.003541 0.005439
6.660000 0.003387 0.005530
6.670000 0.003233 0.005618
6.680000 0.003079 0.005703
6.690000 0.002925 0.005784
6.700000 0.002771 0.005862
6.710000 0.002616 0.005936
6.720000 0.002462 0.006007
6.730000 0.002309 0.006075
6.740000 0.002155 0.006139
6.750000 0.002002 0.006201
6.760000 0.001850 0.006259
6.770000 0.001698 0.006314
6.780000 0.001547 0.006366
6.790000 0.001397 0.006415
6.800000 0.001247 0.006460
6.810000 0.001099 0.006503
6.820000 0.000951 0.006543
6.830000 0.000804 0.006580
6.840000 0.000659 0.006615
6.850000 0.000515 0.006646
6.860000 0.000371 0.006675
6.870000 0.000230 0.006701
6.880000 0.000089 0.006724
6.890000 -0.000050 0.006745
6.900000 -0.000188 0.006763
6.910000 -0.000324 0.006779
6.920000 -0.000459 0.006792
6.930000 -0.000592 0.006803
6.940000 -0.000723 0.006812
6.950000 -0.000853 0.006818
6.960000 -0.000982 0.006822
6.970000 -0.001108 0.006823
6.980000 -0.001233 0.006823
6.990000 -0.001356 0.006820
7.000000 -0.001478 0.006815
7.010000 -0.001597 0.006808
7.020000 -0.001715 0.006800
7.030000 -0.001831 0.006789
7.040000 -0.001945 0.006776
7.050000 -0.002058 0.006762
7.060000 -0.002168 0.006745
7.070000 -0.002276 0.006727
7.080000 -0.002383 0.006707
7.090000 -0.002487 0.006685
7.100000 -0.002590 0.006662
7.110000 -0.002691 0.006637
7.120000 -0.002790 0.006611
7.130000 -0.002887 0.006583
7.140000 -0.002981 0.006553
7.150000 -0.003074 0.006522
7.160000 -0.003165 0.006490
7.170000 -0.003254 0.006456
7.180000 -0.003341 0.006421
7.190000 -0.003426 0.006385
7.200000 -0.003510 0.006347
7.210000 -0.003591 0.006308
7.220000 -0.003670 0.006268
7.230000 -0.003747 0.006226
7.240000 -0.003822 0.006184
7.250000 -0.003896 0.006140
7.260000 -0.003967 0.006095
7.270000 -0.004037 0.006050
7.280000 -0.004104 0.006003
7.290000 -0.004170 0.005955
7.300000 -0.004234 0.005906
7.310000 -0.004295 0.005857
7.320000 -0.004355 0.005806
7.330000 -0.004413 0.005755
7.340000 -0.004470 0.005703
7.350000 -0.004524 0.005650
7.360000 -0.004576 0.005596
7.370000 -0.004627 0.005541
7.380000 -0.004676 0.005486
7.390000 -0.004723 0.005430
7.400000 -0.004768 0.005373
7.410000 -0.004812 0.005316
7.420000 -0.004853 0.005257
7.430000 -0.004893 0.005199
7.440000 -0.004931 0.005140
7.450000 -0.004967 0.005080
7.460000 -0.005002 0.005019
7.470000 -0.005035 0.004959
7.480000 -0.005066 0.004897
7.490000 -0.005095 0.004835
7.500000 -0.005123 0.004773
7.510000 -0.005149 0.004710
7.520000 -0.005174 0.004647
7.530000 -0.005197 0.004584
7.540000 -0.005218 0.004520
7.550000 -0.005237 0.004456
7.560000 -0.005255 0.004391
7.570000 -0.005272 0.004327
7.580000 -0.005287 0.004262
7.590000 -0.005300 0.004196
7.600000 -0.005312 0.004131
7.610000 -0.005322 0.004065
7.620000 -0.005330 0.003999
7.630000 -0.005338 0.003933
7.640000 -0.005343 0.003867
7.650000 -0.005347 0.003800
7.660000 -0.005350 0.003734
7.670000 -0.005351 0.003667
7.680000 -0.005351 0.003600
7.690000 -0.005350 0.003534
7.700000 -0.005347 0.003467
7.710000 -0.005342 0.003400
7.720000 -0.005337 0.003334
7.730000 -0.005329 0.003267
7.740000 -0.005321 0.003200
7.750000 -0.005311 0.003134
7.760000 -0.005300 0.003067
7.770000 -0.005288 0.003001
7.780000 -0.005274 0.002935
7.790000 -0.005259 0.002869
7.800000 -0.005243 0.002803
7.810000 -0.005226 0.002737
7.820000 -0.005207 0.002672
7.830000 -0.005187 0.002607
7.840000 -0.005166 0.002542
7.850000 -0.005144 0.002477
7.860000 -0.005121 0.002413
7.870000 -0.005096 0.002349
7.880000 -0.005071 0.002285
7.890000 -0.005044 0.002221
7.900000 -0.005016 0.002159
7.910000 -0.004988 0.002096
7.920000 -0.004958 0.002034
7.930000 -0.004927 0.001972
7.940000 -0.004895 0.001911
7.950000 -0.004863 0.001850
7.960000 -0.004829 0.001790
7.970000 -0.004794 0.001730
7.980000 -0.004758 0.001671
7.990000 -0.004722 0.001612
8.000000 -0.004685 0.001554
8.010000 -0.004646 0.001496
8.020000 -0.004607 0.001439
8.030000 -0.004568 0.001383
8.040000 -0.004527 0.001327
8.050000 -0.004485 0.001272
8.060000 -0.004443 0.001218
8.070000 -0.004400 0.001164
8.080000 -0.004357 0.001111
8.090000 -0.004313 0.001059
8.100000 -0.004268 0.001007
8.110000 -0.004222 0.000956
8.120000 -0.004176 0.000906
8.130000 -0.004129 0.000857
8.140000 -0.004082 0.000809
8.150000 -0.004034 0.000761
8.160000 -0.003986 0.000714
8.170000 -0.003937 0.000668
8.180000 -0.003888 0.000623
8.190000 -0.003838 0.000578
8.200000 -0.003788 0.000535
8.210000 -0.003738 0.000492
8.220000 -0.003687 0.000450
8.230000 -0.003636 0.000410
8.240000 -0.003585 0.000370
8.250000 -0.003533 0.000330
8.260000 -0.003481 0.000292
8.270000 -0.003429 0.000255
8.280000 -0.003377 0.000219
8.290000 -0.003324 0.000183
8.300000 -0.003271 0.000149
8.310000 -0.003219 0.000115
8.320000 -0.003166 0.000083
8.330000 -0.003113 0.000051
8.340000 -0.003060 0.000020
8.350000 -0.003007 -0.000010
8.360000 -0.002954 -0.000038
8.370000 -0.002901 -0.000066
8.380000 -0.002848 -0.000093
8.390000 -0.002795 -0.000119
8.400000 -0.002743 -0.000144
8.410000 -0.002690 -0.000168
8.420000 -0.002638 -0.000192
8.430000 -0.002586 -0.000214
8.440000 -0.002534 -0.000235
8.450000 -0.002482 -0.000255
8.460000 -0.002431 -0.000275
8.470000 -0.002380 -0.000293
8.480000 -0.002329 -0.000311
8.490000 -0.002278 -0.000328
8.500000 -0.002228 -0.000343
8.510000 -0.002178 -0.000358
8.520000 -0.002129 -0.000372
8.530000 -0.002080 -0.000385
8.540000 -0.002031 -0.000398
8.550000 -0.001983 -0.000409
8.560000 -0.001936 -0.000420
8.570000 -0.001889 -0.000429
8.580000 -0.001842 -0.000438
8.590000 -0.001796 -0.000447
8.600000 -0.001750 -0.000454
8.610000 -0.001706 -0.000460
8.620000 -0.001661 -0.000466
8.630000 -0.001618 -0.000471
8.640000 -0.001574 -0.000476
8.650000 -0.001532 -0.000479
8.660000 -0.001490 -0.000482
8.670000 -0.001449 -0.000484
8.680000 -0.001409 -0.000486
8.690000 -0.001369 -0.000487
8.700000 -0.001330 -0.000487
8.710000 -0.001292 -0.000487
8.720000 -0.001254 -0.000486
8.730000 -0.001218 -0.000484
8.740000 -0.001182 -0.000482
8.750000 -0.001146 -0.000480
8.760000 -0.001112 -0.000476
8.770000 -0.001078 -0.000473
8.780000 -0.001045 -0.000469
8.790000 -0.001013 -0.000464
8.800000 -0.000982 -0.000459
8.810000 -0.000951 -0.000454
8.820000 -0.000922 -0.000448
8.830000 -0.000893 -0.000442
8.840000 -0.000865 -0.000435
8.850000 -0.000838 -0.000429
8.860000 -0.000811 -0.000421
8.870000 -0.000786 -0.000414
8.880000 -0.000761 -0.000406
8.890000 -0.000737 -0.000399
8.900000 -0.000714 -0.000390
8.910000 -0.000692 -0.000382
8.920000 -0.000671 -0.000374
8.930000 -0.000650 -0.000365
8.940000 -0.000630 -0.000356
8.950000 -0.000611 -0.000348
8.960000 -0.000593 -0.000339
8.970000 -0.000576 -0.000330
8.980000 -0.000560 -0.000321
8.990000 -0.000544 -0.000312
9.000000 -0.000529 -0.000303
9.010000 -0.000515 -0.000294
9.020000 -0.000501 -0.000285
9.030000 -0.000489 -0.000276
9.040000 -0.000477 -0.000267
9.050000 -0.000465 -0.000259
9.060000 -0.000455 -0.000250
9.070000 -0.000445 -0.000242
9.080000 -0.000436 -0.000234
9.090000 -0.000428 -0.000226
9.100000 -0.000420 -0.000218
9.110000 -0.000413 -0.000211
9.120000 -0.000406 -0.000203
9.130000 -0.000400 -0.000196
9.140000 -0.000395 -0.000190
9.150000 -0.000390 -0.000183
9.160000 -0.000386 -0.000177
9.170000 -0.000383 -0.000171
9.180000 -0.000379 -0.000166
9.190000 -0.000377 -0.000161
9.200000 -0.000375 -0.000156
9.210000 -0.000373 -0.000152
9.220000 -0.000372 -0.000148
9.230000 -0.000371 -0.000144
9.240000 -0.000371 -0.000141
9.250000 -0.000371 -0.000138
9.260000 -0.000371 -0.000136
9.270000 -0.000372 -0.000134
9.280000 -0.000373 -0.000133
9.290000 -0.000374 -0.000132
9.300000 -0.000376 -0.000131
9.310000 -0.000377 -0.000131
9.320000 -0.000379 -0.000131
9.330000 -0.000382 -0.000132
9.340000 -0.000384 -0.000134
9.350000 -0.000386 -0.000135
9.360000 -0.000389 -0.000138
9.370000 -0.000392 -0.000141
9.380000 -0.000395 -0.000144
9.390000 -0.000398 -0.000148
9.400000 -0.000401 -0.000152
9.410000 -0.000404 -0.000157
9.420000 -0.000407 -0.000162
9.430000 -0.000409 -0.000167
9.440000 -0.000412 -0.000173
9.450000 -0.000415 -0.000180
9.460000 -0.000418 -0.000187
9.470000 -0.000421 -0.000194
9.480000 -0.000423 -0.000202
9.490000 -0.000425 -0.000211
9.500000 -0.000428 -0.000219
9.510000 -0.000429 -0.000228
9.520000 -0.000431 -0.000238
9.530000 -0.000433 -0.000248
9.540000 -0.000434 -0.000258
9.550000 -0.000435 -0.000269
9.560000 -0.000436 -0.000280
9.570000 -0.000436 -0.000291
9.580000 -0.000437 -0.000303
9.590000 -0.000436 -0.000315
9.600000 -0.000436 -0.000327
9.610000 -0.000435 -0.000339
9.620000 -0.000434 -0.000352
9.630000 -0.000432 -0.000365
9.640000 -0.000430 -0.000378
9.650000 -0.000428 -0.000392
9.660000 -0.000425 -0.000406
9.670000 -0.000422 -0.000419
9.680000 -0.000419 -0.000433
9.690000 -0.000415 -0.000448
9.700000 -0.000410 -0.000462
9.710000 -0.000406 -0.000476
9.720000 -0.000400 -0.000491
9.730000 -0.000395 -0.000505
9.740000 -0.000388 -0.000520
9.750000 -0.000382 -0.000534
9.760000 -0.000375 -0.000549
9.770000 -0.000367 -0.000563
9.780000 -0.000359 -0.000578
9.790000 -0.000351 -0.000592
9.800000 -0.000342 -0.000607
9.810000 -0.000333 -0.000621
9.820000 -0.000323 -0.000635
9.830000 -0.000313 -0.000649
9.840000 -0.000303 -0.000663
9.850000 -0.000292 -0.000677
9.860000 -0.000280 -0.000691
9.870000 -0.000269 -0.000704
9.880000 -0.000256 -0.000717
9.890000 -0.000244 -0.000730
9.900000 -0.000231 -0.000743
9.910000 -0.000218 -0.000756
9.920000 -0.000204 -0.000768
9.930000 -0.000190 -0.000780
9.940000 -0.000176 -0.000791
9.950000 -0.000161 -0.000803
9.960000 -0.000146 -0.000814
9.970000 -0.000131 -0.000824
9.980000 -0.000115 -0.000834
9.990000 -0.000099 -0.000844
10.000000 -0.000083 -0.000854
10.010000 -0.000067 -0.000863
10.020000 -0.000050 -0.000872
10.030000 -0.000033 -0.000880
10.040000 -0.000016 -0.000888
10.050000 0.000001 -0.000895
10.060000 0.000018 -0.000902
10.070000 0.000036 -0.000909
10.080000 0.000054 -0.000915
10.090000 0.000071 -0.000921
10.100000 0.000089 -0.000926
10.110000 0.000107 -0.000931
10.120000 0.000125 -0.000935
10.130000 0.000143 -0.000939
10.140000 0.000161 -0.000942
10.150000 0.000179 -0.000945
10.160000 0.000198 -0.000947
10.170000 0.000216 -0.000949
10.180000 0.000234 -0.000951
10.190000 0.000252 -0.000951
10.200000 0.000270 -0.000952
10.210000 0.000287 -0.000952
10.220000 0.000305 -0.000951
10.230000 0.000323 -0.000950
10.240000 0.000340 -0.000949
10.250000 0.000358 -0.000947
10.260000 0.000375 -0.000945
10.270000 0.000392 -0.000942
10.280000 0.000409 -0.000938
10.290000 0.000425 -0.000935
10.300000 0.000442 -0.000931
10.310000 0.000458 -0.000926
10.320000 0.000474 -0.000921
10.330000 0.000490 -0.000915
10.340000 0.000505 -0.000910
10.350000 0.000520 -0.000903
10.360000 0.000535 -0.000897
10.370000 0.000550 -0.000890
10.380000 0.000564 -0.000882
10.390000 0.000578 -0.000875
10.400000 0.000591 -0.000866
10.410000 0.000604 -0.000858
10.420000 0.000617 -0.000849
10.430000 0.000630 -0.000840
10.440000 0.000642 -0.000831
10.450000 0.000654 -0.000821
10.460000 0.000665 -0.000811
10.470000 0.000676 -0.000801
10.480000 0.000687 -0.000790
10.490000 0.000697 -0.000779
10.500000 0.000707 -0.000768
10.510000 0.000716 -0.000757
10.520000 0.000725 -0.000745
10.530000 0.000734 -0.000734
10.540000 0.000742 -0.000722
10.550000 0.000750 -0.000710
10.560000 0.000757 -0.000698
10.570000 0.000764 -0.000685
10.580000 0.000770 -0.000673
10.590000 0.000776 -0.000660
10.600000 0.000782 -0.000647
10.610000 0.000787 -0.000634
10.620000 0.000792 -0.000621
10.630000 0.000797 -0.000608
10.640000 0.000801 -0.000595
10.650000 0.000804 -0.000582
10.660000 0.000807 -0.000569
10.670000 0.000810 -0.000556
10.680000 0.000813 -0.000542
10.690000 0.000815 -0.000529
10.700000 0.000816 -0.000516
10.710000 0.000817 -0.000502
10.720000 0.000818 -0.000489
10.730000 0.000819 -0.000476
10.740000 0.000819 -0.000462
10.750000 0.000818 -0.000449
10.760000 0.000818 -0.000436
10.770000 0.000817 -0.000423
10.780000 0.000815 -0.000410
10.790000 0.000814 -0.000397
10.800000 0.000812 -0.000384
10.810000 0.000809 -0.000371
10.820000 0.000806 -0.000359
10.830000 0.000803 -0.000346
10.840000 0.000800 -0.000334
10.850000 0.000796 -0.000321
10.860000 0.000792 -0.000309
10.870000 0.000788 -0.000297
10.880000 0.000784 -0.000285
10.890000 0.000779 -0.000274
10.900000 0.000774 -0.000262
10.910000 0.000769 -0.000251
10.920000 0.000763 -0.000239
10.930000 0.000757 -0.000228
10.940000 0.000751 -0.000217
10.950000 0.000745 -0.000206
10.960000 0.000739 -0.000196
10.970000 0.000732 -0.000185
10.980000 0.000725 -0.000175
10.990000 0.000718 -0.000165
11.000000 0.000711 -0.000155
11.010000 0.000704 -0.000146
11.020000 0.000696 -0.000136
11.030000 0.000689 -0.000127
11.040000 0.000681 -0.000118
11.050000 0.000673 -0.000109
11.060000 0.000665 -0.000100
11.070000 0.000656 -0.000092
11.080000 0.000648 -0.000084
11.090000 0.000640 -0.000076
11.100000 0.000631 -0.000068
11.110000 0.000623 -0.000060
11.120000 0.000614 -0.000053
11.130000 0.000605 -0.000046
11.140000 0.000596 -0.000039
11.150000 0.000587 -0.000032
11.160000 0.000578 -0.000025
11.170000 0.000569 -0.000019
11.180000 0.000560 -0.000013
11.190000 0.000551 -0.000007
11.200000 0.000542 -0.000001
11.210000 0.000533 0.000004
11.220000 0.000524 0.000010
11.230000 0.000515 0.000015
11.240000 0.000505 0.000020
11.250000 0.000496 0.000025
11.260000 0.000487 0.000029
11.270000 0.000478 0.000033
11.280000 0.000469 0.000038
11.290000 0.000460 0.000042
11.300000 0.000450 0.000045
11.310000 0.000441 0.000049
11.320000 0.000432 0.000052
11.330000 0.000423 0.000056
11.340000 0.000414 0.000059
11.350000 0.000406 0.000062
11.360000 0.000397 0.000064
11.370000 0.000388 0.000067
11.380000 0.000379 0.000069
11.390000 0.000371 0.000071
11.400000 0.000362 0.000073
11.410000 0.000353 0.000075
11.420000 0.000345 0.000077
11.430000 0.000337 0.000079
11.440000 0.000328 0.000080
11.450000 0.000320 0.000081
11.460000 0.000312 0.000082
11.470000 0.000304 0.000083
11.480000 0.000296 0.000084
11.490000 0.000288 0.000085
11.500000 0.000281 0.000085
11.510000 0.000273 0.000086
11.520000 0.000266 0.000086
11.530000 0.000258 0.000086
11.540000 0.000251 0.000086
11.550000 0.000244 0.000086
11.560000 0.000237 0.000086
11.570000 0.000230 0.000086
11.580000 0.000223 0.000086
11.590000 0.000216 0.000085
11.600000 0.000209 0.000085
11.610000 0.000203 0.000084
11.620000 0.000197 0.000083
11.630000 0.000190 0.000082
11.640000 0.000184 0.000081
11.650000 0.000178 0.000080
11.660000 0.000172 0.000079
11.670000 0.000167 0.000078
11.680000 0.000161 0.000076
11.690000 0.000155 0.000075
11.700000 0.000150 0.000074
11.710000 0.000145 0.000072
11.720000 0.000140 0.000070
11.730000 0.000135 0.000069
11.740000 0.000130 0.000067
11.750000 0.000125 0.000065
11.760000 0.000120 0.000063
11.770000 0.000116 0.000062
11.780000 0.000112 0.000060
11.790000 0.000107 0.000058
11.800000 0.000103 0.000056
11.810000 0.000099 0.000053
11.820000 0.000095 0.000051
11.830000 0.000092 0.000049
11.840000 0.000088 0.000047
11.850000 0.000085 0.000045
11.860000 0.000081 0.000043
11.870000 0.000078 0.000040
11.880000 0.000075 0.000038
11.890000 0.000072 0.000036
11.900000 0.000069 0.000033
11.910000 0.000066 0.000031
11.920000 0.000064 0.000029
11.930000 0.000061 0.000026
11.940000 0.000059 0.000024
11.950000 0.000057 0.000021
11.960000 0.000054 0.000019
11.970000 0.000052 0.000017
11.980000 0.000051 0.000014
11.990000 0.000049 0.000012
12.000000 0.000047 0.000009
12.010000 0.000046 0.000007
12.020000 0.000044 0.000005
12.030000 0.000043 0.000002
12.040000 0.000041 0.000000
12.050000 0.000040 -0.000002
12.060000 0.000039 -0.000005
12.070000 0.000038 -0.000007
12.080000 0.000038 -0.000009
12.090000 0.000037 -0.000011
12.100000 0.000036 -0.000013
12.110000 0.000036 -0.000016
12.120000 0.000035 -0.000018
12.130000 0.000035 -0.000020
12.140000 0.000035 -0.000022
12.150000 0.000035 -0.000024
12.160000 0.000035 -0.000026
12.170000 0.000035 -0.000028
12.180000 0.000035 -0.000030
12.190000 0.000035 -0.000032
12.200000 0.000035 -0.000033
12.210000 0.000036 -0.000035
12.220000 0.000036 -0.000037
12.230000 0.000037 -0.000038
12.240000 0.000037 -0.000040
12.250000 0.000038 -0.000042
12.260000 0.000039 -0.000043
12.270000 0.000039 -0.000044
12.280000 0.000040 -0.000046
12.290000 0.000041 -0.000047
12.300000 0.000042 -0.000048
12.310000 0.000043 -0.000050
12.320000 0.000044 -0.000051
12.330000 0.000045 -0.000052
12.340000 0.000046 -0.000053
12.350000 0.000048 -0.000054
12.360000 0.000049 -0.000054
12.370000 0.000050 -0.000055
12.380000 0.000052 -0.000056
12.390000 0.000053 -0.000057
12.400000 0.000055 -0.000057
12.410000 0.000056 -0.000058
12.420000 0.000058 -0.000058
12.430000 0.000059 -0.000058
12.440000 0.000061 -0.000059
12.450000 0.000062 -0.000059
12.460000 0.000064 -0.000059
12.470000 0.000065 -0.000059
12.480000 0.000067 -0.000059
12.490000 0.000069 -0.000059
12.500000 0.000070 -0.000059
12.510000 0.000072 -0.000058
12.520000 0.000074 -0.000058
12.530000 0.000075 -0.000058
12.540000 0.000077 -0.000057
12.550000 0.000079 -0.000057
12.560000 0.000080 -0.000056
12.570000 0.000082 -0.000055
12.580000 0.000084 -0.000055
12.590000 0.000085 -0.000054
12.600000 0.000087 -0.000053
12.610000 0.000089 -0.000052
12.620000 0.000090 -0.000051
12.630000 0.000092 -0.000050
12.640000 0.000093 -0.000048
12.650000 0.000095 -0.000047
12.660000 0.000097 -0.000046
12.670000 0.000098 -0.000045
12.680000 0.000100 -0.000043
12.690000 0.000101 -0.000042
12.700000 0.000102 -0.000040
12.710000 0.000104 -0.000038
12.720000 0.000105 -0.000037
12.730000 0.000106 -0.000035
12.740000 0.000108 -0.000033
12.750000 0.000109 -0.000031
12.760000 0.000110 -0.000029
12.770000 0.000111 -0.000027
12.780000 0.000112 -0.000025
12.790000 0.000113 -0.000023
12.800000 0.000114 -0.000021
12.810000 0.000115 -0.000019
12.820000 0.000116 -0.000017
12.830000 0.000116 -0.000015
12.840000 0.000117 -0.000012
12.850000 0.000118 -0.000010
12.860000 0.000118 -0.000008
12.870000 0.000119 -0.000005
12.880000 0.000119 -0.000003
12.890000 0.000120 -0.000000
12.900000 0.000120 0.000002
12.910000 0.000121 0.000005
12.920000 0.000121 0.000007
12.930000 0.000121 0.000010
12.940000 0.000121 0.000012
12.950000 0.000121 0.000015
12.960000 0.000121 0.000017
12.970000 0.000121 0.000020
12.980000 0.000121 0.000023
12.990000 0.000121 0.000025
13.000000 0.000120 0.000028
13.010000 0.000120 0.000030
13.020000 0.000119 0.000033
13.030000 0.000119 0.000036
13.040000 0.000118 0.000038
13.050000 0.000118 0.000041
13.060000 0.000117 0.000043
13.070000 0.000116 0.000046
13.080000 0.000115 0.000049
13.090000 0.000114 0.000051
13.100000 0.000113 0.000054
13.110000 0.000112 0.000056
13.120000 0.000111 0.000059
13.130000 0.000110 0.000061
13.140000 0.000109 0.000064
13.150000 0.000107 0.000066
13.160000 0.000106 0.000068
13.170000 0.000105 0.000071
13.180000 0.000103 0.000073
13.190000 0.000102 0.000075
13.200000 0.000100 0.000078
13.210000 0.000098 0.000080
13.220000 0.000097 0.000082
13.230000 0.000095 0.000084
13.240000 0.000093 0.000086
13.250000 0.000091 0.000088
13.260000 0.000089 0.000090
13.270000 0.000087 0.000092
13.280000 0.000085 0.000094
13.290000 0.000083 0.000096
13.300000 0.000081 0.000097
13.310000 0.000079 0.000099
13.320000 0.000077 0.000101
13.330000 0.000074 0.000102
13.340000 0.000072 0.000104
13.350000 0.000070 0.000105
13.360000 0.000067 0.000107
13.370000 0.000065 0.000108
13.380000 0.000063 0.000109
13.390000 0.000060 0.000111
13.400000 0.000058 0.000112
13.410000 0.000055 0.000113
13.420000 0.000053 0.000114
13.430000 0.000050 0.000115
13.440000 0.000048 0.000116
13.450000 0.000045 0.000116
13.460000 0.000042 0.000117
13.470000 0.000040 0.000118
13.480000 0.000037 0.000118
13.490000 0.000035 0.000119
13.500000 0.000032 0.000119
13.510000 0.000029 0.000120
13.520000 0.000027 0.000120
13.530000 0.000024 0.000120
13.540000 0.000021 0.000120
13.550000 0.000019 0.000120
13.560000 0.000016 0.000120
13.570000 0.000014 0.000120
13.580000 0.000011 0.000120
13.590000 0.000008 0.000120
13.600000 0.000006 0.000120
13.610000 0.000003 0.000119
13.620000 0.000001 0.000119
13.630000 -0.000002 0.000119
13.640000 -0.000004 0.000118
13.650000 -0.000007 0.000117
13.660000 -0.000009 0.000117
13.670000 -0.000012 0.000116
13.680000 -0.000014 0.000115
13.690000 -0.000016 0.000114
13.700000 -0.000019 0.000113
13.710000 -0.000021 0.000112
13.720000 -0.000023 0.000111
13.730000 -0.000026 0.000110
13.740000 -0.000028 0.000109
13.750000 -0.000030 0.000108
13.760000 -0.000032 0.000106
13.770000 -0.000034 0.000105
13.780000 -0.000036 0.000104
13.790000 -0.000038 0.000102
13.800000 -0.000040 0.000101
13.810000 -0.000042 0.000099
13.820000 -0.000044 0.000097
13.830000 -0.000045 0.000096
13.840000 -0.000047 0.000094
13.850000 -0.000049 0.000092
13.860000 -0.000051 0.000091
13.870000 -0.000052 0.000089
13.880000 -0.000054 0.000087
13.890000 -0.000055 0.000085
13.900000 -0.000056 0.000083
13.910000 -0.000058 0.000081
13.920000 -0.000059 0.000079
13.930000 -0.000060 0.000077
13.940000 -0.000061 0.000075
13.950000 -0.000063 0.000073
13.960000 -0.000064 0.000071
13.970000 -0.000065 0.000068
13.980000 -0.000066 0.000066
13.990000 -0.000066 0.000064
14.000000 -0.000067 0.000062
14.010000 -0.000068 0.000060
14.020000 -0.000069 0.000057
14.030000 -0.000069 0.000055
14.040000 -0.000070 0.000053
14.050000 -0.000070 0.000051
14.060000 -0.000071 0.000048
14.070000 -0.000071 0.000046
14.080000 -0.000071 0.000044
14.090000 -0.000072 0.000042
14.100000 -0.000072 0.000039
14.110000 -0.000072 0.000037
14.120000 -0.000072 0.000035
14.130000 -0.000072 0.000032
14.140000 -0.000072 0.000030
14.150000 -0.000072 0.000028
14.160000 -0.000071 0.000026
14.170000 -0.000071 0.000023
14.180000 -0.000071 0.000021
14.190000 -0.000071 0.000019
14.200000 -0.000070 0.000017
14.210000 -0.000070 0.000015
14.220000 -0.000069 0.000013
14.230000 -0.000069 0.000010
14.240000 -0.000068 0.000008
14.250000 -0.000067 0.000006
14.260000 -0.000066 0.000004
14.270000 -0.000066 0.000002
14.280000 -0.000065 0.000000
14.290000 -0.000064 -0.000002
14.300000 -0.000063 -0.000004
14.310000 -0.000062 -0.000006
14.320000 -0.000061 -0.000007
14.330000 -0.000060 -0.000009
14.340000 -0.000059 -0.000011
14.350000 -0.000058 -0.000013
14.360000 -0.000057 -0.000014
14.370000 -0.000055 -0.000016
14.380000 -0.000054 -0.000018
14.390000 -0.000053 -0.000019
14.400000 -0.000052 -0.000021
14.410000 -0.000050 -0.000022
14.420000 -0.000049 -0.000024
14.430000 -0.000047 -0.000025
14.440000 -0.000046 -0.000026
14.450000 -0.000045 -0.000028
14.460000 -0.000043 -0.000029
14.470000 -0.000042 -0.000030
14.480000 -0.000040 -0.000031
14.490000 -0.000038 -0.000033
14.500000 -0.000037 -0.000034
14.510000 -0.000035 -0.000035
14.520000 -0.000034 -0.000036
14.530000 -0.000032 -0.000036
14.540000 -0.000031 -0.000037
14.550000 -0.000029 -0.000038
14.560000 -0.000027 -0.000039
14.570000 -0.000026 -0.000040
14.580000 -0.000024 -0.000040
14.590000 -0.000022 -0.000041
14.600000 -0.000021 -0.000041
14.610000 -0.000019 -0.000042
14.620000 -0.000018 -0.000042
14.630000 -0.000016 -0.000043
14.640000 -0.000014 -0.000043
14.650000 -0.000013 -0.000043
14.660000 -0.000011 -0.000044
14.670000 -0.000009 -0.000044
14.680000 -0.000008 -0.000044
14.690000 -0.000006 -0.000044
14.700000 -0.000005 -0.000044
14.710000 -0.000003 -0.000044
14.720000 -0.000002 -0.000044
14.730000 -0.000000 -0.000044
14.740000 0.000002 -0.000044
14.750000 0.000003 -0.000044
14.760000 0.000004 -0.000044
14.770000 0.000006 -0.000044
14.780000 0.000007 -0.000043
14.790000 0.000009 -0.000043
14.800000 0.000010 -0.000043
14.810000 0.000011 -0.000042
14.820000 0.000013 -0.000042
14.830000 0.000014 -0.000041
14.840000 0.000015 -0.000041
14.850000 0.000017 -0.000040
14.860000 0.000018 -0.000040
14.870000 0.000019 -0.000039
14.880000 0.000020 -0.000038
14.890000 0.000021 -0.000038
14.900000 0.000022 -0.000037
14.910000 0.000023 -0.000036
14.920000 0.000024 -0.000036
14.930000 0.000025 -0.000035
14.940000 0.000026 -0.000034
14.950000 0.000027 -0.000033
14.960000 0.000028 -0.000032
14.970000 0.000029 -0.000032
14.980000 0.000030 -0.000031
14.990000 0.000030 -0.000030
15.000000 0.000031 -0.000029
15.010000 0.000032 -0.000028
15.020000 0.000032 -0.000027
15.030000 0.000033 -0.000026
15.040000 0.000034 -0.000025
15.050000 0.000034 -0.000024
15.060000 0.000035 -0.000023
15.070000 0.000035 -0.000022
15.080000 0.000035 -0.000021
15.090000 0.000036 -0.000020
15.100000 0.000036 -0.000019
15.110000 0.000036 -0.000018
15.120000 0.000037 -0.000017
15.130000 0.000037 -0.000016
15.140000 0.000037 -0.000015
15.150000 0.000037 -0.000014
15.160000 0.000037 -0.000013
15.170000 0.000037 -0.000012
15.180000 0.000037 -0.000011
15.190000 0.000037 -0.000010
15.200000 0.000037 -0.000009
15.210000 0.000037 -0.000008
15.220000 0.000037 -0.000007
15.230000 0.000037 -0.000006
15.240000 0.000037 -0.000005
15.250000 0.000037 -0.000004
15.260000 0.000037 -0.000003
15.270000 0.000036 -0.000002
15.280000 0.000036 -0.000001
15.290000 0.000036 -0.000000
15.300000 0.000035 0.000001
15.310000 0.000035 0.000002
15.320000 0.000035 0.000002
15.330000 0.000034 0.000003
15.340000 0.000034 0.000004
15.350000 0.000033 0.000005
15.360000 0.000033 0.000006
15.370000 0.000032 0.000006
15.380000 0.000032 0.000007
15.390000 0.000031 0.000008
15.400000 0.000031 0.000009
15.410000 0.000030 0.000009
15.420000 0.000029 0.000010
15.430000 0.000029 0.000011
15.440000 0.000028 0.000011
15.450000 0.000027 0.000012
15.460000 0.000027 0.000012
15.470000 0.000026 0.000013
15.480000 0.000025 0.000013
15.490000 0.000025 0.000014
15.500000 0.000024 0.000014
15.510000 0.000023 0.000015
15.520000 0.000022 0.000015
15.530000 0.000022 0.000016
15.540000 0.000021 0.000016
15.550000 0.000020 0.000016
15.560000 0.000019 0.000017
15.570000 0.000019 0.000017
15.580000 0.000018 0.000017
15.590000 0.000017 0.000017
15.600000 0.000016 0.000018
15.610000 0.000015 0.000018
15.620000 0.000015 0.000018
15.630000 0.000014 0.000018
15.640000 0.000013 0.000018
15.650000 0.000012 0.000018
15.660000 0.000011 0.000018
15.670000 0.000011 0.000018
15.680000 0.000010 0.000018
15.690000 0.000009 0.000018
15.700000 0.000008 0.000018
15.710000 0.000008 0.000018
15.720000 0.000007 0.000018
15.730000 0.000006 0.000018
15.740000 0.000005 0.000018
15.750000 0.000005 0.000018
15.760000 0.000004 0.000018
15.770000 0.000003 0.000018
15.780000 0.000003 0.000018
15.790000 0.000002 0.000017
15.800000 0.000001 0.000017
15.810000 0.000001 0.000017
15.820000 0.000000 0.000017
15.830000 -0.000001 0.000016
15.840000 -0.000001 0.000016
15.850000 -0.000002 0.000016
15.860000 -0.000002 0.000016
15.870000 -0.000003 0.000015
15.880000 -0.000004 0.000015
15.890000 -0.000004 0.000014
15.900000 -0.000005 0.000014
15.910000 -0.000005 0.000014
15.920000 -0.000006 0.000013
15.930000 -0.000006 0.000013
15.940000 -0.000007 0.000013
15.950000 -0.000007 0.000012
15.960000 -0.000007 0.000012
15.970000 -0.000008 0.000011
15.980000 -0.000008 0.000011
15.990000 -0.000009 0.000010
16.000000 -0.000009 0.000010
16.010000 -0.000009 0.000009
16.020000 -0.000010 0.000009
16.030000 -0.000010 0.000008
16.040000 -0.000010 0.000008
16.050000 -0.000010 0.000008
16.060000 -0.000011 0.000007
16.070000 -0.000011 0.000007
16.080000 -0.000011 0.000006
16.090000 -0.000011 0.000006
16.100000 -0.000011 0.000005
16.110000 -0.000012 0.000005
16.120000 -0.000012 0.000004
16.130000 -0.000012 0.000004
16.140000 -0.000012 0.000003
16.150000 -0.000012 0.000003
16.160000 -0.000012 0.000002
16.170000 -0.000012 0.000002
16.180000 -0.000012 0.000001
16.190000 -0.000012 0.000001
16.200000 -0.000012 0.000000
16.210000 -0.000012 -0.000000
16.220000 -0.000012 -0.000001
16.230000 -0.000012 -0.000001
16.240000 -0.000012 -0.000002
16.250000 -0.000012 -0.000002
16.260000 -0.000012 -0.000002
16.270000 -0.000012 -0.000003
16.280000 -0.000012 -0.000003
16.290000 -0.000011 -0.000004
16.300000 -0.000011 -0.000004
16.310000 -0.000011 -0.000004
16.320000 -0.000011 -0.000005
16.330000 -0.000011 -0.000005
16.340000 -0.000011 -0.000006
16.350000 -0.000010 -0.000006
16.360000 -0.000010 -0.000006
16.370000 -0.000010 -0.000007
16.380000 -0.000010 -0.000007
16.390000 -0.000009 -0.000007
16.400000 -0.000009 -0.000008
16.410000 -0.000009 -0.000008
16.420000 -0.000009 -0.000008
16.430000 -0.000008 -0.000008
16.440000 -0.000008 -0.000009
16.450000 -0.000008 -0.000009
16.460000 -0.000007 -0.000009
16.470000 -0.000007 -0.000009
16.480000 -0.000007 -0.000009
16.490000 -0.000007 -0.000010
16.500000 -0.000006 -0.000010
16.510000 -0.000006 -0.000010
16.520000 -0.000006 -0.000010
16.530000 -0.000005 -0.000010
16.540000 -0.000005 -0.000010
16.550000 -0.000005 -0.000010
16.560000 -0.000004 -0.000011
16.570000 -0.000004 -0.000011
16.580000 -0.000004 -0.000011
16.590000 -0.000003 -0.000011
16.600000 -0.000003 -0.000011
16.610000 -0.000002 -0.000011
16.620000 -0.000002 -0.000011
16.630000 -0.000002 -0.000011
16.640000 -0.000001 -0.000011
16.650000 -0.000001 -0.000011
16.660000 -0.000001 -0.000011
16.670000 -0.000000 -0.000011
16.680000 -0.000000 -0.000011
16.690000 0.000000 -0.000011
16.700000 0.000001 -0.000011
16.710000 0.000001 -0.000010
16.720000 0.000001 -0.000010
16.730000 0.000002 -0.000010
16.740000 0.000002 -0.000010
16.750000 0.000002 -0.000010
16.760000 0.000003 -0.000010
16.770000 0.000003 -0.000010
16.780000 0.000003 -0.000009
16.790000 0.000003 -0.000009
16.800000 0.000004 -0.000009
16.810000 0.000004 -0.000009
16.820000 0.000004 -0.000009
16.830000 0.000005 -0.000008
16.840000 0.000005 -0.000008
16.850000 0.000005 -0.000008
16.860000 0.000005 -0.000008
16.870000 0.000006 -0.000008
16.880000 0.000006 -0.000007
16.890000 0.000006 -0.000007
16.900000 0.000006 -0.000007
16.910000 0.000006 -0.000006
16.920000 0.000007 -0.000006
16.930000 0.000007 -0.000006
16.940000 0.000007 -0.000006
16.950000 0.000007 -0.000005
16.960000 0.000007 -0.000005
16.970000 0.000008 -0.000005
16.980000 0.000008 -0.000004
16.990000 0.000008 -0.000004
17.000000 0.000008 -0.000004
17.010000 0.000008 -0.000003
17.020000 0.000008 -0.000003
17.030000 0.000008 -0.000003
17.040000 0.000008 -0.000002
17.050000 0.000008 -0.000002
17.060000 0.000008 -0.000002
17.070000 0.000009 -0.000001
17.080000 0.000009 -0.000001
17.090000 0.000009 -0.000001
17.100000 0.000009 -0.000000
17.110000 0.000009 0.000000
17.120000 0.000009 0.000000
17.130000 0.000009 0.000001
17.140000 0.000009 0.000001
17.150000 0.000009 0.000002
17.160000 0.000009 0.000002
17.170000 0.000009 0.000002
17.180000 0.000008 0.000003
17.190000 0.000008 0.000003
17.200000 0.000008 0.000003
17.210000 0.000008 0.000004
17.220000 0.000008 0.000004
17.230000 0.000008 0.000004
17.240000 0.000008 0.000005
17.250000 0.000008 0.000005
17.260000 0.000008 0.000005
17.270000 0.000008 0.000006
17.280000 0.000008 0.000006
17.290000 0.000007 0.000006
17.300000 0.000007 0.000007
17.310000 0.000007 0.000007
17.320000 0.000007 0.000007
17.330000 0.000007 0.000007
17.340000 0.000007 0.000008
17.350000 0.000006 0.000008
17.360000 0.000006 0.000008
17.370000 0.000006 0.000009
17.380000 0.000006 0.000009
17.390000 0.000006 0.000009
17.400000 0.000005 0.000009
17.410000 0.000005 0.000010
17.420000 0.000005 0.000010
17.430000 0.000005 0.000010
17.440000 0.000004 0.000010
17.450000 0.000004 0.000010
17.460000 0.000004 0.000011
17.470000 0.000004 0.000011
17.480000 0.000003 0.000011
17.490000 0.000003 0.000011
17.500000 0.000003 0.000011
17.510000 0.000003 0.000012
17.520000 0.000002 0.000012
17.530000 0.000002 0.000012
17.540000 0.000002 0.000012
17.550000 0.000001 0.000012
17.560000 0.000001 0.000012
17.570000 0.000001 0.000012
17.580000 0.000001 0.000013
17.590000 0.000000 0.000013
17.600000 -0.000000 0.000013
17.610000 -0.000000 0.000013
17.620000 -0.000001 0.000013
17.630000 -0.000001 0.000013
17.640000 -0.000001 0.000013
17.650000 -0.000002 0.000013
17.660000 -0.000002 0.000013
17.670000 -0.000002 0.000013
17.680000 -0.000002 0.000013
17.690000 -0.000003 0.000013
17.700000 -0.000003 0.000013
17.710000 -0.000003 0.000013
17.720000 -0.000004 0.000013
17.730000 -0.000004 0.000013
17.740000 -0.000004 0.000013
17.750000 -0.000004 0.000013
17.760000 -0.000005 0.000013
17.770000 -0.000005 0.000013
17.780000 -0.000005 0.000013
17.790000 -0.000006 0.000013
17.800000 -0.000006 0.000013
17.810000 -0.000006 0.000013
17.820000 -0.000006 0.000013
17.830000 -0.000007 0.000013
17.840000 -0.000007 0.000013
17.850000 -0.000007 0.000013
17.860000 -0.000007 0.000012
17.870000 -0.000008 0.000012
17.880000 -0.000008 0.000012
17.890000 -0.000008 0.000012
17.900000 -0.000008 0.000012
17.910000 -0.000009 0.000012
17.920000 -0.000009 0.000012
17.930000 -0.000009 0.000012
17.940000 -0.000009 0.000011
17.950000 -0.000009 0.000011
17.960000 -0.000010 0.000011
17.970000 -0.000010 0.000011
17.980000 -0.000010 0.000011
17.990000 -0.000010 0.000010
18.000000 -0.000010 0.000010
18.010000 -0.000011 0.000010
18.020000 -0.000011 0.000010
18.030000 -0.000011 0.000010
18.040000 -0.000011 0.000009
18.050000 -0.000011 0.000009
18.060000 -0.000011 0.000009
18.070000 -0.000011 0.000009
18.080000 -0.000012 0.000009
18.090000 -0.000012 0.000008
18.100000 -0.000012 0.000008
18.110000 -0.000012 0.000008
18.120000 -0.000012 0.000008
18.130000 -0.000012 0.000007
18.140000 -0.000012 0.000007
18.150000 -0.000012 0.000007
18.160000 -0.000012 0.000007
18.170000 -0.000012 0.000007
18.180000 -0.000012 0.000006
18.190000 -0.000012 0.000006
18.200000 -0.000012 0.000006
18.210000 -0.000013 0.000006
18.220000 -0.000013 0.000005
18.230000 -0.000013 0.000005
18.240000 -0.000013 0.000005
18.250000 -0.000013 0.000005
18.260000 -0.000013 0.000004
18.270000 -0.000013 0.000004
18.280000 -0.000013 0.000004
18.290000 -0.000013 0.000004
18.300000 -0.000013 0.000003
18.310000 -0.000012 0.000003
18.320000 -0.000012 0.000003
18.330000 -0.000012 0.000003
18.340000 -0.000012 0.000002
18.350000 -0.000012 0.000002
18.360000 -0.000012 0.000002
18.370000 -0.000012 0.000002
18.380000 -0.000012 0.000002
18.390000 -0.000012 0.000001
18.400000 -0.000012 0.000001
18.410000 -0.000012 0.000001
18.420000 -0.000012 0.000001
18.430000 -0.000012 0.000001
18.440000 -0.000011 0.000000
18.450000 -0.000011 0.000000
18.460000 -0.000011 -0.000000
18.470000 -0.000011 -0.000000
18.480000 -0.000011 -0.000000
18.490000 -0.000011 -0.000001
18.500000 -0.000011 -0.000001
18.510000 -0.000011 -0.000001
18.520000 -0.000010 -0.000001
18.530000 -0.000010 -0.000001
18.540000 -0.000010 -0.000002
18.550000 -0.000010 -0.000002
18.560000 -0.000010 -0.000002
18.570000 -0.000010 -0.000002
18.580000 -0.000010 -0.000002
18.590000 -0.000009 -0.000002
18.600000 -0.000009 -0.000002
18.610000 -0.000009 -0.000003
18.620000 -0.000009 -0.000003
18.630000 -0.000009 -0.000003
18.640000 -0.000008 -0.000003
18.650000 -0.000008 -0.000003
18.660000 -0.000008 -0.000003
18.670000 -0.000008 -0.000003
18.680000 -0.000008 -0.000003
18.690000 -0.000008 -0.000003
18.700000 -0.000007 -0.000003
18.710000 -0.000007 -0.000004
18.720000 -0.000007 -0.000004
18.730000 -0.000007 -0.000004
18.740000 -0.000007 -0.000004
18.750000 -0.000006 -0.000004
18.760000 -0.000006 -0.000004
18.770000 -0.000006 -0.000004
18.780000 -0.000006 -0.000004
18.790000 -0.000006 -0.000004
18.800000 -0.000005 -0.000004
18.810000 -0.000005 -0.000004
18.820000 -0.000005 -0.000004
18.830000 -0.000005 -0.000004
18.840000 -0.000005 -0.000004
18.850000 -0.000005 -0.000004
18.860000 -0.000004 -0.000004
18.870000 -0.000004 -0.000004
18.880000 -0.000004 -0.000004
18.890000 -0.000004 -0.000004
18.900000 -0.000004 -0.000004
18.910000 -0.000003 -0.000004
18.920000 -0.000003 -0.000004
18.930000 -0.000003 -0.000004
18.940000 -0.000003 -0.000004
18.950000 -0.000003 -0.000004
18.960000 -0.000003 -0.000004
18.970000 -0.000002 -0.000004
18.980000 -0.000002 -0.000004
18.990000 -0.000002 -0.000004
19.000000 -0.000002 -0.000004
19.010000 -0.000002 -0.000004
19.020000 -0.000002 -0.000004
19.030000 -0.000002 -0.000004
19.040000 -0.000001 -0.000003
19.050000 -0.000001 -0.000003
19.060000 -0.000001 -0.000003
19.070000 -0.000001 -0.000003
19.080000 -0.000001 -0.000003
19.090000 -0.000001 -0.000003
19.100000 -0.000001 -0.000003
19.110000 -0.000001 -0.000003
19.120000 -0.000001 -0.000003
19.130000 -0.000000 -0.000003
19.140000 -0.000000 -0.000003
19.150000 -0.000000 -0.000003
19.160000 -0.000000 -0.000002
19.170000 -0.000000 -0.000002
19.180000 0.000000 -0.000002
19.190000 0.000000 -0.000002
19.200000 0.000000 -0.000002
19.210000 0.000000 -0.000002
19.220000 0.000000 -0.000002
19.230000 0.000000 -0.000002
19.240000 0.000000 -0.000002
19.250000 0.000000 -0.000002
19.260000 0.000001 -0.000002
19.270000 0.000001 -0.000001
19.280000 0.000001 -0.000001
19.290000 0.000001 -0.000001
19.300000 0.000001 -0.000001
19.310000 0.000001 -0.000001
19.320000 0.000001 -0.000001
19.330000 0.000001 -0.000001
19.340000 0.000001 -0.000001
19.350000 0.000001 -0.000001
19.360000 0.000001 -0.000001
19.370000 0.000001 -0.000001
19.380000 0.000001 -0.000000
19.390000 0.000001 -0.000000
19.400000 0.000001 -0.000000
19.410000 0.000001 -0.000000
19.420000 0.000001 -0.000000
19.430000 0.000001 0.000000
19.440000 0.000001 0.000000
19.450000 0.000001 0.000000
19.460000 0.000001 0.000000
19.470000 0.000001 0.000000
19.480000 0.000001 0.000000
19.490000 0.000001 0.000000
19.500000 0.000001 0.000001
19.510000 0.000001 0.000001
19.520000 0.000001 0.000001
19.530000 0.000001 0.000001
19.540000 0.000001 0.000001
19.550000 0.000000 0.000001
19.560000 0.000000 0.000001
19.570000 0.000000 0.000001
19.580000 0.000000 0.000001
19.590000 0.000000 0.000001
19.600000 0.000000 0.000001
19.610000 0.000000 0.000001
19.620000 0.000000 0.000001
19.630000 0.000000 0.000001
19.640000 0.000000 0.000001
19.650000 0.000000 0.000001
19.660000 -0.000000 0.000001
19.670000 -0.000000 0.000001
19.680000 -0.000000 0.000001
19.690000 -0.000000 0.000001
19.700000 -0.000000 0.000001
19.710000 -0.000000 0.000001
19.720000 -0.000000 0.000001
19.730000 -0.000000 0.000001
19.740000 -0.000001 0.000001
19.750000 -0.000001 0.000001
19.760000 -0.000001 0.000001
19.770000 -0.000001 0.000001
19.780000 -0.000001 0.000001
19.790000 -0.000001 0.000001
19.800000 -0.000001 0.000001
19.810000 -0.000001 0.000001
19.820000 -0.000001 0.000001
19.830000 -0.000001 0.000001
19.840000 -0.000001 0.000001
19.850000 -0.000001 0.000001
19.860000 -0.000001 0.000001
19.870000 -0.000001 0.000001
19.880000 -0.000001 0.000001
19.890000 -0.000001 0.000001
19.900000 -0.000001 0.000001
19.910000 -0.000002 0.000001
19.920000 -0.000002 0.000001
19.930000 -0.000002 0.000001
19.940000 -0.000002 0.000001
19.950000 -0.000002 0.000001
19.960000 -0.000002 0.000001
19.970000 -0.000002 0.000001
19.980000 -0.000002 0.000001
19.990000 -0.000002 0.000001
20.000000 -0.000002 0.000001
20.010000 -0.000002 0.000001
20.020000 -0.000002 0.000001
20.030000 -0.000002 0.000001
20.040000 -0.000002 0.000000
20.050000 -0.000002 0.000000
20.060000 -0.000002 0.000000
20.070000 -0.000002 0.000000
20.080000 -0.000002 0.000000
20.090000 -0.000002 0.000000
20.100000 -0.000002 0.000000
20.110000 -0.000002 0.000000
20.120000 -0.000002 -0.000000
20.130000 -0.000002 -0.000000
20.140000 -0.000002 -0.000000
20.150000 -0.000002 -0.000000
20.160000 -0.000002 -0.000000
20.170000 -0.000002 -0.000000
20.180000 -0.000002 -0.000000
20.190000 -0.000002 -0.000001
20.200000 -0.000002 -0.000001
20.210000 -0.000002 -0.000001
20.220000 -0.000002 -0.000001
20.230000 -0.000002 -0.000001
20.240000 -0.000002 -0.000001
20.250000 -0.000002 -0.000001
20.260000 -0.000002 -0.000001
20.270000 -0.000002 -0.000001
20.280000 -0.000002 -0.000001
20.290000 -0.000002 -0.000001
20.300000 -0.000002 -0.000001
20.310000 -0.000002 -0.000001
20.320000 -0.000002 -0.000001
20.330000 -0.000002 -0.000001
20.340000 -0.000002 -0.000002
20.350000 -0.000002 -0.000002
20.360000 -0.000002 -0.000002
20.370000 -0.000002 -0.000002
20.380000 -0.000002 -0.000002
20.390000 -0.000002 -0.000002
20.400000 -0.000002 -0.000002
20.410000 -0.000002 -0.000002
20.420000 -0.000002 -0.000002
20.430000 -0.000002 -0.000002
20.440000 -0.000002 -0.000002
20.450000 -0.000002 -0.000002
20.460000 -0.000002 -0.000002
20.470000 -0.000002 -0.000002
20.480000 -0.000001 -0.000002
20.490000 -0.000001 -0.000002
20.500000 -0.000001 -0.000002
20.510000 -0.000001 -0.000002
20.520000 -0.000001 -0.000003
20.530000 -0.000001 -0.000003
20.540000 -0.000001 -0.000003
20.550000 -0.000001 -0.000003
20.560000 -0.000001 -0.000003
20.570000 -0.000001 -0.000003
20.580000 -0.000001 -0.000003
20.590000 -0.000001 -0.000003
20.600000 -0.000001 -0.000003
20.610000 -0.000001 -0.000003
20.620000 -0.000001 -0.000003
20.630000 -0.000001 -0.000003
20.640000 -0.000001 -0.000003
20.650000 -0.000000 -0.000003
20.660000 -0.000000 -0.000003
20.670000 -0.000000 -0.000003
20.680000 -0.000000 -0.000003
20.690000 -0.000000 -0.000003
20.700000 -0.000000 -0.000003
20.710000 -0.000000 -0.000003
20.720000 -0.000000 -0.000003
20.730000 0.000000 -0.000003
20.740000 0.000000 -0.000003
20.750000 0.000000 -0.000003
20.760000 0.000000 -0.000003
20.770000 0.000000 -0.000003
20.780000 0.000000 -0.000003
20.790000 0.000000 -0.000003
20.800000 0.000000 -0.000003
20.810000 0.000001 -0.000003
20.820000 0.000001 -0.000003
20.830000 0.000001 -0.000003
20.840000 0.000001 -0.000003
20.850000 0.000001 -0.000003
20.860000 0.000001 -0.000003
20.870000 0.000001 -0.000003
20.880000 0.000001 -0.000003
20.890000 0.000001 -0.000003
20.900000 0.000001 -0.000003
20.910000 0.000001 -0.000003
20.920000 0.000001 -0.000003
20.930000 0.000001 -0.000003
20.940000 0.000001 -0.000003
20.950000 0.000001 -0.000003
20.960000 0.000001 -0.000003
20.970000 0.000001 -0.000003
20.980000 0.000001 -0.000003
20.990000 0.000002 -0.000003
21.000000 0.000002 -0.000003
21.010000 0.000002 -0.000003
21.020000 0.000002 -0.000002
21.030000 0.000002 -0.000002
21.040000 0.000002 -0.000002
21.050000 0.000002 -0.000002
21.060000 0.000002 -0.000002
21.070000 0.000002 -0.000002
21.080000 0.000002 -0.000002
21.090000 0.000002 -0.000002
21.100000 0.000002 -0.000002
21.110000 0.000002 -0.000002
21.120000 0.000002 -0.000002
21.130000 0.000002 -0.000002
21.140000 0.000002 -0.000002
21.150000 0.000002 -0.000002
21.160000 0.000002 -0.000002
21.170000 0.000002 -0.000002
21.180000 0.000002 -0.000002
21.190000 0.000002 -0.000002
21.200000 0.000002 -0.000002
21.210000 0.000002 -0.000002
21.220000 0.000002 -0.000002
21.230000 0.000002 -0.000002
21.240000 0.000002 -0.000001
21.250000 0.000002 -0.000001
21.260000 0.000002 -0.000001
21.270000 0.000002 -0.000001
21.280000 0.000002 -0.000001
21.290000 0.000002 -0.000001
21.300000 0.000002 -0.000001
21.310000 0.000002 -0.000001
21.320000 0.000002 -0.000001
21.330000 0.000002 -0.000001
21.340000 0.000002 -0.000001
21.350000 0.000002 -0.000001
21.360000 0.000002 -0.000001
21.370000 0.000002 -0.000001
21.380000 0.000002 -0.000001
21.390000 0.000002 -0.000001
21.400000 0.000002 -0.000001
21.410000 0.000002 -0.000001
21.420000 0.000002 -0.000001
21.430000 0.000002 -0.000001
21.440000 0.000002 -0.000000
21.450000 0.000002 -0.000000
21.460000 0.000002 -0.000000
21.470000 0.000002 -0.000000
21.480000 0.000002 -0.000000
21.490000 0.000002 -0.000000
21.500000 0.000002 -0.000000
21.510000 0.000002 -0.000000
21.520000 0.000002 -0.000000
21.530000 0.000002 -0.000000
21.540000 0.000002 -0.000000
21.550000 0.000002 -0.000000
21.560000 0.000002 0.000000
21.570000 0.000002 0.000000
21.580000 0.000002 0.000000
21.590000 0.000002 0.000000
21.600000 0.000002 0.000000
21.610000 0.000002 0.000000
21.620000 0.000002 0.000000
21.630000 0.000002 0.000000
21.640000 0.000002 0.000000
21.650000 0.000002 0.000000
21.660000 0.000002 0.000000
21.670000 0.000002 0.000000
21.680000 0.000002 0.000000
21.690000 0.000002 0.000000
21.700000 0.000002 0.000000
21.710000 0.000001 0.000000
21.720000 0.000001 0.000000
21.730000 0.000001 0.000000
21.740000 0.000001 0.000000
21.750000 0.000001 0.000001
21.760000 0.000001 0.000001
21.770000 0.000001 0.000001
21.780000 0.000001 0.000001
21.790000 0.000001 0.000001
21.800000 0.000001 0.000001
21.810000 0.000001 0.000001
21.820000 0.000001 0.000001
21.830000 0.000001 0.000001
21.840000 0.000001 0.000001
21.850000 0.000001 0.000001
21.860000 0.000001 0.000001
21.870000 0.000001 0.000001
21.880000 0.000001 0.000001
21.890000 0.000001 0.000001
21.900000 0.000001 0.000001
21.910000 0.000001 0.000001
21.920000 0.000001 0.000001
21.930000 0.000001 0.000001
21.940000 0.000001 0.000001
21.950000 0.000001 0.000001
21.960000 0.000001 0.000001
21.970000 0.000001 0.000001
21.980000 0.000001 0.000001
21.990000 0.000001 0.000001
22.000000 0.000001 0.000001
22.010000 0.000000 0.000001
22.020000 0.000000 0.000001
22.030000 0.000000 0.000001
22.040000 0.000000 0.000001
22.050000 0.000000 0.000001
22.060000 0.000000 0.000001
22.070000 0.000000 0.000001
22.080000 0.000000 0.000001
22.090000 0.000000 0.000001
22.100000 0.000000 0.000001
22.110000 0.000000 0.000001
22.120000 0.000000 0.000000
22.130000 0.000000 0.000000
22.140000 0.000000 0.000000
22.150000 0.000000 0.000000
22.160000 0.000000 0.000000
22.170000 0.000000 0.000000
22.180000 0.000000 0.000000
22.190000 0.000000 0.000000
22.200000 0.000000 0.000000
22.210000 0.000000 0.000000
22.220000 0.000000 0.000000
22.230000 0.000000 0.000000
22.240000 -0.000000 0.000000
22.250000 -0.000000 0.000000
22.260000 -0.000000 0.000000
22.270000 -0.000000 0.000000
22.280000 -0.000000 0.000000
22.290000 -0.000000 0.000000
22.300000 -0.000000 0.000000
22.310000 -0.000000 0.000000
22.320000 -0.000000 0.000000
22.330000 -0.000000 0.000000
22.340000 -0.000000 0.000000
22.350000 -0.000000 0.000000
22.360000 -0.000000 0.000000
22.370000 -0.000000 0.000000
22.380000 -0.000000 0.000000
22.390000 -0.000000 0.000000
22.400000 -0.000000 0.000000
22.410000 -0.000000 0.000000
22.420000 -0.000000 0.000000
22.430000 -0.000000 -0.000000
22.440000 -0.000000 -0.000000
22.450000 -0.000000 -0.000000
22.460000 -0.000000 -0.000000
22.470000 -0.000000 -0.000000
22.480000 -0.000000 -0.000000
22.490000 -0.000000 -0.000000
22.500000 -0.000000 -0.000000
22.510000 -0.000000 -0.000000
22.520000 -0.000000 -0.000000
22.530000 -0.000000 -0.000000
22.540000 -0.000000 -0.000000
22.550000 -0.000000 -0.000000
22.560000 -0.000000 -0.000000
22.570000 -0.000000 -0.000000
22.580000 -0.000000 -0.000000
22.590000 -0.000000 -0.000000
22.600000 -0.000000 -0.000000
22.610000 -0.000000 -0.000000
22.620000 -0.000000 -0.000000
22.630000 -0.000000 -0.000000
22.640000 -0.000000 -0.000000
22.650000 -0.000000 -0.000000
22.660000 0.000000 -0.000000
22.670000 0.000000 -0.000000
22.680000 0.000000 -0.000000
22.690000 0.000000 -0.000000
22.700000 0.000000 -0.000000
22.710000 0.000000 -0.000000
22.720000 0.000000 -0.000000
22.730000 0.000000 -0.000000
22.740000 0.000000 -0.000000
22.750000 0.000000 -0.000000
22.760000 0.000000 -0.000000
22.770000 0.000000 -0.000000
22.780000 0.000000 -0.000000
22.790000 0.000000 -0.000000
22.800000 0.000000 -0.000000
22.810000 0.000000 -0.000000
22.820000 0.000000 -0.000000
22.830000 0.000000 -0.000000
22.840000 0.000000 -0.000000
22.850000 0.000000 -0.000000
22.860000 0.000000 -0.000000
22.870000 0.000000 -0.000000
22.880000 0.000000 -0.000000
22.890000 0.000000 -0.000000
22.900000 0.000000 -0.000000
22.910000 0.000000 -0.000000
22.920000 0.000000 -0.000000
22.930000 0.000000 -0.000000
22.940000 0.000000 -0.000000
22.950000 0.000000 -0.000000
22.960000 0.000000 -0.000000
22.970000 0.000000 -0.000000
22.980000 0.000000 -0.000000
22.990000 0.000000 -0.000000
23.000000 0.000000 -0.000000
23.010000 0.000000 -0.000000
23.020000 0.000000 -0.000000
23.030000 0.000000 -0.000000
23.040000 0.000000 -0.000000
23.050000 0.000000 -0.000000
23.060000 0.000000 -0.000000
23.070000 0.000000 -0.000000
23.080000 0.000000 -0.000000
23.090000 0.000000 -0.000000
23.100000 0.000000 -0.000000
23.110000 0.000000 -0.000000
23.120000 0.000000 -0.000000
23.130000 0.000000 -0.000000
23.140000 0.000000 -0.000000
23.150000 0.000000 -0.000000
23.160000 0.000000 -0.000000
23.170000 0.000000 -0.000000
23.180000 0.000000 -0.000000
23.190000 0.000000 -0.000000
23.200000 0.000000 -0.000000
23.210000 0.000000 -0.000000
23.220000 0.000000 0.000000
23.230000 0.000000 0.000000
23.240000 0.000000 0.000000
23.250000 0.000000 0.000000
23.260000 0.000000 0.000000
23.270000 0.000000 0.000000
23.280000 0.000000 0.000000
23.290000 0.000000 0.000000
23.300000 0.000000 0.000000
23.310000 0.000000 0.000000
23.320000 0.000000 0.000000
23.330000 0.000000 0.000000
23.340000 0.000000 0.000000
23.350000 0.000000 0.000000
23.360000 0.000000 0.000000
23.370000 0.000000 0.000000
23.380000 0.000000 0.000000
23.390000 0.000000 0.000000
23.400000 0.000000 0.000000
23.410000 0.000000 0.000000
23.420000 0.000000 0.000000
23.430000 0.000000 0.000000
23.440000 0.000000 0.000000
23.450000 0.000000 0.000000
23.460000 0.000000 0.000000
23.470000 0.000000 0.000000
23.480000 0.000000 0.000000
23.490000 0.000000 0.000000
23.500000 0.000000 0.000000
23.510000 0.000000 0.000000
23.520000 0.000000 0.000000
23.530000 0.000000 0.000000
23.540000 0.000000 0.000000
23.550000 0.000000 0.000000
23.560000 0.000000 0.000000
23.570000 0.000000 0.000000
23.580000 0.000000 0.000000
23.590000 0.000000 0.000000
23.600000 0.000000 0.000000
23.610000 0.000000 0.000000
23.620000 0.000000 0.000000
23.630000 0.000000 0.000000
23.640000 0.000000 0.000000
23.650000 0.000000 0.000000
23.660000 0.000000 0.000000
23.670000 0.000000 0.000000
23.680000 0.000000 0.000000
23.690000 0.000000 0.000000
23.700000 0.000000 0.000000
23.710000 0.000000 0.000000
23.720000 0.000000 0.000000
23.730000 0.000000 0.000000
23.740000 0.000000 0.000000
23.750000 0.000000 0.000000
23.760000 0.000000 0.000000
23.770000 0.000000 0.000000
23.780000 0.000000 0.000000
23.790000 0.000000 0.000000
23.800000 0.000000 0.000000
23.810000 0.000000 0.000000
23.820000 0.000000 0.000000
23.830000 0.000000 0.000000
23.840000 0.000000 0.000000
23.850000 0.000000 0.000000
23.860000 -0.000000 0.000000
23.870000 -0.000000 0.000000
23.880000 -0.000000 0.000000
23.890000 -0.000000 0.000000
23.900000 -0.000000 0.000000
23.910000 -0.000000 0.000000
23.920000 -0.000000 0.000000
23.930000 -0.000000 0.000000
23.940000 -0.000000 0.000000
23.950000 -0.000000 0.000000
23.960000 -0.000000 0.000000
23.970000 -0.000000 0.000000
23.980000 -0.000000 0.000000
23.990000 -0.000000 0.000000
24.000000 -0.000000 0.000000
24.010000 -0.000000 0.000000
24.020000 -0.000000 0.000000
24.030000 -0.000000 0.000000
24.040000 -0.000000 0.000000
24.050000 -0.000000 0.000000
24.060000 -0.000000 0.000000
24.070000 -0.000000 0.000000
24.080000 -0.000000 0.000000
24.090000 -0.000000 0.000000
24.100000 -0.000000 0.000000
24.110000 -0.000000 0.000000
24.120000 -0.000000 0.000000
24.130000 -0.000000 0.000000
24.140000 -0.000000 0.000000
24.150000 -0.000000 0.000000
24.160000 -0.000000 0.000000
24.170000 -0.000000 0.000000
24.180000 -0.000000 0.000000
24.190000 -0.000000 0.000000
24.200000 -0.000000 0.000000
24.210000 -0.000000 0.000000
24.220000 -0.000000 0.000000
24.230000 -0.000000 0.000000
24.240000 -0.000000 0.000000
24.250000 -0.000000 0.000000
24.260000 -0.000000 0.000000
24.270000 -0.000000 0.000000
24.280000 -0.000000 0.000000
24.290000 -0.000000 0.000000
24.300000 -0.000000 0.000000
24.310000 -0.000000 0.000000
24.320000 -0.000000 0.000000
24.330000 -0.000000 0.000000
24.340000 -0.000000 0.000000
24.350000 -0.000000 0.000000
24.360000 -0.000000 0.000000
24.370000 -0.000000 0.000000
24.380000 -0.000000 0.000000
24.390000 -0.000000 0.000000
24.400000 -0.000000 0.000000
24.410000 -0.000000 0.000000
24.420000 -0.000000 0.000000
24.430000 -0.000000 0.000000
24.440000 -0.000000 0.000000
24.450000 -0.000000 0.000000
24.460000 -0.000000 0.000000
24.470000 -0.000000 0.000000
24.480000 -0.000000 0.000000
24.490000 -0.000000 0.000000
24.500000 -0.000000 0.000000
24.510000 -0.000000 0.000000
24.520000 -0.000000 0.000000
24.530000 -0.000000 0.000000
24.540000 -0.000000 0.000000
24.550000 -0.000000 -0.000000
24.560000 -0.000000 -0.000000
24.570000 -0.000000 -0.000000
24.580000 -0.000000 -0.000000
24.590000 -0.000000 -0.000000
24.600000 -0.000000 -0.000000
24.610000 -0.000000 -0.000000
24.620000 -0.000000 -0.000000
24.630000 -0.000000 -0.000000
24.640000 -0.000000 -0.000000
24.650000 -0.000000 -0.000000
24.660000 -0.000000 -0.000000
24.670000 -0.000000 -0.000000
24.680000 -0.000000 -0.000000
24.690000 -0.000000 -0.000000
24.700000 -0.000000 -0.000000
24.710000 -0.000000 -0.000000
24.720000 -0.000000 -0.000000
24.730000 -0.000000 -0.000000
24.740000 -0.000000 -0.000000
24.750000 -0.000000 -0.000000
24.760000 -0.000000 -0.000000
24.770000 -0.000000 -0.000000
24.780000 -0.000000 -0.000000
24.790000 -0.000000 -0.000000
24.800000 -0.000000 -0.000000
24.810000 -0.000000 -0.000000
24.820000 -0.000000 -0.000000
24.830000 -0.000000 -0.000000
24.840000 -0.000000 -0.000000
24.850000 -0.000000 -0.000000
24.860000 -0.000000 -0.000000
24.870000 -0.000000 -0.000000
24.880000 -0.000000 -0.000000
24.890000 -0.000000 -0.000000
24.900000 -0.000000 -0.000000
24.910000 -0.000000 -0.000000
24.920000 -0.000000 -0.000000
24.930000 -0.000000 -0.000000
24.940000 -0.000000 -0.000000
24.950000 -0.000000 -0.000000
24.960000 -0.000000 -0.000000
24.970000 -0.000000 -0.000000
24.980000 -0.000000 -0.000000
24.990000 -0.000000 -0.000000
25.000000 -0.000000 -0.000000
25.010000 -0.000000 -0.000000
25.020000 -0.000000 -0.000000
25.030000 -0.000000 -0.000000
25.040000 -0.000000 -0.000000
25.050000 0.000000 -0.000000
25.060000 0.000000 -0.000000
25.070000 0.000000 -0.000000
25.080000 0.000000 -0.000000
25.090000 0.000000 -0.000000
25.100000 0.000000 -0.000000
25.110000 0.000000 -0.000000
25.120000 0.000000 -0.000000
25.130000 0.000000 -0.000000
25.140000 0.000000 -0.000000
25.150000 0.000000 -0.000000
25.160000 0.000000 -0.000000
25.170000 0.000000 -0.000000
25.180000 0.000000 -0.000000
25.190000 0.000000 -0.000000
25.200000 0.000000 -0.000000
25.210000 0.000000 -0.000000
25.220000 0.000000 -0.000000
25.230000 0.000000 -0.000000
25.240000 0.000000 -0.000000
25.250000 0.000000 -0.000000
25.260000 0.000000 -0.000000
25.270000 0.000000 -0.000000
25.280000 0.000000 -0.000000
25.290000 0.000000 -0.000000
25.300000 0.000000 -0.000000
25.310000 0.000000 -0.000000
25.320000 0.000000 -0.000000
25.330000 0.000000 -0.000000
25.340000 0.000000 -0.000000
25.350000 0.000000 -0.000000
25.360000 0.000000 -0.000000
25.370000 0.000000 -0.000000
25.380000 0.000000 -0.000000
25.390000 0.000000 -0.000000
25.400000 0.000000 -0.000000
25.410000 0.000000 -0.000000
25.420000 0.000000 -0.000000
25.430000 0.000000 -0.000000
25.440000 0.000000 -0.000000
25.450000 0.000000 -0.000000
25.460000 0.000000 0.000000
25.470000 0.000000 0.000000
25.480000 0.000000 0.000000
25.490000 0.000000 0.000000
25.500000 0.000000 0.000000
25.510000 0.000000 0.000000
25.520000 0.000000 0.000000
25.530000 0.000000 0.000000
25.540000 0.000000 0.000000
25.550000 0.000000 0.000000
25.560000 0.000000 0.000000
25.570000 0.000000 0.000000
25.580000 0.000000 0.000000
25.590000 0.000000 0.000000
25.600000 0.000000 0.000000
25.610000 0.000000 0.000000
25.620000 0.000000 0.000000
25.630000 0.000000 0.000000
25.640000 0.000000 0.000000
25.650000 0.000000 0.000000
25.660000 0.000000 0.000000
25.670000 0.000000 0.000000
25.680000 0.000000 0.000000
25.690000 0.000000 0.000000
25.700000 0.000000 0.000000
25.710000 0.000000 0.000000
25.720000 0.000000 0.000000
25.730000 0.000000 0.000000
25.740000 0.000000 0.000000
25.750000 0.000000 0.000000
25.760000 0.000000 0.000000
25.770000 0.000000 0.000000
25.780000 0.000000 0.000000
25.790000 0.000000 0.000000
25.800000 0.000000 0.000000
25.810000 0.000000 0.000000
25.820000 0.000000 0.000000
25.830000 0.000000 0.000000
25.840000 0.000000 0.000000
25.850000 0.000000 0.000000
25.860000 0.000000 0.000000
25.870000 0.000000 0.000000
25.880000 0.000000 0.000000
25.890000 0.000000 0.000000
25.900000 0.000000 0.000000
25.910000 0.000000 0.000000
25.920000 0.000000 0.000000
25.930000 -0.000000 0.000000
25.940000 -0.000000 0.000000
25.950000 -0.000000 0.000000
25.960000 -0.000000 0.000000
25.970000 -0.000000 0.000000
25.980000 -0.000000 0.000000
25.990000 -0.000000 0.000000
26.000000 -0.000000 0.000000
26.010000 -0.000000 0.000000
26.020000 -0.000000 0.000000
26.030000 -0.000000 0.000000
26.040000 -0.000000 0.000000
26.050000 -0.000000 0.000000
26.060000 -0.000000 0.000000
26.070000 -0.000000 0.000000
26.080000 -0.000000 0.000000
26.090000 -0.000000 0.000000
26.100000 -0.000000 0.000000
26.110000 -0.000000 0.000000
26.120000 -0.000000 0.000000
26.130000 -0.000000 0.000000
26.140000 -0.000000 0.000000
26.150000 -0.000000 0.000000
26.160000 -0.000000 0.000000
26.170000 -0.000000 0.000000
26.180000 -0.000000 0.000000
26.190000 -0.000000 0.000000
26.200000 -0.000000 0.000000
26.210000 -0.000000 0.000000
26.220000 -0.000000 0.000000
26.230000 -0.000000 0.000000
26.240000 -0.000000 0.000000
26.250000 -0.000000 0.000000
26.260000 -0.000000 0.000000
26.270000 -0.000000 0.000000
26.280000 -0.000000 0.000000
26.290000 -0.000000 0.000000
26.300000 -0.000000 0.000000
26.310000 -0.000000 0.000000
26.320000 -0.000000 0.000000
26.330000 -0.000000 0.000000
26.340000 -0.000000 0.000000
26.350000 -0.000000 0.000000
26.360000 -0.000000 0.000000
26.370000 -0.000000 -0.000000
26.380000 -0.000000 -0.000000
26.390000 -0.000000 -0.000000
26.400000 -0.000000 -0.000000
26.410000 -0.000000 -0.000000
26.420000 -0.000000 -0.000000
26.430000 -0.000000 -0.000000
26.440000 -0.000000 -0.000000
26.450000 -0.000000 -0.000000
26.460000 -0.000000 -0.000000
26.470000 -0.000000 -0.000000
26.480000 -0.000000 -0.000000
26.490000 -0.000000 -0.000000
26.500000 -0.000000 -0.000000
26.510000 -0.000000 -0.000000
26.520000 -0.000000 -0.000000
26.530000 -0.000000 -0.000000
26.540000 -0.000000 -0.000000
26.550000 -0.000000 -0.000000
26.560000 -0.000000 -0.000000
26.570000 -0.000000 -0.000000
26.580000 -0.000000 -0.000000
26.590000 -0.000000 -0.000000
26.600000 -0.000000 -0.000000
26.610000 -0.000000 -0.000000
26.620000 -0.000000 -0.000000
26.630000 -0.000000 -0.000000
26.640000 -0.000000 -0.000000
26.650000 -0.000000 -0.000000
26.660000 -0.000000 -0.000000
26.670000 -0.000000 -0.000000
26.680000 -0.000000 -0.000000
26.690000 -0.000000 -0.000000
26.700000 -0.000000 -0.000000
26.710000 -0.000000 -0.000000
26.720000 -0.000000 -0.000000
26.730000 -0.000000 -0.000000
26.740000 -0.000000 -0.000000
26.750000 -0.000000 -0.000000
26.760000 -0.000000 -0.000000
26.770000 -0.000000 -0.000000
26.780000 -0.000000 -0.000000
26.790000 -0.000000 -0.000000
26.800000 -0.000000 -0.000000
26.810000 -0.000000 -0.000000
26.820000 -0.000000 -0.000000
26.830000 -0.000000 -0.000000
26.840000 -0.000000 -0.000000
26.850000 -0.000000 -0.000000
26.860000 0.000000 -0.000000
26.870000 0.000000 -0.000000
26.880000 0.000000 -0.000000
26.890000 0.000000 -0.000000
26.900000 0.000000 -0.000000
26.910000 0.000000 -0.000000
26.920000 0.000000 -0.000000
26.930000 0.000000 -0.000000
26.940000 0.000000 -0.000000
26.950000 0.000000 -0.000000
26.960000 0.000000 -0.000000
26.970000 0.000000 -0.000000
26.980000 0.000000 -0.000000
26.990000 0.000000 -0.000000
27.000000 0.000000 -0.000000
27.010000 0.000000 -0.000000
27.020000 0.000000 -0.000000
27.030000 0.000000 -0.000000
27.040000 0.000000 -0.000000
27.050000 0.000000 -0.000000
27.060000 0.000000 -0.000000
27.070000 0.000000 -0.000000
27.080000 0.000000 -0.000000
27.090000 0.000000 -0.000000
27.100000 0.000000 -0.000000
27.110000 0.000000 -0.000000
27.120000 0.000000 -0.000000
27.130000 0.000000 -0.000000
27.140000 0.000000 -0.000000
27.150000 0.000000 -0.000000
27.160000 0.000000 -0.000000
27.170000 0.000000 -0.000000
27.180000 0.000000 -0.000000
27.190000 0.000000 -0.000000
27.200000 0.000000 -0.000000
27.210000 0.000000 -0.000000
27.220000 0.000000 -0.000000
27.230000 0.000000 -0.000000
27.240000 0.000000 -0.000000
27.250000 0.000000 -0.000000
27.260000 0.000000 -0.000000
27.270000 0.000000 -0.000000
27.280000 0.000000 -0.000000
27.290000 0.000000 -0.000000
27.300000 0.000000 -0.000000
27.310000 0.000000 -0.000000
27.320000 0.000000 -0.000000
27.330000 0.000000 -0.000000
27.340000 0.000000 -0.000000
27.350000 0.000000 -0.000000
27.360000 0.000000 -0.000000
27.370000 0.000000 -0.000000
27.380000 0.000000 -0.000000
27.390000 0.000000 -0.000000
27.400000 0.000000 -0.000000
27.410000 0.000000 0.000000
27.420000 0.000000 0.000000
27.430000 0.000000 0.000000
27.440000 0.000000 0.000000
27.450000 0.000000 0.000000
27.460000 0.000000 0.000000
27.470000 0.000000 0.000000
27.480000 0.000000 0.000000
27.490000 0.000000 0.000000
27.500000 0.000000 0.000000
27.510000 0.000000 0.000000
27.520000 0.000000 0.000000
27.530000 0.000000 0.000000
27.540000 0.000000 0.000000
27.550000 0.000000 0.000000
27.560000 0.000000 0.000000
27.570000 0.000000 0.000000
27.580000 0.000000 0.000000
27.590000 0.000000 0.000000
27.600000 0.000000 0.000000
27.610000 0.000000 0.000000
27.620000 0.000000 0.000000
27.630000 0.000000 0.000000
27.640000 0.000000 0.000000
27.650000 0.000000 0.000000
27.660000 0.000000 0.000000
27.670000 0.000000 0.000000
27.680000 0.000000 0.000000
27.690000 0.000000 0.000000
27.700000 0.000000 0.000000
27.710000 0.000000 0.000000
27.720000 0.000000 0.000000
27.730000 0.000000 0.000000
27.740000 0.000000 0.000000
27.750000 0.000000 0.000000
27.760000 0.000000 0.000000
27.770000 0.000000 0.000000
27.780000 0.000000 0.000000
27.790000 0.000000 0.000000
27.800000 0.000000 0.000000
27.810000 0.000000 0.000000
27.820000 0.000000 0.000000
27.830000 0.000000 0.000000
27.840000 0.000000 0.000000
27.850000 0.000000 0.000000
27.860000 0.000000 0.000000
27.870000 0.000000 0.000000
27.880000 0.000000 0.000000
27.890000 0.000000 0.000000
27.900000 0.000000 0.000000
27.910000 0.000000 0.000000
27.920000 0.000000 0.000000
27.930000 0.000000 0.000000
27.940000 -0.000000 0.000000
27.950000 -0.000000 0.000000
27.960000 -0.000000 0.000000
27.970000 -0.000000 0.000000
27.980000 -0.000000 0.000000
27.990000 -0.000000 0.000000
28.000000 -0.000000 0.000000
28.010000 -0.000000 0.000000
28.020000 -0.000000 0.000000
28.030000 -0.000000 0.000000
28.040000 -0.000000 0.000000
28.050000 -0.000000 0.000000
28.060000 -0.000000 0.000000
28.070000 -0.000000 0.000000
28.080000 -0.000000 0.000000
28.090000 -0.000000 0.000000
28.100000 -0.000000 0.000000
28.110000 -0.000000 0.000000
28.120000 -0.000000 0.000000
28.130000 -0.000000 0.000000
28.140000 -0.000000 0.000000
28.150000 -0.000000 0.000000
28.160000 -0.000000 0.000000
28.170000 -0.000000 0.000000
28.180000 -0.000000 0.000000
28.190000 -0.000000 0.000000
28.200000 -0.000000 0.000000
28.210000 -0.000000 0.000000
28.220000 -0.000000 0.000000
28.230000 -0.000000 0.000000
28.240000 -0.000000 0.000000
28.250000 -0.000000 0.000000
28.260000 -0.000000 0.000000
28.270000 -0.000000 0.000000
28.280000 -0.000000 0.000000
28.290000 -0.000000 0.000000
28.300000 -0.000000 0.000000
28.310000 -0.000000 0.000000
28.320000 -0.000000 0.000000
28.330000 -0.000000 0.000000
28.340000 -0.000000 0.000000
28.350000 -0.000000 0.000000
28.360000 -0.000000 0.000000
28.370000 -0.000000 0.000000
28.380000 -0.000000 0.000000
28.390000 -0.000000 0.000000
28.400000 -0.000000 0.000000
28.410000 -0.000000 0.000000
28.420000 -0.000000 0.000000
28.430000 -0.000000 0.000000
28.440000 -0.000000 0.000000
28.450000 -0.000000 0.000000
28.460000 -0.000000 0.000000
28.470000 -0.000000 0.000000
28.480000 -0.000000 0.000000
28.490000 -0.000000 0.000000
28.500000 -0.000000 0.000000
28.510000 -0.000000 0.000000
28.520000 -0.000000 0.000000
28.530000 -0.000000 0.000000
28.540000 -0.000000 0.000000
28.550000 -0.000000 0.000000
28.560000 -0.000000 -0.000000
28.570000 -0.000000 -0.000000
28.580000 -0.000000 -0.000000
28.590000 -0.000000 -0.000000
28.600000 -0.000000 -0.000000
28.610000 -0.000000 -0.000000
28.620000 -0.000000 -0.000000
28.630000 -0.000000 -0.000000
28.640000 -0.000000 -0.000000
28.650000 -0.000000 -0.000000
28.660000 -0.000000 -0.000000
28.670000 -0.000000 -0.000000
28.680000 -0.000000 -0.000000
28.690000 -0.000000 -0.000000
28.700000 -0.000000 -0.000000
28.710000 -0.000000 -0.000000
28.720000 -0.000000 -0.000000
28.730000 -0.000000 -0.000000
28.740000 -0.000000 -0.000000
28.750000 -0.000000 -0.000000
28.760000 -0.000000 -0.000000
28.770000 -0.000000 -0.000000
28.780000 -0.000000 -0.000000
28.790000 -0.000000 -0.000000
28.800000 -0.000000 -0.000000
28.810000 -0.000000 -0.000000
28.820000 -0.000000 -0.000000
28.830000 -0.000000 -0.000000
28.840000 -0.000000 -0.000000
28.850000 -0.000000 -0.000000
28.860000 -0.000000 -0.000000
28.870000 -0.000000 -0.000000
28.880000 -0.000000 -0.000000
28.890000 -0.000000 -0.000000
28.900000 -0.000000 -0.000000
28.910000 -0.000000 -0.000000
28.920000 -0.000000 -0.000000
28.930000 -0.000000 -0.000000
28.940000 -0.000000 -0.000000
28.950000 -0.000000 -0.000000
28.960000 -0.000000 -0.000000
28.970000 -0.000000 -0.000000
28.980000 -0.000000 -0.000000
28.990000 -0.000000 -0.000000
29.000000 -0.000000 -0.000000
29.010000 -0.000000 -0.000000
29.020000 -0.000000 -0.000000
29.030000 -0.000000 -0.000000
29.040000 -0.000000 -0.000000
29.050000 -0.000000 -0.000000
29.060000 -0.000000 -0.000000
29.070000 -0.000000 -0.000000
29.080000 -0.000000 -0.000000
29.090000 -0.000000 -0.000000
29.100000 -0.000000 -0.000000
29.110000 -0.000000 -0.000000
29.120000 -0.000000 -0.000000
29.130000 -0.000000 -0.000000
29.140000 -0.000000 -0.000000
29.150000 -0.000000 -0.000000
29.160000 -0.000000 -0.000000
29.170000 0.000000 -0.000000
29.180000 0.000000 -0.000000
29.190000 0.000000 -0.000000
29.200000 0.000000 -0.000000
29.210000 0.000000 -0.000000
29.220000 0.000000 -0.000000
29.230000 0.000000 -0.000000
29.240000 0.000000 -0.000000
29.250000 0.000000 -0.000000
29.260000 0.000000 -0.000000
29.270000 0.000000 -0.000000
29.280000 0.000000 -0.000000
29.290000 0.000000 -0.000000
29.300000 0.000000 -0.000000
29.310000 0.000000 -0.000000
29.320000 0.000000 -0.000000
29.330000 0.000000 -0.000000
29.340000 0.000000 -0.000000
29.350000 0.000000 -0.000000
29.360000 0.000000 -0.000000
29.370000 0.000000 -0.000000
29.380000 0.000000 -0.000000
29.390000 0.000000 -0.000000
29.400000 0.000000 -0.000000
29.410000 0.000000 0.000000
29.420000 0.000000 0.000000
29.430000 0.000000 0.000000
29.440000 0.000000 0.000000
29.450000 0.000000 0.000000
29.460000 0.000000 0.000000
29.470000 0.000000 0.000000
29.480000 0.000000 0.000000
29.490000 0.000000 0.000000
29.500000 0.000000 0.000000
29.510000 0.000000 0.000000
29.520000 0.000000 0.000000
29.530000 0.000000 0.000000
29.540000 0.000000 0.000000
29.550000 0.000000 0.000000
29.560000 0.000000 0.000000
29.570000 0.000000 0.000000
29.580000 0.000000 0.000000
29.590000 0.000000 0.000000
29.600000 0.000000 0.000000
29.610000 0.000000 0.000000
29.620000 0.000000 0.000000
29.630000 0.000000 0.000000
29.640000 0.000000 0.000000
29.650000 0.000000 0.000000
29.660000 0.000000 0.000000
29.670000 0.000000 0.000000
29.680000 0.000000 0.000000
29.690000 0.000000 0.000000
29.700000 0.000000 0.000000
29.710000 0.000000 0.000000
29.720000 -0.000000 0.000000
29.730000 -0.000000 0.000000
29.740000 -0.000000 0.000000
29.750000 -0.000000 0.000000
29.760000 -0.000000 0.000000
29.770000 -0.000000 0.000000
29.780000 -0.000000 0.000000
29.790000 -0.000000 0.000000
29.800000 -0.000000 0.000000
29.810000 -0.000000 0.000000
29.820000 -0.000000 0.000000
29.830000 -0.000000 0.000000
29.840000 -0.000000 0.000000
29.850000 -0.000000 0.000000
29.860000 -0.000000 0.000000
29.870000 -0.000000 0.000000
29.880000 -0.000000 0.000000
29.890000 -0.000000 0.000000
29.900000 -0.000000 0.000000
29.910000 -0.000000 0.000000
29.920000 -0.000000 0.000000
29.930000 -0.000000 0.000000
29.940000 -0.000000 0.000000
29.950000 -0.000000 0.000000
29.960000 -0.000000 0.000000
29.970000 -0.000000 0.000000
29.980000 -0.000000 0.000000
29.990000 -0.000000 0.000000
