-4.00000000 0.37698694
-3.98000000 0.38332760
-3.96000000 0.38969497
-3.94000000 0.39610475
-3.92000000 0.40257375
-3.90000000 0.40911971
-3.88000000 0.41576111
-3.86000000 0.42251695
-3.84000000 0.42940656
-3.82000000 0.43644944
-3.80000000 0.44366500
-3.78000000 0.45107246
-3.76000000 0.45869056
-3.74000000 0.46653745
-3.72000000 0.47463046
-3.70000000 0.48298594
-3.68000000 0.49161903
-3.66000000 0.50054349
-3.64000000 0.50977149
-3.62000000 0.51931339
-3.60000000 0.52917755
-3.58000000 0.53937010
-3.56000000 0.54989474
-3.54000000 0.56075253
-3.52000000 0.57194171
-3.50000000 0.58345751
-3.48000000 0.59529202
-3.46000000 0.60743407
-3.44000000 0.61986916
-3.42000000 0.63257940
-3.40000000 0.64554358
-3.38000000 0.65873725
-3.36000000 0.67213285
-3.34000000 0.68569992
-3.32000000 0.69940536
-3.30000000 0.71321378
-3.28000000 0.72708775
-3.26000000 0.74098824
-3.24000000 0.75487499
-3.22000000 0.76870682
-3.20000000 0.78244211
-3.18000000 0.79603911
-3.16000000 0.80945640
-3.14000000 0.82265328
-3.12000000 0.83559029
-3.10000000 0.84822970
-3.08000000 0.86053613
-3.06000000 0.87247718
-3.04000000 0.88402414
-3.02000000 0.89515267
-3.00000000 0.90584353
-2.98000000 0.91608319
-2.96000000 0.92586439
-2.94000000 0.93518654
-2.92000000 0.94405598
-2.90000000 0.95248598
-2.88000000 0.96049666
-2.86000000 0.96811459
-2.84000000 0.97537226
-2.82000000 0.98230745
-2.80000000 0.98896237
-2.78000000 0.99538285
-2.76000000 1.00161735
-2.74000000 1.00771607
-2.72000000 1.01373003
-2.70000000 1.01971019
-2.68000000 1.02570669
-2.66000000 1.03176811
-2.64000000 1.03794081
-2.62000000 1.04426845
-2.60000000 1.05079149
-2.58000000 1.05754680
-2.56000000 1.06456740
-2.54000000 1.07188217
-2.52000000 1.07951568
-2.50000000 1.08748806
-2.48000000 1.09581484
-2.46000000 1.10450693
-2.44000000 1.11357050
-2.42000000 1.12300697
-2.40000000 1.13281298
-2.38000000 1.14298037
-2.36000000 1.15349622
-2.34000000 1.16434288
-2.32000000 1.17549804
-2.30000000 1.18693482
-2.28000000 1.19862196
-2.26000000 1.21052397
-2.24000000 1.22260142
-2.22000000 1.23481125
-2.20000000 1.24710711
-2.18000000 1.25943989
-2.16000000 1.27175815
-2.14000000 1.28400878
-2.12000000 1.29613762
-2.10000000 1.30809016
-2.08000000 1.31981232
-2.06000000 1.33125117
-2.04000000 1.34235576
-2.02000000 1.35307784
-2.00000000 1.36337264
-1.98000000 1.37319953
-1.96000000 1.38252262
-1.94000000 1.39131128
-1.92000000 1.39954055
-1.90000000 1.40719141
-1.88000000 1.41425094
-1.86000000 1.42071233
-1.84000000 1.42657476
-1.82000000 1.43184315
-1.80000000 1.43652782
-1.78000000 1.44064395
-1.76000000 1.44421108
-1.74000000 1.44725247
-1.72000000 1.44979435
-1.70000000 1.45186525
-1.68000000 1.45349524
-1.66000000 1.45471516
-1.64000000 1.45555588
-1.62000000 1.45604761
-1.60000000 1.45621919
-1.58000000 1.45609742
-1.56000000 1.45570652
-1.54000000 1.45506755
-1.52000000 1.45419792
-1.50000000 1.45311104
-1.48000000 1.45181591
-1.46000000 1.45031697
-1.44000000 1.44861390
-1.42000000 1.44670162
-1.40000000 1.44457040
-1.38000000 1.44220613
-1.36000000 1.43959075
-1.34000000 1.43670285
-1.32000000 1.43351843
-1.30000000 1.43001189
-1.28000000 1.42615714
-1.26000000 1.42192887
-1.24000000 1.41730388
-1.22000000 1.41226243
-1.20000000 1.40678968
-1.18000000 1.40087684
-1.16000000 1.39452238
-1.14000000 1.38773280
-1.12000000 1.38052330
-1.10000000 1.37291799
-1.08000000 1.36494990
-1.06000000 1.35666052
-1.04000000 1.34809908
-1.02000000 1.33932154
-1.00000000 1.33038926
-0.98000000 1.32136749
-0.96000000 1.31232371
-0.94000000 1.30332583
-0.92000000 1.29444035
-0.90000000 1.28573054
-0.88000000 1.27725467
-0.86000000 1.26906438
-0.84000000 1.26120315
-0.82000000 1.25370516
-0.80000000 1.24659426
-0.78000000 1.23988338
-0.76000000 1.23357428
-0.74000000 1.22765768
-0.72000000 1.22211375
-0.70000000 1.21691306
-0.68000000 1.21201771
-0.66000000 1.20738289
-0.64000000 1.20295850
-0.62000000 1.19869095
-0.60000000 1.19452495
-0.58000000 1.19040522
-0.56000000 1.18627806
-0.54000000 1.18209267
-0.52000000 1.17780226
-0.50000000 1.17336480
-0.48000000 1.16874357
-0.46000000 1.16390734
-0.44000000 1.15883037
-0.42000000 1.15349220
-0.40000000 1.14787728
-0.38000000 1.14197449
-0.36000000 1.13577659
-0.34000000 1.12927971
-0.32000000 1.12248277
-0.30000000 1.11538702
-0.28000000 1.10799561
-0.26000000 1.10031322
-0.24000000 1.09234578
-0.22000000 1.08410025
-0.20000000 1.07558451
-0.18000000 1.06680724
-0.16000000 1.05777787
-0.14000000 1.04850660
-0.12000000 1.03900442
-0.10000000 1.02928307
-0.08000000 1.01935511
-0.06000000 1.00923388
-0.04000000 0.99893349
-0.02000000 0.98846877
0.00000000 0.97785519
0.02000000 0.96710872
0.04000000 0.95624569
0.06000000 0.94528266
0.08000000 0.93423618
0.10000000 0.92312258
0.12000000 0.91195781
0.14000000 0.90075716
0.16000000 0.88953510
0.18000000 0.87830510
0.20000000 0.86707943
0.22000000 0.85586909
0.24000000 0.84468370
0.26000000 0.83353146
0.28000000 0.82241922
0.30000000 0.81135250
0.32000000 0.80033565
0.34000000 0.78937203
0.36000000 0.77846425
0.38000000 0.76761446
0.40000000 0.75682468
0.42000000 0.74609712
0.44000000 0.73543461
0.46000000 0.72484092
0.48000000 0.71432114
0.50000000 0.70388200
0.52000000 0.69353216
0.54000000 0.68328241
0.56000000 0.67314578
0.58000000 0.66313755
0.60000000 0.65327521
0.62000000 0.64357822
0.64000000 0.63406770
0.66000000 0.62476603
0.68000000 0.61569634
0.70000000 0.60688189
0.72000000 0.59834547
0.74000000 0.59010874
0.76000000 0.58219149
0.78000000 0.57461110
0.80000000 0.56738183
0.82000000 0.56051437
0.84000000 0.55401535
0.86000000 0.54788700
0.88000000 0.54212693
0.90000000 0.53672798
0.92000000 0.53167826
0.94000000 0.52696123
0.96000000 0.52255598
0.98000000 0.51843759
1.00000000 0.51457758
1.02000000 0.51094450
1.04000000 0.50750461
1.06000000 0.50422260
1.08000000 0.50106241
1.10000000 0.49798803
1.12000000 0.49496434
1.14000000 0.49195789
1.16000000 0.48893766
1.18000000 0.48587568
1.20000000 0.48274753
1.22000000 0.47953279
1.24000000 0.47621519
1.26000000 0.47278277
1.28000000 0.46922776
1.30000000 0.46554636
1.32000000 0.46173847
1.34000000 0.45780724
1.36000000 0.45375861
1.38000000 0.44960078
1.40000000 0.44534372
1.42000000 0.44099865
1.44000000 0.43657758
1.46000000 0.43209286
1.48000000 0.42755687
1.50000000 0.42298167
1.52000000 0.41837878
1.54000000 0.41375901
1.56000000 0.40913231
1.58000000 0.40450771
1.60000000 0.39989329
1.62000000 0.39529619
1.64000000 0.39072260
1.66000000 0.38617789
1.68000000 0.38166660
1.70000000 0.37719259
1.72000000 0.37275908
1.74000000 0.36836877
1.76000000 0.36402390
1.78000000 0.35972638
1.80000000 0.35547782
1.82000000 0.35127966
1.84000000 0.34713319
1.86000000 0.34303964
1.88000000 0.33900020
1.90000000 0.33501609
1.92000000 0.33108860
1.94000000 0.32721908
1.96000000 0.32340895
1.98000000 0.31965977
2.00000000 0.31597317
2.02000000 0.31235087
2.04000000 0.30879468
2.06000000 0.30530645
2.08000000 0.30188810
2.10000000 0.29854152
2.12000000 0.29526861
2.14000000 0.29207120
2.16000000 0.28895103
2.18000000 0.28590972
2.20000000 0.28294873
2.22000000 0.28006932
2.24000000 0.27727249
2.26000000 0.27455900
2.28000000 0.27192927
2.30000000 0.26938338
2.32000000 0.26692104
2.34000000 0.26454156
2.36000000 0.26224380
2.38000000 0.26002616
2.40000000 0.25788660
2.42000000 0.25582254
2.44000000 0.25383093
2.46000000 0.25190822
2.48000000 0.25005034
2.50000000 0.24825273
2.52000000 0.24651035
2.54000000 0.24481771
2.56000000 0.24316888
2.58000000 0.24155754
2.60000000 0.23997702
2.62000000 0.23842038
2.64000000 0.23688042
2.66000000 0.23534981
2.68000000 0.23382110
2.70000000 0.23228687
2.72000000 0.23073978
2.74000000 0.22917270
2.76000000 0.22757873
2.78000000 0.22595142
2.80000000 0.22428474
2.82000000 0.22257327
2.84000000 0.22081226
2.86000000 0.21899767
2.88000000 0.21712631
2.90000000 0.21519584
2.92000000 0.21320485
2.94000000 0.21115287
2.96000000 0.20904036
2.98000000 0.20686873
3.00000000 0.20464029
3.02000000 0.20235820
3.04000000 0.20002640
3.06000000 0.19764953
3.08000000 0.19523284
3.10000000 0.19278205
3.12000000 0.19030328
3.14000000 0.18780289
3.16000000 0.18528738
3.18000000 0.18276328
3.20000000 0.18023702
3.22000000 0.17771486
3.24000000 0.17520276
3.26000000 0.17270637
3.28000000 0.17023089
3.30000000 0.16778110
3.32000000 0.16536128
3.34000000 0.16297521
3.36000000 0.16062615
3.38000000 0.15831687
3.40000000 0.15604964
3.42000000 0.15382625
3.44000000 0.15164804
3.46000000 0.14951593
3.48000000 0.14743045
3.50000000 0.14539174
3.52000000 0.14339962
3.54000000 0.14145362
3.56000000 0.13955297
3.58000000 0.13769664
3.60000000 0.13588342
3.62000000 0.13411185
3.64000000 0.13238031
3.66000000 0.13068705
3.68000000 0.12903013
3.70000000 0.12740753
3.72000000 0.12581712
3.74000000 0.12425669
3.76000000 0.12272396
3.78000000 0.12121662
3.80000000 0.11973232
3.82000000 0.11826870
3.84000000 0.11682341
3.86000000 0.11539414
3.88000000 0.11397861
3.90000000 0.11257461
3.92000000 0.11118002
3.94000000 0.10979281
3.96000000 0.10841107
3.98000000 0.10703305
