-4.00000000 -0.01520785
-3.98000000 -0.01869521
-3.96000000 -0.02152038
-3.94000000 -0.02223804
-3.92000000 -0.01987677
-3.90000000 -0.01438730
-3.88000000 -0.00679577
-3.86000000 0.00101715
-3.84000000 0.00686036
-3.82000000 0.00893069
-3.80000000 0.00643284
-3.78000000 -0.00009583
-3.76000000 -0.00888050
-3.74000000 -0.01740948
-3.72000000 -0.02318707
-3.70000000 -0.02449452
-3.68000000 -0.02090618
-3.66000000 -0.01338549
-3.64000000 -0.00392514
-3.62000000 0.00514882
-3.60000000 0.01197222
-3.58000000 0.01576258
-3.56000000 0.01704546
-3.54000000 0.01740298
-3.52000000 0.01882557
-3.50000000 0.02289036
-3.48000000 0.03005660
-3.46000000 0.03933746
-3.44000000 0.04848452
-3.42000000 0.05464771
-3.40000000 0.05530708
-3.38000000 0.04917055
-3.36000000 0.03673122
-3.34000000 0.02028039
-3.32000000 0.00334743
-3.30000000 -0.01027403
-3.28000000 -0.01761373
-3.26000000 -0.01738309
-3.24000000 -0.01033004
-3.22000000 0.00102423
-3.20000000 0.01318254
-3.18000000 0.02274746
-3.16000000 0.02743208
-3.14000000 0.02668731
-3.12000000 0.02175592
-3.10000000 0.01515353
-3.08000000 0.00976304
-3.06000000 0.00785157
-3.04000000 0.01033531
-3.02000000 0.01652648
-3.00000000 0.02442851
-2.98000000 0.03145963
-2.96000000 0.03534476
-2.94000000 0.03486754
-2.92000000 0.03023312
-2.90000000 0.02293534
-2.88000000 0.01519768
-2.86000000 0.00920311
-2.84000000 0.00639374
-2.82000000 0.00708469
-2.80000000 0.01051240
-2.78000000 0.01527311
-2.76000000 0.01996203
-2.74000000 0.02375169
-2.72000000 0.02667629
-2.70000000 0.02950694
-2.68000000 0.03326762
-2.66000000 0.03859122
-2.64000000 0.04519217
-2.62000000 0.05170360
-2.60000000 0.05599984
-2.58000000 0.05594055
-2.56000000 0.05029880
-2.54000000 0.03953642
-2.52000000 0.02610849
-2.50000000 0.01411648
-2.48000000 0.00834438
-2.46000000 0.01293297
-2.44000000 0.03009628
-2.42000000 0.05930400
-2.40000000 0.09722928
-2.38000000 0.13852807
-2.36000000 0.17724602
-2.34000000 0.20843461
-2.32000000 0.22947242
-2.30000000 0.24066681
-2.28000000 0.24493535
-2.26000000 0.24666449
-2.24000000 0.25011909
-2.22000000 0.25793506
-2.20000000 0.27021210
-2.18000000 0.28453328
-2.16000000 0.29693060
-2.14000000 0.30349221
-2.12000000 0.30207443
-2.10000000 0.29352339
-2.08000000 0.28195218
-2.06000000 0.27391940
-2.04000000 0.27671910
-2.02000000 0.29630047
-2.00000000 0.33548247
-1.98000000 0.39305931
-1.96000000 0.46412324
-1.94000000 0.54154216
-1.92000000 0.61814845
-1.90000000 0.68894652
-1.88000000 0.75261777
-1.86000000 0.81181025
-1.84000000 0.87208451
-1.82000000 0.93982876
-1.80000000 1.01981037
-1.78000000 1.11318024
-1.76000000 1.21663419
-1.74000000 1.32308892
-1.72000000 1.42375281
-1.70000000 1.51101236
-1.68000000 1.58126116
-1.66000000 1.63676845
-1.64000000 1.68593780
-1.62000000 1.74177087
-1.60000000 1.81889072
-1.58000000 1.92992708
-1.56000000 2.08228439
-1.54000000 2.27622994
-1.52000000 2.50487472
-1.50000000 2.75607810
-1.48000000 3.01574984
-1.46000000 3.27161329
-1.44000000 3.51635490
-1.42000000 3.74925689
-1.40000000 3.97584353
-1.38000000 4.20563882
-1.36000000 4.44867165
-1.34000000 4.71172092
-1.32000000 4.99536814
-1.30000000 5.29270535
-1.28000000 5.59009552
-1.26000000 5.86983278
-1.24000000 6.11404884
-1.22000000 6.30889176
-1.20000000 6.44793898
-1.18000000 6.53400129
-1.16000000 6.57886621
-1.14000000 6.60101073
-1.12000000 6.62176451
-1.10000000 6.66072704
-1.08000000 6.73137603
-1.06000000 6.83774162
-1.04000000 6.97279491
-1.02000000 7.11886990
-1.00000000 7.25007431
-0.98000000 7.33630687
-0.96000000 7.34823288
-0.94000000 7.26240508
-0.92000000 7.06566947
-0.90000000 6.75807417
-0.88000000 6.35370180
-0.86000000 5.87915914
-0.84000000 5.36984932
-0.82000000 4.86456599
-0.80000000 4.39931132
-0.78000000 4.00146589
-0.76000000 3.68545789
-0.74000000 3.45085478
-0.72000000 3.28335052
-0.70000000 3.15852331
-0.68000000 3.04761972
-0.66000000 2.92413165
-0.64000000 2.76970407
-0.62000000 2.57802308
-0.60000000 2.35577976
-0.58000000 2.12049054
-0.56000000 1.89571684
-0.54000000 1.70487057
-0.52000000 1.56514748
-0.50000000 1.48309753
-0.48000000 1.45292124
-0.46000000 1.45788004
-0.44000000 1.47441021
-0.42000000 1.47784533
-0.40000000 1.44826312
-0.38000000 1.37497926
-0.36000000 1.25860445
-0.34000000 1.11024843
-0.32000000 0.94820837
-0.30000000 0.79311430
-0.28000000 0.66285251
-0.26000000 0.56856916
-0.24000000 0.51269038
-0.22000000 0.48930252
-0.20000000 0.48658903
-0.18000000 0.49050157
-0.16000000 0.48858487
-0.14000000 0.47293216
-0.12000000 0.44157936
-0.10000000 0.39813863
-0.08000000 0.34997383
-0.06000000 0.30558858
-0.04000000 0.27204164
-0.02000000 0.25310316
0.00000000 0.24857251
0.02000000 0.25479889
0.04000000 0.26609725
0.06000000 0.27653450
0.08000000 0.28152217
0.10000000 0.27878390
0.12000000 0.26850872
0.14000000 0.25276923
0.16000000 0.23449251
0.18000000 0.21636602
0.20000000 0.20002614
0.22000000 0.18574053
0.24000000 0.17261349
0.26000000 0.15917663
0.28000000 0.14412567
0.30000000 0.12694969
0.32000000 0.10826268
0.34000000 0.08975867
0.36000000 0.07382879
0.38000000 0.06296746
0.40000000 0.05913380
0.42000000 0.06322478
0.44000000 0.07477141
0.46000000 0.09191043
0.48000000 0.11162916
0.50000000 0.13024006
0.52000000 0.14401388
0.54000000 0.14987964
0.56000000 0.14608256
0.58000000 0.13267704
0.60000000 0.11173105
0.62000000 0.08714350
0.64000000 0.06403510
0.66000000 0.04776655
0.68000000 0.04274573
0.70000000 0.05127925
0.72000000 0.07276728
0.74000000 0.10350571
0.76000000 0.13724035
0.78000000 0.16643324
0.80000000 0.18399735
0.82000000 0.18509292
0.84000000 0.16851250
0.86000000 0.13724560
0.88000000 0.09800292
0.90000000 0.05975159
0.92000000 0.03159154
0.94000000 0.02050764
0.96000000 0.02959513
0.98000000 0.05725047
1.00000000 0.09756767
1.02000000 0.14185023
1.04000000 0.18083471
1.06000000 0.20701869
1.08000000 0.21645527
1.10000000 0.20953066
1.12000000 0.19053709
1.14000000 0.16620239
1.16000000 0.14363540
1.18000000 0.12830344
1.20000000 0.12262866
1.22000000 0.12558448
1.24000000 0.13335805
1.26000000 0.14081856
1.28000000 0.14329542
1.30000000 0.13809579
1.32000000 0.12529786
1.34000000 0.10760520
1.36000000 0.08935592
1.38000000 0.07504813
1.40000000 0.06788479
1.42000000 0.06881440
1.44000000 0.07636238
1.46000000 0.08727422
1.48000000 0.09771986
1.50000000 0.10462707
1.52000000 0.10668083
1.54000000 0.10465192
1.56000000 0.10095633
1.58000000 0.09861627
1.60000000 0.10000078
1.62000000 0.10580041
1.64000000 0.11460964
1.66000000 0.12328132
1.68000000 0.12794971
1.70000000 0.12538408
1.72000000 0.11421207
1.74000000 0.09558468
1.76000000 0.07303188
1.78000000 0.05152255
1.80000000 0.03600724
1.82000000 0.02989892
1.84000000 0.03397747
1.86000000 0.04607623
1.88000000 0.06166486
1.90000000 0.07515999
1.92000000 0.08156571
1.94000000 0.07794207
1.96000000 0.06425530
1.98000000 0.04335806
2.00000000 0.02011940
2.02000000 -0.00001574
2.04000000 -0.01258976
2.06000000 -0.01534678
2.08000000 -0.00874948
2.10000000 0.00432285
2.12000000 0.01956030
2.14000000 0.03255460
2.16000000 0.04005219
2.18000000 0.04075335
2.20000000 0.03544862
2.22000000 0.02650700
2.24000000 0.01693518
2.26000000 0.00934865
2.28000000 0.00519769
2.30000000 0.00448054
2.32000000 0.00599481
2.34000000 0.00799034
2.36000000 0.00895737
2.38000000 0.00825236
2.40000000 0.00633834
2.42000000 0.00456543
2.44000000 0.00458740
2.46000000 0.00764022
2.48000000 0.01395574
2.50000000 0.02253240
2.52000000 0.03135595
2.54000000 0.03800262
2.56000000 0.04042159
2.58000000 0.03762936
2.60000000 0.03007734
2.62000000 0.01956417
2.64000000 0.00871758
2.66000000 0.00021416
2.68000000 -0.00400959
2.70000000 -0.00330193
2.72000000 0.00157156
2.74000000 0.00873701
2.76000000 0.01584774
2.78000000 0.02082881
2.80000000 0.02248654
2.82000000 0.02079424
2.84000000 0.01678083
2.86000000 0.01208446
2.88000000 0.00834166
2.90000000 0.00662824
2.92000000 0.00713870
2.94000000 0.00919880
2.96000000 0.01158575
2.98000000 0.01302458
3.00000000 0.01267388
3.02000000 0.01042670
3.04000000 0.00692577
3.06000000 0.00329875
3.08000000 0.00071996
3.10000000 -0.00003543
3.12000000 0.00111951
3.14000000 0.00355450
3.16000000 0.00616003
3.18000000 0.00776156
3.20000000 0.00755653
3.22000000 0.00541388
3.24000000 0.00192727
3.26000000 -0.00179686
3.28000000 -0.00453883
3.30000000 -0.00540809
3.32000000 -0.00416779
3.34000000 -0.00132406
3.36000000 0.00205327
3.38000000 0.00471502
3.40000000 0.00568496
3.42000000 0.00461775
3.44000000 0.00193327
3.46000000 -0.00132325
3.48000000 -0.00384865
3.50000000 -0.00454902
3.52000000 -0.00294290
3.54000000 0.00064274
3.56000000 0.00515488
3.58000000 0.00915067
3.60000000 0.01127421
3.62000000 0.01071187
3.64000000 0.00747138
3.66000000 0.00238970
3.68000000 -0.00313197
3.70000000 -0.00757555
3.72000000 -0.00978409
3.74000000 -0.00931065
3.76000000 -0.00652477
3.78000000 -0.00244766
3.80000000 0.00161973
3.82000000 0.00454250
3.84000000 0.00571675
3.86000000 0.00523136
3.88000000 0.00377835
3.90000000 0.00235318
3.92000000 0.00185892
3.94000000 0.00275971
3.96000000 0.00490744
3.98000000 0.00760124
