-4.00000000 0.23816377
-3.98000000 0.20669272
-3.96000000 0.17881140
-3.94000000 0.16139332
-3.92000000 0.16127551
-3.90000000 0.18281468
-3.88000000 0.22564418
-3.86000000 0.28357262
-3.84000000 0.34529471
-3.82000000 0.39701698
-3.80000000 0.42641269
-3.78000000 0.42675047
-3.76000000 0.39981012
-3.74000000 0.35642837
-3.72000000 0.31417454
-3.70000000 0.29256025
-3.68000000 0.30705091
-3.66000000 0.36367497
-3.64000000 0.45601211
-3.62000000 0.56574226
-3.60000000 0.66690447
-3.58000000 0.73285294
-3.56000000 0.74397448
-3.54000000 0.69386113
-3.52000000 0.59196622
-3.50000000 0.46174584
-3.48000000 0.33462513
-3.46000000 0.24142442
-3.44000000 0.20372447
-3.42000000 0.22775690
-3.40000000 0.30271557
-3.38000000 0.40408475
-3.36000000 0.50105848
-3.34000000 0.56585239
-3.32000000 0.58208873
-3.30000000 0.54967718
-3.28000000 0.48466063
-3.26000000 0.41403578
-3.24000000 0.36711863
-3.22000000 0.36611831
-3.20000000 0.41885816
-3.18000000 0.51594481
-3.16000000 0.63332095
-3.14000000 0.73946579
-3.12000000 0.80504828
-3.10000000 0.81205107
-3.08000000 0.75951981
-3.06000000 0.66411767
-3.04000000 0.55526441
-3.02000000 0.46631800
-3.00000000 0.42449202
-2.98000000 0.44260748
-2.96000000 0.51522607
-2.94000000 0.62037197
-2.92000000 0.72633575
-2.90000000 0.80149659
-2.88000000 0.82417607
-2.86000000 0.78952991
-2.84000000 0.71138796
-2.82000000 0.61848535
-2.80000000 0.54621369
-2.78000000 0.52634823
-2.76000000 0.57777858
-2.74000000 0.70092969
-2.72000000 0.87742888
-2.70000000 1.07501425
-2.68000000 1.25616829
-2.66000000 1.38794607
-2.64000000 1.45023261
-2.62000000 1.44024189
-2.60000000 1.37225040
-2.58000000 1.27295577
-2.56000000 1.17404169
-2.54000000 1.10417254
-2.52000000 1.08258904
-2.50000000 1.11580029
-2.48000000 1.19782950
-2.46000000 1.31341807
-2.44000000 1.44285007
-2.42000000 1.56681993
-2.40000000 1.67004566
-2.38000000 1.74297060
-2.36000000 1.78163909
-2.34000000 1.78640788
-2.32000000 1.76038535
-2.30000000 1.70833485
-2.28000000 1.63634732
-2.26000000 1.55208363
-2.24000000 1.46503048
-2.22000000 1.38615328
-2.20000000 1.32658953
-2.18000000 1.29549859
-2.16000000 1.29766805
-2.14000000 1.33176207
-2.12000000 1.39004018
-2.10000000 1.45996250
-2.08000000 1.52745476
-2.06000000 1.58095994
-2.04000000 1.61499789
-2.02000000 1.63196751
-2.00000000 1.64139454
-1.98000000 1.65662820
-1.96000000 1.68986938
-1.94000000 1.74707271
-1.92000000 1.82445884
-1.90000000 1.90799916
-1.88000000 1.97637365
-1.86000000 2.00680629
-1.84000000 1.98219299
-1.82000000 1.89738613
-1.80000000 1.76258942
-1.78000000 1.60255780
-1.76000000 1.45148879
-1.74000000 1.34478555
-1.72000000 1.30987087
-1.70000000 1.35861834
-1.68000000 1.48360321
-1.66000000 1.65934924
-1.64000000 1.84835128
-1.62000000 2.01029567
-1.60000000 2.11198345
-1.58000000 2.13525923
-1.56000000 2.08082013
-1.54000000 1.96695665
-1.52000000 1.82371114
-1.50000000 1.68421018
-1.48000000 1.57566910
-1.46000000 1.51257645
-1.44000000 1.49385989
-1.42000000 1.50463851
-1.40000000 1.52184189
-1.38000000 1.52191029
-1.36000000 1.48827980
-1.34000000 1.41652346
-1.32000000 1.31578487
-1.30000000 1.20625361
-1.28000000 1.11355662
-1.26000000 1.06175346
-1.24000000 1.06691605
-1.22000000 1.13299523
-1.20000000 1.25094753
-1.18000000 1.40115353
-1.16000000 1.55828437
-1.14000000 1.69720238
-1.12000000 1.79834275
-1.10000000 1.85131100
-1.08000000 1.85601950
-1.06000000 1.82138156
-1.04000000 1.76218219
-1.02000000 1.69510497
-1.00000000 1.63495319
-0.98000000 1.59189498
-0.96000000 1.57018521
-0.94000000 1.56840027
-0.92000000 1.58087700
-0.90000000 1.59984275
-0.88000000 1.61767374
-0.86000000 1.62879489
-0.84000000 1.63088306
-0.82000000 1.62520819
-0.80000000 1.61610939
-0.78000000 1.60974222
-0.76000000 1.61235007
-0.74000000 1.62840362
-0.72000000 1.65900830
-0.70000000 1.70097537
-0.68000000 1.74686555
-0.66000000 1.78613190
-0.64000000 1.80723293
-0.62000000 1.80030870
-0.60000000 1.75979328
-0.58000000 1.68625630
-0.56000000 1.58687927
-0.54000000 1.47427976
-0.52000000 1.36383371
-0.50000000 1.27009666
-0.48000000 1.20324893
-0.46000000 1.16657023
-0.44000000 1.15573321
-0.42000000 1.16022869
-0.40000000 1.16662262
-0.38000000 1.16277357
-0.36000000 1.14179277
-0.34000000 1.10453054
-0.32000000 1.05974840
-0.30000000 1.02179233
-0.28000000 1.00633500
-0.26000000 1.02537408
-0.24000000 1.08296271
-0.22000000 1.17300109
-0.20000000 1.27985973
-0.18000000 1.38179023
-0.16000000 1.45624740
-0.14000000 1.48565081
-0.12000000 1.46194343
-0.10000000 1.38862246
-0.08000000 1.27963718
-0.06000000 1.15546109
-0.04000000 1.03747534
-0.02000000 0.94229716
0.00000000 0.87769563
0.02000000 0.84125390
0.04000000 0.82210605
0.06000000 0.80515110
0.08000000 0.77640812
0.10000000 0.72784857
0.12000000 0.66022402
0.14000000 0.58303965
0.16000000 0.51170998
0.18000000 0.46279993
0.20000000 0.44883618
0.22000000 0.47429472
0.24000000 0.53399828
0.26000000 0.61441088
0.28000000 0.69742793
0.30000000 0.76550288
0.32000000 0.80655420
0.34000000 0.81717677
0.36000000 0.80320770
0.38000000 0.77750426
0.40000000 0.75563146
0.42000000 0.75077657
0.44000000 0.76942543
0.46000000 0.80909221
0.48000000 0.85877300
0.50000000 0.90198449
0.52000000 0.92149568
0.54000000 0.90438101
0.56000000 0.84595024
0.58000000 0.75145268
0.60000000 0.63509952
0.62000000 0.51670351
0.64000000 0.41688142
0.66000000 0.35212584
0.68000000 0.33104029
0.70000000 0.35266772
0.72000000 0.40724592
0.74000000 0.47907027
0.76000000 0.55061437
0.78000000 0.60678690
0.80000000 0.63824291
0.82000000 0.64298595
0.84000000 0.62598931
0.86000000 0.59708797
0.88000000 0.56781153
0.90000000 0.54804294
0.92000000 0.54336535
0.94000000 0.55372372
0.96000000 0.57365896
0.98000000 0.59396925
1.00000000 0.60431531
1.02000000 0.59608679
1.04000000 0.56481793
1.06000000 0.51157704
1.08000000 0.44301226
1.10000000 0.37005342
1.12000000 0.30557567
1.14000000 0.26156100
1.16000000 0.24640338
1.18000000 0.26297048
1.20000000 0.30786787
1.22000000 0.37208320
1.24000000 0.44287665
1.26000000 0.50649574
1.28000000 0.55109606
1.30000000 0.56919304
1.32000000 0.55907416
1.34000000 0.52484704
1.36000000 0.47513166
1.38000000 0.42074318
1.40000000 0.37196746
1.42000000 0.33613378
1.44000000 0.31610605
1.46000000 0.31006144
1.48000000 0.31257000
1.50000000 0.31662755
1.52000000 0.31602899
1.54000000 0.30737912
1.56000000 0.29115089
1.58000000 0.27148761
1.60000000 0.25482230
1.62000000 0.24774409
1.64000000 0.25477025
1.66000000 0.27671366
1.68000000 0.31015786
1.70000000 0.34821803
1.72000000 0.38237630
1.74000000 0.40485297
1.76000000 0.41080993
1.78000000 0.39973015
1.80000000 0.37556230
1.82000000 0.34558658
1.84000000 0.31833567
1.86000000 0.30117828
1.88000000 0.29826181
1.90000000 0.30939231
1.92000000 0.33014457
1.94000000 0.35313396
1.96000000 0.37005405
1.98000000 0.37388783
2.00000000 0.36068519
2.02000000 0.33046168
2.04000000 0.28705104
2.06000000 0.23704678
2.08000000 0.18820258
2.10000000 0.14776246
2.12000000 0.12114387
2.14000000 0.11123001
2.16000000 0.11831108
2.18000000 0.14052254
2.20000000 0.17452347
2.22000000 0.21616159
2.24000000 0.26096634
2.26000000 0.30444655
2.28000000 0.34228471
2.30000000 0.37056655
2.32000000 0.38614725
2.34000000 0.38715192
2.36000000 0.37348854
2.38000000 0.34717040
2.40000000 0.31224685
2.42000000 0.27423485
2.44000000 0.23910299
2.46000000 0.21202819
2.48000000 0.19625784
2.50000000 0.19241891
2.52000000 0.19850537
2.54000000 0.21057613
2.56000000 0.22397092
2.58000000 0.23467790
2.60000000 0.24042748
2.62000000 0.24116867
2.64000000 0.23878450
2.66000000 0.23615764
2.68000000 0.23592021
2.70000000 0.23933383
2.72000000 0.24570644
2.74000000 0.25256801
2.76000000 0.25656029
2.78000000 0.25473565
2.80000000 0.24579920
2.82000000 0.23082728
2.84000000 0.21316009
2.86000000 0.19744614
2.88000000 0.18811803
2.90000000 0.18779794
2.92000000 0.19618768
2.94000000 0.20986504
2.96000000 0.22312275
2.98000000 0.22963932
3.00000000 0.22447847
3.02000000 0.20577638
3.04000000 0.17554697
3.06000000 0.13929871
3.08000000 0.10453187
3.10000000 0.07855151
3.12000000 0.06626846
3.14000000 0.06868548
3.16000000 0.08256543
3.18000000 0.10141265
3.20000000 0.11748263
3.22000000 0.12420337
3.24000000 0.11825201
3.26000000 0.10063116
3.28000000 0.07639977
3.30000000 0.05313580
3.32000000 0.03860656
3.34000000 0.03837050
3.36000000 0.05405134
3.38000000 0.08280827
3.40000000 0.11814542
3.42000000 0.15178433
3.44000000 0.17599900
3.46000000 0.18568822
3.48000000 0.17956886
3.50000000 0.16017711
3.52000000 0.13275783
3.54000000 0.10347379
3.56000000 0.07756212
3.58000000 0.05804357
3.60000000 0.04536510
3.62000000 0.03801009
3.64000000 0.03376398
3.66000000 0.03109799
3.68000000 0.03010519
3.70000000 0.03260165
3.72000000 0.04132550
3.74000000 0.05851683
3.76000000 0.08441564
3.78000000 0.11628253
3.80000000 0.14839689
3.82000000 0.17316770
3.84000000 0.18310590
3.86000000 0.17308738
3.88000000 0.14219153
3.90000000 0.09448777
3.92000000 0.03844087
3.94000000 -0.01497783
3.96000000 -0.05498123
3.98000000 -0.07370670
