-4.00000000 0.00385885
-3.98000000 0.00582512
-3.96000000 0.00801856
-3.94000000 0.00968861
-3.92000000 0.01025774
-3.90000000 0.00952752
-3.88000000 0.00775445
-3.86000000 0.00556688
-3.84000000 0.00374962
-3.82000000 0.00297011
-3.80000000 0.00354140
-3.78000000 0.00530610
-3.76000000 0.00768410
-3.74000000 0.00986997
-3.72000000 0.01111296
-3.70000000 0.01098254
-3.68000000 0.00952557
-3.66000000 0.00725806
-3.64000000 0.00499144
-3.62000000 0.00355170
-3.60000000 0.00348854
-3.58000000 0.00487661
-3.56000000 0.00728075
-3.54000000 0.00990021
-3.52000000 0.01184444
-3.50000000 0.01244558
-3.48000000 0.01149827
-3.46000000 0.00934083
-3.44000000 0.00674632
-3.42000000 0.00465812
-3.40000000 0.00386037
-3.38000000 0.00469818
-3.36000000 0.00694723
-3.34000000 0.00988170
-3.32000000 0.01252052
-3.30000000 0.01396879
-3.28000000 0.01373566
-3.26000000 0.01191630
-3.24000000 0.00917064
-3.22000000 0.00650239
-3.20000000 0.00491188
-3.18000000 0.00504259
-3.16000000 0.00694612
-3.14000000 0.01005102
-3.12000000 0.01335115
-3.10000000 0.01575189
-3.08000000 0.01645560
-3.06000000 0.01525093
-3.04000000 0.01260173
-3.02000000 0.00949925
-3.00000000 0.00712436
-2.98000000 0.00643452
-2.96000000 0.00781975
-2.94000000 0.01095087
-2.92000000 0.01487858
-2.90000000 0.01835455
-2.88000000 0.02026684
-2.86000000 0.02003833
-2.84000000 0.01784641
-2.82000000 0.01458130
-2.80000000 0.01155075
-2.78000000 0.01002868
-2.76000000 0.01080336
-2.74000000 0.01388514
-2.72000000 0.01848177
-2.70000000 0.02325802
-2.68000000 0.02679579
-2.66000000 0.02809763
-2.64000000 0.02695652
-2.62000000 0.02405658
-2.60000000 0.02076060
-2.58000000 0.01864985
-2.56000000 0.01897167
-2.54000000 0.02218790
-2.52000000 0.02778799
-2.50000000 0.03444230
-2.48000000 0.04045285
-2.46000000 0.04435178
-2.44000000 0.04544007
-2.42000000 0.04407266
-2.40000000 0.04157928
-2.38000000 0.03983542
-2.36000000 0.04062283
-2.34000000 0.04499953
-2.32000000 0.05290419
-2.30000000 0.06314598
-2.28000000 0.07379982
-2.26000000 0.08288342
-2.24000000 0.08908692
-2.22000000 0.09229701
-2.20000000 0.09371903
-2.18000000 0.09553499
-2.16000000 0.10019829
-2.14000000 0.10960044
-2.12000000 0.12440297
-2.10000000 0.14378358
-2.08000000 0.16571056
-2.06000000 0.18767711
-2.04000000 0.20765820
-2.02000000 0.22496023
-2.00000000 0.24065251
-1.98000000 0.25740142
-1.96000000 0.27873210
-1.94000000 0.30795034
-1.92000000 0.34709612
-1.90000000 0.39631546
-1.88000000 0.45391507
-1.86000000 0.51713879
-1.84000000 0.58344800
-1.82000000 0.65188983
-1.80000000 0.72407178
-1.78000000 0.80436433
-1.76000000 0.89920172
-1.74000000 1.01567138
-1.72000000 1.15986597
-1.70000000 1.33561522
-1.68000000 1.54415018
-1.66000000 1.78497766
-1.64000000 2.05782748
-1.62000000 2.36510265
-1.60000000 2.71395770
-1.58000000 3.11707156
-1.56000000 3.59142105
-1.54000000 4.15486376
-1.52000000 4.82098234
-1.50000000 5.59324908
-1.48000000 6.45995520
-1.46000000 7.39137856
-1.44000000 8.34029165
-1.42000000 9.24620593
-1.40000000 10.04287502
-1.38000000 10.66775783
-1.36000000 11.07159471
-1.34000000 11.22612705
-1.32000000 11.12834141
-1.30000000 10.80036280
-1.28000000 10.28507737
-1.26000000 9.63849259
-1.24000000 8.92051401
-1.22000000 8.18607130
-1.20000000 7.47831502
-1.18000000 6.82500267
-1.16000000 6.23837049
-1.14000000 5.71796655
-1.12000000 5.25530793
-1.10000000 4.83895893
-1.08000000 4.45874458
-1.06000000 4.10824498
-1.04000000 3.78531319
-1.02000000 3.49094130
-1.00000000 3.22720841
-0.98000000 2.99518401
-0.96000000 2.79352502
-0.94000000 2.61816545
-0.92000000 2.46308118
-0.90000000 2.32175453
-0.88000000 2.18876810
-0.86000000 2.06096950
-0.84000000 1.93784304
-0.82000000 1.82102123
-0.80000000 1.71316197
-0.78000000 1.61661235
-0.76000000 1.53231944
-0.74000000 1.45933237
-0.72000000 1.39501784
-0.70000000 1.33586321
-0.68000000 1.27855302
-0.66000000 1.22093302
-0.64000000 1.16253856
-0.62000000 1.10453118
-0.60000000 1.04909695
-0.58000000 0.99853965
-0.56000000 0.95439250
-0.54000000 0.91684882
-0.52000000 0.88468817
-0.50000000 0.85569728
-0.48000000 0.82741713
-0.46000000 0.79794485
-0.44000000 0.76651332
-0.42000000 0.73365996
-0.40000000 0.70094484
-0.38000000 0.67033363
-0.36000000 0.64347052
-0.34000000 0.62109410
-0.32000000 0.60279025
-0.30000000 0.58715284
-0.28000000 0.57228106
-0.26000000 0.55642964
-0.24000000 0.53858324
-0.22000000 0.51876046
-0.20000000 0.49795296
-0.18000000 0.47773336
-0.16000000 0.45967816
-0.14000000 0.44480996
-0.12000000 0.43324994
-0.10000000 0.42419294
-0.08000000 0.41620291
-0.06000000 0.40771706
-0.04000000 0.39757842
-0.02000000 0.38541292
0.00000000 0.37172587
0.02000000 0.35769317
0.04000000 0.34472810
0.06000000 0.33397931
0.08000000 0.32593492
0.10000000 0.32026588
0.12000000 0.31595576
0.14000000 0.31166452
0.16000000 0.30619419
0.18000000 0.29889355
0.20000000 0.28986366
0.22000000 0.27989885
0.24000000 0.27019012
0.26000000 0.26189948
0.28000000 0.25575506
0.30000000 0.25180635
0.32000000 0.24941980
0.34000000 0.24751062
0.36000000 0.24492504
0.38000000 0.24083755
0.40000000 0.23502562
0.42000000 0.22792995
0.44000000 0.22048431
0.46000000 0.21377896
0.48000000 0.20867763
0.50000000 0.20552129
0.52000000 0.20401912
0.54000000 0.20336046
0.56000000 0.20250401
0.58000000 0.20054087
0.60000000 0.19700433
0.62000000 0.19202032
0.64000000 0.18625007
0.66000000 0.18064871
0.68000000 0.17612723
0.70000000 0.17323641
0.72000000 0.17198165
0.74000000 0.17183021
0.76000000 0.17190446
0.78000000 0.17129095
0.80000000 0.16935608
0.82000000 0.16595900
0.84000000 0.16149019
0.86000000 0.15672536
0.88000000 0.15254876
0.90000000 0.14964399
0.92000000 0.14825976
0.94000000 0.14813050
0.96000000 0.14857644
0.98000000 0.14874547
1.00000000 0.14791046
1.02000000 0.14571839
1.04000000 0.14230557
1.06000000 0.13824161
1.08000000 0.13432421
1.10000000 0.13129833
1.12000000 0.12959836
1.14000000 0.12920206
1.16000000 0.12964509
1.18000000 0.13018859
1.20000000 0.13007915
1.22000000 0.12880986
1.24000000 0.12629182
1.26000000 0.12287815
1.28000000 0.11923452
1.30000000 0.11610323
1.32000000 0.11404450
1.34000000 0.11324459
1.36000000 0.11345662
1.38000000 0.11409234
1.40000000 0.11443093
1.42000000 0.11387075
1.44000000 0.11213615
1.46000000 0.10936824
1.48000000 0.10606989
1.50000000 0.10292607
1.52000000 0.10056360
1.54000000 0.09933442
1.56000000 0.09919721
1.58000000 0.09973706
1.60000000 0.10031444
1.62000000 0.10029009
1.64000000 0.09924677
1.66000000 0.09713099
1.68000000 0.09426671
1.70000000 0.09123793
1.72000000 0.08868255
1.74000000 0.08707033
1.76000000 0.08654196
1.78000000 0.08686447
1.80000000 0.08751684
1.82000000 0.08787448
1.84000000 0.08742726
1.86000000 0.08595521
1.88000000 0.08360116
1.90000000 0.08081671
1.92000000 0.07820164
1.94000000 0.07629387
1.96000000 0.07538346
1.98000000 0.07541490
2.00000000 0.07601052
2.02000000 0.07660543
2.04000000 0.07664586
2.06000000 0.07578131
2.08000000 0.07398382
2.10000000 0.07155390
2.12000000 0.06901239
2.14000000 0.06691701
2.16000000 0.06566828
2.18000000 0.06537215
2.20000000 0.06580660
2.22000000 0.06650234
2.24000000 0.06690859
2.26000000 0.06658522
2.28000000 0.06535439
2.30000000 0.06335938
2.32000000 0.06101129
2.34000000 0.05884329
2.36000000 0.05732410
2.38000000 0.05669580
2.40000000 0.05689219
2.42000000 0.05756500
2.44000000 0.05820785
2.46000000 0.05833380
2.48000000 0.05764427
2.50000000 0.05613078
2.52000000 0.05407481
2.54000000 0.05194704
2.56000000 0.05024177
2.58000000 0.04930496
2.60000000 0.04921547
2.62000000 0.04976032
2.64000000 0.05051164
2.66000000 0.05097739
2.68000000 0.05077300
2.70000000 0.04975386
2.72000000 0.04806318
2.74000000 0.04607934
2.76000000 0.04428207
2.78000000 0.04308474
2.80000000 0.04269127
2.82000000 0.04302724
2.84000000 0.04376841
2.86000000 0.04445577
2.88000000 0.04465624
2.90000000 0.04411298
2.92000000 0.04283291
2.94000000 0.04108184
2.96000000 0.03928958
2.98000000 0.03789903
3.00000000 0.03721204
3.02000000 0.03728578
3.04000000 0.03791502
3.06000000 0.03870589
3.08000000 0.03921441
3.10000000 0.03910127
3.12000000 0.03824881
3.14000000 0.03679988
3.16000000 0.03510586
3.18000000 0.03360259
3.20000000 0.03265806
3.22000000 0.03244508
3.24000000 0.03288283
3.26000000 0.03366715
3.28000000 0.03437820
3.30000000 0.03462740
3.32000000 0.03419221
3.34000000 0.03309207
3.36000000 0.03157954
3.38000000 0.03005047
3.40000000 0.02890512
3.42000000 0.02840890
3.44000000 0.02860122
3.46000000 0.02928359
3.48000000 0.03009062
3.50000000 0.03061845
3.52000000 0.03056543
3.54000000 0.02983619
3.56000000 0.02857307
3.58000000 0.02710466
3.60000000 0.02582999
3.62000000 0.02507917
3.64000000 0.02499910
3.66000000 0.02550384
3.68000000 0.02630631
3.70000000 0.02701974
3.72000000 0.02729291
3.74000000 0.02693203
3.76000000 0.02596686
3.78000000 0.02463861
3.80000000 0.02331434
3.82000000 0.02235829
3.84000000 0.02200523
3.86000000 0.02227974
3.88000000 0.02298924
3.90000000 0.02379265
3.92000000 0.02432013
3.94000000 0.02430191
3.96000000 0.02366137
3.98000000 0.02254020
