-4.00000000 0.00875151
-3.98000000 0.00913349
-3.96000000 0.00953404
-3.94000000 0.00995413
-3.92000000 0.01039480
-3.90000000 0.01085714
-3.88000000 0.01134227
-3.86000000 0.01185138
-3.84000000 0.01238575
-3.82000000 0.01294671
-3.80000000 0.01353566
-3.78000000 0.01415412
-3.76000000 0.01480369
-3.74000000 0.01548605
-3.72000000 0.01620298
-3.70000000 0.01695637
-3.68000000 0.01774821
-3.66000000 0.01858057
-3.64000000 0.01945566
-3.62000000 0.02037584
-3.60000000 0.02134357
-3.58000000 0.02236149
-3.56000000 0.02343239
-3.54000000 0.02455925
-3.52000000 0.02574520
-3.50000000 0.02699357
-3.48000000 0.02830787
-3.46000000 0.02969180
-3.44000000 0.03114930
-3.42000000 0.03268454
-3.40000000 0.03430194
-3.38000000 0.03600619
-3.36000000 0.03780229
-3.34000000 0.03969552
-3.32000000 0.04169153
-3.30000000 0.04379628
-3.28000000 0.04601608
-3.26000000 0.04835764
-3.24000000 0.05082806
-3.22000000 0.05343490
-3.20000000 0.05618617
-3.18000000 0.05909038
-3.16000000 0.06215660
-3.14000000 0.06539447
-3.12000000 0.06881423
-3.10000000 0.07242678
-3.08000000 0.07624366
-3.06000000 0.08027718
-3.04000000 0.08454037
-3.02000000 0.08904712
-3.00000000 0.09381218
-2.98000000 0.09885125
-2.96000000 0.10418104
-2.94000000 0.10981934
-2.92000000 0.11578509
-2.90000000 0.12209844
-2.88000000 0.12878083
-2.86000000 0.13585506
-2.84000000 0.14334539
-2.82000000 0.15127764
-2.80000000 0.15967926
-2.78000000 0.16857952
-2.76000000 0.17800954
-2.74000000 0.18800249
-2.72000000 0.19859367
-2.70000000 0.20982065
-2.68000000 0.22172341
-2.66000000 0.23434449
-2.64000000 0.24772913
-2.62000000 0.26192544
-2.60000000 0.27698456
-2.58000000 0.29296089
-2.56000000 0.30991224
-2.54000000 0.32790006
-2.52000000 0.34698959
-2.50000000 0.36725013
-2.48000000 0.38875515
-2.46000000 0.41158254
-2.44000000 0.43581480
-2.42000000 0.46153920
-2.40000000 0.48884800
-2.38000000 0.51783863
-2.36000000 0.54861381
-2.34000000 0.58128173
-2.32000000 0.61595612
-2.30000000 0.65275627
-2.28000000 0.69180701
-2.26000000 0.73323861
-2.24000000 0.77718658
-2.22000000 0.82379137
-2.20000000 0.87319795
-2.18000000 0.92555522
-2.16000000 0.98101526
-2.14000000 1.03973230
-2.12000000 1.10186152
-2.10000000 1.16755739
-2.08000000 1.23697183
-2.06000000 1.31025180
-2.04000000 1.38753657
-2.02000000 1.46895444
-2.00000000 1.55461887
-1.98000000 1.64462416
-1.96000000 1.73904038
-1.94000000 1.83790771
-1.92000000 1.94123015
-1.90000000 2.04896857
-1.88000000 2.16103322
-1.86000000 2.27727586
-1.84000000 2.39748153
-1.82000000 2.52136047
-1.80000000 2.64854026
-1.78000000 2.77855871
-1.76000000 2.91085799
-1.74000000 3.04478042
-1.72000000 3.17956667
-1.70000000 3.31435683
-1.68000000 3.44819505
-1.66000000 3.58003818
-1.64000000 3.70876889
-1.62000000 3.83321335
-1.60000000 3.95216341
-1.58000000 4.06440277
-1.56000000 4.16873651
-1.54000000 4.26402260
-1.52000000 4.34920413
-1.50000000 4.42334059
-1.48000000 4.48563631
-1.46000000 4.53546469
-1.44000000 4.57238647
-1.42000000 4.59616127
-1.40000000 4.60675149
-1.38000000 4.60431878
-1.36000000 4.58921319
-1.34000000 4.56195621
-1.32000000 4.52321858
-1.30000000 4.47379471
-1.28000000 4.41457497
-1.26000000 4.34651749
-1.24000000 4.27062092
-1.22000000 4.18789900
-1.20000000 4.09935804
-1.18000000 4.00597761
-1.16000000 3.90869485
-1.14000000 3.80839232
-1.12000000 3.70588922
-1.10000000 3.60193572
-1.08000000 3.49721003
-1.06000000 3.39231768
-1.04000000 3.28779277
-1.02000000 3.18410051
-1.00000000 3.08164098
-0.98000000 2.98075355
-0.96000000 2.88172171
-0.94000000 2.78477819
-0.92000000 2.69011000
-0.90000000 2.59786343
-0.88000000 2.50814878
-0.86000000 2.42104484
-0.84000000 2.33660301
-0.82000000 2.25485112
-0.80000000 2.17579687
-0.78000000 2.09943095
-0.76000000 2.02572980
-0.74000000 1.95465805
-0.72000000 1.88617073
-0.70000000 1.82021507
-0.68000000 1.75673214
-0.66000000 1.69565827
-0.64000000 1.63692619
-0.62000000 1.58046614
-0.60000000 1.52620663
-0.58000000 1.47407528
-0.56000000 1.42399941
-0.54000000 1.37590657
-0.52000000 1.32972495
-0.50000000 1.28538373
-0.48000000 1.24281338
-0.46000000 1.20194582
-0.44000000 1.16271465
-0.42000000 1.12505521
-0.40000000 1.08890469
-0.38000000 1.05420226
-0.36000000 1.02088902
-0.34000000 0.98890812
-0.32000000 0.95820472
-0.30000000 0.92872598
-0.28000000 0.90042107
-0.26000000 0.87324108
-0.24000000 0.84713903
-0.22000000 0.82206975
-0.20000000 0.79798992
-0.18000000 0.77485791
-0.16000000 0.75263384
-0.14000000 0.73127946
-0.12000000 0.71075812
-0.10000000 0.69103471
-0.08000000 0.67207563
-0.06000000 0.65384869
-0.04000000 0.63632305
-0.02000000 0.61946919
0.00000000 0.60325881
0.02000000 0.58766484
0.04000000 0.57266131
0.06000000 0.55822339
0.08000000 0.54432728
0.10000000 0.53095022
0.12000000 0.51807042
0.14000000 0.50566701
0.16000000 0.49372000
0.18000000 0.48221025
0.20000000 0.47111941
0.22000000 0.46042988
0.24000000 0.45012478
0.26000000 0.44018795
0.28000000 0.43060388
0.30000000 0.42135773
0.32000000 0.41243526
0.34000000 0.40382283
0.36000000 0.39550735
0.38000000 0.38747629
0.40000000 0.37971758
0.42000000 0.37221967
0.44000000 0.36497143
0.46000000 0.35796220
0.48000000 0.35118174
0.50000000 0.34462023
0.52000000 0.33826824
0.54000000 0.33211673
0.56000000 0.32615703
0.58000000 0.32038081
0.60000000 0.31478007
0.62000000 0.30934712
0.64000000 0.30407458
0.66000000 0.29895535
0.68000000 0.29398262
0.70000000 0.28914985
0.72000000 0.28445079
0.74000000 0.27987942
0.76000000 0.27543002
0.78000000 0.27109706
0.80000000 0.26687528
0.82000000 0.26275960
0.84000000 0.25874519
0.86000000 0.25482738
0.88000000 0.25100173
0.90000000 0.24726398
0.92000000 0.24361007
0.94000000 0.24003614
0.96000000 0.23653850
0.98000000 0.23311365
1.00000000 0.22975825
1.02000000 0.22646912
1.04000000 0.22324322
1.06000000 0.22007768
1.08000000 0.21696976
1.10000000 0.21391686
1.12000000 0.21091652
1.14000000 0.20796644
1.16000000 0.20506444
1.18000000 0.20220846
1.20000000 0.19939660
1.22000000 0.19662703
1.24000000 0.19389806
1.26000000 0.19120809
1.28000000 0.18855561
1.30000000 0.18593922
1.32000000 0.18335762
1.34000000 0.18080959
1.36000000 0.17829402
1.38000000 0.17580988
1.40000000 0.17335623
1.42000000 0.17093219
1.44000000 0.16853697
1.46000000 0.16616982
1.48000000 0.16383006
1.50000000 0.16151706
1.52000000 0.15923026
1.54000000 0.15696914
1.56000000 0.15473325
1.58000000 0.15252217
1.60000000 0.15033555
1.62000000 0.14817307
1.64000000 0.14603443
1.66000000 0.14391939
1.68000000 0.14182771
1.70000000 0.13975918
1.72000000 0.13771362
1.74000000 0.13569086
1.76000000 0.13369077
1.78000000 0.13171323
1.80000000 0.12975814
1.82000000 0.12782544
1.84000000 0.12591504
1.86000000 0.12402689
1.88000000 0.12216093
1.90000000 0.12031710
1.92000000 0.11849533
1.94000000 0.11669559
1.96000000 0.11491782
1.98000000 0.11316197
2.00000000 0.11142802
2.02000000 0.10971592
2.04000000 0.10802565
2.06000000 0.10635714
2.08000000 0.10471037
2.10000000 0.10308526
2.12000000 0.10148175
2.14000000 0.09989977
2.16000000 0.09833924
2.18000000 0.09680009
2.20000000 0.09528222
2.22000000 0.09378556
2.24000000 0.09231002
2.26000000 0.09085551
2.28000000 0.08942192
2.30000000 0.08800913
2.32000000 0.08661702
2.34000000 0.08524546
2.36000000 0.08389430
2.38000000 0.08256340
2.40000000 0.08125261
2.42000000 0.07996179
2.44000000 0.07869078
2.46000000 0.07743943
2.48000000 0.07620757
2.50000000 0.07499503
2.52000000 0.07380163
2.54000000 0.07262718
2.56000000 0.07147148
2.58000000 0.07033435
2.60000000 0.06921557
2.62000000 0.06811496
2.64000000 0.06703232
2.66000000 0.06596744
2.68000000 0.06492014
2.70000000 0.06389020
2.72000000 0.06287740
2.74000000 0.06188154
2.76000000 0.06090238
2.78000000 0.05993971
2.80000000 0.05899330
2.82000000 0.05806293
2.84000000 0.05714839
2.86000000 0.05624946
2.88000000 0.05536592
2.90000000 0.05449757
2.92000000 0.05364418
2.94000000 0.05280552
2.96000000 0.05198138
2.98000000 0.05117151
3.00000000 0.05037571
3.02000000 0.04959375
3.04000000 0.04882541
3.06000000 0.04807049
3.08000000 0.04732878
3.10000000 0.04660006
3.12000000 0.04588414
3.14000000 0.04518079
3.16000000 0.04448980
3.18000000 0.04381097
3.20000000 0.04314408
3.22000000 0.04248893
3.24000000 0.04184531
3.26000000 0.04121303
3.28000000 0.04059191
3.30000000 0.03998175
3.32000000 0.03938236
3.34000000 0.03879355
3.36000000 0.03821515
3.38000000 0.03764695
3.40000000 0.03708876
3.42000000 0.03654041
3.44000000 0.03600171
3.46000000 0.03547249
3.48000000 0.03495259
3.50000000 0.03444184
3.52000000 0.03394008
3.54000000 0.03344714
3.56000000 0.03296286
3.58000000 0.03248708
3.60000000 0.03201963
3.62000000 0.03156036
3.64000000 0.03110910
3.66000000 0.03066572
3.68000000 0.03023006
3.70000000 0.02980199
3.72000000 0.02938137
3.74000000 0.02896807
3.76000000 0.02856194
3.78000000 0.02816284
3.80000000 0.02777065
3.82000000 0.02738523
3.84000000 0.02700643
3.86000000 0.02663414
3.88000000 0.02626824
3.90000000 0.02590861
3.92000000 0.02555513
3.94000000 0.02520769
3.96000000 0.02486618
3.98000000 0.02453049
