0.000000 2.000000 0.000000
0.010000 1.999732 0.020003
0.020000 1.999058 0.040009
0.030000 1.997979 0.060012
0.040000 1.996495 0.080004
0.050000 1.994609 0.099981
0.060000 1.992320 0.119936
0.070000 1.989630 0.139863
0.080000 1.986541 0.159756
0.090000 1.983053 0.179609
0.100000 1.979169 0.199415
0.110000 1.974890 0.219170
0.120000 1.970219 0.238866
0.130000 1.965157 0.258499
0.140000 1.959706 0.278062
0.150000 1.953870 0.297548
0.160000 1.947650 0.316954
0.170000 1.941049 0.336271
0.180000 1.934070 0.355496
0.190000 1.926715 0.374622
0.200000 1.918988 0.393643
0.210000 1.910893 0.412554
0.220000 1.902431 0.431349
0.230000 1.893608 0.450024
0.240000 1.884426 0.468571
0.250000 1.874888 0.486987
0.260000 1.865000 0.505265
0.270000 1.854764 0.523401
0.280000 1.844185 0.541389
0.290000 1.833268 0.559224
0.300000 1.822015 0.576901
0.310000 1.810433 0.594415
0.320000 1.798525 0.611761
0.330000 1.786296 0.628935
0.340000 1.773750 0.645931
0.350000 1.760893 0.662746
0.360000 1.747730 0.679373
0.370000 1.734265 0.695810
0.380000 1.720504 0.712050
0.390000 1.706452 0.728091
0.400000 1.692115 0.743928
0.410000 1.677497 0.759557
0.420000 1.662605 0.774973
0.430000 1.647444 0.790173
0.440000 1.632019 0.805153
0.450000 1.616337 0.819909
0.460000 1.600404 0.834438
0.470000 1.584224 0.848735
0.480000 1.567805 0.862798
0.490000 1.551151 0.876623
0.500000 1.534271 0.890206
0.510000 1.517169 0.903546
0.520000 1.499851 0.916638
0.530000 1.482325 0.929479
0.540000 1.464596 0.942067
0.550000 1.446671 0.954400
0.560000 1.428556 0.966474
0.570000 1.410258 0.978287
0.580000 1.391783 0.989837
0.590000 1.373137 1.001120
0.600000 1.354328 1.012136
0.610000 1.335362 1.022883
0.620000 1.316245 1.033357
0.630000 1.296985 1.043557
0.640000 1.277587 1.053483
0.650000 1.258059 1.063131
0.660000 1.238407 1.072500
0.670000 1.218638 1.081590
0.680000 1.198758 1.090399
0.690000 1.178775 1.098925
0.700000 1.158695 1.107168
0.710000 1.138524 1.115127
0.720000 1.118270 1.122801
0.730000 1.097938 1.130188
0.740000 1.077536 1.137290
0.750000 1.057071 1.144105
0.760000 1.036549 1.150632
0.770000 1.015976 1.156872
0.780000 0.995359 1.162825
0.790000 0.974705 1.168490
0.800000 0.954020 1.173867
0.810000 0.933311 1.178957
0.820000 0.912584 1.183760
0.830000 0.891845 1.188277
0.840000 0.871101 1.192507
0.850000 0.850358 1.196452
0.860000 0.829623 1.200112
0.870000 0.808902 1.203488
0.880000 0.788200 1.206581
0.890000 0.767524 1.209392
0.900000 0.746881 1.211922
0.910000 0.726275 1.214173
0.920000 0.705713 1.216145
0.930000 0.685201 1.217840
0.940000 0.664745 1.219260
0.950000 0.644349 1.220406
0.960000 0.624021 1.221280
0.970000 0.603765 1.221884
0.980000 0.583588 1.222219
0.990000 0.563493 1.222288
1.000000 0.543488 1.222093
1.010000 0.523577 1.221635
1.020000 0.503765 1.220917
1.030000 0.484057 1.219941
1.040000 0.464459 1.218711
1.050000 0.444975 1.217227
1.060000 0.425610 1.215493
1.070000 0.406369 1.213511
1.080000 0.387257 1.211284
1.090000 0.368277 1.208815
1.100000 0.349436 1.206106
1.110000 0.330736 1.203161
1.120000 0.312183 1.199982
1.130000 0.293780 1.196572
1.140000 0.275531 1.192935
1.150000 0.257442 1.189073
1.160000 0.239514 1.184990
1.170000 0.221753 1.180689
1.180000 0.204161 1.176174
1.190000 0.186743 1.171447
1.200000 0.169502 1.166512
1.210000 0.152441 1.161372
1.220000 0.135564 1.156032
1.230000 0.118873 1.150494
1.240000 0.102372 1.144762
1.250000 0.086064 1.138840
1.260000 0.069951 1.132731
1.270000 0.054036 1.126439
1.280000 0.038323 1.119968
1.290000 0.022813 1.113321
1.300000 0.007509 1.106503
1.310000 -0.007588 1.099517
1.320000 -0.022473 1.092367
1.330000 -0.037146 1.085056
1.340000 -0.051605 1.077590
1.350000 -0.065848 1.069970
1.360000 -0.079872 1.062203
1.370000 -0.093676 1.054290
1.380000 -0.107259 1.046237
1.390000 -0.120619 1.038047
1.400000 -0.133755 1.029725
1.410000 -0.146665 1.021273
1.420000 -0.159349 1.012697
1.430000 -0.171804 1.004000
1.440000 -0.184031 0.995186
1.450000 -0.196029 0.986260
1.460000 -0.207796 0.977224
1.470000 -0.219332 0.968083
1.480000 -0.230636 0.958842
1.490000 -0.241708 0.949503
1.500000 -0.252548 0.940072
1.510000 -0.263155 0.930551
1.520000 -0.273529 0.920945
1.530000 -0.283670 0.911258
1.540000 -0.293578 0.901493
1.550000 -0.303253 0.891655
1.560000 -0.312695 0.881748
1.570000 -0.321904 0.871774
1.580000 -0.330882 0.861739
1.590000 -0.339627 0.851646
1.600000 -0.348141 0.841498
1.610000 -0.356424 0.831299
1.620000 -0.364478 0.821054
1.630000 -0.372302 0.810765
1.640000 -0.379897 0.800437
1.650000 -0.387265 0.790074
1.660000 -0.394407 0.779677
1.670000 -0.401323 0.769252
1.680000 -0.408014 0.758802
1.690000 -0.414482 0.748330
1.700000 -0.420729 0.737840
1.710000 -0.426755 0.727336
1.720000 -0.432561 0.716819
1.730000 -0.438150 0.706295
1.740000 -0.443522 0.695766
1.750000 -0.448680 0.685235
1.760000 -0.453625 0.674706
1.770000 -0.458359 0.664182
1.780000 -0.462883 0.653666
1.790000 -0.467200 0.643161
1.800000 -0.471310 0.632671
1.810000 -0.475217 0.622197
1.820000 -0.478922 0.611743
1.830000 -0.482427 0.601313
1.840000 -0.485734 0.590908
1.850000 -0.488846 0.580532
1.860000 -0.491763 0.570187
1.870000 -0.494490 0.559876
1.880000 -0.497027 0.549602
1.890000 -0.499377 0.539367
1.900000 -0.501543 0.529174
1.910000 -0.503527 0.519025
1.920000 -0.505331 0.508923
1.930000 -0.506957 0.498870
1.940000 -0.508409 0.488868
1.950000 -0.509688 0.478921
1.960000 -0.510797 0.469029
1.970000 -0.511739 0.459195
1.980000 -0.512515 0.449421
1.990000 -0.513130 0.439710
2.000000 -0.513584 0.430063
2.010000 -0.513882 0.420483
2.020000 -0.514025 0.410970
2.030000 -0.514016 0.401527
2.040000 -0.513858 0.392157
2.050000 -0.513553 0.382859
2.060000 -0.513105 0.373637
2.070000 -0.512516 0.364492
2.080000 -0.511788 0.355424
2.090000 -0.510924 0.346437
2.100000 -0.509928 0.337531
2.110000 -0.508801 0.328708
2.120000 -0.507547 0.319969
2.130000 -0.506168 0.311315
2.140000 -0.504667 0.302748
2.150000 -0.503047 0.294268
2.160000 -0.501310 0.285878
2.170000 -0.499460 0.277577
2.180000 -0.497498 0.269368
2.190000 -0.495428 0.261250
2.200000 -0.493252 0.253226
2.210000 -0.490974 0.245295
2.220000 -0.488595 0.237459
2.230000 -0.486119 0.229719
2.240000 -0.483548 0.222075
2.250000 -0.480885 0.214527
2.260000 -0.478132 0.207077
2.270000 -0.475293 0.199726
2.280000 -0.472369 0.192472
2.290000 -0.469364 0.185318
2.300000 -0.466280 0.178264
2.310000 -0.463119 0.171309
2.320000 -0.459885 0.164455
2.330000 -0.456579 0.157702
2.340000 -0.453205 0.151049
2.350000 -0.449764 0.144498
2.360000 -0.446260 0.138048
2.370000 -0.442694 0.131699
2.380000 -0.439070 0.125452
2.390000 -0.435389 0.119306
2.400000 -0.431654 0.113262
2.410000 -0.427868 0.107320
2.420000 -0.424032 0.101479
2.430000 -0.420149 0.095740
2.440000 -0.416222 0.090102
2.450000 -0.412252 0.084565
2.460000 -0.408242 0.079129
2.470000 -0.404195 0.073794
2.480000 -0.400111 0.068560
2.490000 -0.395994 0.063425
2.500000 -0.391846 0.058391
2.510000 -0.387668 0.053455
2.520000 -0.383463 0.048619
2.530000 -0.379232 0.043881
2.540000 -0.374978 0.039242
2.550000 -0.370704 0.034700
2.560000 -0.366409 0.030255
2.570000 -0.362098 0.025907
2.580000 -0.357771 0.021655
2.590000 -0.353430 0.017499
2.600000 -0.349077 0.013437
2.610000 -0.344714 0.009469
2.620000 -0.340343 0.005595
2.630000 -0.335965 0.001813
2.640000 -0.331583 -0.001876
2.650000 -0.327197 -0.005474
2.660000 -0.322809 -0.008982
2.670000 -0.318422 -0.012399
2.680000 -0.314036 -0.015728
2.690000 -0.309653 -0.018968
2.700000 -0.305274 -0.022122
2.710000 -0.300902 -0.025188
2.720000 -0.296537 -0.028169
2.730000 -0.292180 -0.031065
2.740000 -0.287834 -0.033877
2.750000 -0.283499 -0.036607
2.760000 -0.279177 -0.039254
2.770000 -0.274869 -0.041820
2.780000 -0.270577 -0.044306
2.790000 -0.266300 -0.046713
2.800000 -0.262041 -0.049042
2.810000 -0.257801 -0.051293
2.820000 -0.253581 -0.053468
2.830000 -0.249382 -0.055568
2.840000 -0.245204 -0.057593
2.850000 -0.241050 -0.059545
2.860000 -0.236919 -0.061425
2.870000 -0.232813 -0.063234
2.880000 -0.228733 -0.064973
2.890000 -0.224679 -0.066642
2.900000 -0.220653 -0.068243
2.910000 -0.216655 -0.069778
2.920000 -0.212686 -0.071246
2.930000 -0.208747 -0.072649
2.940000 -0.204839 -0.073989
2.950000 -0.200961 -0.075265
2.960000 -0.197116 -0.076480
2.970000 -0.193303 -0.077634
2.980000 -0.189523 -0.078729
2.990000 -0.185777 -0.079764
3.000000 -0.182066 -0.080743
3.010000 -0.178389 -0.081664
3.020000 -0.174747 -0.082531
3.030000 -0.171141 -0.083343
3.040000 -0.167572 -0.084101
3.050000 -0.164039 -0.084808
3.060000 -0.160543 -0.085463
3.070000 -0.157085 -0.086068
3.080000 -0.153665 -0.086623
3.090000 -0.150282 -0.087131
3.100000 -0.146939 -0.087592
3.110000 -0.143634 -0.088006
3.120000 -0.140368 -0.088375
3.130000 -0.137141 -0.088701
3.140000 -0.133954 -0.088983
3.150000 -0.130806 -0.089223
3.160000 -0.127699 -0.089423
3.170000 -0.124631 -0.089582
3.180000 -0.121603 -0.089702
3.190000 -0.118616 -0.089784
3.200000 -0.115669 -0.089829
3.210000 -0.112762 -0.089837
3.220000 -0.109896 -0.089811
3.230000 -0.107071 -0.089750
3.240000 -0.104286 -0.089656
3.250000 -0.101542 -0.089529
3.260000 -0.098838 -0.089371
3.270000 -0.096174 -0.089182
3.280000 -0.093551 -0.088963
3.290000 -0.090969 -0.088716
3.300000 -0.088427 -0.088440
3.310000 -0.085925 -0.088138
3.320000 -0.083463 -0.087809
3.330000 -0.081041 -0.087454
3.340000 -0.078660 -0.087076
3.350000 -0.076317 -0.086673
3.360000 -0.074015 -0.086247
3.370000 -0.071752 -0.085799
3.380000 -0.069528 -0.085330
3.390000 -0.067343 -0.084840
3.400000 -0.065197 -0.084331
3.410000 -0.063089 -0.083802
3.420000 -0.061020 -0.083255
3.430000 -0.058990 -0.082690
3.440000 -0.056996 -0.082109
3.450000 -0.055041 -0.081511
3.460000 -0.053123 -0.080898
3.470000 -0.051242 -0.080269
3.480000 -0.049398 -0.079627
3.490000 -0.047590 -0.078972
3.500000 -0.045819 -0.078303
3.510000 -0.044084 -0.077623
3.520000 -0.042384 -0.076930
3.530000 -0.040719 -0.076227
3.540000 -0.039089 -0.075514
3.550000 -0.037494 -0.074791
3.560000 -0.035934 -0.074058
3.570000 -0.034407 -0.073317
3.580000 -0.032913 -0.072568
3.590000 -0.031453 -0.071812
3.600000 -0.030026 -0.071049
3.610000 -0.028631 -0.070279
3.620000 -0.027269 -0.069503
3.630000 -0.025938 -0.068722
3.640000 -0.024638 -0.067936
3.650000 -0.023370 -0.067146
3.660000 -0.022132 -0.066351
3.670000 -0.020925 -0.065553
3.680000 -0.019747 -0.064752
3.690000 -0.018598 -0.063949
3.700000 -0.017479 -0.063143
3.710000 -0.016389 -0.062335
3.720000 -0.015326 -0.061526
3.730000 -0.014292 -0.060716
3.740000 -0.013285 -0.059906
3.750000 -0.012305 -0.059095
3.760000 -0.011352 -0.058284
3.770000 -0.010425 -0.057474
3.780000 -0.009524 -0.056664
3.790000 -0.008648 -0.055856
3.800000 -0.007797 -0.055049
3.810000 -0.006972 -0.054244
3.820000 -0.006170 -0.053440
3.830000 -0.005392 -0.052640
3.840000 -0.004638 -0.051842
3.850000 -0.003907 -0.051046
3.860000 -0.003199 -0.050254
3.870000 -0.002513 -0.049466
3.880000 -0.001849 -0.048681
3.890000 -0.001206 -0.047900
3.900000 -0.000584 -0.047123
3.910000 0.000016 -0.046350
3.920000 0.000597 -0.045582
3.930000 0.001157 -0.044819
3.940000 0.001698 -0.044061
3.950000 0.002220 -0.043308
3.960000 0.002723 -0.042560
3.970000 0.003207 -0.041818
3.980000 0.003673 -0.041082
3.990000 0.004122 -0.040351
4.000000 0.004553 -0.039627
4.010000 0.004967 -0.038908
4.020000 0.005365 -0.038196
4.030000 0.005746 -0.037490
4.040000 0.006111 -0.036791
4.050000 0.006461 -0.036098
4.060000 0.006796 -0.035412
4.070000 0.007115 -0.034733
4.080000 0.007420 -0.034061
4.090000 0.007711 -0.033396
4.100000 0.007988 -0.032738
4.110000 0.008252 -0.032088
4.120000 0.008502 -0.031444
4.130000 0.008739 -0.030808
4.140000 0.008964 -0.030179
4.150000 0.009176 -0.029558
4.160000 0.009377 -0.028945
4.170000 0.009566 -0.028338
4.180000 0.009743 -0.027740
4.190000 0.009910 -0.027149
4.200000 0.010065 -0.026566
4.210000 0.010210 -0.025990
4.220000 0.010345 -0.025423
4.230000 0.010470 -0.024863
4.240000 0.010586 -0.024310
4.250000 0.010692 -0.023766
4.260000 0.010789 -0.023229
4.270000 0.010877 -0.022701
4.280000 0.010957 -0.022179
4.290000 0.011028 -0.021666
4.300000 0.011091 -0.021161
4.310000 0.011147 -0.020663
4.320000 0.011195 -0.020173
4.330000 0.011235 -0.019691
4.340000 0.011269 -0.019216
4.350000 0.011296 -0.018749
4.360000 0.011316 -0.018290
4.370000 0.011329 -0.017838
4.380000 0.011337 -0.017394
4.390000 0.011338 -0.016958
4.400000 0.011334 -0.016529
4.410000 0.011325 -0.016108
4.420000 0.011310 -0.015694
4.430000 0.011289 -0.015287
4.440000 0.011264 -0.014888
4.450000 0.011235 -0.014496
4.460000 0.011200 -0.014112
4.470000 0.011162 -0.013734
4.480000 0.011119 -0.013364
4.490000 0.011072 -0.013001
4.500000 0.011021 -0.012645
4.510000 0.010967 -0.012296
4.520000 0.010909 -0.011954
4.530000 0.010848 -0.011618
4.540000 0.010783 -0.011290
4.550000 0.010716 -0.010968
4.560000 0.010646 -0.010653
4.570000 0.010573 -0.010345
4.580000 0.010498 -0.010043
4.590000 0.010420 -0.009747
4.600000 0.010340 -0.009458
4.610000 0.010257 -0.009176
4.620000 0.010173 -0.008899
4.630000 0.010087 -0.008629
4.640000 0.009999 -0.008365
4.650000 0.009910 -0.008107
4.660000 0.009819 -0.007855
4.670000 0.009726 -0.007609
4.680000 0.009633 -0.007369
4.690000 0.009538 -0.007134
4.700000 0.009442 -0.006905
4.710000 0.009345 -0.006682
4.720000 0.009248 -0.006464
4.730000 0.009149 -0.006252
4.740000 0.009050 -0.006045
4.750000 0.008951 -0.005844
4.760000 0.008851 -0.005648
4.770000 0.008751 -0.005456
4.780000 0.008650 -0.005270
4.790000 0.008549 -0.005089
4.800000 0.008448 -0.004913
4.810000 0.008347 -0.004742
4.820000 0.008246 -0.004576
4.830000 0.008146 -0.004414
4.840000 0.008045 -0.004257
4.850000 0.007945 -0.004105
4.860000 0.007845 -0.003957
4.870000 0.007745 -0.003813
4.880000 0.007646 -0.003674
4.890000 0.007547 -0.003539
4.900000 0.007449 -0.003408
4.910000 0.007352 -0.003281
4.920000 0.007255 -0.003159
4.930000 0.007159 -0.003040
4.940000 0.007064 -0.002925
4.950000 0.006970 -0.002814
4.960000 0.006877 -0.002707
4.970000 0.006784 -0.002604
4.980000 0.006693 -0.002504
4.990000 0.006603 -0.002408
5.000000 0.006513 -0.002315
5.010000 0.006425 -0.002226
5.020000 0.006338 -0.002140
5.030000 0.006252 -0.002057
5.040000 0.006168 -0.001978
5.050000 0.006085 -0.001901
5.060000 0.006003 -0.001828
5.070000 0.005922 -0.001758
5.080000 0.005843 -0.001691
5.090000 0.005765 -0.001626
5.100000 0.005688 -0.001565
5.110000 0.005613 -0.001506
5.120000 0.005540 -0.001450
5.130000 0.005468 -0.001396
5.140000 0.005397 -0.001346
5.150000 0.005328 -0.001297
5.160000 0.005261 -0.001252
5.170000 0.005195 -0.001208
5.180000 0.005131 -0.001167
5.190000 0.005068 -0.001128
5.200000 0.005007 -0.001092
5.210000 0.004948 -0.001057
5.220000 0.004890 -0.001025
5.230000 0.004834 -0.000995
5.240000 0.004780 -0.000967
5.250000 0.004727 -0.000941
5.260000 0.004676 -0.000917
5.270000 0.004627 -0.000894
5.280000 0.004579 -0.000874
5.290000 0.004533 -0.000855
5.300000 0.004489 -0.000838
5.310000 0.004447 -0.000822
5.320000 0.004407 -0.000808
5.330000 0.004368 -0.000796
5.340000 0.004331 -0.000785
5.350000 0.004296 -0.000776
5.360000 0.004262 -0.000768
5.370000 0.004230 -0.000761
5.380000 0.004200 -0.000756
5.390000 0.004172 -0.000752
5.400000 0.004146 -0.000749
5.410000 0.004121 -0.000748
5.420000 0.004098 -0.000747
5.430000 0.004077 -0.000748
5.440000 0.004058 -0.000749
5.450000 0.004041 -0.000752
5.460000 0.004025 -0.000756
5.470000 0.004011 -0.000760
5.480000 0.003998 -0.000766
5.490000 0.003988 -0.000772
5.500000 0.003979 -0.000779
5.510000 0.003972 -0.000787
5.520000 0.003967 -0.000796
5.530000 0.003963 -0.000805
5.540000 0.003961 -0.000815
5.550000 0.003961 -0.000826
5.560000 0.003963 -0.000837
5.570000 0.003966 -0.000849
5.580000 0.003971 -0.000861
5.590000 0.003978 -0.000873
5.600000 0.003986 -0.000886
5.610000 0.003996 -0.000900
5.620000 0.004008 -0.000914
5.630000 0.004021 -0.000928
5.640000 0.004036 -0.000942
5.650000 0.004052 -0.000957
5.660000 0.004070 -0.000972
5.670000 0.004090 -0.000987
5.680000 0.004111 -0.001002
5.690000 0.004134 -0.001017
5.700000 0.004158 -0.001033
5.710000 0.004184 -0.001048
5.720000 0.004212 -0.001064
5.730000 0.004240 -0.001079
5.740000 0.004271 -0.001095
5.750000 0.004303 -0.001110
5.760000 0.004336 -0.001126
5.770000 0.004371 -0.001141
5.780000 0.004407 -0.001156
5.790000 0.004445 -0.001171
5.800000 0.004483 -0.001185
5.810000 0.004524 -0.001200
5.820000 0.004566 -0.001214
5.830000 0.004609 -0.001228
5.840000 0.004653 -0.001241
5.850000 0.004699 -0.001254
5.860000 0.004745 -0.001267
5.870000 0.004794 -0.001280
5.880000 0.004843 -0.001292
5.890000 0.004894 -0.001303
5.900000 0.004945 -0.001314
5.910000 0.004998 -0.001325
5.920000 0.005053 -0.001335
5.930000 0.005108 -0.001344
5.940000 0.005164 -0.001353
5.950000 0.005222 -0.001361
5.960000 0.005280 -0.001369
5.970000 0.005340 -0.001376
5.980000 0.005400 -0.001382
5.990000 0.005462 -0.001388
6.000000 0.005524 -0.001393
6.010000 0.005588 -0.001397
6.020000 0.005652 -0.001400
6.030000 0.005717 -0.001403
6.040000 0.005783 -0.001405
6.050000 0.005850 -0.001406
6.060000 0.005918 -0.001406
6.070000 0.005986 -0.001405
6.080000 0.006056 -0.001403
6.090000 0.006126 -0.001401
6.100000 0.006196 -0.001397
6.110000 0.006268 -0.001393
6.120000 0.006340 -0.001388
6.130000 0.006412 -0.001382
6.140000 0.006485 -0.001374
6.150000 0.006559 -0.001366
6.160000 0.006633 -0.001357
6.170000 0.006708 -0.001346
6.180000 0.006783 -0.001335
6.190000 0.006859 -0.001322
6.200000 0.006935 -0.001309
6.210000 0.007012 -0.001294
6.220000 0.007088 -0.001278
6.230000 0.007166 -0.001261
6.240000 0.007243 -0.001243
6.250000 0.007321 -0.001224
6.260000 0.007398 -0.001204
6.270000 0.007476 -0.001182
6.280000 0.007555 -0.001160
6.290000 0.007633 -0.001136
6.300000 0.007711 -0.001111
6.310000 0.007790 -0.001084
6.320000 0.007868 -0.001057
6.330000 0.007946 -0.001028
6.340000 0.008025 -0.000998
6.350000 0.008103 -0.000966
6.360000 0.008181 -0.000934
6.370000 0.008259 -0.000900
6.380000 0.008337 -0.000865
6.390000 0.008415 -0.000828
6.400000 0.008492 -0.000791
6.410000 0.008569 -0.000752
6.420000 0.008646 -0.000711
6.430000 0.008722 -0.000670
6.440000 0.008798 -0.000627
6.450000 0.008874 -0.000583
6.460000 0.008949 -0.000537
6.470000 0.009023 -0.000491
6.480000 0.009097 -0.000443
6.490000 0.009171 -0.000393
6.500000 0.009244 -0.000342
6.510000 0.009316 -0.000290
6.520000 0.009388 -0.000237
6.530000 0.009458 -0.000182
6.540000 0.009529 -0.000127
6.550000 0.009598 -0.000069
6.560000 0.009666 -0.000011
6.570000 0.009734 0.000049
6.580000 0.009801 0.000110
6.590000 0.009867 0.000172
6.600000 0.009932 0.000236
6.610000 0.009996 0.000301
6.620000 0.010059 0.000367
6.630000 0.010121 0.000434
6.640000 0.010182 0.000503
6.650000 0.010241 0.000573
6.660000 0.010300 0.000644
6.670000 0.010357 0.000716
6.680000 0.010413 0.000790
6.690000 0.010468 0.000865
6.700000 0.010522 0.000941
6.710000 0.010574 0.001018
6.720000 0.010625 0.001096
6.730000 0.010675 0.001175
6.740000 0.010723 0.001256
6.750000 0.010770 0.001337
6.760000 0.010815 0.001420
6.770000 0.010859 0.001504
6.780000 0.010902 0.001588
6.790000 0.010943 0.001674
6.800000 0.010982 0.001761
6.810000 0.011019 0.001849
6.820000 0.011055 0.001938
6.830000 0.011090 0.002028
6.840000 0.011123 0.002119
6.850000 0.011154 0.002210
6.860000 0.011183 0.002303
6.870000 0.011210 0.002396
6.880000 0.011236 0.002491
6.890000 0.011260 0.002586
6.900000 0.011282 0.002682
6.910000 0.011302 0.002779
6.920000 0.011321 0.002876
6.930000 0.011337 0.002974
6.940000 0.011352 0.003073
6.950000 0.011364 0.003173
6.960000 0.011375 0.003273
6.970000 0.011384 0.003374
6.980000 0.011391 0.003476
6.990000 0.011396 0.003578
7.000000 0.011398 0.003681
7.010000 0.011399 0.003784
7.020000 0.011398 0.003888
7.030000 0.011394 0.003992
7.040000 0.011389 0.004097
7.050000 0.011381 0.004202
7.060000 0.011372 0.004307
7.070000 0.011360 0.004413
7.080000 0.011346 0.004519
7.090000 0.011330 0.004625
7.100000 0.011312 0.004732
7.110000 0.011292 0.004839
7.120000 0.011269 0.004946
7.130000 0.011245 0.005053
7.140000 0.011218 0.005160
7.150000 0.011189 0.005268
7.160000 0.011158 0.005375
7.170000 0.011125 0.005483
7.180000 0.011089 0.005590
7.190000 0.011052 0.005697
7.200000 0.011012 0.005805
7.210000 0.010970 0.005912
7.220000 0.010926 0.006019
7.230000 0.010880 0.006126
7.240000 0.010831 0.006233
7.250000 0.010780 0.006339
7.260000 0.010728 0.006445
7.270000 0.010673 0.006551
7.280000 0.010616 0.006656
7.290000 0.010556 0.006762
7.300000 0.010495 0.006866
7.310000 0.010431 0.006970
7.320000 0.010366 0.007074
7.330000 0.010298 0.007177
7.340000 0.010228 0.007280
7.350000 0.010156 0.007382
7.360000 0.010082 0.007483
7.370000 0.010006 0.007584
7.380000 0.009928 0.007684
7.390000 0.009848 0.007784
7.400000 0.009765 0.007882
7.410000 0.009681 0.007980
7.420000 0.009595 0.008077
7.430000 0.009507 0.008173
7.440000 0.009417 0.008268
7.450000 0.009325 0.008362
7.460000 0.009231 0.008456
7.470000 0.009135 0.008548
7.480000 0.009038 0.008639
7.490000 0.008938 0.008729
7.500000 0.008837 0.008819
7.510000 0.008734 0.008907
7.520000 0.008629 0.008994
7.530000 0.008523 0.009079
7.540000 0.008415 0.009164
7.550000 0.008305 0.009247
7.560000 0.008193 0.009329
7.570000 0.008080 0.009410
7.580000 0.007965 0.009489
7.590000 0.007849 0.009567
7.600000 0.007731 0.009644
7.610000 0.007612 0.009719
7.620000 0.007491 0.009793
7.630000 0.007369 0.009866
7.640000 0.007245 0.009937
7.650000 0.007120 0.010006
7.660000 0.006994 0.010074
7.670000 0.006866 0.010141
7.680000 0.006737 0.010205
7.690000 0.006607 0.010269
7.700000 0.006475 0.010330
7.710000 0.006343 0.010390
7.720000 0.006209 0.010449
7.730000 0.006074 0.010506
7.740000 0.005939 0.010561
7.750000 0.005802 0.010614
7.760000 0.005664 0.010666
7.770000 0.005525 0.010715
7.780000 0.005386 0.010764
7.790000 0.005245 0.010810
7.800000 0.005104 0.010854
7.810000 0.004962 0.010897
7.820000 0.004819 0.010938
7.830000 0.004675 0.010977
7.840000 0.004531 0.011015
7.850000 0.004386 0.011050
7.860000 0.004241 0.011084
7.870000 0.004095 0.011115
7.880000 0.003948 0.011145
7.890000 0.003801 0.011173
7.900000 0.003654 0.011199
7.910000 0.003506 0.011223
7.920000 0.003358 0.011245
7.930000 0.003210 0.011266
7.940000 0.003061 0.011284
7.950000 0.002913 0.011300
7.960000 0.002764 0.011315
7.970000 0.002614 0.011327
7.980000 0.002465 0.011338
7.990000 0.002316 0.011347
8.000000 0.002167 0.011354
8.010000 0.002017 0.011358
8.020000 0.001868 0.011361
8.030000 0.001719 0.011362
8.040000 0.001570 0.011361
8.050000 0.001421 0.011358
8.060000 0.001273 0.011354
8.070000 0.001124 0.011347
8.080000 0.000977 0.011338
8.090000 0.000829 0.011328
8.100000 0.000682 0.011315
8.110000 0.000535 0.011301
8.120000 0.000388 0.011284
8.130000 0.000243 0.011266
8.140000 0.000097 0.011246
8.150000 -0.000048 0.011224
8.160000 -0.000192 0.011200
8.170000 -0.000335 0.011175
8.180000 -0.000478 0.011147
8.190000 -0.000620 0.011118
8.200000 -0.000762 0.011087
8.210000 -0.000902 0.011054
8.220000 -0.001042 0.011019
8.230000 -0.001181 0.010983
8.240000 -0.001319 0.010945
8.250000 -0.001456 0.010905
8.260000 -0.001592 0.010863
8.270000 -0.001728 0.010820
8.280000 -0.001862 0.010775
8.290000 -0.001995 0.010728
8.300000 -0.002127 0.010680
8.310000 -0.002258 0.010630
8.320000 -0.002388 0.010578
8.330000 -0.002517 0.010525
8.340000 -0.002644 0.010470
8.350000 -0.002771 0.010414
8.360000 -0.002896 0.010356
8.370000 -0.003020 0.010297
8.380000 -0.003142 0.010236
8.390000 -0.003264 0.010173
8.400000 -0.003384 0.010110
8.410000 -0.003502 0.010044
8.420000 -0.003619 0.009978
8.430000 -0.003735 0.009910
8.440000 -0.003850 0.009841
8.450000 -0.003963 0.009770
8.460000 -0.004074 0.009698
8.470000 -0.004184 0.009625
8.480000 -0.004293 0.009550
8.490000 -0.004400 0.009474
8.500000 -0.004505 0.009397
8.510000 -0.004609 0.009319
8.520000 -0.004712 0.009240
8.530000 -0.004812 0.009160
8.540000 -0.004912 0.009078
8.550000 -0.005009 0.008996
8.560000 -0.005105 0.008912
8.570000 -0.005200 0.008827
8.580000 -0.005292 0.008742
8.590000 -0.005383 0.008655
8.600000 -0.005473 0.008568
8.610000 -0.005560 0.008479
8.620000 -0.005646 0.008390
8.630000 -0.005731 0.008300
8.640000 -0.005813 0.008209
8.650000 -0.005894 0.008117
8.660000 -0.005973 0.008025
8.670000 -0.006051 0.007931
8.680000 -0.006127 0.007837
8.690000 -0.006201 0.007743
8.700000 -0.006273 0.007647
8.710000 -0.006344 0.007551
8.720000 -0.006412 0.007455
8.730000 -0.006479 0.007357
8.740000 -0.006545 0.007260
8.750000 -0.006608 0.007161
8.760000 -0.006670 0.007063
8.770000 -0.006730 0.006964
8.780000 -0.006789 0.006864
8.790000 -0.006845 0.006764
8.800000 -0.006900 0.006663
8.810000 -0.006953 0.006563
8.820000 -0.007005 0.006461
8.830000 -0.007055 0.006360
8.840000 -0.007103 0.006258
8.850000 -0.007149 0.006156
8.860000 -0.007193 0.006054
8.870000 -0.007236 0.005951
8.880000 -0.007277 0.005849
8.890000 -0.007317 0.005746
8.900000 -0.007355 0.005643
8.910000 -0.007391 0.005540
8.920000 -0.007425 0.005437
8.930000 -0.007458 0.005334
8.940000 -0.007489 0.005231
8.950000 -0.007519 0.005128
8.960000 -0.007546 0.005024
8.970000 -0.007573 0.004921
8.980000 -0.007597 0.004818
8.990000 -0.007620 0.004715
9.000000 -0.007642 0.004612
9.010000 -0.007661 0.004510
9.020000 -0.007680 0.004407
9.030000 -0.007696 0.004305
9.040000 -0.007712 0.004202
9.050000 -0.007725 0.004100
9.060000 -0.007738 0.003999
9.070000 -0.007748 0.003897
9.080000 -0.007757 0.003796
9.090000 -0.007765 0.003695
9.100000 -0.007771 0.003594
9.110000 -0.007776 0.003494
9.120000 -0.007780 0.003394
9.130000 -0.007782 0.003294
9.140000 -0.007782 0.003195
9.150000 -0.007781 0.003096
9.160000 -0.007779 0.002998
9.170000 -0.007776 0.002900
9.180000 -0.007771 0.002802
9.190000 -0.007765 0.002705
9.200000 -0.007758 0.002609
9.210000 -0.007749 0.002512
9.220000 -0.007739 0.002417
9.230000 -0.007728 0.002322
9.240000 -0.007715 0.002227
9.250000 -0.007702 0.002133
9.260000 -0.007687 0.002040
9.270000 -0.007671 0.001947
9.280000 -0.007654 0.001855
9.290000 -0.007636 0.001763
9.300000 -0.007616 0.001672
9.310000 -0.007596 0.001582
9.320000 -0.007574 0.001492
9.330000 -0.007552 0.001403
9.340000 -0.007528 0.001315
9.350000 -0.007504 0.001227
9.360000 -0.007478 0.001140
9.370000 -0.007451 0.001054
9.380000 -0.007423 0.000968
9.390000 -0.007395 0.000883
9.400000 -0.007365 0.000799
9.410000 -0.007335 0.000715
9.420000 -0.007303 0.000632
9.430000 -0.007271 0.000550
9.440000 -0.007238 0.000469
9.450000 -0.007204 0.000388
9.460000 -0.007169 0.000309
9.470000 -0.007134 0.000230
9.480000 -0.007097 0.000151
9.490000 -0.007060 0.000074
9.500000 -0.007022 -0.000003
9.510000 -0.006983 -0.000079
9.520000 -0.006944 -0.000154
9.530000 -0.006904 -0.000228
9.540000 -0.006863 -0.000302
9.550000 -0.006821 -0.000374
9.560000 -0.006779 -0.000446
9.570000 -0.006736 -0.000517
9.580000 -0.006693 -0.000587
9.590000 -0.006649 -0.000657
9.600000 -0.006604 -0.000726
9.610000 -0.006559 -0.000793
9.620000 -0.006513 -0.000860
9.630000 -0.006467 -0.000926
9.640000 -0.006420 -0.000992
9.650000 -0.006373 -0.001056
9.660000 -0.006325 -0.001120
9.670000 -0.006276 -0.001183
9.680000 -0.006227 -0.001245
9.690000 -0.006178 -0.001306
9.700000 -0.006128 -0.001366
9.710000 -0.006078 -0.001426
9.720000 -0.006027 -0.001484
9.730000 -0.005976 -0.001542
9.740000 -0.005925 -0.001599
9.750000 -0.005873 -0.001655
9.760000 -0.005821 -0.001710
9.770000 -0.005768 -0.001765
9.780000 -0.005716 -0.001818
9.790000 -0.005662 -0.001871
9.800000 -0.005609 -0.001923
9.810000 -0.005555 -0.001974
9.820000 -0.005501 -0.002024
9.830000 -0.005447 -0.002074
9.840000 -0.005392 -0.002122
9.850000 -0.005337 -0.002170
9.860000 -0.005282 -0.002217
9.870000 -0.005227 -0.002263
9.880000 -0.005171 -0.002309
9.890000 -0.005115 -0.002353
9.900000 -0.005060 -0.002397
9.910000 -0.005003 -0.002440
9.920000 -0.004947 -0.002482
9.930000 -0.004891 -0.002523
9.940000 -0.004834 -0.002564
9.950000 -0.004777 -0.002603
9.960000 -0.004720 -0.002642
9.970000 -0.004663 -0.002680
9.980000 -0.004606 -0.002718
9.990000 -0.004549 -0.002754
10.000000 -0.004492 -0.002790
10.010000 -0.004434 -0.002825
10.020000 -0.004377 -0.002859
10.030000 -0.004319 -0.002892
10.040000 -0.004262 -0.002925
10.050000 -0.004204 -0.002956
10.060000 -0.004146 -0.002988
10.070000 -0.004088 -0.003018
10.080000 -0.004031 -0.003047
10.090000 -0.003973 -0.003076
10.100000 -0.003915 -0.003104
10.110000 -0.003857 -0.003131
10.120000 -0.003799 -0.003158
10.130000 -0.003742 -0.003184
10.140000 -0.003684 -0.003209
10.150000 -0.003626 -0.003233
10.160000 -0.003568 -0.003257
10.170000 -0.003511 -0.003279
10.180000 -0.003453 -0.003301
10.190000 -0.003396 -0.003323
10.200000 -0.003338 -0.003344
10.210000 -0.003281 -0.003363
10.220000 -0.003223 -0.003383
10.230000 -0.003166 -0.003401
10.240000 -0.003109 -0.003419
10.250000 -0.003052 -0.003436
10.260000 -0.002995 -0.003453
10.270000 -0.002938 -0.003468
10.280000 -0.002881 -0.003484
10.290000 -0.002824 -0.003498
10.300000 -0.002768 -0.003512
10.310000 -0.002712 -0.003525
10.320000 -0.002655 -0.003537
10.330000 -0.002599 -0.003549
10.340000 -0.002543 -0.003560
10.350000 -0.002487 -0.003570
10.360000 -0.002432 -0.003580
10.370000 -0.002376 -0.003589
10.380000 -0.002321 -0.003597
10.390000 -0.002266 -0.003605
10.400000 -0.002211 -0.003612
10.410000 -0.002156 -0.003619
10.420000 -0.002101 -0.003625
10.430000 -0.002047 -0.003630
10.440000 -0.001993 -0.003634
10.450000 -0.001939 -0.003638
10.460000 -0.001885 -0.003642
10.470000 -0.001831 -0.003645
10.480000 -0.001778 -0.003647
10.490000 -0.001725 -0.003648
10.500000 -0.001672 -0.003649
10.510000 -0.001619 -0.003650
10.520000 -0.001567 -0.003649
10.530000 -0.001514 -0.003648
10.540000 -0.001462 -0.003647
10.550000 -0.001411 -0.003645
10.560000 -0.001359 -0.003643
10.570000 -0.001308 -0.003639
10.580000 -0.001257 -0.003636
10.590000 -0.001206 -0.003631
10.600000 -0.001156 -0.003627
10.610000 -0.001106 -0.003621
10.620000 -0.001056 -0.003615
10.630000 -0.001007 -0.003609
10.640000 -0.000957 -0.003602
10.650000 -0.000908 -0.003594
10.660000 -0.000860 -0.003586
10.670000 -0.000811 -0.003578
10.680000 -0.000763 -0.003568
10.690000 -0.000716 -0.003559
10.700000 -0.000668 -0.003549
10.710000 -0.000621 -0.003538
10.720000 -0.000575 -0.003527
10.730000 -0.000528 -0.003515
10.740000 -0.000482 -0.003503
10.750000 -0.000436 -0.003490
10.760000 -0.000391 -0.003477
10.770000 -0.000346 -0.003464
10.780000 -0.000301 -0.003449
10.790000 -0.000257 -0.003435
10.800000 -0.000213 -0.003420
10.810000 -0.000169 -0.003404
10.820000 -0.000126 -0.003388
10.830000 -0.000083 -0.003372
10.840000 -0.000041 -0.003355
10.850000 0.000001 -0.003338
10.860000 0.000043 -0.003320
10.870000 0.000084 -0.003302
10.880000 0.000125 -0.003283
10.890000 0.000166 -0.003264
10.900000 0.000206 -0.003245
10.910000 0.000246 -0.003225
10.920000 0.000285 -0.003205
10.930000 0.000324 -0.003184
10.940000 0.000362 -0.003163
10.950000 0.000400 -0.003142
10.960000 0.000438 -0.003120
10.970000 0.000475 -0.003098
10.980000 0.000512 -0.003075
10.990000 0.000548 -0.003052
11.000000 0.000584 -0.003029
11.010000 0.000620 -0.003005
11.020000 0.000655 -0.002981
11.030000 0.000689 -0.002957
11.040000 0.000724 -0.002932
11.050000 0.000757 -0.002907
11.060000 0.000790 -0.002882
11.070000 0.000823 -0.002856
11.080000 0.000856 -0.002830
11.090000 0.000887 -0.002804
11.100000 0.000919 -0.002778
11.110000 0.000950 -0.002751
11.120000 0.000980 -0.002724
11.130000 0.001010 -0.002696
11.140000 0.001040 -0.002669
11.150000 0.001069 -0.002641
11.160000 0.001097 -0.002613
11.170000 0.001125 -0.002584
11.180000 0.001153 -0.002556
11.190000 0.001180 -0.002527
11.200000 0.001207 -0.002498
11.210000 0.001233 -0.002468
11.220000 0.001258 -0.002439
11.230000 0.001283 -0.002409
11.240000 0.001308 -0.002379
11.250000 0.001332 -0.002349
11.260000 0.001356 -0.002318
11.270000 0.001379 -0.002288
11.280000 0.001401 -0.002257
11.290000 0.001423 -0.002226
11.300000 0.001445 -0.002195
11.310000 0.001466 -0.002164
11.320000 0.001487 -0.002133
11.330000 0.001507 -0.002101
11.340000 0.001526 -0.002070
11.350000 0.001545 -0.002038
11.360000 0.001564 -0.002006
11.370000 0.001582 -0.001974
11.380000 0.001600 -0.001942
11.390000 0.001617 -0.001910
11.400000 0.001633 -0.001878
11.410000 0.001649 -0.001845
11.420000 0.001665 -0.001813
11.430000 0.001680 -0.001781
11.440000 0.001694 -0.001748
11.450000 0.001708 -0.001716
11.460000 0.001721 -0.001683
11.470000 0.001734 -0.001650
11.480000 0.001747 -0.001618
11.490000 0.001759 -0.001585
11.500000 0.001770 -0.001552
11.510000 0.001781 -0.001520
11.520000 0.001791 -0.001487
11.530000 0.001801 -0.001454
11.540000 0.001811 -0.001422
11.550000 0.001820 -0.001389
11.560000 0.001828 -0.001357
11.570000 0.001836 -0.001324
11.580000 0.001843 -0.001292
11.590000 0.001850 -0.001259
11.600000 0.001857 -0.001227
11.610000 0.001863 -0.001194
11.620000 0.001868 -0.001162
11.630000 0.001873 -0.001130
11.640000 0.001878 -0.001098
11.650000 0.001882 -0.001066
11.660000 0.001885 -0.001034
11.670000 0.001888 -0.001002
11.680000 0.001891 -0.000971
11.690000 0.001893 -0.000939
11.700000 0.001895 -0.000908
11.710000 0.001896 -0.000876
11.720000 0.001897 -0.000845
11.730000 0.001897 -0.000814
11.740000 0.001897 -0.000783
11.750000 0.001896 -0.000753
11.760000 0.001895 -0.000722
11.770000 0.001894 -0.000692
11.780000 0.001892 -0.000662
11.790000 0.001890 -0.000632
11.800000 0.001887 -0.000602
11.810000 0.001884 -0.000572
11.820000 0.001880 -0.000543
11.830000 0.001876 -0.000514
11.840000 0.001872 -0.000485
11.850000 0.001867 -0.000456
11.860000 0.001862 -0.000428
11.870000 0.001856 -0.000399
11.880000 0.001850 -0.000371
11.890000 0.001844 -0.000343
11.900000 0.001837 -0.000316
11.910000 0.001830 -0.000289
11.920000 0.001823 -0.000262
11.930000 0.001815 -0.000235
11.940000 0.001807 -0.000208
11.950000 0.001798 -0.000182
11.960000 0.001790 -0.000156
11.970000 0.001780 -0.000130
11.980000 0.001771 -0.000105
11.990000 0.001761 -0.000080
12.000000 0.001751 -0.000055
12.010000 0.001740 -0.000030
12.020000 0.001730 -0.000006
12.030000 0.001719 0.000018
12.040000 0.001707 0.000041
12.050000 0.001696 0.000065
12.060000 0.001684 0.000088
12.070000 0.001671 0.000110
12.080000 0.001659 0.000133
12.090000 0.001646 0.000155
12.100000 0.001633 0.000177
12.110000 0.001620 0.000198
12.120000 0.001606 0.000219
12.130000 0.001593 0.000240
12.140000 0.001579 0.000260
12.150000 0.001564 0.000280
12.160000 0.001550 0.000300
12.170000 0.001535 0.000319
12.180000 0.001520 0.000338
12.190000 0.001505 0.000357
12.200000 0.001490 0.000375
12.210000 0.001475 0.000393
12.220000 0.001459 0.000411
12.230000 0.001443 0.000428
12.240000 0.001427 0.000445
12.250000 0.001411 0.000462
12.260000 0.001395 0.000478
12.270000 0.001379 0.000494
12.280000 0.001362 0.000509
12.290000 0.001345 0.000524
12.300000 0.001329 0.000539
12.310000 0.001312 0.000553
12.320000 0.001295 0.000568
12.330000 0.001278 0.000581
12.340000 0.001260 0.000595
12.350000 0.001243 0.000608
12.360000 0.001226 0.000620
12.370000 0.001208 0.000632
12.380000 0.001190 0.000644
12.390000 0.001173 0.000656
12.400000 0.001155 0.000667
12.410000 0.001137 0.000678
12.420000 0.001120 0.000688
12.430000 0.001102 0.000698
12.440000 0.001084 0.000708
12.450000 0.001066 0.000718
12.460000 0.001048 0.000727
12.470000 0.001030 0.000735
12.480000 0.001012 0.000744
12.490000 0.000994 0.000752
12.500000 0.000976 0.000759
12.510000 0.000958 0.000767
12.520000 0.000940 0.000774
12.530000 0.000922 0.000780
12.540000 0.000905 0.000786
12.550000 0.000887 0.000792
12.560000 0.000869 0.000798
12.570000 0.000851 0.000803
12.580000 0.000833 0.000808
12.590000 0.000816 0.000813
12.600000 0.000798 0.000817
12.610000 0.000781 0.000821
12.620000 0.000763 0.000825
12.630000 0.000746 0.000828
12.640000 0.000728 0.000831
12.650000 0.000711 0.000834
12.660000 0.000694 0.000837
12.670000 0.000677 0.000839
12.680000 0.000660 0.000841
12.690000 0.000643 0.000842
12.700000 0.000626 0.000844
12.710000 0.000610 0.000844
12.720000 0.000593 0.000845
12.730000 0.000577 0.000846
12.740000 0.000560 0.000846
12.750000 0.000544 0.000846
12.760000 0.000528 0.000845
12.770000 0.000512 0.000845
12.780000 0.000497 0.000844
12.790000 0.000481 0.000842
12.800000 0.000465 0.000841
12.810000 0.000450 0.000839
12.820000 0.000435 0.000837
12.830000 0.000420 0.000835
12.840000 0.000405 0.000833
12.850000 0.000391 0.000830
12.860000 0.000376 0.000827
12.870000 0.000362 0.000824
12.880000 0.000348 0.000821
12.890000 0.000334 0.000818
12.900000 0.000320 0.000814
12.910000 0.000306 0.000810
12.920000 0.000293 0.000806
12.930000 0.000280 0.000801
12.940000 0.000266 0.000797
12.950000 0.000254 0.000792
12.960000 0.000241 0.000787
12.970000 0.000228 0.000782
12.980000 0.000216 0.000777
12.990000 0.000204 0.000772
13.000000 0.000192 0.000766
13.010000 0.000181 0.000760
13.020000 0.000169 0.000755
13.030000 0.000158 0.000749
13.040000 0.000147 0.000742
13.050000 0.000136 0.000736
13.060000 0.000125 0.000730
13.070000 0.000115 0.000723
13.080000 0.000105 0.000717
13.090000 0.000095 0.000710
13.100000 0.000085 0.000703
13.110000 0.000075 0.000696
13.120000 0.000066 0.000689
13.130000 0.000057 0.000681
13.140000 0.000048 0.000674
13.150000 0.000039 0.000667
13.160000 0.000030 0.000659
13.170000 0.000022 0.000652
13.180000 0.000014 0.000644
13.190000 0.000006 0.000636
13.200000 -0.000001 0.000628
13.210000 -0.000009 0.000621
13.220000 -0.000016 0.000613
13.230000 -0.000023 0.000605
13.240000 -0.000030 0.000597
13.250000 -0.000037 0.000589
13.260000 -0.000043 0.000580
13.270000 -0.000049 0.000572
13.280000 -0.000055 0.000564
13.290000 -0.000061 0.000556
13.300000 -0.000066 0.000548
13.310000 -0.000072 0.000539
13.320000 -0.000077 0.000531
13.330000 -0.000082 0.000523
13.340000 -0.000087 0.000514
13.350000 -0.000091 0.000506
13.360000 -0.000096 0.000498
13.370000 -0.000100 0.000490
13.380000 -0.000104 0.000481
13.390000 -0.000107 0.000473
13.400000 -0.000111 0.000465
13.410000 -0.000114 0.000456
13.420000 -0.000118 0.000448
13.430000 -0.000121 0.000440
13.440000 -0.000123 0.000432
13.450000 -0.000126 0.000424
13.460000 -0.000129 0.000416
13.470000 -0.000131 0.000407
13.480000 -0.000133 0.000399
13.490000 -0.000135 0.000391
13.500000 -0.000137 0.000383
13.510000 -0.000138 0.000376
13.520000 -0.000140 0.000368
13.530000 -0.000141 0.000360
13.540000 -0.000142 0.000352
13.550000 -0.000143 0.000345
13.560000 -0.000144 0.000337
13.570000 -0.000144 0.000329
13.580000 -0.000145 0.000322
13.590000 -0.000145 0.000315
13.600000 -0.000145 0.000307
13.610000 -0.000146 0.000300
13.620000 -0.000145 0.000293
13.630000 -0.000145 0.000286
13.640000 -0.000145 0.000279
13.650000 -0.000144 0.000272
13.660000 -0.000144 0.000265
13.670000 -0.000143 0.000259
13.680000 -0.000142 0.000252
13.690000 -0.000141 0.000245
13.700000 -0.000140 0.000239
13.710000 -0.000139 0.000233
13.720000 -0.000138 0.000226
13.730000 -0.000136 0.000220
13.740000 -0.000135 0.000214
13.750000 -0.000133 0.000208
13.760000 -0.000131 0.000203
13.770000 -0.000129 0.000197
13.780000 -0.000128 0.000191
13.790000 -0.000126 0.000186
13.800000 -0.000123 0.000180
13.810000 -0.000121 0.000175
13.820000 -0.000119 0.000170
13.830000 -0.000117 0.000165
13.840000 -0.000114 0.000160
13.850000 -0.000112 0.000155
13.860000 -0.000109 0.000151
13.870000 -0.000107 0.000146
13.880000 -0.000104 0.000142
13.890000 -0.000101 0.000137
13.900000 -0.000099 0.000133
13.910000 -0.000096 0.000129
13.920000 -0.000093 0.000125
13.930000 -0.000090 0.000121
13.940000 -0.000087 0.000117
13.950000 -0.000084 0.000114
13.960000 -0.000081 0.000110
13.970000 -0.000078 0.000107
13.980000 -0.000075 0.000103
13.990000 -0.000072 0.000100
14.000000 -0.000069 0.000097
14.010000 -0.000066 0.000094
14.020000 -0.000062 0.000092
14.030000 -0.000059 0.000089
14.040000 -0.000056 0.000086
14.050000 -0.000053 0.000084
14.060000 -0.000049 0.000081
14.070000 -0.000046 0.000079
14.080000 -0.000043 0.000077
14.090000 -0.000040 0.000075
14.100000 -0.000037 0.000073
14.110000 -0.000033 0.000071
14.120000 -0.000030 0.000070
14.130000 -0.000027 0.000068
14.140000 -0.000024 0.000067
14.150000 -0.000020 0.000065
14.160000 -0.000017 0.000064
14.170000 -0.000014 0.000063
14.180000 -0.000011 0.000062
14.190000 -0.000008 0.000061
14.200000 -0.000005 0.000060
14.210000 -0.000002 0.000060
14.220000 0.000001 0.000059
14.230000 0.000004 0.000058
14.240000 0.000007 0.000058
14.250000 0.000010 0.000058
14.260000 0.000013 0.000057
14.270000 0.000016 0.000057
14.280000 0.000019 0.000057
14.290000 0.000021 0.000057
14.300000 0.000024 0.000057
14.310000 0.000027 0.000058
14.320000 0.000029 0.000058
14.330000 0.000032 0.000058
14.340000 0.000034 0.000059
14.350000 0.000037 0.000059
14.360000 0.000039 0.000060
14.370000 0.000042 0.000061
14.380000 0.000044 0.000061
14.390000 0.000046 0.000062
14.400000 0.000048 0.000063
14.410000 0.000050 0.000064
14.420000 0.000052 0.000065
14.430000 0.000054 0.000066
14.440000 0.000056 0.000067
14.450000 0.000058 0.000069
14.460000 0.000060 0.000070
14.470000 0.000062 0.000071
14.480000 0.000063 0.000073
14.490000 0.000065 0.000074
14.500000 0.000066 0.000076
14.510000 0.000068 0.000077
14.520000 0.000069 0.000079
14.530000 0.000070 0.000081
14.540000 0.000072 0.000082
14.550000 0.000073 0.000084
14.560000 0.000074 0.000086
14.570000 0.000075 0.000088
14.580000 0.000076 0.000089
14.590000 0.000077 0.000091
14.600000 0.000077 0.000093
14.610000 0.000078 0.000095
14.620000 0.000079 0.000097
14.630000 0.000079 0.000099
14.640000 0.000080 0.000101
14.650000 0.000080 0.000103
14.660000 0.000080 0.000105
14.670000 0.000081 0.000107
14.680000 0.000081 0.000110
14.690000 0.000081 0.000112
14.700000 0.000081 0.000114
14.710000 0.000081 0.000116
14.720000 0.000081 0.000118
14.730000 0.000081 0.000120
14.740000 0.000080 0.000122
14.750000 0.000080 0.000125
14.760000 0.000079 0.000127
14.770000 0.000079 0.000129
14.780000 0.000078 0.000131
14.790000 0.000078 0.000133
14.800000 0.000077 0.000136
14.810000 0.000076 0.000138
14.820000 0.000075 0.000140
14.830000 0.000074 0.000142
14.840000 0.000073 0.000144
14.850000 0.000072 0.000146
14.860000 0.000071 0.000148
14.870000 0.000070 0.000150
14.880000 0.000069 0.000152
14.890000 0.000067 0.000154
14.900000 0.000066 0.000156
14.910000 0.000064 0.000158
14.920000 0.000063 0.000160
14.930000 0.000061 0.000162
14.940000 0.000060 0.000164
14.950000 0.000058 0.000166
14.960000 0.000056 0.000168
14.970000 0.000054 0.000170
14.980000 0.000053 0.000172
14.990000 0.000051 0.000174
15.000000 0.000049 0.000175
15.010000 0.000047 0.000177
15.020000 0.000044 0.000179
15.030000 0.000042 0.000180
15.040000 0.000040 0.000182
15.050000 0.000038 0.000183
15.060000 0.000036 0.000185
15.070000 0.000033 0.000186
15.080000 0.000031 0.000188
15.090000 0.000029 0.000189
15.100000 0.000026 0.000190
15.110000 0.000024 0.000192
15.120000 0.000021 0.000193
15.130000 0.000018 0.000194
15.140000 0.000016 0.000195
15.150000 0.000013 0.000196
15.160000 0.000011 0.000197
15.170000 0.000008 0.000198
15.180000 0.000005 0.000199
15.190000 0.000002 0.000200
15.200000 -0.000000 0.000201
15.210000 -0.000003 0.000202
15.220000 -0.000006 0.000203
15.230000 -0.000009 0.000203
15.240000 -0.000012 0.000204
15.250000 -0.000015 0.000204
15.260000 -0.000018 0.000205
15.270000 -0.000021 0.000205
15.280000 -0.000024 0.000206
15.290000 -0.000027 0.000206
15.300000 -0.000030 0.000206
15.310000 -0.000033 0.000207
15.320000 -0.000036 0.000207
15.330000 -0.000039 0.000207
15.340000 -0.000042 0.000207
15.350000 -0.000045 0.000207
15.360000 -0.000048 0.000207
15.370000 -0.000051 0.000207
15.380000 -0.000054 0.000207
15.390000 -0.000057 0.000207
15.400000 -0.000060 0.000206
15.410000 -0.000063 0.000206
15.420000 -0.000066 0.000206
15.430000 -0.000069 0.000205
15.440000 -0.000072 0.000205
15.450000 -0.000075 0.000204
15.460000 -0.000078 0.000203
15.470000 -0.000081 0.000203
15.480000 -0.000084 0.000202
15.490000 -0.000087 0.000201
15.500000 -0.000090 0.000200
15.510000 -0.000093 0.000200
15.520000 -0.000096 0.000199
15.530000 -0.000098 0.000198
15.540000 -0.000101 0.000197
15.550000 -0.000104 0.000196
15.560000 -0.000107 0.000194
15.570000 -0.000110 0.000193
15.580000 -0.000113 0.000192
15.590000 -0.000115 0.000191
15.600000 -0.000118 0.000189
15.610000 -0.000121 0.000188
15.620000 -0.000124 0.000186
15.630000 -0.000126 0.000185
15.640000 -0.000129 0.000183
15.650000 -0.000131 0.000182
15.660000 -0.000134 0.000180
15.670000 -0.000136 0.000179
15.680000 -0.000139 0.000177
15.690000 -0.000141 0.000175
15.700000 -0.000144 0.000173
15.710000 -0.000146 0.000171
15.720000 -0.000149 0.000170
15.730000 -0.000151 0.000168
15.740000 -0.000153 0.000166
15.750000 -0.000155 0.000164
15.760000 -0.000158 0.000162
15.770000 -0.000160 0.000160
15.780000 -0.000162 0.000157
15.790000 -0.000164 0.000155
15.800000 -0.000166 0.000153
15.810000 -0.000168 0.000151
15.820000 -0.000170 0.000149
15.830000 -0.000172 0.000146
15.840000 -0.000174 0.000144
15.850000 -0.000175 0.000142
15.860000 -0.000177 0.000139
15.870000 -0.000179 0.000137
15.880000 -0.000181 0.000134
15.890000 -0.000182 0.000132
15.900000 -0.000184 0.000130
15.910000 -0.000185 0.000127
15.920000 -0.000187 0.000125
15.930000 -0.000188 0.000122
15.940000 -0.000190 0.000119
15.950000 -0.000191 0.000117
15.960000 -0.000192 0.000114
15.970000 -0.000193 0.000112
15.980000 -0.000195 0.000109
15.990000 -0.000196 0.000106
16.000000 -0.000197 0.000104
16.010000 -0.000198 0.000101
16.020000 -0.000199 0.000098
16.030000 -0.000200 0.000096
16.040000 -0.000201 0.000093
16.050000 -0.000201 0.000090
16.060000 -0.000202 0.000087
16.070000 -0.000203 0.000085
16.080000 -0.000204 0.000082
16.090000 -0.000204 0.000079
16.100000 -0.000205 0.000076
16.110000 -0.000205 0.000074
16.120000 -0.000206 0.000071
16.130000 -0.000206 0.000068
16.140000 -0.000206 0.000065
16.150000 -0.000207 0.000063
16.160000 -0.000207 0.000060
16.170000 -0.000207 0.000057
16.180000 -0.000207 0.000054
16.190000 -0.000208 0.000052
16.200000 -0.000208 0.000049
16.210000 -0.000208 0.000046
16.220000 -0.000208 0.000043
16.230000 -0.000207 0.000041
16.240000 -0.000207 0.000038
16.250000 -0.000207 0.000035
16.260000 -0.000207 0.000032
16.270000 -0.000207 0.000030
16.280000 -0.000206 0.000027
16.290000 -0.000206 0.000024
16.300000 -0.000206 0.000022
16.310000 -0.000205 0.000019
16.320000 -0.000205 0.000016
16.330000 -0.000204 0.000014
16.340000 -0.000203 0.000011
16.350000 -0.000203 0.000009
16.360000 -0.000202 0.000006
16.370000 -0.000201 0.000004
16.380000 -0.000201 0.000001
16.390000 -0.000200 -0.000002
16.400000 -0.000199 -0.000004
16.410000 -0.000198 -0.000007
16.420000 -0.000197 -0.000009
16.430000 -0.000196 -0.000011
16.440000 -0.000195 -0.000014
16.450000 -0.000194 -0.000016
16.460000 -0.000193 -0.000019
16.470000 -0.000192 -0.000021
16.480000 -0.000191 -0.000023
16.490000 -0.000190 -0.000026
16.500000 -0.000189 -0.000028
16.510000 -0.000187 -0.000030
16.520000 -0.000186 -0.000032
16.530000 -0.000185 -0.000034
16.540000 -0.000183 -0.000037
16.550000 -0.000182 -0.000039
16.560000 -0.000181 -0.000041
16.570000 -0.000179 -0.000043
16.580000 -0.000178 -0.000045
16.590000 -0.000176 -0.000047
16.600000 -0.000175 -0.000049
16.610000 -0.000173 -0.000051
16.620000 -0.000172 -0.000053
16.630000 -0.000170 -0.000055
16.640000 -0.000168 -0.000057
16.650000 -0.000167 -0.000058
16.660000 -0.000165 -0.000060
16.670000 -0.000163 -0.000062
16.680000 -0.000162 -0.000064
16.690000 -0.000160 -0.000065
16.700000 -0.000158 -0.000067
16.710000 -0.000157 -0.000069
16.720000 -0.000155 -0.000070
16.730000 -0.000153 -0.000072
16.740000 -0.000151 -0.000073
16.750000 -0.000149 -0.000075
16.760000 -0.000147 -0.000076
16.770000 -0.000146 -0.000078
16.780000 -0.000144 -0.000079
16.790000 -0.000142 -0.000081
16.800000 -0.000140 -0.000082
16.810000 -0.000138 -0.000083
16.820000 -0.000136 -0.000084
16.830000 -0.000134 -0.000086
16.840000 -0.000132 -0.000087
16.850000 -0.000130 -0.000088
16.860000 -0.000128 -0.000089
16.870000 -0.000126 -0.000090
16.880000 -0.000124 -0.000091
16.890000 -0.000122 -0.000092
16.900000 -0.000120 -0.000093
16.910000 -0.000118 -0.000094
16.920000 -0.000116 -0.000095
16.930000 -0.000114 -0.000096
16.940000 -0.000112 -0.000097
16.950000 -0.000110 -0.000098
16.960000 -0.000108 -0.000099
16.970000 -0.000106 -0.000099
16.980000 -0.000104 -0.000100
16.990000 -0.000102 -0.000101
17.000000 -0.000100 -0.000101
17.010000 -0.000098 -0.000102
17.020000 -0.000096 -0.000103
17.030000 -0.000094 -0.000103
17.040000 -0.000092 -0.000104
17.050000 -0.000090 -0.000104
17.060000 -0.000088 -0.000105
17.070000 -0.000086 -0.000105
17.080000 -0.000084 -0.000106
17.090000 -0.000082 -0.000106
17.100000 -0.000080 -0.000106
17.110000 -0.000078 -0.000107
17.120000 -0.000076 -0.000107
17.130000 -0.000074 -0.000107
17.140000 -0.000072 -0.000107
17.150000 -0.000070 -0.000108
17.160000 -0.000068 -0.000108
17.170000 -0.000066 -0.000108
17.180000 -0.000064 -0.000108
17.190000 -0.000062 -0.000108
17.200000 -0.000060 -0.000108
17.210000 -0.000059 -0.000108
17.220000 -0.000057 -0.000108
17.230000 -0.000055 -0.000108
17.240000 -0.000053 -0.000108
17.250000 -0.000051 -0.000108
17.260000 -0.000049 -0.000108
17.270000 -0.000047 -0.000108
17.280000 -0.000046 -0.000108
17.290000 -0.000044 -0.000107
17.300000 -0.000042 -0.000107
17.310000 -0.000040 -0.000107
17.320000 -0.000039 -0.000107
17.330000 -0.000037 -0.000107
17.340000 -0.000035 -0.000106
17.350000 -0.000033 -0.000106
17.360000 -0.000032 -0.000106
17.370000 -0.000030 -0.000105
17.380000 -0.000028 -0.000105
17.390000 -0.000027 -0.000104
17.400000 -0.000025 -0.000104
17.410000 -0.000023 -0.000104
17.420000 -0.000022 -0.000103
17.430000 -0.000020 -0.000103
17.440000 -0.000019 -0.000102
17.450000 -0.000017 -0.000102
17.460000 -0.000016 -0.000101
17.470000 -0.000014 -0.000101
17.480000 -0.000013 -0.000100
17.490000 -0.000011 -0.000100
17.500000 -0.000010 -0.000099
17.510000 -0.000008 -0.000098
17.520000 -0.000007 -0.000098
17.530000 -0.000006 -0.000097
17.540000 -0.000004 -0.000096
17.550000 -0.000003 -0.000096
17.560000 -0.000002 -0.000095
17.570000 -0.000000 -0.000094
17.580000 0.000001 -0.000094
17.590000 0.000002 -0.000093
17.600000 0.000004 -0.000092
17.610000 0.000005 -0.000091
17.620000 0.000006 -0.000091
17.630000 0.000007 -0.000090
17.640000 0.000008 -0.000089
17.650000 0.000010 -0.000088
17.660000 0.000011 -0.000088
17.670000 0.000012 -0.000087
17.680000 0.000013 -0.000086
17.690000 0.000014 -0.000085
17.700000 0.000015 -0.000084
17.710000 0.000016 -0.000084
17.720000 0.000017 -0.000083
17.730000 0.000018 -0.000082
17.740000 0.000019 -0.000081
17.750000 0.000020 -0.000080
17.760000 0.000021 -0.000079
17.770000 0.000022 -0.000078
17.780000 0.000023 -0.000077
17.790000 0.000024 -0.000077
17.800000 0.000024 -0.000076
17.810000 0.000025 -0.000075
17.820000 0.000026 -0.000074
17.830000 0.000027 -0.000073
17.840000 0.000028 -0.000072
17.850000 0.000028 -0.000071
17.860000 0.000029 -0.000070
17.870000 0.000030 -0.000069
17.880000 0.000031 -0.000068
17.890000 0.000031 -0.000068
17.900000 0.000032 -0.000067
17.910000 0.000033 -0.000066
17.920000 0.000033 -0.000065
17.930000 0.000034 -0.000064
17.940000 0.000034 -0.000063
17.950000 0.000035 -0.000062
17.960000 0.000035 -0.000061
17.970000 0.000036 -0.000060
17.980000 0.000037 -0.000059
17.990000 0.000037 -0.000058
18.000000 0.000038 -0.000057
18.010000 0.000038 -0.000056
18.020000 0.000038 -0.000055
18.030000 0.000039 -0.000055
18.040000 0.000039 -0.000054
18.050000 0.000040 -0.000053
18.060000 0.000040 -0.000052
18.070000 0.000040 -0.000051
18.080000 0.000041 -0.000050
18.090000 0.000041 -0.000049
18.100000 0.000041 -0.000048
18.110000 0.000042 -0.000047
18.120000 0.000042 -0.000046
18.130000 0.000042 -0.000045
18.140000 0.000043 -0.000044
18.150000 0.000043 -0.000044
18.160000 0.000043 -0.000043
18.170000 0.000043 -0.000042
18.180000 0.000044 -0.000041
18.190000 0.000044 -0.000040
18.200000 0.000044 -0.000039
18.210000 0.000044 -0.000038
18.220000 0.000044 -0.000037
18.230000 0.000044 -0.000037
18.240000 0.000044 -0.000036
18.250000 0.000045 -0.000035
18.260000 0.000045 -0.000034
18.270000 0.000045 -0.000033
18.280000 0.000045 -0.000032
18.290000 0.000045 -0.000032
18.300000 0.000045 -0.000031
18.310000 0.000045 -0.000030
18.320000 0.000045 -0.000029
18.330000 0.000045 -0.000028
18.340000 0.000045 -0.000028
18.350000 0.000045 -0.000027
18.360000 0.000045 -0.000026
18.370000 0.000045 -0.000025
18.380000 0.000045 -0.000024
18.390000 0.000045 -0.000024
18.400000 0.000045 -0.000023
18.410000 0.000045 -0.000022
18.420000 0.000045 -0.000021
18.430000 0.000045 -0.000021
18.440000 0.000045 -0.000020
18.450000 0.000044 -0.000019
18.460000 0.000044 -0.000019
18.470000 0.000044 -0.000018
18.480000 0.000044 -0.000017
18.490000 0.000044 -0.000016
18.500000 0.000044 -0.000016
18.510000 0.000044 -0.000015
18.520000 0.000043 -0.000014
18.530000 0.000043 -0.000014
18.540000 0.000043 -0.000013
18.550000 0.000043 -0.000012
18.560000 0.000043 -0.000012
18.570000 0.000043 -0.000011
18.580000 0.000042 -0.000011
18.590000 0.000042 -0.000010
18.600000 0.000042 -0.000009
18.610000 0.000042 -0.000009
18.620000 0.000041 -0.000008
18.630000 0.000041 -0.000008
18.640000 0.000041 -0.000007
18.650000 0.000041 -0.000006
18.660000 0.000040 -0.000006
18.670000 0.000040 -0.000005
18.680000 0.000040 -0.000005
18.690000 0.000040 -0.000004
18.700000 0.000039 -0.000004
18.710000 0.000039 -0.000003
18.720000 0.000039 -0.000003
18.730000 0.000038 -0.000002
18.740000 0.000038 -0.000002
18.750000 0.000038 -0.000001
18.760000 0.000038 -0.000001
18.770000 0.000037 -0.000000
18.780000 0.000037 0.000000
18.790000 0.000037 0.000001
18.800000 0.000036 0.000001
18.810000 0.000036 0.000002
18.820000 0.000036 0.000002
18.830000 0.000035 0.000002
18.840000 0.000035 0.000003
18.850000 0.000035 0.000003
18.860000 0.000034 0.000004
18.870000 0.000034 0.000004
18.880000 0.000034 0.000004
18.890000 0.000033 0.000005
18.900000 0.000033 0.000005
18.910000 0.000033 0.000005
18.920000 0.000032 0.000006
18.930000 0.000032 0.000006
18.940000 0.000032 0.000007
18.950000 0.000031 0.000007
18.960000 0.000031 0.000007
18.970000 0.000031 0.000007
18.980000 0.000030 0.000008
18.990000 0.000030 0.000008
19.000000 0.000029 0.000008
19.010000 0.000029 0.000009
19.020000 0.000029 0.000009
19.030000 0.000028 0.000009
19.040000 0.000028 0.000010
19.050000 0.000028 0.000010
19.060000 0.000027 0.000010
19.070000 0.000027 0.000010
19.080000 0.000027 0.000011
19.090000 0.000026 0.000011
19.100000 0.000026 0.000011
19.110000 0.000025 0.000011
19.120000 0.000025 0.000011
19.130000 0.000025 0.000012
19.140000 0.000024 0.000012
19.150000 0.000024 0.000012
19.160000 0.000024 0.000012
19.170000 0.000023 0.000012
19.180000 0.000023 0.000013
19.190000 0.000023 0.000013
19.200000 0.000022 0.000013
19.210000 0.000022 0.000013
19.220000 0.000022 0.000013
19.230000 0.000021 0.000013
19.240000 0.000021 0.000013
19.250000 0.000020 0.000014
19.260000 0.000020 0.000014
19.270000 0.000020 0.000014
19.280000 0.000019 0.000014
19.290000 0.000019 0.000014
19.300000 0.000019 0.000014
19.310000 0.000018 0.000014
19.320000 0.000018 0.000014
19.330000 0.000018 0.000014
19.340000 0.000017 0.000015
19.350000 0.000017 0.000015
19.360000 0.000017 0.000015
19.370000 0.000016 0.000015
19.380000 0.000016 0.000015
19.390000 0.000016 0.000015
19.400000 0.000015 0.000015
19.410000 0.000015 0.000015
19.420000 0.000015 0.000015
19.430000 0.000014 0.000015
19.440000 0.000014 0.000015
19.450000 0.000014 0.000015
19.460000 0.000013 0.000015
19.470000 0.000013 0.000015
19.480000 0.000013 0.000015
19.490000 0.000013 0.000015
19.500000 0.000012 0.000015
19.510000 0.000012 0.000015
19.520000 0.000012 0.000015
19.530000 0.000011 0.000015
19.540000 0.000011 0.000015
19.550000 0.000011 0.000015
19.560000 0.000010 0.000015
19.570000 0.000010 0.000015
19.580000 0.000010 0.000015
19.590000 0.000010 0.000015
19.600000 0.000009 0.000015
19.610000 0.000009 0.000015
19.620000 0.000009 0.000015
19.630000 0.000009 0.000015
19.640000 0.000008 0.000015
19.650000 0.000008 0.000015
19.660000 0.000008 0.000015
19.670000 0.000008 0.000015
19.680000 0.000007 0.000015
19.690000 0.000007 0.000015
19.700000 0.000007 0.000014
19.710000 0.000007 0.000014
19.720000 0.000006 0.000014
19.730000 0.000006 0.000014
19.740000 0.000006 0.000014
19.750000 0.000006 0.000014
19.760000 0.000005 0.000014
19.770000 0.000005 0.000014
19.780000 0.000005 0.000014
19.790000 0.000005 0.000014
19.800000 0.000005 0.000014
19.810000 0.000004 0.000014
19.820000 0.000004 0.000013
19.830000 0.000004 0.000013
19.840000 0.000004 0.000013
19.850000 0.000004 0.000013
19.860000 0.000003 0.000013
19.870000 0.000003 0.000013
19.880000 0.000003 0.000013
19.890000 0.000003 0.000013
19.900000 0.000003 0.000013
19.910000 0.000003 0.000013
19.920000 0.000002 0.000012
19.930000 0.000002 0.000012
19.940000 0.000002 0.000012
19.950000 0.000002 0.000012
19.960000 0.000002 0.000012
19.970000 0.000002 0.000012
19.980000 0.000002 0.000012
19.990000 0.000001 0.000012
20.000000 0.000001 0.000011
20.010000 0.000001 0.000011
20.020000 0.000001 0.000011
20.030000 0.000001 0.000011
20.040000 0.000001 0.000011
20.050000 0.000001 0.000011
20.060000 0.000001 0.000011
20.070000 0.000000 0.000011
20.080000 0.000000 0.000010
20.090000 0.000000 0.000010
20.100000 0.000000 0.000010
20.110000 0.000000 0.000010
20.120000 -0.000000 0.000010
20.130000 -0.000000 0.000010
20.140000 -0.000000 0.000010
20.150000 -0.000000 0.000009
20.160000 -0.000000 0.000009
20.170000 -0.000001 0.000009
20.180000 -0.000001 0.000009
20.190000 -0.000001 0.000009
20.200000 -0.000001 0.000009
20.210000 -0.000001 0.000009
20.220000 -0.000001 0.000009
20.230000 -0.000001 0.000008
20.240000 -0.000001 0.000008
20.250000 -0.000001 0.000008
20.260000 -0.000001 0.000008
20.270000 -0.000001 0.000008
20.280000 -0.000001 0.000008
20.290000 -0.000001 0.000008
20.300000 -0.000001 0.000008
20.310000 -0.000001 0.000007
20.320000 -0.000001 0.000007
20.330000 -0.000001 0.000007
20.340000 -0.000001 0.000007
20.350000 -0.000001 0.000007
20.360000 -0.000001 0.000007
20.370000 -0.000001 0.000007
20.380000 -0.000002 0.000007
20.390000 -0.000002 0.000006
20.400000 -0.000002 0.000006
20.410000 -0.000002 0.000006
20.420000 -0.000002 0.000006
20.430000 -0.000002 0.000006
20.440000 -0.000002 0.000006
20.450000 -0.000002 0.000006
20.460000 -0.000002 0.000006
20.470000 -0.000002 0.000005
20.480000 -0.000002 0.000005
20.490000 -0.000002 0.000005
20.500000 -0.000002 0.000005
20.510000 -0.000002 0.000005
20.520000 -0.000002 0.000005
20.530000 -0.000002 0.000005
20.540000 -0.000002 0.000005
20.550000 -0.000002 0.000005
20.560000 -0.000002 0.000005
20.570000 -0.000002 0.000004
20.580000 -0.000001 0.000004
20.590000 -0.000001 0.000004
20.600000 -0.000001 0.000004
20.610000 -0.000001 0.000004
20.620000 -0.000001 0.000004
20.630000 -0.000001 0.000004
20.640000 -0.000001 0.000004
20.650000 -0.000001 0.000004
20.660000 -0.000001 0.000004
20.670000 -0.000001 0.000004
20.680000 -0.000001 0.000004
20.690000 -0.000001 0.000003
20.700000 -0.000001 0.000003
20.710000 -0.000001 0.000003
20.720000 -0.000001 0.000003
20.730000 -0.000001 0.000003
20.740000 -0.000001 0.000003
20.750000 -0.000001 0.000003
20.760000 -0.000001 0.000003
20.770000 -0.000001 0.000003
20.780000 -0.000001 0.000003
20.790000 -0.000001 0.000003
20.800000 -0.000001 0.000003
20.810000 -0.000001 0.000003
20.820000 -0.000001 0.000003
20.830000 -0.000001 0.000003
20.840000 -0.000001 0.000002
20.850000 -0.000001 0.000002
20.860000 -0.000001 0.000002
20.870000 -0.000000 0.000002
20.880000 -0.000000 0.000002
20.890000 -0.000000 0.000002
20.900000 -0.000000 0.000002
20.910000 -0.000000 0.000002
20.920000 -0.000000 0.000002
20.930000 -0.000000 0.000002
20.940000 -0.000000 0.000002
20.950000 -0.000000 0.000002
20.960000 -0.000000 0.000002
20.970000 -0.000000 0.000002
20.980000 0.000000 0.000002
20.990000 0.000000 0.000002
21.000000 0.000000 0.000002
21.010000 0.000000 0.000002
21.020000 0.000000 0.000002
21.030000 0.000000 0.000002
21.040000 0.000000 0.000002
21.050000 0.000000 0.000002
21.060000 0.000000 0.000002
21.070000 0.000000 0.000002
21.080000 0.000000 0.000002
21.090000 0.000001 0.000002
21.100000 0.000001 0.000002
21.110000 0.000001 0.000002
21.120000 0.000001 0.000002
21.130000 0.000001 0.000002
21.140000 0.000001 0.000002
21.150000 0.000001 0.000002
21.160000 0.000001 0.000002
21.170000 0.000001 0.000002
21.180000 0.000001 0.000002
21.190000 0.000001 0.000002
21.200000 0.000001 0.000002
21.210000 0.000001 0.000002
21.220000 0.000001 0.000002
21.230000 0.000001 0.000002
21.240000 0.000001 0.000002
21.250000 0.000001 0.000002
21.260000 0.000001 0.000002
21.270000 0.000001 0.000002
21.280000 0.000001 0.000002
21.290000 0.000001 0.000002
21.300000 0.000001 0.000002
21.310000 0.000001 0.000002
21.320000 0.000001 0.000002
21.330000 0.000001 0.000002
21.340000 0.000001 0.000002
21.350000 0.000001 0.000002
21.360000 0.000001 0.000002
21.370000 0.000001 0.000002
21.380000 0.000001 0.000002
21.390000 0.000001 0.000002
21.400000 0.000001 0.000002
21.410000 0.000001 0.000002
21.420000 0.000001 0.000002
21.430000 0.000001 0.000002
21.440000 0.000001 0.000002
21.450000 0.000001 0.000002
21.460000 0.000001 0.000002
21.470000 0.000001 0.000002
21.480000 0.000001 0.000002
21.490000 0.000001 0.000002
21.500000 0.000001 0.000002
21.510000 0.000001 0.000002
21.520000 0.000001 0.000002
21.530000 0.000001 0.000002
21.540000 0.000001 0.000002
21.550000 0.000001 0.000003
21.560000 0.000001 0.000003
21.570000 0.000001 0.000003
21.580000 0.000001 0.000003
21.590000 0.000001 0.000003
21.600000 0.000001 0.000003
21.610000 0.000001 0.000003
21.620000 0.000001 0.000003
21.630000 0.000001 0.000003
21.640000 0.000001 0.000003
21.650000 0.000001 0.000003
21.660000 0.000001 0.000003
21.670000 0.000001 0.000003
21.680000 0.000001 0.000003
21.690000 0.000001 0.000003
21.700000 0.000001 0.000003
21.710000 0.000001 0.000003
21.720000 0.000001 0.000003
21.730000 0.000001 0.000003
21.740000 0.000001 0.000003
21.750000 0.000001 0.000003
21.760000 0.000001 0.000003
21.770000 0.000001 0.000003
21.780000 0.000001 0.000003
21.790000 0.000001 0.000003
21.800000 0.000001 0.000003
21.810000 0.000001 0.000003
21.820000 0.000001 0.000003
21.830000 0.000001 0.000003
21.840000 0.000001 0.000003
21.850000 0.000001 0.000003
21.860000 0.000001 0.000003
21.870000 0.000001 0.000003
21.880000 0.000001 0.000004
21.890000 0.000001 0.000004
21.900000 0.000001 0.000004
21.910000 0.000001 0.000004
21.920000 0.000000 0.000004
21.930000 0.000000 0.000004
21.940000 0.000000 0.000004
21.950000 0.000000 0.000004
21.960000 0.000000 0.000004
21.970000 0.000000 0.000004
21.980000 0.000000 0.000004
21.990000 0.000000 0.000004
22.000000 0.000000 0.000004
22.010000 0.000000 0.000004
22.020000 -0.000000 0.000004
22.030000 -0.000000 0.000004
22.040000 -0.000000 0.000004
22.050000 -0.000000 0.000004
22.060000 -0.000000 0.000004
22.070000 -0.000000 0.000004
22.080000 -0.000000 0.000004
22.090000 -0.000000 0.000004
22.100000 -0.000000 0.000004
22.110000 -0.000001 0.000004
22.120000 -0.000001 0.000004
22.130000 -0.000001 0.000004
22.140000 -0.000001 0.000004
22.150000 -0.000001 0.000004
22.160000 -0.000001 0.000004
22.170000 -0.000001 0.000004
22.180000 -0.000001 0.000004
22.190000 -0.000001 0.000004
22.200000 -0.000001 0.000004
22.210000 -0.000001 0.000004
22.220000 -0.000001 0.000004
22.230000 -0.000001 0.000004
22.240000 -0.000001 0.000004
22.250000 -0.000001 0.000004
22.260000 -0.000001 0.000004
22.270000 -0.000001 0.000004
22.280000 -0.000001 0.000004
22.290000 -0.000002 0.000004
22.300000 -0.000002 0.000004
22.310000 -0.000002 0.000004
22.320000 -0.000002 0.000004
22.330000 -0.000002 0.000004
22.340000 -0.000002 0.000004
22.350000 -0.000002 0.000004
22.360000 -0.000002 0.000004
22.370000 -0.000002 0.000004
22.380000 -0.000002 0.000004
22.390000 -0.000002 0.000004
22.400000 -0.000002 0.000004
22.410000 -0.000002 0.000004
22.420000 -0.000002 0.000004
22.430000 -0.000002 0.000004
22.440000 -0.000002 0.000004
22.450000 -0.000002 0.000004
22.460000 -0.000002 0.000004
22.470000 -0.000003 0.000003
22.480000 -0.000003 0.000003
22.490000 -0.000003 0.000003
22.500000 -0.000003 0.000003
22.510000 -0.000003 0.000003
22.520000 -0.000003 0.000003
22.530000 -0.000003 0.000003
22.540000 -0.000003 0.000003
22.550000 -0.000003 0.000003
22.560000 -0.000003 0.000003
22.570000 -0.000003 0.000003
22.580000 -0.000003 0.000003
22.590000 -0.000003 0.000003
22.600000 -0.000003 0.000003
22.610000 -0.000003 0.000003
22.620000 -0.000003 0.000003
22.630000 -0.000003 0.000003
22.640000 -0.000003 0.000003
22.650000 -0.000003 0.000003
22.660000 -0.000003 0.000003
22.670000 -0.000003 0.000003
22.680000 -0.000004 0.000003
22.690000 -0.000004 0.000003
22.700000 -0.000004 0.000003
22.710000 -0.000004 0.000003
22.720000 -0.000004 0.000003
22.730000 -0.000004 0.000003
22.740000 -0.000004 0.000002
22.750000 -0.000004 0.000002
22.760000 -0.000004 0.000002
22.770000 -0.000004 0.000002
22.780000 -0.000004 0.000002
22.790000 -0.000004 0.000002
22.800000 -0.000004 0.000002
22.810000 -0.000004 0.000002
22.820000 -0.000004 0.000002
22.830000 -0.000004 0.000002
22.840000 -0.000004 0.000002
22.850000 -0.000004 0.000002
22.860000 -0.000004 0.000002
22.870000 -0.000004 0.000002
22.880000 -0.000004 0.000002
22.890000 -0.000004 0.000002
22.900000 -0.000004 0.000002
22.910000 -0.000004 0.000002
22.920000 -0.000004 0.000002
22.930000 -0.000004 0.000001
22.940000 -0.000004 0.000001
22.950000 -0.000004 0.000001
22.960000 -0.000004 0.000001
22.970000 -0.000004 0.000001
22.980000 -0.000004 0.000001
22.990000 -0.000004 0.000001
23.000000 -0.000004 0.000001
23.010000 -0.000004 0.000001
23.020000 -0.000004 0.000001
23.030000 -0.000004 0.000001
23.040000 -0.000004 0.000001
23.050000 -0.000004 0.000001
23.060000 -0.000004 0.000001
23.070000 -0.000004 0.000001
23.080000 -0.000004 0.000001
23.090000 -0.000004 0.000001
23.100000 -0.000004 0.000001
23.110000 -0.000004 0.000001
23.120000 -0.000004 0.000000
23.130000 -0.000004 0.000000
23.140000 -0.000004 0.000000
23.150000 -0.000004 0.000000
23.160000 -0.000004 0.000000
23.170000 -0.000004 0.000000
23.180000 -0.000004 0.000000
23.190000 -0.000004 0.000000
23.200000 -0.000004 0.000000
23.210000 -0.000004 -0.000000
23.220000 -0.000004 -0.000000
23.230000 -0.000004 -0.000000
23.240000 -0.000004 -0.000000
23.250000 -0.000004 -0.000000
23.260000 -0.000004 -0.000000
23.270000 -0.000004 -0.000000
23.280000 -0.000004 -0.000000
23.290000 -0.000004 -0.000000
23.300000 -0.000004 -0.000000
23.310000 -0.000004 -0.000001
23.320000 -0.000004 -0.000001
23.330000 -0.000004 -0.000001
23.340000 -0.000004 -0.000001
23.350000 -0.000004 -0.000001
23.360000 -0.000004 -0.000001
23.370000 -0.000004 -0.000001
23.380000 -0.000004 -0.000001
23.390000 -0.000004 -0.000001
23.400000 -0.000004 -0.000001
23.410000 -0.000004 -0.000001
23.420000 -0.000004 -0.000001
23.430000 -0.000004 -0.000001
23.440000 -0.000004 -0.000001
23.450000 -0.000004 -0.000001
23.460000 -0.000004 -0.000001
23.470000 -0.000004 -0.000001
23.480000 -0.000004 -0.000001
23.490000 -0.000004 -0.000001
23.500000 -0.000004 -0.000001
23.510000 -0.000004 -0.000001
23.520000 -0.000004 -0.000001
23.530000 -0.000004 -0.000002
23.540000 -0.000004 -0.000002
23.550000 -0.000004 -0.000002
23.560000 -0.000003 -0.000002
23.570000 -0.000003 -0.000002
23.580000 -0.000003 -0.000002
23.590000 -0.000003 -0.000002
23.600000 -0.000003 -0.000002
23.610000 -0.000003 -0.000002
23.620000 -0.000003 -0.000002
23.630000 -0.000003 -0.000002
23.640000 -0.000003 -0.000002
23.650000 -0.000003 -0.000002
23.660000 -0.000003 -0.000002
23.670000 -0.000003 -0.000002
23.680000 -0.000003 -0.000002
23.690000 -0.000003 -0.000002
23.700000 -0.000003 -0.000002
23.710000 -0.000003 -0.000002
23.720000 -0.000003 -0.000002
23.730000 -0.000003 -0.000002
23.740000 -0.000003 -0.000002
23.750000 -0.000003 -0.000002
23.760000 -0.000003 -0.000002
23.770000 -0.000003 -0.000002
23.780000 -0.000003 -0.000002
23.790000 -0.000003 -0.000002
23.800000 -0.000003 -0.000002
23.810000 -0.000002 -0.000002
23.820000 -0.000002 -0.000002
23.830000 -0.000002 -0.000002
23.840000 -0.000002 -0.000002
23.850000 -0.000002 -0.000002
23.860000 -0.000002 -0.000002
23.870000 -0.000002 -0.000002
23.880000 -0.000002 -0.000002
23.890000 -0.000002 -0.000002
23.900000 -0.000002 -0.000002
23.910000 -0.000002 -0.000003
23.920000 -0.000002 -0.000003
23.930000 -0.000002 -0.000003
23.940000 -0.000002 -0.000003
23.950000 -0.000002 -0.000003
23.960000 -0.000002 -0.000003
23.970000 -0.000002 -0.000003
23.980000 -0.000002 -0.000003
23.990000 -0.000002 -0.000003
24.000000 -0.000002 -0.000003
24.010000 -0.000002 -0.000003
24.020000 -0.000002 -0.000003
24.030000 -0.000002 -0.000003
24.040000 -0.000001 -0.000003
24.050000 -0.000001 -0.000003
24.060000 -0.000001 -0.000003
24.070000 -0.000001 -0.000003
24.080000 -0.000001 -0.000003
24.090000 -0.000001 -0.000003
24.100000 -0.000001 -0.000003
24.110000 -0.000001 -0.000003
24.120000 -0.000001 -0.000003
24.130000 -0.000001 -0.000003
24.140000 -0.000001 -0.000003
24.150000 -0.000001 -0.000003
24.160000 -0.000001 -0.000003
24.170000 -0.000001 -0.000003
24.180000 -0.000001 -0.000003
24.190000 -0.000001 -0.000003
24.200000 -0.000001 -0.000003
24.210000 -0.000001 -0.000003
24.220000 -0.000001 -0.000003
24.230000 -0.000001 -0.000003
24.240000 -0.000001 -0.000003
24.250000 -0.000001 -0.000003
24.260000 -0.000001 -0.000003
24.270000 -0.000001 -0.000003
24.280000 -0.000000 -0.000003
24.290000 -0.000000 -0.000003
24.300000 -0.000000 -0.000003
24.310000 -0.000000 -0.000003
24.320000 -0.000000 -0.000003
24.330000 -0.000000 -0.000003
24.340000 -0.000000 -0.000002
24.350000 -0.000000 -0.000002
24.360000 -0.000000 -0.000002
24.370000 -0.000000 -0.000002
24.380000 -0.000000 -0.000002
24.390000 -0.000000 -0.000002
24.400000 -0.000000 -0.000002
24.410000 -0.000000 -0.000002
24.420000 0.000000 -0.000002
24.430000 0.000000 -0.000002
24.440000 0.000000 -0.000002
24.450000 0.000000 -0.000002
24.460000 0.000000 -0.000002
24.470000 0.000000 -0.000002
24.480000 0.000000 -0.000002
24.490000 0.000000 -0.000002
24.500000 0.000000 -0.000002
24.510000 0.000000 -0.000002
24.520000 0.000000 -0.000002
24.530000 0.000000 -0.000002
24.540000 0.000000 -0.000002
24.550000 0.000000 -0.000002
24.560000 0.000000 -0.000002
24.570000 0.000000 -0.000002
24.580000 0.000000 -0.000002
24.590000 0.000001 -0.000002
24.600000 0.000001 -0.000002
24.610000 0.000001 -0.000002
24.620000 0.000001 -0.000002
24.630000 0.000001 -0.000002
24.640000 0.000001 -0.000002
24.650000 0.000001 -0.000002
24.660000 0.000001 -0.000002
24.670000 0.000001 -0.000002
24.680000 0.000001 -0.000002
24.690000 0.000001 -0.000002
24.700000 0.000001 -0.000002
24.710000 0.000001 -0.000002
24.720000 0.000001 -0.000002
24.730000 0.000001 -0.000002
24.740000 0.000001 -0.000002
24.750000 0.000001 -0.000002
24.760000 0.000001 -0.000002
24.770000 0.000001 -0.000002
24.780000 0.000001 -0.000002
24.790000 0.000001 -0.000002
24.800000 0.000001 -0.000002
24.810000 0.000001 -0.000002
24.820000 0.000001 -0.000002
24.830000 0.000001 -0.000002
24.840000 0.000001 -0.000002
24.850000 0.000001 -0.000002
24.860000 0.000001 -0.000002
24.870000 0.000001 -0.000001
24.880000 0.000001 -0.000001
24.890000 0.000001 -0.000001
24.900000 0.000001 -0.000001
24.910000 0.000001 -0.000001
24.920000 0.000001 -0.000001
24.930000 0.000001 -0.000001
24.940000 0.000001 -0.000001
24.950000 0.000001 -0.000001
24.960000 0.000001 -0.000001
24.970000 0.000001 -0.000001
24.980000 0.000001 -0.000001
24.990000 0.000001 -0.000001
25.000000 0.000001 -0.000001
25.010000 0.000001 -0.000001
25.020000 0.000001 -0.000001
25.030000 0.000001 -0.000001
25.040000 0.000001 -0.000001
25.050000 0.000001 -0.000001
25.060000 0.000001 -0.000001
25.070000 0.000001 -0.000001
25.080000 0.000001 -0.000001
25.090000 0.000001 -0.000001
25.100000 0.000001 -0.000001
25.110000 0.000001 -0.000001
25.120000 0.000001 -0.000001
25.130000 0.000001 -0.000001
25.140000 0.000001 -0.000001
25.150000 0.000001 -0.000001
25.160000 0.000001 -0.000001
25.170000 0.000001 -0.000001
25.180000 0.000001 -0.000001
25.190000 0.000001 -0.000001
25.200000 0.000001 -0.000001
25.210000 0.000001 -0.000001
25.220000 0.000001 -0.000001
25.230000 0.000001 -0.000001
25.240000 0.000001 -0.000001
25.250000 0.000001 -0.000001
25.260000 0.000001 -0.000001
25.270000 0.000001 -0.000001
25.280000 0.000001 -0.000001
25.290000 0.000001 -0.000001
25.300000 0.000001 -0.000001
25.310000 0.000001 -0.000001
25.320000 0.000001 -0.000001
25.330000 0.000001 -0.000000
25.340000 0.000001 -0.000000
25.350000 0.000001 -0.000000
25.360000 0.000001 -0.000000
25.370000 0.000001 -0.000000
25.380000 0.000001 -0.000000
25.390000 0.000001 -0.000000
25.400000 0.000001 -0.000000
25.410000 0.000001 -0.000000
25.420000 0.000001 -0.000000
25.430000 0.000001 -0.000000
25.440000 0.000001 -0.000000
25.450000 0.000001 -0.000000
25.460000 0.000001 -0.000000
25.470000 0.000001 -0.000000
25.480000 0.000001 -0.000000
25.490000 0.000001 -0.000000
25.500000 0.000001 -0.000000
25.510000 0.000001 -0.000000
25.520000 0.000001 -0.000000
25.530000 0.000001 -0.000000
25.540000 0.000001 -0.000000
25.550000 0.000001 -0.000000
25.560000 0.000001 -0.000000
25.570000 0.000001 -0.000000
25.580000 0.000001 -0.000000
25.590000 0.000001 -0.000000
25.600000 0.000001 -0.000000
25.610000 0.000001 -0.000000
25.620000 0.000001 -0.000000
25.630000 0.000001 0.000000
25.640000 0.000001 0.000000
25.650000 0.000001 0.000000
25.660000 0.000001 0.000000
25.670000 0.000001 0.000000
25.680000 0.000001 0.000000
25.690000 0.000001 0.000000
25.700000 0.000001 0.000000
25.710000 0.000001 0.000000
25.720000 0.000001 0.000000
25.730000 0.000001 0.000000
25.740000 0.000001 0.000000
25.750000 0.000001 0.000000
25.760000 0.000001 0.000000
25.770000 0.000001 0.000000
25.780000 0.000001 0.000000
25.790000 0.000001 0.000000
25.800000 0.000001 0.000000
25.810000 0.000001 0.000000
25.820000 0.000001 0.000000
25.830000 0.000001 0.000000
25.840000 0.000001 0.000000
25.850000 0.000001 0.000000
25.860000 0.000001 0.000000
25.870000 0.000001 0.000000
25.880000 0.000001 0.000000
25.890000 0.000001 0.000000
25.900000 0.000001 0.000000
25.910000 0.000001 0.000000
25.920000 0.000001 0.000000
25.930000 0.000001 0.000000
25.940000 0.000001 0.000000
25.950000 0.000001 0.000000
25.960000 0.000001 0.000000
25.970000 0.000001 0.000000
25.980000 0.000001 0.000000
25.990000 0.000001 0.000000
26.000000 0.000001 0.000000
26.010000 0.000001 0.000000
26.020000 0.000001 0.000000
26.030000 0.000001 0.000000
26.040000 0.000001 0.000000
26.050000 0.000001 0.000000
26.060000 0.000001 0.000000
26.070000 0.000001 0.000000
26.080000 0.000001 0.000000
26.090000 0.000001 0.000000
26.100000 0.000001 0.000000
26.110000 0.000001 0.000000
26.120000 0.000001 0.000000
26.130000 0.000001 0.000000
26.140000 0.000001 0.000000
26.150000 0.000001 0.000000
26.160000 0.000001 0.000000
26.170000 0.000001 0.000001
26.180000 0.000001 0.000001
26.190000 0.000001 0.000001
26.200000 0.000001 0.000001
26.210000 0.000001 0.000001
26.220000 0.000001 0.000001
26.230000 0.000001 0.000001
26.240000 0.000001 0.000001
26.250000 0.000001 0.000001
26.260000 0.000001 0.000001
26.270000 0.000001 0.000001
26.280000 0.000001 0.000001
26.290000 0.000001 0.000001
26.300000 0.000000 0.000001
26.310000 0.000000 0.000001
26.320000 0.000000 0.000001
26.330000 0.000000 0.000001
26.340000 0.000000 0.000001
26.350000 0.000000 0.000001
26.360000 0.000000 0.000001
26.370000 0.000000 0.000001
26.380000 0.000000 0.000001
26.390000 0.000000 0.000001
26.400000 0.000000 0.000001
26.410000 0.000000 0.000001
26.420000 0.000000 0.000001
26.430000 0.000000 0.000001
26.440000 0.000000 0.000001
26.450000 0.000000 0.000001
26.460000 0.000000 0.000001
26.470000 0.000000 0.000001
26.480000 0.000000 0.000001
26.490000 0.000000 0.000001
26.500000 0.000000 0.000001
26.510000 0.000000 0.000001
26.520000 0.000000 0.000001
26.530000 0.000000 0.000001
26.540000 0.000000 0.000001
26.550000 0.000000 0.000001
26.560000 0.000000 0.000001
26.570000 0.000000 0.000001
26.580000 0.000000 0.000001
26.590000 0.000000 0.000001
26.600000 0.000000 0.000001
26.610000 0.000000 0.000001
26.620000 0.000000 0.000001
26.630000 0.000000 0.000001
26.640000 0.000000 0.000001
26.650000 0.000000 0.000001
26.660000 0.000000 0.000001
26.670000 0.000000 0.000001
26.680000 0.000000 0.000001
26.690000 0.000000 0.000001
26.700000 0.000000 0.000001
26.710000 0.000000 0.000001
26.720000 0.000000 0.000001
26.730000 0.000000 0.000001
26.740000 0.000000 0.000001
26.750000 0.000000 0.000001
26.760000 0.000000 0.000001
26.770000 0.000000 0.000001
26.780000 0.000000 0.000001
26.790000 0.000000 0.000001
26.800000 0.000000 0.000001
26.810000 0.000000 0.000000
26.820000 0.000000 0.000000
26.830000 0.000000 0.000000
26.840000 0.000000 0.000000
26.850000 0.000000 0.000000
26.860000 -0.000000 0.000000
26.870000 -0.000000 0.000000
26.880000 -0.000000 0.000000
26.890000 -0.000000 0.000000
26.900000 -0.000000 0.000000
26.910000 -0.000000 0.000000
26.920000 -0.000000 0.000000
26.930000 -0.000000 0.000000
26.940000 -0.000000 0.000000
26.950000 -0.000000 0.000000
26.960000 -0.000000 0.000000
26.970000 -0.000000 0.000000
26.980000 -0.000000 0.000000
26.990000 -0.000000 0.000000
27.000000 -0.000000 0.000000
27.010000 -0.000000 0.000000
27.020000 -0.000000 0.000000
27.030000 -0.000000 0.000000
27.040000 -0.000000 0.000000
27.050000 -0.000000 0.000000
27.060000 -0.000000 0.000000
27.070000 -0.000000 0.000000
27.080000 -0.000000 0.000000
27.090000 -0.000000 0.000000
27.100000 -0.000000 0.000000
27.110000 -0.000000 0.000000
27.120000 -0.000000 0.000000
27.130000 -0.000000 0.000000
27.140000 -0.000000 0.000000
27.150000 -0.000000 0.000000
27.160000 -0.000000 0.000000
27.170000 -0.000000 0.000000
27.180000 -0.000000 0.000000
27.190000 -0.000000 0.000000
27.200000 -0.000000 0.000000
27.210000 -0.000000 0.000000
27.220000 -0.000000 0.000000
27.230000 -0.000000 0.000000
27.240000 -0.000000 0.000000
27.250000 -0.000000 0.000000
27.260000 -0.000000 0.000000
27.270000 -0.000000 0.000000
27.280000 -0.000000 0.000000
27.290000 -0.000000 0.000000
27.300000 -0.000000 0.000000
27.310000 -0.000000 0.000000
27.320000 -0.000000 0.000000
27.330000 -0.000000 0.000000
27.340000 -0.000000 0.000000
27.350000 -0.000000 0.000000
27.360000 -0.000000 0.000000
27.370000 -0.000000 0.000000
27.380000 -0.000000 0.000000
27.390000 -0.000000 0.000000
27.400000 -0.000000 0.000000
27.410000 -0.000000 0.000000
27.420000 -0.000000 0.000000
27.430000 -0.000000 0.000000
27.440000 -0.000000 0.000000
27.450000 -0.000000 0.000000
27.460000 -0.000000 0.000000
27.470000 -0.000000 0.000000
27.480000 -0.000000 0.000000
27.490000 -0.000000 0.000000
27.500000 -0.000000 0.000000
27.510000 -0.000000 0.000000
27.520000 -0.000000 0.000000
27.530000 -0.000000 0.000000
27.540000 -0.000000 0.000000
27.550000 -0.000000 0.000000
27.560000 -0.000000 0.000000
27.570000 -0.000000 0.000000
27.580000 -0.000000 0.000000
27.590000 -0.000000 0.000000
27.600000 -0.000000 0.000000
27.610000 -0.000000 0.000000
27.620000 -0.000000 0.000000
27.630000 -0.000000 0.000000
27.640000 -0.000000 0.000000
27.650000 -0.000000 0.000000
27.660000 -0.000000 0.000000
27.670000 -0.000000 0.000000
27.680000 -0.000000 0.000000
27.690000 -0.000000 0.000000
27.700000 -0.000000 0.000000
27.710000 -0.000000 0.000000
27.720000 -0.000000 0.000000
27.730000 -0.000000 0.000000
27.740000 -0.000000 0.000000
27.750000 -0.000000 0.000000
27.760000 -0.000000 0.000000
27.770000 -0.000000 0.000000
27.780000 -0.000000 0.000000
27.790000 -0.000000 0.000000
27.800000 -0.000000 0.000000
27.810000 -0.000000 0.000000
27.820000 -0.000000 0.000000
27.830000 -0.000000 0.000000
27.840000 -0.000000 0.000000
27.850000 -0.000000 0.000000
27.860000 -0.000000 -0.000000
27.870000 -0.000000 -0.000000
27.880000 -0.000000 -0.000000
27.890000 -0.000000 -0.000000
27.900000 -0.000000 -0.000000
27.910000 -0.000000 -0.000000
27.920000 -0.000000 -0.000000
27.930000 -0.000000 -0.000000
27.940000 -0.000000 -0.000000
27.950000 -0.000000 -0.000000
27.960000 -0.000000 -0.000000
27.970000 -0.000000 -0.000000
27.980000 -0.000000 -0.000000
27.990000 -0.000000 -0.000000
28.000000 -0.000000 -0.000000
28.010000 -0.000000 -0.000000
28.020000 -0.000000 -0.000000
28.030000 -0.000000 -0.000000
28.040000 -0.000000 -0.000000
28.050000 -0.000000 -0.000000
28.060000 -0.000000 -0.000000
28.070000 -0.000000 -0.000000
28.080000 -0.000000 -0.000000
28.090000 -0.000000 -0.000000
28.100000 -0.000000 -0.000000
28.110000 -0.000000 -0.000000
28.120000 -0.000000 -0.000000
28.130000 -0.000000 -0.000000
28.140000 -0.000000 -0.000000
28.150000 -0.000000 -0.000000
28.160000 -0.000000 -0.000000
28.170000 -0.000000 -0.000000
28.180000 -0.000000 -0.000000
28.190000 -0.000000 -0.000000
28.200000 -0.000000 -0.000000
28.210000 -0.000000 -0.000000
28.220000 -0.000000 -0.000000
28.230000 -0.000000 -0.000000
28.240000 -0.000000 -0.000000
28.250000 -0.000000 -0.000000
28.260000 -0.000000 -0.000000
28.270000 -0.000000 -0.000000
28.280000 -0.000000 -0.000000
28.290000 -0.000000 -0.000000
28.300000 -0.000000 -0.000000
28.310000 -0.000000 -0.000000
28.320000 -0.000000 -0.000000
28.330000 -0.000000 -0.000000
28.340000 -0.000000 -0.000000
28.350000 -0.000000 -0.000000
28.360000 -0.000000 -0.000000
28.370000 -0.000000 -0.000000
28.380000 -0.000000 -0.000000
28.390000 -0.000000 -0.000000
28.400000 -0.000000 -0.000000
28.410000 -0.000000 -0.000000
28.420000 -0.000000 -0.000000
28.430000 -0.000000 -0.000000
28.440000 -0.000000 -0.000000
28.450000 0.000000 -0.000000
28.460000 0.000000 -0.000000
28.470000 0.000000 -0.000000
28.480000 0.000000 -0.000000
28.490000 0.000000 -0.000000
28.500000 0.000000 -0.000000
28.510000 0.000000 -0.000000
28.520000 0.000000 -0.000000
28.530000 0.000000 -0.000000
28.540000 0.000000 -0.000000
28.550000 0.000000 -0.000000
28.560000 0.000000 -0.000000
28.570000 0.000000 -0.000000
28.580000 0.000000 -0.000000
28.590000 0.000000 -0.000000
28.600000 0.000000 -0.000000
28.610000 0.000000 -0.000000
28.620000 0.000000 -0.000000
28.630000 0.000000 -0.000000
28.640000 0.000000 -0.000000
28.650000 0.000000 -0.000000
28.660000 0.000000 -0.000000
28.670000 0.000000 -0.000000
28.680000 0.000000 -0.000000
28.690000 0.000000 -0.000000
28.700000 0.000000 -0.000000
28.710000 0.000000 -0.000000
28.720000 0.000000 -0.000000
28.730000 0.000000 -0.000000
28.740000 0.000000 -0.000000
28.750000 0.000000 -0.000000
28.760000 0.000000 -0.000000
28.770000 0.000000 -0.000000
28.780000 0.000000 -0.000000
28.790000 0.000000 -0.000000
28.800000 0.000000 -0.000000
28.810000 0.000000 -0.000000
28.820000 0.000000 -0.000000
28.830000 0.000000 -0.000000
28.840000 0.000000 -0.000000
28.850000 0.000000 -0.000000
28.860000 0.000000 -0.000000
28.870000 0.000000 -0.000000
28.880000 0.000000 -0.000000
28.890000 0.000000 0.000000
28.900000 0.000000 0.000000
28.910000 0.000000 0.000000
28.920000 0.000000 0.000000
28.930000 0.000000 0.000000
28.940000 0.000000 0.000000
28.950000 0.000000 0.000000
28.960000 0.000000 0.000000
28.970000 0.000000 0.000000
28.980000 0.000000 0.000000
28.990000 0.000000 0.000000
29.000000 0.000000 0.000000
29.010000 0.000000 0.000000
29.020000 0.000000 0.000000
29.030000 0.000000 0.000000
29.040000 0.000000 0.000000
29.050000 0.000000 0.000000
29.060000 0.000000 0.000000
29.070000 0.000000 0.000000
29.080000 0.000000 0.000000
29.090000 0.000000 0.000000
29.100000 0.000000 0.000000
29.110000 0.000000 0.000000
29.120000 0.000000 0.000000
29.130000 0.000000 0.000000
29.140000 0.000000 0.000000
29.150000 0.000000 0.000000
29.160000 0.000000 0.000000
29.170000 0.000000 0.000000
29.180000 0.000000 0.000000
29.190000 0.000000 0.000000
29.200000 0.000000 0.000000
29.210000 0.000000 0.000000
29.220000 0.000000 0.000000
29.230000 0.000000 0.000000
29.240000 0.000000 0.000000
29.250000 0.000000 0.000000
29.260000 0.000000 0.000000
29.270000 0.000000 0.000000
29.280000 0.000000 0.000000
29.290000 0.000000 0.000000
29.300000 0.000000 0.000000
29.310000 0.000000 0.000000
29.320000 0.000000 0.000000
29.330000 0.000000 0.000000
29.340000 0.000000 0.000000
29.350000 0.000000 0.000000
29.360000 0.000000 0.000000
29.370000 0.000000 0.000000
29.380000 0.000000 0.000000
29.390000 0.000000 0.000000
29.400000 0.000000 0.000000
29.410000 0.000000 0.000000
29.420000 0.000000 0.000000
29.430000 0.000000 0.000000
29.440000 0.000000 0.000000
29.450000 0.000000 0.000000
29.460000 0.000000 0.000000
29.470000 0.000000 0.000000
29.480000 0.000000 0.000000
29.490000 0.000000 0.000000
29.500000 0.000000 0.000000
29.510000 -0.000000 0.000000
29.520000 -0.000000 0.000000
29.530000 -0.000000 0.000000
29.540000 -0.000000 0.000000
29.550000 -0.000000 0.000000
29.560000 -0.000000 0.000000
29.570000 -0.000000 0.000000
29.580000 -0.000000 0.000000
29.590000 -0.000000 0.000000
29.600000 -0.000000 0.000000
29.610000 -0.000000 0.000000
29.620000 -0.000000 0.000000
29.630000 -0.000000 0.000000
29.640000 -0.000000 0.000000
29.650000 -0.000000 0.000000
29.660000 -0.000000 0.000000
29.670000 -0.000000 0.000000
29.680000 -0.000000 0.000000
29.690000 -0.000000 0.000000
29.700000 -0.000000 0.000000
29.710000 -0.000000 0.000000
29.720000 -0.000000 0.000000
29.730000 -0.000000 0.000000
29.740000 -0.000000 0.000000
29.750000 -0.000000 0.000000
29.760000 -0.000000 0.000000
29.770000 -0.000000 0.000000
29.780000 -0.000000 0.000000
29.790000 -0.000000 0.000000
29.800000 -0.000000 0.000000
29.810000 -0.000000 0.000000
29.820000 -0.000000 0.000000
29.830000 -0.000000 0.000000
29.840000 -0.000000 0.000000
29.850000 -0.000000 0.000000
29.860000 -0.000000 0.000000
29.870000 -0.000000 0.000000
29.880000 -0.000000 0.000000
29.890000 -0.000000 0.000000
29.900000 -0.000000 0.000000
29.910000 -0.000000 0.000000
29.920000 -0.000000 0.000000
29.930000 -0.000000 0.000000
29.940000 -0.000000 0.000000
29.950000 -0.000000 0.000000
29.960000 -0.000000 0.000000
29.970000 -0.000000 0.000000
29.980000 -0.000000 0.000000
29.990000 -0.000000 0.000000
