-4.00000000 -0.00278733
-3.98000000 -0.00284174
-3.96000000 -0.00289729
-3.94000000 -0.00295411
-3.92000000 -0.00301238
-3.90000000 -0.00307235
-3.88000000 -0.00313420
-3.86000000 -0.00319806
-3.84000000 -0.00326393
-3.82000000 -0.00333175
-3.80000000 -0.00340140
-3.78000000 -0.00347278
-3.76000000 -0.00354586
-3.74000000 -0.00362074
-3.72000000 -0.00369760
-3.70000000 -0.00377672
-3.68000000 -0.00385835
-3.66000000 -0.00394269
-3.64000000 -0.00402983
-3.62000000 -0.00411975
-3.60000000 -0.00421236
-3.58000000 -0.00430755
-3.56000000 -0.00440527
-3.54000000 -0.00450560
-3.52000000 -0.00460871
-3.50000000 -0.00471490
-3.48000000 -0.00482447
-3.46000000 -0.00493770
-3.44000000 -0.00505477
-3.42000000 -0.00517573
-3.40000000 -0.00530052
-3.38000000 -0.00542903
-3.36000000 -0.00556118
-3.34000000 -0.00569699
-3.32000000 -0.00583660
-3.30000000 -0.00598026
-3.28000000 -0.00612829
-3.26000000 -0.00628101
-3.24000000 -0.00643863
-3.22000000 -0.00660119
-3.20000000 -0.00676861
-3.18000000 -0.00694067
-3.16000000 -0.00711715
-3.14000000 -0.00729782
-3.12000000 -0.00748259
-3.10000000 -0.00767144
-3.08000000 -0.00786441
-3.06000000 -0.00806152
-3.04000000 -0.00826262
-3.02000000 -0.00846733
-3.00000000 -0.00867501
-2.98000000 -0.00888472
-2.96000000 -0.00909534
-2.94000000 -0.00930556
-2.92000000 -0.00951397
-2.90000000 -0.00971909
-2.88000000 -0.00991926
-2.86000000 -0.01011252
-2.84000000 -0.01029649
-2.82000000 -0.01046816
-2.80000000 -0.01062378
-2.78000000 -0.01075876
-2.76000000 -0.01086764
-2.74000000 -0.01094406
-2.72000000 -0.01098077
-2.70000000 -0.01096949
-2.68000000 -0.01090083
-2.66000000 -0.01076393
-2.64000000 -0.01054622
-2.62000000 -0.01023300
-2.60000000 -0.00980703
-2.58000000 -0.00924822
-2.56000000 -0.00853330
-2.54000000 -0.00763550
-2.52000000 -0.00652428
-2.50000000 -0.00516488
-2.48000000 -0.00351793
-2.46000000 -0.00153877
-2.44000000 0.00082325
-2.42000000 0.00362554
-2.40000000 0.00693310
-2.38000000 0.01081931
-2.36000000 0.01536665
-2.34000000 0.02066740
-2.32000000 0.02682422
-2.30000000 0.03395089
-2.28000000 0.04217302
-2.26000000 0.05162892
-2.24000000 0.06247063
-2.22000000 0.07486494
-2.20000000 0.08899452
-2.18000000 0.10505888
-2.16000000 0.12327523
-2.14000000 0.14387909
-2.12000000 0.16712462
-2.10000000 0.19328470
-2.08000000 0.22265074
-2.06000000 0.25553212
-2.04000000 0.29225534
-2.02000000 0.33316257
-2.00000000 0.37860964
-1.98000000 0.42896318
-1.96000000 0.48459682
-1.94000000 0.54588639
-1.92000000 0.61320420
-1.90000000 0.68691241
-1.88000000 0.76735599
-1.86000000 0.85485532
-1.84000000 0.94969893
-1.82000000 1.05213664
-1.80000000 1.16237323
-1.78000000 1.28056289
-1.76000000 1.40680440
-1.74000000 1.54113694
-1.72000000 1.68353641
-1.70000000 1.83391206
-1.68000000 1.99210308
-1.66000000 2.15787501
-1.64000000 2.33091545
-1.62000000 2.51082903
-1.60000000 2.69713125
-1.58000000 2.88924132
-1.56000000 3.08647428
-1.54000000 3.28803291
-1.52000000 3.49300064
-1.50000000 3.70033663
-1.48000000 3.90887478
-1.46000000 4.11732815
-1.44000000 4.32430018
-1.42000000 4.52830337
-1.40000000 4.72778539
-1.38000000 4.92116168
-1.36000000 5.10685230
-1.34000000 5.28332058
-1.32000000 5.44911025
-1.30000000 5.60287795
-1.28000000 5.74341860
-1.26000000 5.86968184
-1.24000000 5.98077915
-1.22000000 6.07598225
-1.20000000 6.15471489
-1.18000000 6.21654039
-1.16000000 6.26114815
-1.14000000 6.28834172
-1.12000000 6.29803077
-1.10000000 6.29022796
-1.08000000 6.26505115
-1.06000000 6.22272976
-1.04000000 6.16361386
-1.02000000 6.08818367
-1.00000000 5.99705728
-0.98000000 5.89099452
-0.96000000 5.77089548
-0.94000000 5.63779301
-0.92000000 5.49283890
-0.90000000 5.33728456
-0.88000000 5.17245728
-0.86000000 4.99973360
-0.84000000 4.82051152
-0.82000000 4.63618318
-0.80000000 4.44810958
-0.78000000 4.25759846
-0.76000000 4.06588622
-0.74000000 3.87412432
-0.72000000 3.68337013
-0.70000000 3.49458200
-0.68000000 3.30861783
-0.66000000 3.12623662
-0.64000000 2.94810181
-0.62000000 2.77478606
-0.60000000 2.60677640
-0.58000000 2.44447957
-0.56000000 2.28822710
-0.54000000 2.13828010
-0.52000000 1.99483367
-0.50000000 1.85802124
-0.48000000 1.72791876
-0.46000000 1.60454902
-0.44000000 1.48788604
-0.42000000 1.37785957
-0.40000000 1.27435972
-0.38000000 1.17724163
-0.36000000 1.08633006
-0.34000000 1.00142398
-0.32000000 0.92230105
-0.30000000 0.84872198
-0.28000000 0.78043478
-0.26000000 0.71717880
-0.24000000 0.65868852
-0.22000000 0.60469702
-0.20000000 0.55493908
-0.18000000 0.50915372
-0.16000000 0.46708639
-0.14000000 0.42849055
-0.12000000 0.39312892
-0.10000000 0.36077433
-0.08000000 0.33121038
-0.06000000 0.30423185
-0.04000000 0.27964498
-0.02000000 0.25726772
0.00000000 0.23692970
0.02000000 0.21847220
0.04000000 0.20174789
0.06000000 0.18662046
0.08000000 0.17296405
0.10000000 0.16066275
0.12000000 0.14960992
0.14000000 0.13970761
0.16000000 0.13086607
0.18000000 0.12300321
0.20000000 0.11604416
0.22000000 0.10992083
0.24000000 0.10457142
0.26000000 0.09993992
0.28000000 0.09597555
0.30000000 0.09263214
0.32000000 0.08986764
0.34000000 0.08764360
0.36000000 0.08592476
0.38000000 0.08467871
0.40000000 0.08387568
0.42000000 0.08348832
0.44000000 0.08349150
0.46000000 0.08386206
0.48000000 0.08457855
0.50000000 0.08562085
0.52000000 0.08696986
0.54000000 0.08860709
0.56000000 0.09051428
0.58000000 0.09267314
0.60000000 0.09506500
0.62000000 0.09767061
0.64000000 0.10046985
0.66000000 0.10344153
0.68000000 0.10656318
0.70000000 0.10981085
0.72000000 0.11315902
0.74000000 0.11658062
0.76000000 0.12004719
0.78000000 0.12352919
0.80000000 0.12699654
0.82000000 0.13041914
0.84000000 0.13376758
0.86000000 0.13701373
0.88000000 0.14013134
0.90000000 0.14309636
0.92000000 0.14588727
0.94000000 0.14848510
0.96000000 0.15087340
0.98000000 0.15303803
1.00000000 0.15496691
1.02000000 0.15664977
1.04000000 0.15807779
1.06000000 0.15924337
1.08000000 0.16013983
1.10000000 0.16076127
1.12000000 0.16110245
1.14000000 0.16115879
1.16000000 0.16092650
1.18000000 0.16040280
1.20000000 0.15958630
1.22000000 0.15847740
1.24000000 0.15707870
1.26000000 0.15539537
1.28000000 0.15343546
1.30000000 0.15120994
1.32000000 0.14873272
1.34000000 0.14602032
1.36000000 0.14309158
1.38000000 0.13996710
1.40000000 0.13666876
1.42000000 0.13321917
1.44000000 0.12964116
1.46000000 0.12595734
1.48000000 0.12218969
1.50000000 0.11835926
1.52000000 0.11448589
1.54000000 0.11058804
1.56000000 0.10668264
1.58000000 0.10278505
1.60000000 0.09890907
1.62000000 0.09506706
1.64000000 0.09127004
1.66000000 0.08752785
1.68000000 0.08384937
1.70000000 0.08024260
1.72000000 0.07671479
1.74000000 0.07327245
1.76000000 0.06992139
1.78000000 0.06666664
1.80000000 0.06351248
1.82000000 0.06046238
1.84000000 0.05751902
1.86000000 0.05468435
1.88000000 0.05195961
1.90000000 0.04934543
1.92000000 0.04684184
1.94000000 0.04444832
1.96000000 0.04216385
1.98000000 0.03998686
2.00000000 0.03791531
2.02000000 0.03594666
2.04000000 0.03407799
2.06000000 0.03230604
2.08000000 0.03062734
2.10000000 0.02903831
2.12000000 0.02753531
2.14000000 0.02611472
2.16000000 0.02477298
2.18000000 0.02350656
2.20000000 0.02231192
2.22000000 0.02118556
2.24000000 0.02012397
2.26000000 0.01912367
2.28000000 0.01818128
2.30000000 0.01729351
2.32000000 0.01645727
2.34000000 0.01566963
2.36000000 0.01492788
2.38000000 0.01422945
2.40000000 0.01357190
2.42000000 0.01295287
2.44000000 0.01237006
2.46000000 0.01182122
2.48000000 0.01130416
2.50000000 0.01081681
2.52000000 0.01035723
2.54000000 0.00992364
2.56000000 0.00951445
2.58000000 0.00912820
2.60000000 0.00876355
2.62000000 0.00841921
2.64000000 0.00809396
2.66000000 0.00778654
2.68000000 0.00749577
2.70000000 0.00722047
2.72000000 0.00695957
2.74000000 0.00671211
2.76000000 0.00647723
2.78000000 0.00625420
2.80000000 0.00604240
2.82000000 0.00584121
2.84000000 0.00565006
2.86000000 0.00546835
2.88000000 0.00529544
2.90000000 0.00513072
2.92000000 0.00497359
2.94000000 0.00482354
2.96000000 0.00468010
2.98000000 0.00454294
3.00000000 0.00441176
3.02000000 0.00428632
3.04000000 0.00416639
3.06000000 0.00405168
3.08000000 0.00394189
3.10000000 0.00383668
3.12000000 0.00373570
3.14000000 0.00363863
3.16000000 0.00354522
3.18000000 0.00345528
3.20000000 0.00336869
3.22000000 0.00328537
3.24000000 0.00320524
3.26000000 0.00312820
3.28000000 0.00305410
3.30000000 0.00298276
3.32000000 0.00291395
3.34000000 0.00284746
3.36000000 0.00278311
3.38000000 0.00272079
3.40000000 0.00266043
3.42000000 0.00260202
3.44000000 0.00254558
3.46000000 0.00249107
3.48000000 0.00243845
3.50000000 0.00238762
3.52000000 0.00233843
3.54000000 0.00229071
3.56000000 0.00224434
3.58000000 0.00219920
3.60000000 0.00215527
3.62000000 0.00211255
3.64000000 0.00207108
3.66000000 0.00203088
3.68000000 0.00199198
3.70000000 0.00195430
3.72000000 0.00191776
3.74000000 0.00188224
3.76000000 0.00184762
3.78000000 0.00181379
3.80000000 0.00178073
3.82000000 0.00174843
3.84000000 0.00171694
3.86000000 0.00168633
3.88000000 0.00165662
3.90000000 0.00162781
3.92000000 0.00159984
3.94000000 0.00157262
3.96000000 0.00154604
3.98000000 0.00152000
