-4.00000000 -0.00278728
-3.98000000 -0.00284167
-3.96000000 -0.00289724
-3.94000000 -0.00295410
-3.92000000 -0.00301241
-3.90000000 -0.00307240
-3.88000000 -0.00313426
-3.86000000 -0.00319811
-3.84000000 -0.00326395
-3.82000000 -0.00333173
-3.80000000 -0.00340135
-3.78000000 -0.00347271
-3.76000000 -0.00354580
-3.74000000 -0.00362071
-3.72000000 -0.00369762
-3.70000000 -0.00377677
-3.68000000 -0.00385842
-3.66000000 -0.00394276
-3.64000000 -0.00402987
-3.62000000 -0.00411975
-3.60000000 -0.00421231
-3.58000000 -0.00430748
-3.56000000 -0.00440520
-3.54000000 -0.00450555
-3.52000000 -0.00460871
-3.50000000 -0.00471494
-3.48000000 -0.00482454
-3.46000000 -0.00493777
-3.44000000 -0.00505482
-3.42000000 -0.00517574
-3.40000000 -0.00530048
-3.38000000 -0.00542896
-3.36000000 -0.00556110
-3.34000000 -0.00569693
-3.32000000 -0.00583658
-3.30000000 -0.00598029
-3.28000000 -0.00612837
-3.26000000 -0.00628111
-3.24000000 -0.00643871
-3.22000000 -0.00660124
-3.20000000 -0.00676860
-3.18000000 -0.00694062
-3.16000000 -0.00711707
-3.14000000 -0.00729774
-3.12000000 -0.00748254
-3.10000000 -0.00767144
-3.08000000 -0.00786446
-3.06000000 -0.00806158
-3.04000000 -0.00826267
-3.02000000 -0.00846733
-3.00000000 -0.00867494
-2.98000000 -0.00888458
-2.96000000 -0.00909514
-2.94000000 -0.00930534
-2.92000000 -0.00951379
-2.90000000 -0.00971897
-2.88000000 -0.00991922
-2.86000000 -0.01011257
-2.84000000 -0.01029661
-2.82000000 -0.01046835
-2.80000000 -0.01062402
-2.78000000 -0.01075907
-2.76000000 -0.01086803
-2.74000000 -0.01094457
-2.72000000 -0.01098142
-2.70000000 -0.01097030
-2.68000000 -0.01090174
-2.66000000 -0.01076486
-2.64000000 -0.01054704
-2.62000000 -0.01023353
-2.60000000 -0.00980709
-2.58000000 -0.00924764
-2.56000000 -0.00853195
-2.54000000 -0.00763332
-2.52000000 -0.00652127
-2.50000000 -0.00516116
-2.48000000 -0.00351367
-2.46000000 -0.00153426
-2.44000000 0.00082760
-2.42000000 0.00362922
-2.40000000 0.00693551
-2.38000000 0.01081980
-2.36000000 0.01536459
-2.34000000 0.02066224
-2.32000000 0.02681567
-2.30000000 0.03393901
-2.28000000 0.04215832
-2.26000000 0.05161247
-2.24000000 0.06245400
-2.22000000 0.07485018
-2.20000000 0.08898392
-2.18000000 0.10505473
-2.16000000 0.12327948
-2.14000000 0.14389301
-2.12000000 0.16714844
-2.10000000 0.19331742
-2.08000000 0.22268995
-2.06000000 0.25557411
-2.04000000 0.29229534
-2.02000000 0.33319524
-2.00000000 0.37862972
-1.98000000 0.42896626
-1.96000000 0.48458010
-1.94000000 0.54584939
-1.92000000 0.61314915
-1.90000000 0.68684436
-1.88000000 0.76728241
-1.86000000 0.85478531
-1.84000000 0.94964199
-1.82000000 1.05210123
-1.80000000 1.16236534
-1.78000000 1.28058487
-1.76000000 1.40685429
-1.74000000 1.54120849
-1.72000000 1.68361989
-1.70000000 1.83399570
-1.68000000 1.99217506
-1.66000000 2.15792547
-1.64000000 2.33093827
-1.62000000 2.51082292
-1.60000000 2.69709998
-1.58000000 2.88919293
-1.56000000 3.08641938
-1.54000000 3.28798254
-1.52000000 3.49296392
-1.50000000 3.70031889
-1.48000000 3.90887647
-1.46000000 4.11734484
-1.44000000 4.32432367
-1.42000000 4.52832367
-1.40000000 4.72779320
-1.38000000 4.92115068
-1.36000000 5.10682088
-1.34000000 5.28327255
-1.32000000 5.44905421
-1.30000000 5.60282569
-1.28000000 5.74338256
-1.26000000 5.86967241
-1.24000000 5.98080227
-1.22000000 6.07603788
-1.20000000 6.15479667
-1.18000000 6.21663663
-1.16000000 6.26124391
-1.14000000 6.28842158
-1.12000000 6.29808165
-1.10000000 6.29024159
-1.08000000 6.26502548
-1.06000000 6.22266926
-1.04000000 6.16352858
-1.02000000 6.08808729
-1.00000000 5.99696462
-0.98000000 5.89091894
-0.96000000 5.77084678
-0.94000000 5.63777604
-0.92000000 5.49285316
-0.90000000 5.33732478
-0.88000000 5.17251477
-0.86000000 4.99979800
-0.84000000 4.82057268
-0.82000000 4.63623276
-0.80000000 4.44814212
-0.78000000 4.25761185
-0.76000000 4.06588153
-0.74000000 3.87410515
-0.72000000 3.68334165
-0.70000000 3.49454987
-0.68000000 3.30858730
-0.66000000 3.12621173
-0.64000000 2.94808508
-0.62000000 2.77477832
-0.60000000 2.60677704
-0.58000000 2.44448688
-0.56000000 2.28823876
-0.54000000 2.13829359
-0.52000000 1.99484672
-0.50000000 1.85803209
-0.48000000 1.72792631
-0.46000000 1.60455286
-0.44000000 1.48788635
-0.42000000 1.37785702
-0.40000000 1.27435524
-0.38000000 1.17723623
-0.36000000 1.08632468
-0.34000000 1.00141936
-0.32000000 0.92229767
-0.30000000 0.84872004
-0.28000000 0.78043426
-0.26000000 0.71717947
-0.24000000 0.65869008
-0.22000000 0.60469911
-0.20000000 0.55494138
-0.18000000 0.50915596
-0.16000000 0.46708837
-0.14000000 0.42849214
-0.12000000 0.39313002
-0.10000000 0.36077492
-0.08000000 0.33121046
-0.06000000 0.30423144
-0.04000000 0.27964416
-0.02000000 0.25726657
0.00000000 0.23692834
0.02000000 0.21847077
0.04000000 0.20174653
0.06000000 0.18661927
0.08000000 0.17296313
0.10000000 0.16066213
0.12000000 0.14960960
0.14000000 0.13970757
0.16000000 0.13086628
0.18000000 0.12300361
0.20000000 0.11604471
0.22000000 0.10992150
0.24000000 0.10457218
0.26000000 0.09994075
0.28000000 0.09597640
0.30000000 0.09263297
0.32000000 0.08986838
0.34000000 0.08764419
0.36000000 0.08592514
0.38000000 0.08467884
0.40000000 0.08387558
0.42000000 0.08348801
0.44000000 0.08349103
0.46000000 0.08386150
0.48000000 0.08457796
0.50000000 0.08562029
0.52000000 0.08696937
0.54000000 0.08860666
0.56000000 0.09051392
0.58000000 0.09267282
0.60000000 0.09506473
0.62000000 0.09767038
0.64000000 0.10046968
0.66000000 0.10344144
0.68000000 0.10656320
0.70000000 0.10981101
0.72000000 0.11315932
0.74000000 0.11658107
0.76000000 0.12004777
0.78000000 0.12352989
0.80000000 0.12699731
0.82000000 0.13041995
0.84000000 0.13376839
0.86000000 0.13701450
0.88000000 0.14013198
0.90000000 0.14309681
0.92000000 0.14588745
0.94000000 0.14848493
0.96000000 0.15087282
0.98000000 0.15303702
1.00000000 0.15496550
1.02000000 0.15664805
1.04000000 0.15807591
1.06000000 0.15924149
1.08000000 0.16013815
1.10000000 0.16075999
1.12000000 0.16110171
1.14000000 0.16115869
1.16000000 0.16092706
1.18000000 0.16040399
1.20000000 0.15958802
1.22000000 0.15847949
1.24000000 0.15708097
1.26000000 0.15539765
1.28000000 0.15343756
1.30000000 0.15121170
1.32000000 0.14873400
1.34000000 0.14602103
1.36000000 0.14309166
1.38000000 0.13996656
1.40000000 0.13666765
1.42000000 0.13321759
1.44000000 0.12963926
1.46000000 0.12595529
1.48000000 0.12218767
1.50000000 0.11835745
1.52000000 0.11448443
1.54000000 0.11058702
1.56000000 0.10668211
1.58000000 0.10278499
1.60000000 0.09890945
1.62000000 0.09506778
1.64000000 0.09127101
1.66000000 0.08752897
1.68000000 0.08385054
1.70000000 0.08024375
1.72000000 0.07671584
1.74000000 0.07327336
1.76000000 0.06992210
1.78000000 0.06666712
1.80000000 0.06351272
1.82000000 0.06046238
1.84000000 0.05751880
1.86000000 0.05468395
1.88000000 0.05195909
1.90000000 0.04934485
1.92000000 0.04684125
1.94000000 0.04444779
1.96000000 0.04216341
1.98000000 0.03998654
2.00000000 0.03791509
2.02000000 0.03594653
2.04000000 0.03407793
2.06000000 0.03230604
2.08000000 0.03062738
2.10000000 0.02903838
2.12000000 0.02753541
2.14000000 0.02611486
2.16000000 0.02477315
2.18000000 0.02350674
2.20000000 0.02231210
2.22000000 0.02118572
2.24000000 0.02012409
2.26000000 0.01912374
2.28000000 0.01818130
2.30000000 0.01729349
2.32000000 0.01645722
2.34000000 0.01566958
2.36000000 0.01492784
2.38000000 0.01422943
2.40000000 0.01357190
2.42000000 0.01295288
2.44000000 0.01237007
2.46000000 0.01182121
2.48000000 0.01130413
2.50000000 0.01081676
2.52000000 0.01035717
2.54000000 0.00992359
2.56000000 0.00951442
2.58000000 0.00912820
2.60000000 0.00876357
2.62000000 0.00841925
2.64000000 0.00809400
2.66000000 0.00778658
2.68000000 0.00749578
2.70000000 0.00722046
2.72000000 0.00695954
2.74000000 0.00671207
2.76000000 0.00647720
2.78000000 0.00625420
2.80000000 0.00604241
2.82000000 0.00584125
2.84000000 0.00565010
2.86000000 0.00546838
2.88000000 0.00529545
2.90000000 0.00513071
2.92000000 0.00497357
2.94000000 0.00482350
2.96000000 0.00468007
2.98000000 0.00454292
3.00000000 0.00441176
3.02000000 0.00428634
3.04000000 0.00416642
3.06000000 0.00405171
3.08000000 0.00394191
3.10000000 0.00383668
3.12000000 0.00373568
3.14000000 0.00363860
3.16000000 0.00354518
3.18000000 0.00345525
3.20000000 0.00336868
3.22000000 0.00328538
3.24000000 0.00320527
3.26000000 0.00312823
3.28000000 0.00305413
3.30000000 0.00298277
3.32000000 0.00291394
3.34000000 0.00284743
3.36000000 0.00278308
3.38000000 0.00272076
3.40000000 0.00266041
3.42000000 0.00260203
3.44000000 0.00254560
3.46000000 0.00249110
3.48000000 0.00243849
3.50000000 0.00238764
3.52000000 0.00233843
3.54000000 0.00229069
3.56000000 0.00224431
3.58000000 0.00219917
3.60000000 0.00215525
3.62000000 0.00211254
3.64000000 0.00207109
3.66000000 0.00203091
3.68000000 0.00199201
3.70000000 0.00195433
3.72000000 0.00191777
3.74000000 0.00188223
3.76000000 0.00184759
3.78000000 0.00181376
3.80000000 0.00178070
3.82000000 0.00174842
3.84000000 0.00171695
3.86000000 0.00168635
3.88000000 0.00165665
3.90000000 0.00162784
3.92000000 0.00159986
3.94000000 0.00157262
3.96000000 0.00154602
3.98000000 0.00151997
