-4.00000000 -0.00180357
-3.98000000 -0.00183423
-3.96000000 -0.00186529
-3.94000000 -0.00189687
-3.92000000 -0.00192913
-3.90000000 -0.00196228
-3.88000000 -0.00199650
-3.86000000 -0.00203187
-3.84000000 -0.00206836
-3.82000000 -0.00210585
-3.80000000 -0.00214416
-3.78000000 -0.00218316
-3.76000000 -0.00222279
-3.74000000 -0.00226309
-3.72000000 -0.00230424
-3.70000000 -0.00234645
-3.68000000 -0.00238994
-3.66000000 -0.00243487
-3.64000000 -0.00248125
-3.62000000 -0.00252900
-3.60000000 -0.00257795
-3.58000000 -0.00262792
-3.56000000 -0.00267879
-3.54000000 -0.00273056
-3.52000000 -0.00278335
-3.50000000 -0.00283738
-3.48000000 -0.00289288
-3.46000000 -0.00295006
-3.44000000 -0.00300899
-3.42000000 -0.00306960
-3.40000000 -0.00313172
-3.38000000 -0.00319510
-3.36000000 -0.00325954
-3.34000000 -0.00332492
-3.32000000 -0.00339126
-3.30000000 -0.00345867
-3.28000000 -0.00352735
-3.26000000 -0.00359744
-3.24000000 -0.00366897
-3.22000000 -0.00374180
-3.20000000 -0.00381561
-3.18000000 -0.00388996
-3.16000000 -0.00396435
-3.14000000 -0.00403833
-3.12000000 -0.00411151
-3.10000000 -0.00418361
-3.08000000 -0.00425438
-3.06000000 -0.00432348
-3.04000000 -0.00439044
-3.02000000 -0.00445446
-3.00000000 -0.00451446
-2.98000000 -0.00456904
-2.96000000 -0.00461655
-2.94000000 -0.00465513
-2.92000000 -0.00468282
-2.90000000 -0.00469752
-2.88000000 -0.00469693
-2.86000000 -0.00467840
-2.84000000 -0.00463879
-2.82000000 -0.00457427
-2.80000000 -0.00448018
-2.78000000 -0.00435096
-2.76000000 -0.00418008
-2.74000000 -0.00396007
-2.72000000 -0.00368245
-2.70000000 -0.00333769
-2.68000000 -0.00291501
-2.66000000 -0.00240211
-2.64000000 -0.00178483
-2.62000000 -0.00104675
-2.60000000 -0.00016880
-2.58000000 0.00087113
-2.56000000 0.00209844
-2.54000000 0.00354220
-2.52000000 0.00523537
-2.50000000 0.00721522
-2.48000000 0.00952377
-2.46000000 0.01220842
-2.44000000 0.01532260
-2.42000000 0.01892659
-2.40000000 0.02308825
-2.38000000 0.02788377
-2.36000000 0.03339829
-2.34000000 0.03972642
-2.32000000 0.04697281
-2.30000000 0.05525257
-2.28000000 0.06469191
-2.26000000 0.07542888
-2.24000000 0.08761413
-2.22000000 0.10141200
-2.20000000 0.11700142
-2.18000000 0.13457700
-2.16000000 0.15434985
-2.14000000 0.17654834
-2.12000000 0.20141866
-2.10000000 0.22922512
-2.08000000 0.26025028
-2.06000000 0.29479471
-2.04000000 0.33317635
-2.02000000 0.37572919
-2.00000000 0.42280115
-1.98000000 0.47475075
-1.96000000 0.53194256
-1.94000000 0.59474123
-1.92000000 0.66350431
-1.90000000 0.73857405
-1.88000000 0.82026871
-1.86000000 0.90887393
-1.84000000 1.00463477
-1.82000000 1.10774897
-1.80000000 1.21836187
-1.78000000 1.33656309
-1.76000000 1.46238506
-1.74000000 1.59580297
-1.72000000 1.73673561
-1.70000000 1.88504650
-1.68000000 2.04054433
-1.66000000 2.20298214
-1.64000000 2.37205426
-1.62000000 2.54739084
-1.60000000 2.72854950
-1.58000000 2.91500450
-1.56000000 3.10613409
-1.54000000 3.30120721
-1.52000000 3.49937138
-1.50000000 3.69964347
-1.48000000 3.90090581
-1.46000000 4.10190932
-1.44000000 4.30128522
-1.42000000 4.49756593
-1.40000000 4.68921474
-1.38000000 4.87466274
-1.36000000 5.05235053
-1.34000000 5.22077131
-1.32000000 5.37851169
-1.30000000 5.52428668
-1.28000000 5.65696593
-1.26000000 5.77558944
-1.24000000 5.87937226
-1.22000000 5.96769905
-1.20000000 6.04011071
-1.18000000 6.09628622
-1.16000000 6.13602288
-1.14000000 6.15921849
-1.12000000 6.16585798
-1.10000000 6.15600610
-1.08000000 6.12980693
-1.06000000 6.08748921
-1.04000000 6.02937618
-1.02000000 5.95589755
-1.00000000 5.86760103
-0.98000000 5.76516111
-0.96000000 5.64938307
-0.94000000 5.52120084
-0.92000000 5.38166814
-0.90000000 5.23194321
-0.88000000 5.07326789
-0.86000000 4.90694255
-0.84000000 4.73429857
-0.82000000 4.55667034
-0.80000000 4.37536846
-0.78000000 4.19165586
-0.76000000 4.00672781
-0.74000000 3.82169680
-0.72000000 3.63758226
-0.70000000 3.45530506
-0.68000000 3.27568618
-0.66000000 3.09944862
-0.64000000 2.92722164
-0.62000000 2.75954638
-0.60000000 2.59688202
-0.58000000 2.43961189
-0.56000000 2.28804911
-0.54000000 2.14244172
-0.52000000 2.00297715
-0.50000000 1.86978638
-0.48000000 1.74294774
-0.46000000 1.62249078
-0.44000000 1.50839995
-0.42000000 1.40061857
-0.40000000 1.29905275
-0.38000000 1.20357544
-0.36000000 1.11403043
-0.34000000 1.03023648
-0.32000000 0.95199132
-0.30000000 0.87907566
-0.28000000 0.81125718
-0.26000000 0.74829431
-0.24000000 0.68993989
-0.22000000 0.63594449
-0.20000000 0.58605940
-0.18000000 0.54003916
-0.16000000 0.49764362
-0.14000000 0.45863952
-0.12000000 0.42280178
-0.10000000 0.38991431
-0.08000000 0.35977073
-0.06000000 0.33217479
-0.04000000 0.30694082
-0.02000000 0.28389390
0.00000000 0.26286999
0.02000000 0.24371592
0.04000000 0.22628919
0.06000000 0.21045762
0.08000000 0.19609888
0.10000000 0.18309997
0.12000000 0.17135665
0.14000000 0.16077291
0.16000000 0.15126050
0.18000000 0.14273849
0.20000000 0.13513289
0.22000000 0.12837622
0.24000000 0.12240711
0.26000000 0.11716979
0.28000000 0.11261355
0.30000000 0.10869219
0.32000000 0.10536352
0.34000000 0.10258880
0.36000000 0.10033244
0.38000000 0.09856161
0.40000000 0.09724605
0.42000000 0.09635781
0.44000000 0.09587109
0.46000000 0.09576197
0.48000000 0.09600812
0.50000000 0.09658851
0.52000000 0.09748300
0.54000000 0.09867208
0.56000000 0.10013650
0.58000000 0.10185708
0.60000000 0.10381448
0.62000000 0.10598901
0.64000000 0.10836049
0.66000000 0.11090806
0.68000000 0.11361002
0.70000000 0.11644363
0.72000000 0.11938500
0.74000000 0.12240904
0.76000000 0.12548954
0.78000000 0.12859934
0.80000000 0.13171070
0.82000000 0.13479568
0.84000000 0.13782670
0.86000000 0.14077695
0.88000000 0.14362088
0.90000000 0.14633454
0.92000000 0.14889580
0.94000000 0.15128454
0.96000000 0.15348266
0.98000000 0.15547411
1.00000000 0.15724484
1.02000000 0.15878269
1.04000000 0.16007728
1.06000000 0.16111989
1.08000000 0.16190333
1.10000000 0.16242173
1.12000000 0.16267047
1.14000000 0.16264607
1.16000000 0.16234616
1.18000000 0.16176957
1.20000000 0.16091649
1.22000000 0.15978868
1.24000000 0.15838970
1.26000000 0.15672519
1.28000000 0.15480299
1.30000000 0.15263321
1.32000000 0.15022820
1.34000000 0.14760239
1.36000000 0.14477197
1.38000000 0.14175463
1.40000000 0.13856918
1.42000000 0.13523518
1.44000000 0.13177263
1.46000000 0.12820161
1.48000000 0.12454204
1.50000000 0.12081335
1.52000000 0.11703429
1.54000000 0.11322264
1.56000000 0.10939506
1.58000000 0.10556699
1.60000000 0.10175252
1.62000000 0.09796447
1.64000000 0.09421441
1.66000000 0.09051278
1.68000000 0.08686899
1.70000000 0.08329155
1.72000000 0.07978808
1.74000000 0.07636539
1.76000000 0.07302946
1.78000000 0.06978543
1.80000000 0.06663758
1.82000000 0.06358935
1.84000000 0.06064338
1.86000000 0.05780158
1.88000000 0.05506519
1.90000000 0.05243489
1.92000000 0.04991082
1.94000000 0.04749265
1.96000000 0.04517955
1.98000000 0.04297023
2.00000000 0.04086294
2.02000000 0.03885546
2.04000000 0.03694519
2.06000000 0.03512924
2.08000000 0.03340446
2.10000000 0.03176763
2.12000000 0.03021545
2.14000000 0.02874462
2.16000000 0.02735188
2.18000000 0.02603394
2.20000000 0.02478753
2.22000000 0.02360932
2.24000000 0.02249598
2.26000000 0.02144417
2.28000000 0.02045061
2.30000000 0.01951215
2.32000000 0.01862578
2.34000000 0.01778866
2.36000000 0.01699816
2.38000000 0.01625177
2.40000000 0.01554710
2.42000000 0.01488182
2.44000000 0.01425366
2.46000000 0.01366036
2.48000000 0.01309976
2.50000000 0.01256979
2.52000000 0.01206851
2.54000000 0.01159417
2.56000000 0.01114518
2.58000000 0.01072009
2.60000000 0.01031756
2.62000000 0.00993631
2.64000000 0.00957507
2.66000000 0.00923260
2.68000000 0.00890767
2.70000000 0.00859909
2.72000000 0.00830577
2.74000000 0.00802673
2.76000000 0.00776111
2.78000000 0.00750818
2.80000000 0.00726729
2.82000000 0.00703782
2.84000000 0.00681917
2.86000000 0.00661070
2.88000000 0.00641176
2.90000000 0.00622171
2.92000000 0.00603992
2.94000000 0.00586586
2.96000000 0.00569905
2.98000000 0.00553915
3.00000000 0.00538585
3.02000000 0.00523891
3.04000000 0.00509806
3.06000000 0.00496300
3.08000000 0.00483341
3.10000000 0.00470891
3.12000000 0.00458913
3.14000000 0.00447374
3.16000000 0.00436248
3.18000000 0.00425516
3.20000000 0.00415163
3.22000000 0.00405183
3.24000000 0.00395565
3.26000000 0.00386299
3.28000000 0.00377368
3.30000000 0.00368750
3.32000000 0.00360422
3.34000000 0.00352360
3.36000000 0.00344547
3.38000000 0.00336970
3.40000000 0.00329623
3.42000000 0.00322505
3.44000000 0.00315614
3.46000000 0.00308950
3.48000000 0.00302505
3.50000000 0.00296268
3.52000000 0.00290221
3.54000000 0.00284347
3.56000000 0.00278633
3.58000000 0.00273067
3.60000000 0.00267647
3.62000000 0.00262372
3.64000000 0.00257246
3.66000000 0.00252273
3.68000000 0.00247452
3.70000000 0.00242776
3.72000000 0.00238234
3.74000000 0.00233813
3.76000000 0.00229500
3.78000000 0.00225286
3.80000000 0.00221165
3.82000000 0.00217140
3.84000000 0.00213215
3.86000000 0.00209396
3.88000000 0.00205686
3.90000000 0.00202082
3.92000000 0.00198578
3.94000000 0.00195164
3.96000000 0.00191828
3.98000000 0.00188560
