-4.00000000 0.00289133
-3.98000000 0.00322063
-3.96000000 0.00357642
-3.94000000 0.00396064
-3.92000000 0.00437531
-3.90000000 0.00482263
-3.88000000 0.00530491
-3.86000000 0.00582466
-3.84000000 0.00638451
-3.82000000 0.00698730
-3.80000000 0.00763604
-3.78000000 0.00833396
-3.76000000 0.00908447
-3.74000000 0.00989124
-3.72000000 0.01075819
-3.70000000 0.01168952
-3.68000000 0.01268971
-3.66000000 0.01376360
-3.64000000 0.01491633
-3.62000000 0.01615346
-3.60000000 0.01748087
-3.58000000 0.01890487
-3.56000000 0.02043220
-3.54000000 0.02207000
-3.52000000 0.02382587
-3.50000000 0.02570789
-3.48000000 0.02772461
-3.46000000 0.02988507
-3.44000000 0.03219878
-3.42000000 0.03467575
-3.40000000 0.03732646
-3.38000000 0.04016182
-3.36000000 0.04319322
-3.34000000 0.04643245
-3.32000000 0.04989170
-3.30000000 0.05358359
-3.28000000 0.05752110
-3.26000000 0.06171762
-3.24000000 0.06618693
-3.22000000 0.07094318
-3.20000000 0.07600098
-3.18000000 0.08137536
-3.16000000 0.08708186
-3.14000000 0.09313655
-3.12000000 0.09955617
-3.10000000 0.10635818
-3.08000000 0.11356087
-3.06000000 0.12118349
-3.04000000 0.12924634
-3.02000000 0.13777087
-3.00000000 0.14677978
-2.98000000 0.15629705
-2.96000000 0.16634796
-2.94000000 0.17695912
-2.92000000 0.18815838
-2.90000000 0.19997474
-2.88000000 0.21243818
-2.86000000 0.22557950
-2.84000000 0.23943001
-2.82000000 0.25402122
-2.80000000 0.26938450
-2.78000000 0.28555068
-2.76000000 0.30254959
-2.74000000 0.32040970
-2.72000000 0.33915766
-2.70000000 0.35881798
-2.68000000 0.37941268
-2.66000000 0.40096112
-2.64000000 0.42347981
-2.62000000 0.44698238
-2.60000000 0.47147974
-2.58000000 0.49698016
-2.56000000 0.52348971
-2.54000000 0.55101255
-2.52000000 0.57955153
-2.50000000 0.60910871
-2.48000000 0.63968592
-2.46000000 0.67128536
-2.44000000 0.70391012
-2.42000000 0.73756462
-2.40000000 0.77225488
-2.38000000 0.80798870
-2.36000000 0.84477566
-2.34000000 0.88262694
-2.32000000 0.92155498
-2.30000000 0.96157298
-2.28000000 1.00269430
-2.26000000 1.04493169
-2.24000000 1.08829652
-2.22000000 1.13279782
-2.20000000 1.17844135
-2.18000000 1.22522864
-2.16000000 1.27315594
-2.14000000 1.32221324
-2.12000000 1.37238323
-2.10000000 1.42364033
-2.08000000 1.47594967
-2.06000000 1.52926616
-2.04000000 1.58353352
-2.02000000 1.63868346
-2.00000000 1.69463487
-1.98000000 1.75129318
-1.96000000 1.80854994
-1.94000000 1.86628272
-1.92000000 1.92435547
-1.90000000 1.98261932
-1.88000000 2.04091417
-1.86000000 2.09907075
-1.84000000 2.15691355
-1.82000000 2.21426426
-1.80000000 2.27094564
-1.78000000 2.32678578
-1.76000000 2.38162217
-1.74000000 2.43530563
-1.72000000 2.48770357
-1.70000000 2.53870251
-1.68000000 2.58820952
-1.66000000 2.63615267
-1.64000000 2.68248037
-1.62000000 2.72715973
-1.60000000 2.77017415
-1.58000000 2.81152037
-1.56000000 2.85120509
-1.54000000 2.88924160
-1.52000000 2.92564644
-1.50000000 2.96043638
-1.48000000 2.99362562
-1.46000000 3.02522352
-1.44000000 3.05523256
-1.42000000 3.08364671
-1.40000000 3.11045005
-1.38000000 3.13561566
-1.36000000 3.15910470
-1.34000000 3.18086572
-1.32000000 3.20083416
-1.30000000 3.21893214
-1.28000000 3.23506851
-1.26000000 3.24913930
-1.24000000 3.26102854
-1.22000000 3.27060966
-1.20000000 3.27774735
-1.18000000 3.28230015
-1.16000000 3.28412363
-1.14000000 3.28307436
-1.12000000 3.27901450
-1.10000000 3.27181698
-1.08000000 3.26137116
-1.06000000 3.24758867
-1.04000000 3.23040912
-1.02000000 3.20980531
-1.00000000 3.18578759
-0.98000000 3.15840686
-0.96000000 3.12775600
-0.94000000 3.09396933
-0.92000000 3.05722022
-0.90000000 3.01771671
-0.88000000 2.97569551
-0.86000000 2.93141467
-0.84000000 2.88514548
-0.82000000 2.83716406
-0.80000000 2.78774332
-0.78000000 2.73714558
-0.76000000 2.68561649
-0.74000000 2.63338021
-0.72000000 2.58063631
-0.70000000 2.52755801
-0.68000000 2.47429199
-0.66000000 2.42095920
-0.64000000 2.36765671
-0.62000000 2.31446021
-0.60000000 2.26142680
-0.58000000 2.20859814
-0.56000000 2.15600342
-0.54000000 2.10366233
-0.52000000 2.05158775
-0.50000000 1.99978821
-0.48000000 1.94826997
-0.46000000 1.89703886
-0.44000000 1.84610177
-0.42000000 1.79546779
-0.40000000 1.74514917
-0.38000000 1.69516192
-0.36000000 1.64552630
-0.34000000 1.59626702
-0.32000000 1.54741335
-0.30000000 1.49899908
-0.28000000 1.45106231
-0.26000000 1.40364522
-0.24000000 1.35679363
-0.22000000 1.31055656
-0.20000000 1.26498563
-0.18000000 1.22013441
-0.16000000 1.17605770
-0.14000000 1.13281073
-0.12000000 1.09044836
-0.10000000 1.04902426
-0.08000000 1.00859006
-0.06000000 0.96919458
-0.04000000 0.93088307
-0.02000000 0.89369656
0.00000000 0.85767125
0.02000000 0.82283803
0.04000000 0.78922211
0.06000000 0.75684279
0.08000000 0.72571339
0.10000000 0.69584121
0.12000000 0.66722783
0.14000000 0.63986928
0.16000000 0.61375653
0.18000000 0.58887589
0.20000000 0.56520953
0.22000000 0.54273607
0.24000000 0.52143102
0.26000000 0.50126734
0.28000000 0.48221592
0.30000000 0.46424598
0.32000000 0.44732545
0.34000000 0.43142132
0.36000000 0.41649988
0.38000000 0.40252696
0.40000000 0.38946808
0.42000000 0.37728857
0.44000000 0.36595366
0.46000000 0.35542845
0.48000000 0.34567798
0.50000000 0.33666714
0.52000000 0.32836067
0.54000000 0.32072308
0.56000000 0.31371861
0.58000000 0.30731115
0.60000000 0.30146422
0.62000000 0.29614093
0.64000000 0.29130397
0.66000000 0.28691564
0.68000000 0.28293791
0.70000000 0.27933257
0.72000000 0.27606139
0.74000000 0.27308645
0.76000000 0.27037044
0.78000000 0.26787713
0.80000000 0.26557182
0.82000000 0.26342189
0.84000000 0.26139731
0.86000000 0.25947115
0.88000000 0.25761998
0.90000000 0.25582423
0.92000000 0.25406841
0.94000000 0.25234107
0.96000000 0.25063481
0.98000000 0.24894591
1.00000000 0.24727401
1.02000000 0.24562152
1.04000000 0.24399309
1.06000000 0.24239490
1.08000000 0.24083410
1.10000000 0.23931813
1.12000000 0.23785419
1.14000000 0.23644881
1.16000000 0.23510741
1.18000000 0.23383408
1.20000000 0.23263132
1.22000000 0.23149998
1.24000000 0.23043915
1.26000000 0.22944619
1.28000000 0.22851673
1.30000000 0.22764473
1.32000000 0.22682255
1.34000000 0.22604104
1.36000000 0.22528966
1.38000000 0.22455656
1.40000000 0.22382874
1.42000000 0.22309219
1.44000000 0.22233203
1.46000000 0.22153277
1.48000000 0.22067845
1.50000000 0.21975293
1.52000000 0.21874015
1.54000000 0.21762447
1.56000000 0.21639100
1.58000000 0.21502597
1.60000000 0.21351711
1.62000000 0.21185405
1.64000000 0.21002866
1.66000000 0.20803532
1.68000000 0.20587122
1.70000000 0.20353647
1.72000000 0.20103411
1.74000000 0.19837012
1.76000000 0.19555317
1.78000000 0.19259439
1.80000000 0.18950695
1.82000000 0.18630569
1.84000000 0.18300660
1.86000000 0.17962632
1.88000000 0.17618168
1.90000000 0.17268921
1.92000000 0.16916477
1.94000000 0.16562317
1.96000000 0.16207792
1.98000000 0.15854105
2.00000000 0.15502296
2.02000000 0.15153241
2.04000000 0.14807652
2.06000000 0.14466081
2.08000000 0.14128933
2.10000000 0.13796481
2.12000000 0.13468873
2.14000000 0.13146155
2.16000000 0.12828285
2.18000000 0.12515149
2.20000000 0.12206579
2.22000000 0.11902367
2.24000000 0.11602283
2.26000000 0.11306087
2.28000000 0.11013542
2.30000000 0.10724426
2.32000000 0.10438543
2.34000000 0.10155727
2.36000000 0.09875854
2.38000000 0.09598838
2.40000000 0.09324642
2.42000000 0.09053276
2.44000000 0.08784795
2.46000000 0.08519298
2.48000000 0.08256925
2.50000000 0.07997855
2.52000000 0.07742293
2.54000000 0.07490470
2.56000000 0.07242634
2.58000000 0.06999039
2.60000000 0.06759940
2.62000000 0.06525590
2.64000000 0.06296224
2.66000000 0.06072064
2.68000000 0.05853307
2.70000000 0.05640126
2.72000000 0.05432662
2.74000000 0.05231030
2.76000000 0.05035309
2.78000000 0.04845550
2.80000000 0.04661769
2.82000000 0.04483956
2.84000000 0.04312069
2.86000000 0.04146045
2.88000000 0.03985795
2.90000000 0.03831214
2.92000000 0.03682180
2.94000000 0.03538557
2.96000000 0.03400202
2.98000000 0.03266963
3.00000000 0.03138683
3.02000000 0.03015202
3.04000000 0.02896362
3.06000000 0.02782002
3.08000000 0.02671966
3.10000000 0.02566102
3.12000000 0.02464264
3.14000000 0.02366307
3.16000000 0.02272098
3.18000000 0.02181505
3.20000000 0.02094404
3.22000000 0.02010676
3.24000000 0.01930205
3.26000000 0.01852881
3.28000000 0.01778600
3.30000000 0.01707257
3.32000000 0.01638756
3.34000000 0.01573001
3.36000000 0.01509901
3.38000000 0.01449366
3.40000000 0.01391312
3.42000000 0.01335652
3.44000000 0.01282305
3.46000000 0.01231189
3.48000000 0.01182225
3.50000000 0.01135333
3.52000000 0.01090438
3.54000000 0.01047464
3.56000000 0.01006340
3.58000000 0.00966995
3.60000000 0.00929359
3.62000000 0.00893366
3.64000000 0.00858950
3.66000000 0.00826048
3.68000000 0.00794595
3.70000000 0.00764532
3.72000000 0.00735799
3.74000000 0.00708339
3.76000000 0.00682097
3.78000000 0.00657021
3.80000000 0.00633059
3.82000000 0.00610163
3.84000000 0.00588284
3.86000000 0.00567378
3.88000000 0.00547400
3.90000000 0.00528307
3.92000000 0.00510058
3.94000000 0.00492612
3.96000000 0.00475934
3.98000000 0.00459986
