-4.00000000 nan
-3.98000000 nan
-3.96000000 nan
-3.94000000 nan
-3.92000000 nan
-3.90000000 nan
-3.88000000 nan
-3.86000000 nan
-3.84000000 nan
-3.82000000 nan
-3.80000000 nan
-3.78000000 nan
-3.76000000 nan
-3.74000000 nan
-3.72000000 nan
-3.70000000 nan
-3.68000000 nan
-3.66000000 nan
-3.64000000 nan
-3.62000000 nan
-3.60000000 nan
-3.58000000 nan
-3.56000000 nan
-3.54000000 nan
-3.52000000 nan
-3.50000000 nan
-3.48000000 nan
-3.46000000 nan
-3.44000000 nan
-3.42000000 nan
-3.40000000 nan
-3.38000000 nan
-3.36000000 nan
-3.34000000 nan
-3.32000000 nan
-3.30000000 nan
-3.28000000 nan
-3.26000000 nan
-3.24000000 nan
-3.22000000 nan
-3.20000000 nan
-3.18000000 nan
-3.16000000 nan
-3.14000000 nan
-3.12000000 nan
-3.10000000 nan
-3.08000000 nan
-3.06000000 nan
-3.04000000 nan
-3.02000000 nan
-3.00000000 nan
-2.98000000 nan
-2.96000000 nan
-2.94000000 nan
-2.92000000 nan
-2.90000000 nan
-2.88000000 nan
-2.86000000 nan
-2.84000000 nan
-2.82000000 nan
-2.80000000 nan
-2.78000000 nan
-2.76000000 nan
-2.74000000 nan
-2.72000000 nan
-2.70000000 nan
-2.68000000 nan
-2.66000000 nan
-2.64000000 nan
-2.62000000 nan
-2.60000000 nan
-2.58000000 nan
-2.56000000 nan
-2.54000000 nan
-2.52000000 nan
-2.50000000 nan
-2.48000000 nan
-2.46000000 nan
-2.44000000 nan
-2.42000000 nan
-2.40000000 nan
-2.38000000 nan
-2.36000000 nan
-2.34000000 nan
-2.32000000 nan
-2.30000000 nan
-2.28000000 nan
-2.26000000 nan
-2.24000000 nan
-2.22000000 nan
-2.20000000 nan
-2.18000000 nan
-2.16000000 nan
-2.14000000 nan
-2.12000000 nan
-2.10000000 nan
-2.08000000 nan
-2.06000000 nan
-2.04000000 nan
-2.02000000 nan
-2.00000000 nan
-1.98000000 nan
-1.96000000 nan
-1.94000000 nan
-1.92000000 nan
-1.90000000 nan
-1.88000000 nan
-1.86000000 nan
-1.84000000 nan
-1.82000000 nan
-1.80000000 nan
-1.78000000 nan
-1.76000000 nan
-1.74000000 nan
-1.72000000 nan
-1.70000000 nan
-1.68000000 nan
-1.66000000 nan
-1.64000000 nan
-1.62000000 nan
-1.60000000 nan
-1.58000000 nan
-1.56000000 nan
-1.54000000 nan
-1.52000000 nan
-1.50000000 nan
-1.48000000 nan
-1.46000000 nan
-1.44000000 nan
-1.42000000 nan
-1.40000000 nan
-1.38000000 nan
-1.36000000 nan
-1.34000000 nan
-1.32000000 nan
-1.30000000 nan
-1.28000000 nan
-1.26000000 nan
-1.24000000 nan
-1.22000000 nan
-1.20000000 nan
-1.18000000 nan
-1.16000000 nan
-1.14000000 nan
-1.12000000 nan
-1.10000000 nan
-1.08000000 nan
-1.06000000 nan
-1.04000000 nan
-1.02000000 nan
-1.00000000 nan
-0.98000000 nan
-0.96000000 nan
-0.94000000 nan
-0.92000000 nan
-0.90000000 nan
-0.88000000 nan
-0.86000000 nan
-0.84000000 nan
-0.82000000 nan
-0.80000000 nan
-0.78000000 nan
-0.76000000 nan
-0.74000000 nan
-0.72000000 nan
-0.70000000 nan
-0.68000000 nan
-0.66000000 nan
-0.64000000 nan
-0.62000000 nan
-0.60000000 nan
-0.58000000 nan
-0.56000000 nan
-0.54000000 nan
-0.52000000 nan
-0.50000000 nan
-0.48000000 nan
-0.46000000 nan
-0.44000000 nan
-0.42000000 nan
-0.40000000 nan
-0.38000000 nan
-0.36000000 nan
-0.34000000 nan
-0.32000000 nan
-0.30000000 nan
-0.28000000 nan
-0.26000000 nan
-0.24000000 nan
-0.22000000 nan
-0.20000000 nan
-0.18000000 nan
-0.16000000 nan
-0.14000000 nan
-0.12000000 nan
-0.10000000 nan
-0.08000000 nan
-0.06000000 nan
-0.04000000 nan
-0.02000000 nan
0.00000000 nan
0.02000000 nan
0.04000000 nan
0.06000000 nan
0.08000000 nan
0.10000000 nan
0.12000000 nan
0.14000000 nan
0.16000000 nan
0.18000000 nan
0.20000000 nan
0.22000000 nan
0.24000000 nan
0.26000000 nan
0.28000000 nan
0.30000000 nan
0.32000000 nan
0.34000000 nan
0.36000000 nan
0.38000000 nan
0.40000000 nan
0.42000000 nan
0.44000000 nan
0.46000000 nan
0.48000000 nan
0.50000000 nan
0.52000000 nan
0.54000000 nan
0.56000000 nan
0.58000000 nan
0.60000000 nan
0.62000000 nan
0.64000000 nan
0.66000000 nan
0.68000000 nan
0.70000000 nan
0.72000000 nan
0.74000000 nan
0.76000000 nan
0.78000000 nan
0.80000000 nan
0.82000000 nan
0.84000000 nan
0.86000000 nan
0.88000000 nan
0.90000000 nan
0.92000000 nan
0.94000000 nan
0.96000000 nan
0.98000000 nan
1.00000000 nan
1.02000000 nan
1.04000000 nan
1.06000000 nan
1.08000000 nan
1.10000000 nan
1.12000000 nan
1.14000000 nan
1.16000000 nan
1.18000000 nan
1.20000000 nan
1.22000000 nan
1.24000000 nan
1.26000000 nan
1.28000000 nan
1.30000000 nan
1.32000000 nan
1.34000000 nan
1.36000000 nan
1.38000000 nan
1.40000000 nan
1.42000000 nan
1.44000000 nan
1.46000000 nan
1.48000000 nan
1.50000000 nan
1.52000000 nan
1.54000000 nan
1.56000000 nan
1.58000000 nan
1.60000000 nan
1.62000000 nan
1.64000000 nan
1.66000000 nan
1.68000000 nan
1.70000000 nan
1.72000000 nan
1.74000000 nan
1.76000000 nan
1.78000000 nan
1.80000000 nan
1.82000000 nan
1.84000000 nan
1.86000000 nan
1.88000000 nan
1.90000000 nan
1.92000000 nan
1.94000000 nan
1.96000000 nan
1.98000000 nan
2.00000000 nan
2.02000000 nan
2.04000000 nan
2.06000000 nan
2.08000000 nan
2.10000000 nan
2.12000000 nan
2.14000000 nan
2.16000000 nan
2.18000000 nan
2.20000000 nan
2.22000000 nan
2.24000000 nan
2.26000000 nan
2.28000000 nan
2.30000000 nan
2.32000000 nan
2.34000000 nan
2.36000000 nan
2.38000000 nan
2.40000000 nan
2.42000000 nan
2.44000000 nan
2.46000000 nan
2.48000000 nan
2.50000000 nan
2.52000000 nan
2.54000000 nan
2.56000000 nan
2.58000000 nan
2.60000000 nan
2.62000000 nan
2.64000000 nan
2.66000000 nan
2.68000000 nan
2.70000000 nan
2.72000000 nan
2.74000000 nan
2.76000000 nan
2.78000000 nan
2.80000000 nan
2.82000000 nan
2.84000000 nan
2.86000000 nan
2.88000000 nan
2.90000000 nan
2.92000000 nan
2.94000000 nan
2.96000000 nan
2.98000000 nan
3.00000000 nan
3.02000000 nan
3.04000000 nan
3.06000000 nan
3.08000000 nan
3.10000000 nan
3.12000000 nan
3.14000000 nan
3.16000000 nan
3.18000000 nan
3.20000000 nan
3.22000000 nan
3.24000000 nan
3.26000000 nan
3.28000000 nan
3.30000000 nan
3.32000000 nan
3.34000000 nan
3.36000000 nan
3.38000000 nan
3.40000000 nan
3.42000000 nan
3.44000000 nan
3.46000000 nan
3.48000000 nan
3.50000000 nan
3.52000000 nan
3.54000000 nan
3.56000000 nan
3.58000000 nan
3.60000000 nan
3.62000000 nan
3.64000000 nan
3.66000000 nan
3.68000000 nan
3.70000000 nan
3.72000000 nan
3.74000000 nan
3.76000000 nan
3.78000000 nan
3.80000000 nan
3.82000000 nan
3.84000000 nan
3.86000000 nan
3.88000000 nan
3.90000000 nan
3.92000000 nan
3.94000000 nan
3.96000000 nan
3.98000000 nan
