-4.00000000 -848431322472592431142692794975507371959811084779392271192733584147033301872718677310236298914582686151972083878187205872700762633861198704042618602656689749016524762722809674366102564802545352741650804024955094695936.00000000
-3.98000000 -9938368504381496454485051630710166237302681254841278262225733745237997979226204066994726017570881443453766448454866569863908499928773585978323619298542410223871319612646545438862662671834298492369504527398097798561792.00000000
-3.96000000 -7452920876281528061704152340976549616110183319964333847058339706494546037969439545940088046802718866729889116532638133308504422876048917870583686631003811794724863965421516666519386885472585849108037636239231505399808.00000000
-3.94000000 3980073559541426247629008830796849050701757413473322091272699806784492403477768736152058635172521524097359131183951429166194564579500017430027077649587593853620157714716401576918386433207168236802714674401465411305472.00000000
-3.92000000 11001441510653462061045388327308825014030927687071613401024937944182263172824361111114602286859480183564810672086183181320338700099125521221241660427300073905860686085524387392973359525357836648523555870907508985954304.00000000
-3.90000000 5128419993720187697798939869331755381451112479114701944062517166126324203248922554337938760110563783885147332630640898011687212755750983572765328138347282234339496936425024710400525807724363271208507589594080266420224.00000000
-3.88000000 -7011160728947571941601994129591633161814446552420977515017430429966872641852091314881982770949884516696752249241922825093738117111712520032210254007415997056107001194708198809103406272827411552512309842604144585605120.00000000
-3.86000000 -11149567672484231850182099500751571302635619055722431921568799798955067950160551854385789004255337988206231912725305252778294249789191885893313770947864706922354306798409342694052304831970354088200396782656078366113792.00000000
-3.84000000 -2144750775728285888177519510549474326754800023105937925428262131083162303239896587692569246544549042327280228505717580365220746794822053025259368386553815948516706600670755314087485264554166141118566664537305966968832.00000000
-3.82000000 9656018813709668542575180482568248034164400077683444678476387444756662098313068315152555443239129230944079992331551439905567267415226959618160474984848302008986523732718428220184115624746978666863235279551905906294784.00000000
-3.80000000 10302059719457049788168479981975644050694493021638887177161954359333020956707046726524929161074135327253967246249992262879640748349290435239938503564280506887398674393737425536992078223661959245511509656426941813620736.00000000
-3.78000000 -1273959354435590639058015298213941243599495395489065212691667174224671600460062105483786375496299148243305368250372717250159759286143092256794847426176585160611717680785768397842897406932246605190140945929695278399488.00000000
-3.76000000 -11645952612691996249346032423946695531962375421112732751808236387358572889218954623558275929535266295612450775377670099054269982173459744686939588431771169365437854498908251823729590687061984898930159398203419734835200.00000000
-3.74000000 -8463824973021109346246386027755900003122310745752031958104389234891969219826508007820143944437480985922166401789896813018163629649450771362747243677491190250494674283830767370684221598682805207369665009050316726861824.00000000
-3.72000000 4849718696293057931393169928713556359320921187150879898491497913280440356866638352729265941223113116830022830637318032706646050840548302907011076520645650730600139438126950746811018150393879215391334643408475676213248.00000000
-3.70000000 12754541088457541234968686899751083209859241724664236718015521408169380113786065936063780784292918974059884285685584431935759177686500587082100551998391799955910826092531169619154194783065680757416454478969486341832704.00000000
-3.68000000 5729698626651807321778302060421519662621502203659698605587574080694530041152195644673827843262575284932310095674843580313540817325946114636685990192739060723722743566724064135283531616439708952761647370452049229512704.00000000
-3.66000000 -8272742103545151069559076006481178507095847149601031901491387117038739811947121766121877066221277881561982748127832613513956970701750679865082246790900478351173140645861009526317083158829823421151427128939301757255680.00000000
-3.64000000 -12820375820347571519825155126678543248936669008212523805347531996455103878734072748131400120700742228976970829770092710270760418095503558919894408077752452094889997200886980498472386337976450145424449226026780066840576.00000000
-3.62000000 -2280942996414945155084425312621303642843834882769176516893077048097036986602335089092997884605538190071313321095491641458290353221941142600846342843313602926698894549020906790681179242428273835812781151790318883962880.00000000
-3.60000000 11227440243488761716252510408068254357067512544682771567146138686294687358991852292516344791273631693305844782132614697159663147815354456897386036115592325094614735425460141676074949668992446775546271884070220155846656.00000000
-3.58000000 11765118819660793600546993808971427288395096702394956778786370804614123790555019058387029413402250355291740166777454819505887151559261854887108255532032378439721205776306695210548844298070781222725539148407733804335104.00000000
-3.56000000 -1626113674757122390315699867292061410776832096053878036107662159470511816292375653211436040133779312916294441738085210873233362908296993949271897388079668480806934580030178713756599575774670813385176868893144599494656.00000000
-3.54000000 -13420200943148603639647379182003743866263728017511814431735450024415636985086862944856563236686445072747644126554828169201200002434721194705442756616273519642317880776391249821845316721322555192921118666970353469751296.00000000
-3.52000000 -9605085657399557445549288562861048747267699976031320147919577748130126632216173903205231944315019487474124741878547466384861628648544242345048568606383784121518328415090259911413541999184691152077068996756295137624064.00000000
-3.50000000 5678639095241784149617315127361746717679639115171840980305502686677900651897818879391122953465246071414437427754671845957983574778372380768042947176747786081111928224167678139149943790203229197141628768222076653797376.00000000
-3.48000000 14606598957584229705839261851715253212308651958135626442582218373559685809025300984665303686149629978256126239015528553833801037296358619103989881826768496722028134234957631415007423133479083608718766081916834911617024.00000000
-3.46000000 6455055813905070401602627224572543497329890110043014750721471401534600413956292355569043884473019383203037595046602681147986116256266976476548348888198574950112360790411268809481483391492680979302319371287509589819392.00000000
-3.44000000 -9531747525746862974408690207963562637067927458450369845684565822764128177440514835745114247350897356941602305332187670271946481783123445269307827706747941468351162600436664466770676384419925590700084325679322355466240.00000000
-3.42000000 -14615629225776346006873674569974915329978211028936804228853029437910426276577829026661439579164322409197067435887141712127678489101863653179977684614500047163131905223297615023809737406971895400900683919347741240590336.00000000
-3.40000000 -2523636870446965056059185614820405227585113056578248245551377782109414022163109266423351426019890751942298417672777712841530394518341570705150693277008647436089631064414462318753973205033440838466773477168565721235456.00000000
-3.38000000 12836965720163434776647951946035795200825071527942653243762901862137018605607226426610622636751718266195940356738986361508653338163045492986116784380179986694387053110304203861246660459674685431966986153098687199313920.00000000
-3.36000000 13368722871738193784217920316482996422423051196674084525940026506486025241111115991524607366719965087960413406565048801572709783996877575281558060453567751234074458424660535433199174574055651647597987531063385389006848.00000000
-3.34000000 -1899786789174538032782725007828273020355077013246733812465016756503030325043128868255322786974617556030720185856706876723286523864954136445970205493437893285039524937391450020616214942835312247462984892822824872312832.00000000
-3.32000000 -15272420779168780992677912195499491598325597473922837337836767420384269049874244032249677155401818548681727070189524102768066748898553407969257266582213293008033076885545914349727830945424892644960246041909075027951616.00000000
-3.30000000 -10891667160875785650243021525572871552714099278477383509365691583869833366804713339310335911878895257504827704470834526145711378144270930864413834867650515841525764037364223444322037332010242199978909289894419013566464.00000000
-3.28000000 6465764168860335382309899935520421712408177860118908701093235413432375448811476168685507912813754116271563212551767637440198360828235997513178077363418986650557086997941687157710929795525814039794564626727255387668480.00000000
-3.26000000 16572217878806376758375191406865503488052373745369780145102988258901756152210308142657541256935618202961166736672165234725112111321947455111644370367034920161689514387929273726521596759236011156146542283690516515127296.00000000
-3.24000000 7318085732366686721994462339048135947745727827654035735978007140313067775263435111698637316355214974881354022840125354942463467248613041418012490011367430532673432712379772967675423094118503187503414620007842009055232.00000000
-3.22000000 -10791703200396403803127223356930496726712817899845478085120204177293274573449970403720691323363288340861800356647405935635964639420808241664501840792892473714589341318044999966245397264166006828362676668130633774530560.00000000
-3.20000000 -16552444540684310241423895734210804048900681414045121069125082283542122350611834889237880429777297673467545020254064854040883324234847400178419603293611049091001505157177163292893720004210334795954656590229976222007296.00000000
-3.18000000 -2883803858730501347661200171234708717107276415454188961003302894346440699725895847028770612961938255744841187819710065781281416234359030587911631602633000529461453755683745107905081950367709431702615464557484158484480.00000000
-3.16000000 14492979430334682608759222953672605618927275904882356147396215067760569081115241276541485479821404045295338798151216160919850058813931833142841309654111689598434200136064525351897463983619713352253150264283634046337024.00000000
-3.14000000 15131423330220847035346725451830058635747293411636174462377235110108159290428176985524398380122948036599893788856867285203155680270013713454720392943338831043454550394506830962299534125992964883064922152581468526739456.00000000
-3.12000000 -2087826911936542408222173680992081483091778118052175824310405101880869714499156753917190921175695198997396942018399664946569519888390787601409732338205456830329834712616983159843852287049529208554658729594467655876608.00000000
-3.10000000 -17215757999745664337144623070898258669986102918077719177347270078720750715079547272726374469281296573460258988694225907455877486494273699732114380703258368390438359992352411442323781989079723345824958708066049597636608.00000000
-3.08000000 -12342227950100789334933101021498756056827406001367999342084923953820980530570505174988001250354188062232023454110608580712215829495705650435330127529055857476354586522384341435960588598472350063227088113649955305947136.00000000
-3.06000000 7208800012600620937042614289258833699858609355805031470046185791630052974402927445186510123261852214182872433933653662878994734880642580331531783156947792021929057143944331644033642886139021594340513293670100578074624.00000000
-3.04000000 18668814051588788621691413244409419950569342230875438748126435532083277771629411945077117257597579907960367103608476744297347177335715008371833118216694520345846804363312222892037613309372435835027736173924902156369920.00000000
-3.02000000 8336052373160871124023131212871420981695100903176664963133533981232364664602371630181516102019552340692400323519013436435174977706002805471925169707331163915597957220380125482027341204412860010908555507473028296474624.00000000
-3.00000000 -12055949066964567956938490712264517426802146252782175063606985363209918119948811675456479529604672949303153532062647886348851433934638040090769417646335493319223691233174139271772687833741419145655258607553702187237376.00000000
-2.98000000 -18651611103148690997757902807599565007276472476602460435047966277320193664442961950766039432492106122973548196462509707409140131628944635280905552848737036721343380843910876601864685857214175685444754291474042709868544.00000000
-2.96000000 -3375736801796193070641180797947799004220814001700677216180810595961310088057280816690837724350256827794266548459055073986101409368862106541696658618491567085831166465205530204965917208463325431617352385372322684469248.00000000
-2.94000000 16204873176874128284356951367126572141505444135752240947993877798050227119190905269164684884649911028511988356773697825126244758632652429690424758347446715496603051400822540053132994947173176130625527244867971372285952.00000000
-2.92000000 17076100079346961655799361936245855854535212195502872761642950067098463110065299585119360819706604230053612057414152846339599798910985122804169631278922720036613036720632122462129112505087673743582768649530514528534528.00000000
-2.90000000 -2180447101939216987700548529737751520207891124833696498215319728203003142750025482845608424944641983832630407398511895057130025942690353780324725284016365581594454430179336033770352137456732933897064329637940892270592.00000000
-2.88000000 -19265637052515294607778751981773531270014934392931683201776072554395895737014464976326142163773024362700511275978966829152289609254062979253007349908846747858966640598674806677192110229329618425432439045189505594163200.00000000
-2.86000000 -13980124275409810322289332220474062575172799451709249357003369112712367671560891877265396014655788544945088559264977576342007795496183370367529188380982839200713098056706488796320629543022955967952203157626254348255232.00000000
-2.84000000 7903829664689098750717803636713051572573498028542795129240323876369271180094675938601320032965187201910348742109426050851759229949978320045174740438348522031294852447662191911420838341755024574677797664528715837603840.00000000
-2.82000000 20917333589561917444156320368978990140874745674033091704576962229016626136077615617249771494049334642785208910926356221652394070079512095009001860991837126284681453581455090116594942453206846754450437930889723714207744.00000000
-2.80000000 9530929771761753208261655126844444607090737694512284479308409741204641206920156104370293704881526367820255773524683516954336949314726377953098908465633684898507272679370661023192718200703695105882656787809029521932288.00000000
-2.78000000 -13327499921262335542498946763570586725128140385688267860743996582427888102188129283665874587681997602986183487174440882464566813163813917616171547598555809665618022974523446980599419582712712605975757265706048926253056.00000000
-2.76000000 -20938571645613024920999486539578324466506170732331102146861789601875849638312215423005056155854292722832979342021028883018938960802070347829130027581060744277980959015368134327354556491161082589502056705490859207950336.00000000
-2.74000000 -4018042402148603605806491511505484509306495072697604894012113346525624963474323565020717191817927043214358509332896752133583201948440783689427272963909068870373869885491010761826874152024080152311443090483303472431104.00000000
-2.72000000 17983228500095937675956801567507775206316568489117685010486129320644482789074698735580188111734076841089632726944604713000835422685356702145765163750691298123044293117305576254378871148264432759004804866491668813053952.00000000
-2.70000000 19231169086628675135516623097745129334215092751612070398769814925130306781229788788631276842949359554853783957482569099931634856214582141927431895218645792004094955658433297093331838004195722715849063161308959041650688.00000000
-2.68000000 -2164376513164935117806471111121819836649170196285133418297083021204635807413906563329215731201836787607981677093344496978428071305097647260763012318491479605384172265184145209929024392517230627978735007034851045933056.00000000
-2.66000000 -21440307769144446869989650885232537852179591949279244093148206171033390904900450439073339100232269636852781733179489932318334176477177714533588071210318578045941230061126691773070236892107472686862410522533488094085120.00000000
-2.64000000 -15834780972390484157352526352139942611099911989203545143494301108176687946860651221534876424316925846187590076653441226750800356290274043462267652297520315852267660267771667118737102408812253404224119602576713406480384.00000000
-2.62000000 8544709695929132135730389783449885255156812781250396118747591981748079345845242858785143606909160651002439524539470457039909261946086402984793935554135727920367638887479136126529638379473321272109200261771235355000832.00000000
-2.60000000 23343184539982022313645565121290082765392322510975228954654796584404672101226842219516501095154315868323694252641292920043848906983485054581188392253184700913435627859764755041303300031617623414555432123246795280089088.00000000
-2.58000000 10930846054730934972266151848732211068665531252341713252945871462103653340696310203640921942356702114820122666015502647519532397234362896398282597022032328881033594834300910653388751604873070313030521824724579619176448.00000000
-2.56000000 -14608787088582613267042730595053587809259075982289641915229745043324003568290488485278973242617898124846972970238886814355932073153978838499628328966512461320702683610260258209102147402701888222865419158931881137799168.00000000
-2.54000000 -23444730749052169626262383540916654326068800320595458550064893501969044998695727040346660473818560272652770379511285420367193968632110997244992834776553740417801143326664031054380710133981494731912720723235128339333120.00000000
-2.52000000 -4835045117456429933125296157245926122851505921484626365437233609433037973807894813879150892111962206517808220750501414259192262464323589431304388254100932646214183957877940459260528292606258795640841612061711481700352.00000000
-2.50000000 19839992589633941239509152822804349097661058857200963518908523846861865635581781244375624404689412891405001716263098453127900464334593828699475522320040821525903311502744454301027208705940914394906928130595731500171264.00000000
-2.48000000 21632224396518154664774723655380602510551956002428655793759146516582755258665167675926787316968289076857120020994998852011158629198807625829429071249814921160135789598846062913549260017413881019461165002245557538783232.00000000
-2.46000000 -2021628539890918252607653098847085643968589228076127940577327026928857901963022792839289228547888711631538388453878825125644193512614588291562536670937742822686808284562426280748620223627317067219574882608890467319808.00000000
-2.44000000 -23761524576846675920110642397422367456936700629332582724105382722403275176447256079813129219517560118303690913184825524231272005503138966499918581491945057175300149744783921486899689714740814321444385200454634519396352.00000000
-2.42000000 -17943586980423813199318109224656497751774051023711264433524145016714202547295626792590879279806701633304381715396042227200237102667745575958076030800801470880658062493514006073065144428521813290101868710151720580153344.00000000
-2.40000000 9122153306160339231997944093699007842494182899590898626170045718434633476253608955606830453478632559285141749163743512649442849384745396855831899070275702120455574467047581655277675870886976713549137273204542946672640.00000000
-2.38000000 25977458671646700313680489963021424427058767486871542138391348165149379546535688427403124986276409491144744741166490147364898504624411587281987031263519787572197139344372829873911747700542513692062198566451077649006592.00000000
-2.36000000 12572114785543623032850954482441163972422428411529853885996445267581437970567025295838262657400265321501272541514917249199182488450870319100428433489027997269780536012349166800617276973859312972314600632395089869537280.00000000
-2.34000000 -15901200630110595119429592315944597794122181121273234653319680006303306432983393003578873159344586325132788104485523892926846858414240463071816761021841612629404499149223610969145260182165337412739667817642224666017792.00000000
-2.32000000 -26209219544426728097102646803483136927682459585734685807061892228546635630732647991333130678825813736903626535839021895231533130937355062482662734397429516728258825116008862133477221889037990004474022509244361467756544.00000000
-2.30000000 -5858801317695431015718235507496433752515460975976813616643218688635922291345816251725867483383480831669300665544804335726507452554397403980884484511778600571024347373438433646120194026030572254331025122282366883069952.00000000
-2.28000000 21788613220149302812198412078985983963182115876982265947093598628763807451628381257743908852315418744142953292259231192788044909964248049887671835077213723741882054180083079805161603647046606148011552186424407248338944.00000000
-2.26000000 24324299331348301876220692155651126907398591944570540306971144970093297244656925383693299988325471085054707476348468329890509646422943899031735710938995670764936300444278176211175069346389179169666923633530635129192448.00000000
-2.24000000 -1727686514725745979679808251102556005172141659727945251797783954908707276829731495901012594658414528626244105089116602658018440584329700120932527379602260678501408925523418636944506794520799728988656192664862436884480.00000000
-2.22000000 -26255383979885349172267373903045482866095896798668176508238175001476490627678480703490488467348948068063613206608573209375744454351233061685422873980411760163302954093373231572535716306140529829218289368948839100186624.00000000
-2.20000000 -20354554265154035906940499869614906840514624883595546286159388205481058111426311465369936223866737560145364741040495024294665435425385944037919419516627946060942263310696232806968912339158415835961229704802212650156032.00000000
-2.18000000 9622319025262355739595024984292311026360011943460591307736344266410065148712080248567168853873342055063793557054083515538708392892855123952994270248410996281141994176595329913166279802233061709082531354181695182995456.00000000
-2.16000000 28858543501581498261320331348152815109059312572961618234234647391945149188522457239242201877494859338372283868275993032389433698334094601693520191986662847846671100277490237756937128314081829589172123915126706249138176.00000000
-2.14000000 14502137910775451745128036733496227877012562149647095082208878672179089569109556010746637456672942422722699227423345812027577162589466814166937821967560524790982936612873117454819117147407909830976454038927482738966528.00000000
-2.12000000 -17204292019656777033307034826201103175391837963428821945561696704692435065049463285452225374242571026404225462055691666672915436898112585455571032601766148685648080941144460420091710609630315709910881788879989475639296.00000000
-2.10000000 -29281302626424704048356350051454740421289905691307444464262586497405202495013578490252260192919159401512345300919454148739136197222449408005923104309009757967956721019379584207252216921497838667947353842567363122167808.00000000
-2.08000000 -7132038933682056735501566983418672397042372434246502245117425166760579689358223546022270361392119635214420585595713222428753031351719353972714890481491662853347212223377202530730272246258605743387996049383027768295424.00000000
-2.06000000 23844058329474374963213232295970695447108400074799825448821946988334174583158106489063736993469304684127444661890541387676137551036279682049985837164033215950153209049956192380468802036603330143283230309872397493207040.00000000
-2.04000000 27365024386258765151015099215209400111858736494554195815813883528248541520089908445786031473154254464939144950595257520626885589757019792803323319709090550541928827198224607141679007616502848828988313129205820758687744.00000000
-2.02000000 -1248782484867873233551495533242568289566366166873184753918583416411460942695067456050291670097584865912322591088926702542463677703478594958996914537860241645018951596775192314519555744234440327234300699738015094800384.00000000
-2.00000000 -28953337381331754027489629949246482912066328929403527910744414845286922938780129485536445873270849281394843487811428632649905400526386930382394001739545041669203810420428196287413824034056381208085684256708476182462464.00000000
-1.98000000 -23130108405429598686524862572017901518312705679071959383606589049037284804396095656938728682485978641485905227832783672895377891196286000250413079570183716293442950174722026935601489776980046966676995454602429725671424.00000000
-1.96000000 10024600026180110569728042604633398874046913884971145401846845238155100630624434973550161303526116197099814211836991356104396950831589965141483135340935404261735320396988546138251042851089362318168376192335557896962048.00000000
-1.94000000 32034257766154604751830112283764282923233160296139531052985546376916424841142210294885356411466250964454760646516278662772759669726703024664229575698319757249744445229107759180224547925018771414016984961048561223467008.00000000
-1.92000000 16783629942949543017776855300804723085070183962371924699254241157306295482736883806595073719935832228076698281562862507901725981922385983032668706748771774239219280057704574145516660329276499494013311076275077731319808.00000000
-1.90000000 -18514387047049376503281270446419802983545419600567009086695379454889569986503339580420754302016174819883761652505501080776641736952452101474270440096368140830553930304216508043951066768878908373543977834428587040571392.00000000
-1.88000000 -32723697611548038255080557808035199998102305872216269205679486923171716386392015716805399215575021701913939931668324869629508287858622634986560611465228266447458504049427183558132851310702751311829613505045322757308416.00000000
-1.86000000 -8712533868153666330907077308727899502243176269980665642707046708533157824297607545691471840237157061462490099618937588308401298940214292679306244337294646966569634590956978959940765853367387440884730486151251224428544.00000000
-1.84000000 26022565342679001833138076654654859567210498365519253890067237724227597621836327756558471444293974836175858131312094233451022007221754096713862406363713501379444672940227512011200528461078600287632690852696283284504576.00000000
-1.82000000 30829104048996435441767892069113446471000541067399714817367564390486389098143809214026378927687189162294199896277579849493306094670582335844660015998430084404369542563889625979059713021759916458879339445172724662534144.00000000
-1.80000000 -537727562210531282087886627510790103440852854513468132048940039961650826593345047844934146234000619178494894598963238756020681715342049449720930330019535520862687244129229929001106105235156591449208400842381649248256.00000000
-1.78000000 -31893363617690653899945496302727057771463378788397285075724744537252587724655225550195158848459404332497600530338097212244472891291124944428659684785303647552516263464210764122573917309243820822208002553479297016791040.00000000
-1.76000000 -26352589674575660739150707405339557840170482127693723058385345453526520264877456435041988520973976637108558978823291643918325690300976430493565756274908166574539646960087817566634259123506401038849517339338192730456064.00000000
-1.74000000 10298086116898820164062144539274883237013748819899744992922221504016585096839577575266069673622211110775119368689522569631807172379548162518522064787028259158875479764816523915579534977516566140080589035613191571243008.00000000
-1.72000000 35564678336384390163563892440070380152048383626675244787648650117202315772814443497468596938700300673774456256939547276997355461767073497483716262013417374965551917282715805991454154161236736379418692745885068805799936.00000000
-1.70000000 19500890416794477882663928698997348401511821836518956296655206302507097477717836586853661555140473799223309088035670644997119638503304219882851226293000442317753987841481416082230498279807832990365257210310367249432576.00000000
-1.68000000 -19822150727643998593809544372141594845150929545401802231607325847847443535313636924713118458409777947183361030035101087310583018610907859298876387386029816750992881527319722416851139567174942389041142819528583820607488.00000000
-1.66000000 -36617199960163200304845654789042787709325747029725998344224907733817512189725290247816768026706565493264870501173809058263731654249472644709568742906087896573584730235875847461791262141033108397886702322810848744046592.00000000
-1.64000000 -10679773461596027590027316608340612903677571292446703118757371083789291862214734202382203690141658865198270207259808583433875640198810186523622862238947422556489196077113589589812782790222576028988218257436857163841536.00000000
-1.62000000 28340799094258934209590258194768909468703938875515772537797242058368020592682767841132006117157993560714094570438461457446626382980545159245081545026710218755546923027542636331823386244179213315136780057650121198796800.00000000
-1.60000000 34814762703829009685081303788324619327504541535896705506999025944997796670231703192473781032238391950444740190266499212357770547312847189544008177841932963011969459621282851333171455552327574489631299279269645369999360.00000000
-1.58000000 472635138509475072417982129954028709814722816305391465304387831512794290515417268783885963711602875973917642325135245168153960671425753460040941577909709557556614485460991540396423665961006041151528299858261243330560.00000000
-1.56000000 -35121193317278167659177774617123105267575796878894129566096112670725748836928434140113935423846457754107682958549621147939102558107489419789453966466862570415120207096355777137494240444886785944076515293572635023114240.00000000
-1.54000000 -30132391631494371257053359565418979351115850110543881128057919063251501563429895306408739483246061641974755299620727907005436017695044278831326654858324443069282630436689991886624293824271208430495852430735203851304960.00000000
-1.52000000 10395757300844755888244608413460951048101200424433433738524853204206216214535810165872172249218864336365732930234569460422262250323169120214508624934612963517633842171444252960649283077248817158504700586052935659552768.00000000
-1.50000000 39525845058040216143702387169195906852134823844474810961694461145419766742360979121261603918550358991704382273679119515762336131081086586569586690681828437596685148694036325883621163744170787690930076656307080068595712.00000000
-1.48000000 22769328019782851586741277136444800615079735632184252535309090878775109541707091813602913620177492771806312881932592427145667939609998812219872542599552033492966228849888936536202961709159939640682223903978486587457536.00000000
-1.46000000 -21108240909603508933975980957164065640091449218310488961035839288626583630719615073950309200702245951357326135805419868302983364119689586035596537540416821261386229779335661663960513884293164339551532682120941682032640.00000000
-1.44000000 -41067174369945371851035757916390683821344657515970312022259540508293322711311737294202354255278775012882717714602879023654829061611736620511594997707171426997368023858814955519166649864554371583123501812013161622011904.00000000
-1.42000000 -13145359943354645000397893323785829694539273270544701076954424187913367984112388429341265119181173460573396045599544484968063335470764627516825440703684111824038124282148230245050339530803099967874675531167401422880768.00000000
-1.40000000 30813746007366339524626451502897319738801681107286677155441405339254346681409593788456905291199308846746031103774007827284079707765534868829630009337563965212497017164673473994695185539678653881817237323825468225355776.00000000
-1.38000000 39453168163002286912351830512615894614122008528871086109971303224716054283933581258755226641536852435251154730214867529354035343488107693298485527252713902778394700144367648932474005120563508921931786748194435889102848.00000000
-1.36000000 1879997557542329964748720420824837640225585739392730647831616378780999617981138137019587168895604721577932536135812699381591244299588212325493668941988357572644011558001877867227321725528691738393708884974832826974208.00000000
-1.34000000 -38691238026334643753865564332122323978430935613107870090314043000123141245161515961839524830806113449950214162911432681991888363353177504628277312213848623497303546060153954743682589625971784676138855394966101106360320.00000000
-1.32000000 -34620248116956355963821412212796300509887098442431793157668363052635966885943265778852573844754897616196812722254911520219740873412274723838858295508978798253802498271826921958771934449688364028759235247857274722451456.00000000
-1.30000000 10244675763120659920341021184861738082050525827484062525293059533893477610203387653008205112739678099800491304626490753366733217431965760487396486819490172003704475768514097827642542795966610841220587651222464783974400.00000000
-1.28000000 44014472683210326409303421024360420792208011881849128212893952747408515270112478891688207718069185023115158194662885445817977893978467932566230965563970288592981499471977519671767380321926802971755416952677632802029568.00000000
-1.26000000 26750276411738314149588123788576656414902180343839270658007182475961269983234985910371680366015698628229834804718590148369397454060395721240550763011350337598708686444869709670336395353227514731983507773763047349288960.00000000
-1.24000000 -22335370352419915759631615839861299671561106881101884789243970028575219008784548515598594078071653943773157871028195822872618927005859672961879873082176191830746622746884280859267628255850285028282874277969067457380352.00000000
-1.22000000 -46212678182284285432720568120035642026624247895156850512004934761009525925786502438511226858744610188955393455238300754500547825627089607560696573952286120668211782359464462101203166817475830637659882325129422239170560.00000000
-1.20000000 -16269708765422915591084419517122474970160343345487113094198142234046496882104991336389010355116230749108061712448133829919230057471922782234405183111504984489839419874338160546781225532939962064876917966576870047612928.00000000
-1.18000000 33449908445619825959587797935690238282869323034093506541751093413921522552858756476862277502719289217038768391591805542552747293993287280887154297467370625945531527267520573648542269544014533508541358864585998091681792.00000000
-1.16000000 44922392761076012673754511481459078515320462613810066070254313967890615276369352035401480034423406148114349026651821170505054173887646818160908265937943857482973116950500855778502415957272022898966274436001509465391104.00000000
-1.14000000 3830174370805435016625095899291879194963741930869183270129344835030638289501396474404770026191274577037155314734775818439002873072896211103707912398350057424867356439651892122917656787094840923541980004190502988546048.00000000
-1.12000000 -42666271859173511436620117154095622274864622233754090506496071142453655556015470051543924185951372358326088926408925137965324040823489042303681872299805184443345304771207760502872427981403537742102332272583106598273024.00000000
-1.10000000 -40026164627488699923114934100082751027404940916718898748543343785427175461741357110303967052028064753087898981912611254199533036780245848375547871801106190982509067764530890133775052181661578540394203100576266900733952.00000000
-1.08000000 9728868607522765364994571052943383311754796096544184350650143396477976705529300077274928907178023358573883372146352585182185403932270040500753437893724602141119363963065060578560213494101720427346025954037814708404224.00000000
-1.06000000 49153486708031965040310289846943833557789717457546856443477022804563951402975217736808905948132067599368339136474861218847730896110949285738954406158373219169729430532983485130645296058139077679428840557687304179679232.00000000
-1.04000000 31674639535905881709741807532461467406171935465189796056786872731009768248094129740453783253717742106558435107047315567972514481669793339977862770898458442855024931884019897525452838125651705935526778511724673828388864.00000000
-1.02000000 -23433385285543476383340257597534534742841783856738722915857965331993251910023647802305635186277134152478417528113187130880179541174902733346442344205828164348208179870202727848991312399837236767601684117258382237237248.00000000
-1.00000000 -52239125650982589565810298544804679151753507597436449066295471274424369850410145739283782536647699180861767144889259520875121978604112091633622173279577276032243810706602244268203727443066563041827356663534726833766400.00000000
-0.98000000 -20289667950978938899337827706001947121387450903318503865998958647175975291172096270867098310600841605549984666781366342188921854103353301169933399734390972760654960352084098471036387665173412219636577264917127358316544.00000000
-0.96000000 36240643096634651178161087404048740493914663978396726084996015194859559372045224841203836837944570605635192182761507121674164457596584733861037880457386857797203841796888827464211485770841346550588079500660190008573952.00000000
-0.94000000 51468259785025788089905337980168152732525101600070586418321943059260288097695514563103998699722391144675489864172361659939946527559911046346236600063214366933040843038356745447513629366074253958376287720718550840639488.00000000
-0.92000000 6547384908352606728219905101606672413742334165363723293996982687836573952614232534797891538916547562008764536741167253053475989309050425021167665784099598156801937420549086919852558494323299666199057275745546614603776.00000000
-0.90000000 -47113373851860333385780646947841945976676225155036564008933949262632021374350425904929410769453610774062233653325643826545081604572560434171974460328128597541198218528674743385459427917610542504042751630470458955005952.00000000
-0.88000000 -46649130259098202574567264015618771619136858402267892289488829569920058298389978926931567076007445557749174166828658496350844337706153975020717403867356892558796933534652174797322305714295219527679863811115640177033216.00000000
-0.86000000 8658340821067517019949951941532704935731751279337726430267956650963876259296294064285455596832590378946442221427798293634216857250534580612877439563037664784146964541514974022098313106577167229205176928979637892022272.00000000
-0.84000000 55097099024297972777196670095995388491790116860015421562659068633577240500371285507092888011197462673138751767478116415861711351180020944209788330362130211146343517238799123952030407105069197776890200888622967307632640.00000000
-0.82000000 37881612885307755818368665738680703590484621415660471511300577216554138667719415047424255776051107200536196636132359968411844758810619972165318428207167038637083062311501212814812339626279679622593208137248562003050496.00000000
-0.80000000 -24270229540175620267772567892453912843957498069842702890079795174843108710224357447552226964141874403805306633039611538038325298956473304316779095733289753154790589517454393821538915413545959519575254404776831156748288.00000000
-0.78000000 -59395075309005713442012288887042049242033117215791587292724148054955673225523879634175616942385907995708166722508173415889957855381028655444352041585186665498172529339032886262741535979867898919369679885421396285718528.00000000
-0.76000000 -25565668644046677498346256065418924714017104797736833492581350974314852100153934213688734024690571475369537442166665620402498720161813780875424532895269024026666857532922459353416325861845988737450738841806937035636736.00000000
-0.74000000 39136453770312554700928117799445100180883463721340760176119600845068878947869495625087547897030503252737405046955858644820014360861223194141185484021628787551303038890149198077674617770723550593145727399507796533706752.00000000
-0.72000000 59435288853827728343503259716331521848823134773936146217657805267283766635339080515423107183927416995710361565495670113695517478901479445206492727482633518434082685241822959749729300513657848314920597543273378321793024.00000000
-0.70000000 10388335376352889915172945343536361324232082820046459693117940523281606041414822617635167198109050994787040577664847242408484604633916814644424238167089597365694940788236624239540925636734437085105848997321450369056768.00000000
-0.68000000 -52089630353862659110585316950378935501402562869253930885985995644948151377204210387100831891433993436766850336591626186726629278871971576509281920149252870273920342336081007781010432152805516429991238738202743434903552.00000000
-0.66000000 -54924305790964125617997998703427019515434112658573797686805742815475396685089255994747145270522765011864956925988159949816712288646562368596333635689846055045297978842313144358503913563446261458805383871745730119991296.00000000
-0.64000000 6710672358394495235452594216808951044832086912374052290306616790314114642352006163651345332521771492225586668668266834949788157731028989093886830240423945075289694457432882620457322212228651305760774334183224255709184.00000000
-0.62000000 62030635863448426997050267690712680906305281496801930037209435333486937307886669276208876359351080658943043800453028943163368984881569434802447708237888061717259878886930430339229765622753571926796127123390045215522816.00000000
-0.60000000 45883557396550025759785576261173398880831310351787711957584645954530306116261077236528581702777484975721298522853709879704329087152980639838572267703737701679604462614780853656636618190826536019745475968024108863586304.00000000
-0.58000000 -24593134153795884823526418228280563570895849087599017294099679128567563616483535362669700592571744010023458895093240751569488741898590112369009556632957242533527214406712592389165703985362351303056701882030262696542208.00000000
-0.56000000 -68011404358539552582477166397444082545060109013700562084030484528287119003883667884970084622916926177802158513576119317165659396507920049766856213997812905247455888974801213541254976189522581259433822687791570468470784.00000000
-0.54000000 -32664754668050494935982574801941077895242612046722115865913532092311884950917933748678878096536400713812574643400914605503004048005608814219752308968442692808890538803813448896514460896997826470748967659335783374913536.00000000
-0.52000000 41993160245259368990149495750499747031927256390823421964493400433834818265534443189833618296714743039531834652940161473025328012118364936917299424424827156712829030931672993440796187481069078032891915195246132957544448.00000000
-0.50000000 69310739039305831899897136097066273317529871320666018422035825253184455478781996250388605647847597790262085177486839164830867687710060937120024879960530690965255281229536473327815007670886997218471876381370892974817280.00000000
-0.48000000 15942517127015162099487157944093206915064438268663895116607054607228372267065556282190923021453724956721130460427106743081865511202841104895530966413960493126652114758101300608444933343288827671128027701738306453635072.00000000
-0.46000000 -57600284702414952856114807315794976326722420001541682639018436225710555050465837720842559055845903130961224178233295687325965914817891547349116189128167963136794240763006287739943776373163066648134579899753651400343552.00000000
-0.44000000 -65497469743286919623928269874011785696360975408250687069712575601778587382261223564915606381561322263004945003639104749549659647070047909905121807338014382196808100574323476305368646666904515637526815834729541135237120.00000000
-0.42000000 3316129723188395436274307416402879247486925836016958470990401395205141222846313085661227050800618987462358353651717206033003678579994147538998197880475203925198809146460901872234162566950990649751606830250875840102400.00000000
-0.40000000 70149382230712778779594181321676334439720205893253198376120095456841601208523224195859696965127495881781369377675663530091794573855357236214397352965215099071329942524509153897683469267973875837805274990163900065906688.00000000
-0.38000000 56476005719161493741008001648559752882687579362320241585196847027823641285162893604424928751841074586094510206872850601383121141697006107944034864011143753296008274066194460675837396469199133231145709342490878778802176.00000000
-0.36000000 -23904093844346209271184604389101082316133300032874448556477281057181840447779499495689693337414127379199361330730655690081082564696371516168115994237806438698830369957898741117518992832715214403598317387295912313749504.00000000
-0.34000000 -78511312146520782452452349981034038618933705179698312662782253935635990541355617402285945365973508990355389675546810165687031319605865350699768845535385258755267646239599123053615205517281058815210858435270943705137152.00000000
-0.32000000 -42510426200079317642630169704748612529837977909259720194474116512439337661079319464145895026149083415712367675801169230207952362870617062857775068482062629112971047527015149662534825677352943711715928056628893307633664.00000000
-0.30000000 44445504939894537209146409356007969759498156612357108351906038496867065831788193262223472850859072020906253711110145620157137656250460617740013710733041970526302431581958438533279362578528959877027773011447665961992192.00000000
-0.28000000 81777947266865976917525998090023133178429648507221163138228224017972718622530997909136644478494554691955415517855053682998292212132962433486010267001514618120820884759352356757472177191616608576566659412152537715834880.00000000
-0.26000000 24224650217931054167772308197493568437564900443249738205532366961755938157184701039345489520549443148481310626342407221488309526129043951513876345650346794295117687094836181815333096413400866168151545608124702300045312.00000000
-0.24000000 -63481632131156647811088450028389877806939424520843737235451611921314512914360600798368763311994784818171944578608337889514166580745379109717413783087520920737819403669855304045663638841857944440489970643353815796940800.00000000
-0.22000000 -79335444653789445103127490789860144860511537598832883330976915119784337045176884429909615024232336436897912438650237666285938839506057198127764032310701308820447076009739383253336108019206563058911340949968684473909248.00000000
-0.20000000 -2577838345951179680102913727799126517199413187415207720709643567839926331839639702058608062421299312967386598761281974836940886478349920400647623275317060852578867293997167185720606642059815587815589259850884153606144.00000000
-0.18000000 79565949093099433673243926555789392269859069755301032674475469714240631012531340902292881204809662940902996687369534702432764559634564070941189211579949383164837180406468047794778880051576566084044075087033680844029952.00000000
-0.16000000 70920255120594608471764533301048845574928621439772344986370003936659667192968187898490597861290483257886180719819483839290514783938282759828171055466782501825109108044869387496950138735656600811157311784556793964789760.00000000
-0.14000000 -21184108264461720962005246731501902615175757475593444957518931914835683182983472591968299018808485676387014617266514823532367978410335257004262719221762798699527376283249668143362201849509485864482400651258188162662400.00000000
-0.12000000 -91362060342917424340410238132971341703721261966893187923489423025943511297387655086767378495852052673167480971392321448293169053343380892875180517809436476062764184414145692265885522169866727623362999407466608936878080.00000000
-0.10000000 -56653412839622436868895114187831468622641464914403166893849828636418150576548710737642124088670446030611285705410974684349460694648724798813360003323804136147534994877296520452722253389134677497911610572717745470701568.00000000
-0.08000000 45598392664329018197984889376478302144536252748347379345913255526204592344012743440104773548784677520322579004038922075987800894946169458103217731358773471158196378553934976986338407904229282855946456696418319747514368.00000000
-0.06000000 97737821430267443990758523947770290985090281082985872826855798097121948047374739239084944944431231498298828825672188067246227505260776948960335692850516734950530749085540968764122448701562052841371989612055831307616256.00000000
-0.04000000 37050028976192053967726472485842349896178634834177529417529215585517066437524853829382590855696026950929437975668312358159521620584510475189494493688734161904876834937468804803115149004995329799023860206314922788782080.00000000
-0.02000000 -69072399248113841709340336381566260300453504200133111344814100667152765333003704467172576611016428644491202858508614446859490368088865752331146633651052987352354925143920767909330564386973534037836011638985646416068608.00000000
0.00000000 -97849064451931753568737546021046378895980872329236802765003918324506148737334908411262491190215756476578883816486215626971485770467746674902430588523768933716754909365806570907900603636638781567842829067492395317198848.00000000
0.02000000 -13002541965029175930292046348110211171520984986545466598650905951817140171355819902519617924109108396913195761661793950741903125097124729769097591020986883749675129077462491168057426258710833129721295511008902022955008.00000000
0.04000000 89982594546338401686165128418626141630817938217629231450049688040165413528273566971552391210298075973036700196145620952161920065548107044628523794448324870747265634384331321725362999155389310851043297598790965965881344.00000000
0.06000000 91206882800309221890031467508252521756946160006865727502086619630684800978769353835396149668764068715771862222458323939631272575930238892707810915706182128945262096989639082396166808111402581061773928176479036206219264.00000000
0.08000000 -14261959688150590213550861170711721116597304994202437654817404095368543994224512961205448246066763873451116495228667866831046963702889484178323939482475898839297317459888876306596866248508118365935660244939974222282752.00000000
0.10000000 -106778899809915596773903442629473339287807154081226898867487728520589316756993307794832529829783189006473968289598498102293970837745107403131937497454578228896760568840017829505900399106684994956833483995680727824859136.00000000
0.12000000 -77723407072296782214103687333363568846385136547439607187543085546204286754783517268477845564885122149276283431027145436021361469977718610580618368852698316940410121318660096991103371551296626050645908892439329965604864.00000000
0.14000000 43248251512475613904459660930329362711614353760967212789927948344315576736290656728843763886892656632154838331187954528910031251044837024306482683500550649374731358850940194852609913686916675182830893453483366561087488.00000000
0.16000000 118087670643698402871100296362762599478306412846374562156631904524621380507722977864252467601556654009808930556157374705009725630309812845932562588112887594128368560860438384345560413656612729870346493813048325491916800.00000000
0.18000000 57732359009510999111661992011185742907933115739989181769158503146258832386387698877599540428758240890271698024848841226355860829951162421340550674883134114237593476635793138877727962647860953202901424452521570506637312.00000000
0.20000000 -72279573142462242976095509265395774405918938770104510725963278136965353204602469315442292231328443451322326829293831623688741200044641274769161968986818577767869937010926225420294647764906663276259730254010582933962752.00000000
0.22000000 -122806384443178411579500685595550145336255782503703005563409287445444495690158769119103445395497961021014200201256710997317483300736501805996022098388998165697104403950435981768419867862775462890021823309148195913728000.00000000
0.24000000 -31982318119074836673669931090749405847190641503809338070387350300241378678572464377989511960258186400088304428541855915098635892917626007135856207950891334780890722195769377231685480656490079652207220537969173770272768.00000000
0.26000000 99599135695791956357578172342856087186605607502063615323026678181819033217387513710082083726399929205402166249555626039184781863557769008883040605715073437154895099584614252770725997720608935629394856447246316437766144.00000000
0.28000000 120183596694770153057647264595292468750850780941183701440524314422299478558393624670526463019798706686785131416862630653803108808540881191306353751336474764096584464016762490417888200711378967192124360157826180448256000.00000000
0.30000000 1602474007569594160834275766738640503139163111240380569674195822163616906294571772288498896731501412231199011221544896801151238450313364822681883376950012994765580680718612812488355384057665179955911663293391819505664.00000000
0.32000000 -123480263083000352141580022484607988627644397115554432975698251068388646275658994103715112440343951000364947554122625568199941166887388056185639896121135048894508258258420744123348382446496089115313507699749207221993472.00000000
0.34000000 -109878664951617414511777662839883835740184571467597630958915667978795308670688344166385904043761062972000262970905032156758634423272043724277457377214677245138724181153048458845185597496939455970265607497415923003817984.00000000
0.36000000 31957444475394284140561670316844427717377049085316727863002054901092025566549157327588751899261354859382992597362448147685263396762676857859262363398253282305115508838087361243103001061365064455450559006171978606313472.00000000
0.38000000 142338202845981141156551169228803358899326825591298244674074524603608006064728142044853185895331981901727367493325024471595548629350766714256378103316213405427150066370894477647161536510482504884165874202104173606993920.00000000
0.40000000 91997101486563273493739051786007373149735181848226135695418022687212989323723434145054822433008768827140898187322299862917636124264726138655497596287285033372023970069366588735240189372909210404250528368498185473097728.00000000
0.42000000 -67009483906944015341288308565577677024262358609696040252835600609777933253669122023511437723783046680419742652577309545062410294617230275608674123488430617008271218333178397367498574046940411360214402912238105069092864.00000000
0.44000000 -154836382873849692695311151731168718432334214904420247146807279454273073995634353734964079829583392439739962731580831821889215645208570216085851053231759274438990253363842360410160165766442346708146110612881816332271616.00000000
0.46000000 -67099109071252156897884487239456156338984178792278427586329280015812217834460238143517454909488304111483085185997904617797571216480926777772251017555696701129819747745361793944112930928411854369467069713970585673924608.00000000
0.48000000 101726687553344219064503067512500054525326928605549068184001122577003794779579784343758170670447876639973103853237280774556295293551168241805420740849316835566289636734244275343006622277886715545966535034409748518666240.00000000
0.50000000 159980034523194701737770267741885131166107246347121951925746310443800310819265198832801952024223462664036283627769657653185191943787650521761876692339816289912973819313301593312451647172523727063410818139099638534242304.00000000
0.52000000 36180733543533849876103219464889457870926505495212022513671019319325595972340319953671122410603954575873750198577301212784237203129201817651595647643903508589707696386477830648172237832856002055688854222877380201938944.00000000
0.54000000 -134252354319736157245803397148946323718593225564393707029831413696259297445486049472114898557052269242357548123541791831541970717841666484471596364997752754111350889634798031969156323626918389064168344108874889886171136.00000000
0.56000000 -157190556034990027340352057874368912020627254138164772713367771214232006636008312896313053766295199825533655088426009779025525454647550825888001860161837131499097802896079687077025333493490763790297696506390228416593920.00000000
0.58000000 -628909156771294292143590136982736378254808378321026393654085915141592753091221783493968109140481340431040765721546386453928406575430779958398426549719214734466932369437334393411576364179020206420875705709259793629184.00000000
0.60000000 162811283585910084596697742614076158271987705580005982440890994049042165544306002106285756180610589142781199717275574890983859120708790278591005285532115490161330558950721498996286721059690046517137511785946211931914240.00000000
0.62000000 146354607064335117636458029617501655598600640757943714050106513402215121061824577223200968355744836325092453079425226541753406238956897659370439555009187665426071719193438170832639980016879736919189285799754038601842688.00000000
0.64000000 -37846853485022888411785180777430147618766118411536150576173177366664940865162621911099869449487335382639924883990651398885968017343405483025514171726229739807723671000032378883188680188129414294620536477221418436657152.00000000
0.66000000 -185814351767383052364512502816154924724382379413508172586766141150361696480154078018622705808748839466958377235857603584120210161926464953693775512537560305692006810731977697538597706933833337594495478928144059416444928.00000000
0.68000000 -127842595468498023426676216549687495067518633568213145167924908237633027400707794276319780883444369552577039925835321021744201976937488990964269201237556282673267470950050700850758161791418518549132484182273767159889920.00000000
0.70000000 77302713549112600815198328980317198541034935720371821616820255362666316453382193844533782679595607365062908189110173774835750794038897195646707163198262337692914779929730863371536980399400589370573363800598327377002496.00000000
0.72000000 201948214536888138183748577921971703620470885625368999956139733651551510058879047293368631098129954662074184848379591931175778591750464879931594513607666020824410878138545834463819503649729109828850248595161361560895488.00000000
0.74000000 102492099895139531120917319110339509596886845031797856412025230492120481570814788119767692863405750488792872365482810133747373082254833221286408712409858405873254829283213304918653185144677168027312028043317454819033088.00000000
0.76000000 -115665725553077435007093091556722545949429622263112941059438144327375212235808777000201967837621554156193846856069940416236025517792198250232639070904390004191913535468197517048104834626201096852122926849089785783386112.00000000
0.78000000 -210244180547865856408839643254444469037943014317874411016829536923350503318317533382663478769613071103402283127736739822143338538463450099631619453278474231819479203843219140904441178064397305860863269242083809154826240.00000000
0.80000000 -71553669642667444499121641199439419572299728116656074411510451548397585957035860929406371383921289553981748102170535633773043886101719312492051340348276906626347207053416786400630672705412691984233691106773202615926784.00000000
0.82000000 150854369986316628848831608588333399674782352191204350229531864178983794915474512121531516246945434833012667397198395330029094395218229744712260454133025060332367959002678835754156825541644082005190155202580881208246272.00000000
0.84000000 210124953906076215085670407359966700398648132463986057608062369631482000970122289232559646939920335909491055703174176928382680766387740280427765990151878019285881336037384800992643974491612331988196555325621044280033280.00000000
0.86000000 36600923035128805169193240719494597044866630915714343335428467541318376290527211701897741758778664897807879645329725578910787739485957621659425523916284851901793639737949050986606993427843845067825825517303751583465472.00000000
0.88000000 -180912914302389097923389952211009738913409400033880723025347827100855089198164792229741995288387142365448653093978077918424011556634540822439235381198183560946014030872584740186541897176782303552694102026126082191654912.00000000
0.90000000 -201434013170105658811444906952978988909643414280699872317469628147744284652131360869670691289856955564293331734345419274044096156945988587228319577387643337011856372486644212838173918970015803784224451237187845680529408.00000000
0.92000000 584963845112454899322081424314768012599169149068516762178453015256368435323441270651780735758293246944560241773153247044447488095180541451160995567634927609532863123663688089249088266139376678643212655073468493070336.00000000
0.94000000 204153876150843706863400040672716450945296934712081150054638953248783160650137410263023577109449325225550653656584082428337248092296461659116049575332037738640007428570984377117687517587207822569104779474533875460341760.00000000
0.96000000 184455646111947165657763701873558271175534837894973661680217069442293957239746990132764487792206109824446301532769944898997801571000924655680923164681902206398276141727302774313776112703465066925725719593278635570626560.00000000
0.98000000 -38136974624932256852548960427811220248681430128384640453171330676634132988796113257063170026937102107591858180248483334754401733076260965161324182742317173759802312322415577620351280954518524587118693218673804745637888.00000000
1.00000000 -219292708977570217546715335615166945195945620359431659788968536828612280668557088667165848391822943572864342294859876543060058242183176047970763892980993551611804665699141469999041804344927523021946239419221501940858880.00000000
1.02000000 -159928217635425528560948502665756673100849173132256189494989598229255329969737566494792671917299442805775961679890045675023498722340934531546198126599393444112554017162828610921093965029330776821918708712163558270435328.00000000
1.04000000 74208416317182599241584782014108276826476003799864242802619063606080025215329508103852977751285096313364730603224538995814763803074782936767639444293091431934238922785151866422907178803387436362047166597305637537841152.00000000
1.06000000 225548993696862469249807902710525884124305337060804287960317330760514299686009834403895966870320469193017546628309045151400800942087984914146392636356239427161427128572780139742290231773179667489039665135637023596478464.00000000
1.08000000 129039463514921725857163464867949705850374244727295633858183665043905019168817358136806341324761821812525594932719303486491615475371368460332087128738104627639755441151697382718630344582853785560817106904018229972172800.00000000
1.10000000 -107053466333479705294465489035528284995443688485751262142461584038933613529344718369269827276694285894494741793780081410604004559456054525757684186998376410528672777805117534345123858887286649805516362344796966520619008.00000000
1.12000000 -222691354143075664420373688409022911689711737585311154202481411378392269146397205259545417782597009974578067585311346574223732274109905340176322448635132049606094076563274670799766401448728297413659727009348836659298304.00000000
1.14000000 -93383017342576194222704094507299318319365047939262790528429267914474748496789115530218341050054071740862685303170993752016530619573642702762055867543114636587057972647264836289056666519860259573450849741338067622428672.00000000
1.16000000 135091372940334582397540014592137953454085149986635979212375802716256688052878213271012700715076685029641432830045781679767092810548531725247772694897093975147502575280804055747430663578977686445074126083188055296966656.00000000
1.18000000 211022840590466805210994036528230321331389607492887175420476585553834591844447967518306846611662643446292285135328469544882205163402785550689220149796765447519695478665960119210277827147701899449602312941626934014509056.00000000
1.20000000 54863686712498531102367140343307547261007793866104907118920992508943324640257240166794947343075035659903006579372841104589980399813495486083334525996879102292535664128742853029867981351723831868780081549843508494336000.00000000
1.22000000 -156972223865881373674033560813678995455902024142974122835452900882813382619875356434904784927136712764748603809821328872894446379820545367320123922526038989741987705838916869245835220815265778434000992254908925097279488.00000000
1.24000000 -191324715210863869738368573458412773519029829664862203346934237067287813324850109679139859014979662841160098605759432705498468150300241631348045237268599281694731237944811057289868775009685873959995480974011847304806400.00000000
1.26000000 -15560699497319724604447679406605499437625202422504324174596652042411377010951334006496921129932985466720269764844832414324034595550620767487492819982813280338662508515134199882173865316927614129401118056307394078572544.00000000
1.28000000 171651746816740840501493615176052207499390831408961382816980107529199703326207160594867279961790813720658498417623813043800033959009039615939317856544398631847975853035652084132719864922343591989222263854662300974710784.00000000
1.30000000 164781624458221523415767005999242056537914127637960184541346105924407828054455780201148071759579583552347165511845095329099053875388566843411239222903816439835998870926804135375613206450665721743548139824536103191314432.00000000
1.32000000 -22426078215582177292569481627587159527659279327956667117406136456053333940900423209987954830754518892238020879760190856235435988343518395661608887517146429978180984299242690559406229430815489533332558568540795289206784.00000000
1.34000000 -178465504936709488530465896013425362233321624203738969971455584044207229117693563266151340428848936431822089728551666003054930307927683730141201744392878183878420224089840912623875999116494283763303849355300501878472704.00000000
1.36000000 -132900728398890700443624036977111950349990869241124302523154581926017980254557342644686511361548109026050877982009033722827669542339248687855819652604007908305569779895888731202811228529489625349148782260063417229377536.00000000
1.38000000 57122511189950719229417023197016077894304341887388989738525081650068887154979504465805303452186353170475811678170425094984268905939755945371552191434333396635832306703597400152798732036499858264641591309507969639514112.00000000
1.40000000 177185099546300578600777576487872403428544401242963291981588550028392030463958045451078688011614572343321610822445553744410218545210083802009145075910042111096301973018137189972839787742759734912206993260419930608631808.00000000
1.42000000 97425701483287984630278168985062137411786080675636868603732498781727872236747106524223248790338909162722250939997002495595398442306905920125609656997073826503212158738373511914280787213427744300969983371058214451806208.00000000
1.44000000 -86804859595402486878569733301311032705239389636172833159773174539795871425924774154303750238139892590048539447804315550399249341847544195155698227155724380832059352489136525921189213581326389994263477306613051905015808.00000000
1.46000000 -168043020087069649516412783316713107198858992043896725207172240459585155463416475818630528299675963747189423442892039234579497646917060907565923985289086064792572704920624253651086787485594228825095483893315713642790912.00000000
1.48000000 -60242699988764873372504938690316254262376468555488241957752850330840423113722634974595982548891218719224211951157422526370888385026233716704882923607969347275951274774029295411888748758897726900040465740402849285668864.00000000
1.50000000 110097524909219896947491661435515929561524529217205247583877237422596004056948811281782737859992333450491641268523372678344455197357116581779765850791290421007914248733621085643157433811066099687238430862832286310596608.00000000
1.52000000 151721285938136217732539201630560609405416545130037232335945131768702432958928448525016277167237256727152079487990747318625447966013331231365730576034027335994153693483851649236071710168887762048252621029999622003621888.00000000
1.54000000 23278030643692666720375487459519648371987727189463905715561310668730271426873011152458563976025065071303822598124529446487452644206152555465928495667262081731125059850163575030650584663199736980589485859786334144561152.00000000
1.56000000 -126042782439590637989263650676112503634026726335438235017804843770694591672332343427407095156567974061355377819644181884855462889830916339150248602110631311309286315568144878244598648908647597713383246228753904782278656.00000000
1.58000000 -129305879167515847437604789976946086505405080633225313825672663528408340423015934523526117455917959058246903313703165200817540314313876889473960533895990153996909558397251008215793441318282192849250810257495785675423744.00000000
1.60000000 11608567414999189650043866085977433196056430146060578132491037837099290035358133457126853953849266551958197010249737335395113139372047209442814135337374801798909578624972997689505209523650650672219379065579896647450624.00000000
1.62000000 134142238551313259286189271951566814367424744808843150676837865772889837777506445065588467003768960052005334990207989396849215985024582225829885296430368584363696484683919853366699337749055646500030228857632097109540864.00000000
1.64000000 102212699295443116700190954768173412156930295563000811551708977014930701881336045927029026577871020416982906524842447626432188601749937469704037332790861065827388379527635998707913926115875749114524116754271613405364224.00000000
1.66000000 -42728348191392923629594470096052713613695274511865169165143910807191771644778684654563068669614976883675593111689854992344432021107364321879308029762098613751993251626830406979416446642027816974367355159969380891099136.00000000
1.68000000 -134369799215420823965428969313800807896076166353251334609564850463195657438401071842961278537482254589075270758497810468287948650469742256809303317994225011985472482356676371762483919586528899451203462437492803453845504.00000000
1.70000000 -72092347792190528800512222758228804765724911291406902148510481459715806385961167796887742968714163448581261753914844943243176570878230164844284819455369482153510460642369537908831341640065382905172224284737920743505920.00000000
1.72000000 68658177801408413733078685606283166322893686974501609691943300895760672262942390502609671874347968752982226920952633831878603525965770013363277408435280460586061859121751424541792433806619291044146277969916292923129856.00000000
1.74000000 127156445729275408259333661174955726376926389603379317512721834706276939774552575729015300135583565793354364306490076482467492519562594310528407334836897850571107615569381136063652338413266989715472811983622435619471360.00000000
1.76000000 40721598202605924212090759832936100245354912738130398735228355524255413152975445286503043683855988138784395723083915005246397419943570502274599289173137887760931750399203525076903181342900546197992911674084705873952768.00000000
1.78000000 -88318416282650022160993599115658988226836731171501408658965783674083660382872379987437195268797988000647157325204480336313413233672350365435280741800422171491802518923522406673237064478180365682142678041854741888106496.00000000
1.80000000 -113348243230606689324654506987282304712698584895996047745307126938564143006541376967952873126692634755064761124663782585739083503179155919120666146841473243400373281330760532449686466872991972910285793342953364962410496.00000000
1.82000000 -9889502981632279821555924452658392689742154547795922242398617179130309147080554298633678928122019499381257065667677593838640129797910815529763588729957674862448974936544543652607367319532687685550194406920188734734336.00000000
1.84000000 101028537969881176173006233261019725471755535141653505270102682192173965657799598501682187302866981183442634083840178666959854240271307483138899191251335617617096171871319926743066453631452021226734009754124259109634048.00000000
1.86000000 94140481397774294916139239734381915986069380572449585205539989110607642692642485233663812590706475816987637117194293270263648042255475758170653486469297731427182529633124784770430918931345811920461823413156625967480832.00000000
1.88000000 -18714116865318069109905246483692437791464894936401450580674056290182000346525726868124269274949625124471724210662151207951501394132155494429549005893629603932501087519717982760985516419543289278592866637848575710593024.00000000
1.90000000 -106536790600743708908204100028648510962843134969419402549609522520573707969950148136994765314361342083471068900132866355067820828660091723613361491008150607589340858528833190772727836801479605469562739011877341518364672.00000000
1.92000000 -70992339877592020791457794871152971508279474719533333033331242721072072647121269052630061956540590710469578740144978433310934659424595472841744888570408717338075234797268208529134382911205605426212232335570856436563968.00000000
1.94000000 43600574427967737801521026621548237098031708050348479965079098021614735448841641055434532127099211423069505621583592928806058272240671582511703765422366201400606472653804906511698189684911512984064938365475399135133696.00000000
1.96000000 105022192627770034228748394407717690370672609069887388998604235792941346010533977444245210286508739163942558232567520415785339042535642619307215809933094658777045313851688221812494641705063677099342674522609367161765888.00000000
1.98000000 45527738125110896046273818312242826336902530122573435889041453570717491301886145357080197824366553455335265429956223934453772524626131521351495554609119448701584884506788945786709668341891282751517406794117223609794560.00000000
2.00000000 -63568257863290324253819233622725335951067698369063264488198496006556498769365648570061145490362199074817417120086046161806559710761352773788902902013157192579996636138847811775496527115698409571372837051914132769472512.00000000
2.02000000 -97069182307156340371730694198411165952202760174859958652256194625251790626623301458014193938147986299755756696156298287095443562398870863671037210756520866260758697921225891815418407527399353067022694912043427605512192.00000000
2.04000000 -19428914927711873342824921312176238380087609204874213201263114461910692235072890634096243286644439852479731088629456778112801702746300151657705817504460921312604580376780860654980284962410550738649628568940388737351680.00000000
2.06000000 77767471724430145313628980377792577891059005266804804921992647917797829322976390583759295557808360855163342591145648133596143365346356319568311589091866874469661849660155581649897325546298167536991530703702833691099136.00000000
2.08000000 83617134760646317466986145406705187160750935657198586404186388328072587761671789692343892369584643559013640817775845128123805666555773798037075390182827468809999716452176678062577691383646146783924337012246368510541824.00000000
2.10000000 -5670297165129143259092758244057801258477904950701990285704524853763365925301978768163292803754307681106833359502162336990154444685047800614850099886831093020771256882751989315653502510476192477989170624412068400332800.00000000
2.12000000 -85740550718596506892414060051054198915825580697951378773323153905546315093242677782564851804534370333723449356254914386779999268434725605817276235979813951814972830544447976153651782655176408129230228441604994130509824.00000000
2.14000000 -65888643353339760981000098616372638796495403815466474449415772868584726222937535068632985719490414264329317891163874740638916554222855777990625345909365103583795325284805742059254312393031074834244151500567472248979456.00000000
2.16000000 28284612643200730170912058740767585438823773367484361391727749957177057546062296108454167768425546337545114805062407566249190594306367641170966122253984910779403005660851554084655935271218335555655508380397329581080576.00000000
2.18000000 87435334067652697537115137321570487243356485387431497115747739123080370152249257560143189221388655088139362991034159889323465428462581673273595470284732980197294067275558946630005229299063734389721928021959028005404672.00000000
2.20000000 45301822166446457505140825385061980056043399382023763887125855364194774201380164245242447589750017703265190523746681146896819227058812673852589073427965852809560348443723245898931736638871134638769164975303108849565696.00000000
2.22000000 -47164516183767469987494092283660635980512054429286361450332910370889975754128212283695332053050527586154525291506855580870102896968612290169801057980751220394946418874153309391583546780109466572016638200187255804395520.00000000
2.24000000 -83191899083981798773705033438618470055727656494045072563521460514369544684773140613754162892398622693703578914515486354137076235681076115631317141771409607110020633178227265203453081706987115694950686432977190142345216.00000000
2.26000000 -23372848756704748601158761793654383803659915627121729690194787862046889201629472851283336870793560281766847036161036986628027740164395013030604492313322011695051171360382294705138805599772579567554202531405904710991872.00000000
2.28000000 61365224231402536259640216620850518879097082636839823122964664649329210324239861914390364967678844898239538862813339613817949203879024370339508850487619004322829031848374007610283020250234575809935677887333186070904832.00000000
2.30000000 73704234929469470681468945677917516320273639983043398136063879320948999118899277344787053499379609212807463981674737285437047534751722940432852860321460883749466562260981523002774272350600356823495086791002645510225920.00000000
2.32000000 1615477540693196186692774333899198560765293377221849818043205759138814573967884523807927805743137228493247179506187073632215692237329950386393661321663243717742399041213024484321400605324272698026108718872669286563840.00000000
2.34000000 -70293382821434272148601649681106929766204673941244619343817249848809319717089355493302355980731931579260748354556139012503967938026810357724733144516871286824095260605487988217798977315781541895367559157115315048939520.00000000
2.36000000 -59960170366822779931221717284514935920346579314065951227496203086100472938658771570255273102845389685377723126252451636959976195333530983053703484203294631133872841710929085792655377634507613034023241458633722245939200.00000000
2.38000000 18555709460329164766773111554386535377143666670113713499291302373763287129984035161150442205541963248727284687459723748711125197262717072301595940638902816233937719415241473508180889907709694931882224870548251898544128.00000000
2.40000000 73729091862945837369072862838986910446318149484942889043767989630553804845279071725769350293441611849513985313708269978104177401802721599972114162599715977577525595976106924340790339077347351669551974044120517051416576.00000000
2.42000000 43164242376730582689592137746298504250878939469286455296815623986788356211378418685690035881059882533906776017202462508132020523238716625721044214771981463426289067467465589905059034565629902562060556550017403758575616.00000000
2.44000000 -35911977596323063247276820080018255185346079552254316580439323045414355188476293718953969232752471796091887130865977104176037256988253524923207472264364373494067664207175637132533276152498400114849901509441257352462336.00000000
2.46000000 -71822571896006503131185356854987732990298019709017758544659449009671411847623592826001965956125236932190143357018184232818282031736184257070777212827682164955160104982160344140526126190746165155683082534676557006372864.00000000
2.48000000 -24649215125853613351509565012375387214094399771603953076372041101810497644963536046567454552301342539733663919220080622660013361441970708784739298299868153832441906301983779969114258285622589757705227895171309279117312.00000000
2.50000000 49481559224462808721452716417542660982218321854040080435441595458750682595719429117588459324174810435226547691030219401278256809651188105237168020406124364407621857935216811408319339431020708055922159182523830863134720.00000000
2.52000000 65066524481327987753543641657489290000961426548320022301247924163862597597308642600498432805667380970955875117758356950613777340386561246929246468708255880721673662672928170909561844245297782229033165964294235214577664.00000000
2.54000000 5782566364861561026353940526365225954698053323022943108560559074112950276523168069281593134660412736796498383340189566114449502138081428373451095754197523023481479798972343769700553258612148152421159788138804765786112.00000000
2.56000000 -58600949943092572300005411757309325421055814150624790923731816653790400674153430741645888952178630667521555613283279010034612386872574114010963448477218038639659746168646245477097848518434058525384270638991882445651968.00000000
2.58000000 -54246859821792703504680664353996581733880280227262152170501955558635938272112241038234168168992061336002652367364857930558227353285808417812925801297003625281153206045931246875342749570183226353191245924067471360262144.00000000
2.60000000 12125583207016786165321229301960826650534132707263960288953182768694560252860520167881512447708488126806789780298826739354241405441005649311838701187394122300317628658895548135291342110049572164914214539255518496555008.00000000
2.62000000 62943590978856997791604569619726782169475488686297783894380225785591659369983647867533687156371163910176447940718809632717816048284872239374744112065130831223373340533419803713287262692231988367159329124733236212137984.00000000
2.64000000 40375863435421698272046691313415248895936030591870214675076497326977999972576958759392589924826655733885469642787300931425688986250921261025840420295964383216284956376262026454058920170287315240998582796090078578868224.00000000
2.66000000 -27906914444967152528222533610190675346623647023348571824357939460408306511191434714136402488710076330715410255508418991268425415492414154960388948767675434048899909424634353271840268004361509737074742864416956817080320.00000000
2.68000000 -62524780207183608565532584088636631025965120647970874743074219376201811353155359432097355872404423993228642852595767707589281828002660113298431980933090007566710350727537800242042869945565250466067720514421552018620416.00000000
2.70000000 -24612954381393889170315280540253838021702693261633988889590373018700413076116260964906456905488783538973389559361134621250451680253195874188325206452478374271936465104416855606924925126779271968117160515644262392528896.00000000
2.72000000 40606257836501530599334153873291229281089237085992205282838487163960231865499236469982550496540917573337036938056734270411855503449964473697880103647598458272619602799752610257865985706659625517523048704206220128419840.00000000
2.74000000 57683324449476722773333892216570461110858587099628754518336137710977906728053967055995868190303534061661325081233430630895053018348153439777552799796492833316471563247489874253941006917988234029028177440415758877196288.00000000
2.76000000 8178881863169322389779590048562217419509045157023639359138914924241164089114486832566456778346489313840541827438882422048493223743759821037865259933584024724371038172374164576911177879177526974943683282851246817411072.00000000
2.78000000 -49535448646296600450146433655731060561424596121011421649995361884959160024027133935941519412828257124589856776589750313667867131355522834971219858913792122062605605117590624886428456553517677961579160013003823972876288.00000000
2.80000000 -49042034811815433027390082408321993924855960855889372614150632781862058242746327870834655818827675184877006415958773729505054282031551367695407711166587125092726413086338878060691917723912603420440174241436161917583360.00000000
2.82000000 7730524897648132848601422279248364012859286368365902859763734336060362304972932810646599960570285635193849432114280024114191150710355371603304049554924880418766315818410986588425682917508845890826490407678831673475072.00000000
2.84000000 54306643247944844066533907626269561195210448427480620209194979392100788786887735022150524162048119520473779414573357142124884649352274748280414830328179306976133928873440737484413295023044399707235242774153209996902400.00000000
2.86000000 37450564878384927398424907054065669980784281309038614223594107433274295890140760476755714672843580476876015283564227823997646008484241091750896760696194738375342689185458785252148975787587990051210726993689696622608384.00000000
2.88000000 -22025105469012744972672815961200410015492648171401805435595342756336481562661630957706802509420219414964021358965239661611365337133016836409413773390882444936294977137268189420198815485625122389891565151334500967383040.00000000
2.90000000 -54843576217721914951821180715046386878995487618107771008291841337575880820031759867544695466494173903107242371427253223696084520242479581752717765273009505190327222068984722935244694779550080957219931749269834922196992.00000000
2.92000000 -23915204510088602848299621878379117315050406483981148902836257738404883239451934938424004760567891181943991107043979044551415090873210267764535890093992789830639452660198972973059063586978926137602887503653852487352320.00000000
2.94000000 33790246841208171340580815746457515102728363508323296950423991407868112998355595003533377608154710614615399053124339754674038228975169218303469039101911404402932821493068011117430441750129577446022072576077349768921088.00000000
2.96000000 51370825754864451702289989237014611626252822658617140184790516014981012373865321840459670934419699390190751887614559256047283378946629893002984858790629720577307328925140272762713078342003842391654959807107241288400896.00000000
2.98000000 9520998221266865155269421276860375592444699220654747268075509833528748266432766297875649795792853768624487848501541423371597716687346450286524140072005031579225682279052017173053250541504134533920666300240843398709248.00000000
3.00000000 -42341463003721442354422179365194244858641717076753899328743382137658072638076842117335700228075468854999633315354361048972909338633982124444986351610311976813798060909614097065015527363688304670665528046905228689145856.00000000
3.02000000 -44382691255829433927923409229294434209275120057220553874801526674474688339933109550707351335481918551783973513829376714053560344189967181256814866754953010839587710703600003369683196433166239477341266024712148516601856.00000000
3.04000000 4648087835048988428915800791437085514066029385243135137429616007740319984761761019049918526470180394833578874020687548864143171938072444810358638956118536987007027360977714649640260253655868194106715704222057486090240.00000000
3.06000000 47260471105942766379313732437529407531455949094751988371280264479879435868605076773679492533014661994473963124648499858460683552618866255664482308481257335326434507291543713648842108029252609572650744738585020093956096.00000000
3.08000000 34594663470892935238256767998647960363301243959146122406169800078765358971472608896516737860617300803546652884367382090580078423257898659917401467697054570195030396426664033454675458425822169281827863924769793054343168.00000000
3.10000000 -17585286992935312473198948627228300522211008884080868918746746454844774347311781937481599521222559596749860157904494347384770791444525424530173486908774956594256879578925908826642941308950712605382512510356269765230592.00000000
3.12000000 -48410974018744245653294281536004666532076654231358337162445428535332638305425148639208261211582012053976853165493946771229102019170628708701939706444484690723495450269666295752858877443724123046860009642896980770291712.00000000
3.14000000 -22881590681077243976260882246462038760100552829486168346455464812931521022612011431613511633368515295018456724661733922569118642130897565266786833431173250288871525999688077388952436297948957725000019887427600145973248.00000000
3.16000000 28428238986460227112014255171588736029418522346830287353478131363060039713229713374827409428239215796796750498226931310213431137192522905409630850744423478296061086518225233540408060449451602886124276177761180938403840.00000000
3.18000000 45933856669282426642161125469099454849299516763567672367304698336756141634586935708149802235040516000604911611886929255790963601243104941209447428350524162132108566125081559711599021760954467138990208970021243812052992.00000000
3.20000000 10207440341932501548244786625917316142318470435124347924184920412210488861181230529575670206203433799116603354240621819729897911775414848860377276431981139425365538756043741830548258612565253740831876857116402269552640.00000000
3.22000000 -36512897415010245594898000188627461331613549783070058247750440942100111346847250569579007260454837711040476294980564328172461554008653969138892602962312569811848736970067291233837590521829687247730152208748963780624384.00000000
3.24000000 -40222974753903475054779473819510884037139562716373682089249433209746733798566408592401020755963442572973713480919421653247921331622605014464906785786805939006489120430782913047507208977083083163561838682706164534214656.00000000
3.26000000 2448023350851907152566813163395199083882252213535598334743013245811226151104380390611580844430758734586545318600085421359073951022559404505802388229984830875580370518320938793678165825617469304552107330092488368062464.00000000
3.28000000 41410857039395430951238664966081240786940096047892011607778223284991782661815465896139095750670993658975105224374279548003008820769674250276092665034284704291795136956041316469928996364899879644876165078030274160230400.00000000
3.30000000 31884054278576406867322627569199312063730838579063622353009163690455851641598185109573430743758471347344692983579272122923699030820463323839403964697196736888074451473145532928898142073668192577647022345263397568774144.00000000
3.32000000 -14160299169889263389139177047021532529915919060062035627039059014333930422487517296527716079226915286453730515463163918302170812338509040564587475752689015975883666317351687859943559946076426830449988143513624041750528.00000000
3.34000000 -42948124319786952210150073882517869957426723566370371457573089562537124774437213371678473689019423788981986730769122224346825880244624305183536628380804456598356838098300203948188285596186664098966438288517063761723392.00000000
3.36000000 -21680335953330300217788122900653199184757044757226772114079168033764241400040953010697494679783848398870525491110106555861235675665580970264879327383250089793195328593023768899057532018791240173256871983726403919020032.00000000
3.38000000 24123957856515604629556293664037598851385913435871477508901087292336115959174675378746408603455308443478662943879727211195881307104286693235966061604715464229603200191354415701889214630232567949589915123219028955365376.00000000
3.40000000 41204758308010984744640940995870656920655312519768491373919214921154254397527038468836584379428985367059174830763828765848630610851198567384818840939002353789072500598842371328810536011188896559388755003694635466883072.00000000
3.42000000 10469415597748987482407608796887843190248753863673737680860593807258568347834456639915742649906829160721909620635961831480422888038106389675146010965332095935936995568787683376560238728372427607515554100142884186488832.00000000
3.44000000 -31704919167353724833238716605044225433639627600221134490066801152477740473606375743117913690276383327215693802802911443352394290475131127248864621743971777261685929192837193129691728559586720404606935934654254025801728.00000000
3.46000000 -36496207589488950014142906401829711820762762859219204360250112442323805986676344455407977029833531610693811947635677234924791521021303164796157132720547833359326554812770874521170996322966338802804449997732971871731712.00000000
3.48000000 863800087135190903340773742192950419045497810956642043110719753046244060927079264018227142361443518439940190277550063254000643417924054768132363940941247505280690257056520363003245039415717773464560648612000892452864.00000000
3.50000000 36477908710778645909120728396223449010889994772286359836984365392908133363425571501646513817574927526196078664978750719610992713101260345330215846411726461891902082827983073150774130925129947767264251385323014397624320.00000000
3.52000000 29338460882841026430725428547963885989663677552611315455788721250742994376461705662731238017109713397564272740528960630504659468989215115701511669689884113537649418421861761404036394979453452763741609054216607701663744.00000000
3.54000000 -11473007397948394582390777791012122688195634477040489860201333606473049617449514673366300713488906478407543908318038108700516207622579111913537972815451993369450902286063909545882201209007097690945869595363609407389696.00000000
3.56000000 -38247004606476308927032003086606365004575613862194423348803395040573931566828286298337427760448997356919859786292057363665670669592828173898652937266980037168801356721826449804799915951405822466592970808484264417427456.00000000
3.58000000 -20400223140597341612266364465200296712247557835986192955071268860237589848434944634399902227618596386346834573600768425676140505893738484834312858806339286215029825429926277649626293021622143495990259077131021204848640.00000000
3.60000000 20610546823868470545855405319925801337330355681869198863361561565948979687882757277545877066078610115910407113739425253232722721029660248345798765622609183608500325811733711313655831956668686010634569031621003624579072.00000000
3.62000000 37048493774982378510667033364621415054442281233189303802936563246885532058503599016239141848017689867502003005518244897909937860093135102346158801926474353554164331661530978157946332835288728916188137052655809858633728.00000000
3.64000000 10446151521853478674166787496335506017405525668199144211888433687477395759847388248451881324654095790432219855207826627522643332002200258936344083282520013199173813742896945272816107507242337388758769383076658956730368.00000000
3.66000000 -27677438903495592569809953764061229387796717804174333535519256791825487301962831540055697039928811889003857031855459613744160211763870876443902940299682952983430737564819381446360926995652185658137762515283062628024320.00000000
3.68000000 -33136579476487516135744597032792438008671455984203012616104374492119576556502128385182180853647456706096673404469721991523753977291567318460203137573368053467601887637336098305080808347618899763040453964538328861638656.00000000
3.70000000 -275684444574508637567053868942789222245339304294391997554326523765129181627703957335534143261968142185994023146017866886676962928187476921999234048579760675886689366464031638228255750758390378016388906641730691923968.00000000
3.72000000 32260173592706007159989000944759869057596888198329701563472489559556003706782769931102042787855785200684988210796478448148468313176375320724869346740787093439183142330959657629310283691386268185145477975009318888538112.00000000
3.74000000 26953717993464883896791570392182941718859851260472218310562188130968452659379709879713987311419984094884271369067804631372446876197980254472527250047696251522370510800229635482482731506994250433652548303862211572400128.00000000
3.76000000 -9337854576088276442125068684843091838962028339232458871978832248171239292158384522552314526271200109472563002218219939886757730792360529793781576472636651655560985309797301243943308314533577941780774716432390597640192.00000000
3.78000000 -34152110823788052341837313906380534732074757383629445547652660802619416615270685362778403389763199054447075065454540555274139191569659163710065973279696911433551654306769865121708018865380269106910841045575222064840704.00000000
3.80000000 -19088424573631726908550844320900972966729781685069906241182361534089606345274136299120812906595574815735796750428673565058535921071436244685867903386094689590830454588703800622321139586994160201023325770234148591501312.00000000
3.82000000 17703398401969348594364193460159157422688695335773033137531716841197959062377349995539172361850797786479634170914185409057103486222795989453883437554786606699153771327622069330218381001152493320507406786704901559812096.00000000
3.84000000 33358568346848702299776320722640825615109385771756425686503554757995336990207642341555474001361476841538371660184062543969950750615877658491158887108644019371743174113699840480066844540312116542606264373813390820245504.00000000
3.86000000 10224203816375656386938277806450792778508477928442403567822674361957744586498575415425354817278471771246362722554986020092926884221150390193095072378391917220350590823161986362238430807639171913854175106341285713149952.00000000
3.88000000 -24259569223979018275651973248858565271819158256593236743705999263467640970213000280507026772661536044887408477672789180866760361962343346463223273783253385960715163138409231101207426773494066272068996615659377934729216.00000000
3.90000000 -30085916791615529742492542694003200433976929463913274966206988588505433790478013539551785405479125090621753607272227044714314442038156466639198879084624299606410060630481672851789949929633609520479438387341998673625088.00000000
3.92000000 -1083774964071914630292787457860201464878778541326142112731700523191604039458001651535645081507916110073813586907638446173042352612757305200895110039027212165305510801961085579192484157624878384642015755238653053370368.00000000
3.94000000 28610250057125053123467431627943359650265216763024636769497863854763104935523625993348962129631187965188534809881917289196317770158324140304845811359851667324875463274095500834280409154586587959305547540564732079505408.00000000
3.96000000 24716177844701086549066866001311697020959641755037555474415429682826277153523601927644450989296137223859761899996355902092571113661433793321929761489424635446351767548406922237107039069571151557488508073116683842093056.00000000
3.98000000 -7627050715077600102022649296246629608091983801693040158481599646631475291584295941891235208130811118020810391920453952973596447840502111661256177476553561147432902452463197715894606556315492581502956482002701904773120.00000000
