-4.00000000 0.06572720
-3.98000000 0.06780381
-3.96000000 0.06997575
-3.94000000 0.07224766
-3.92000000 0.07462443
-3.90000000 0.07711110
-3.88000000 0.07971293
-3.86000000 0.08243536
-3.84000000 0.08528405
-3.82000000 0.08826481
-3.80000000 0.09138367
-3.78000000 0.09464679
-3.76000000 0.09806053
-3.74000000 0.10163138
-3.72000000 0.10536595
-3.70000000 0.10927100
-3.68000000 0.11335335
-3.66000000 0.11761991
-3.64000000 0.12207762
-3.62000000 0.12673345
-3.60000000 0.13159437
-3.58000000 0.13666728
-3.56000000 0.14195902
-3.54000000 0.14747634
-3.52000000 0.15322585
-3.50000000 0.15921399
-3.48000000 0.16544703
-3.46000000 0.17193103
-3.44000000 0.17867183
-3.42000000 0.18567507
-3.40000000 0.19294616
-3.38000000 0.20049031
-3.36000000 0.20831255
-3.34000000 0.21641781
-3.32000000 0.22481091
-3.30000000 0.23349669
-3.28000000 0.24248009
-3.26000000 0.25176622
-3.24000000 0.26136052
-3.22000000 0.27126889
-3.20000000 0.28149784
-3.18000000 0.29205462
-3.16000000 0.30294746
-3.14000000 0.31418569
-3.12000000 0.32577997
-3.10000000 0.33774244
-3.08000000 0.35008691
-3.06000000 0.36282907
-3.04000000 0.37598664
-3.02000000 0.38957950
-3.00000000 0.40362987
-2.98000000 0.41816243
-2.96000000 0.43320437
-2.94000000 0.44878553
-2.92000000 0.46493843
-2.90000000 0.48169823
-2.88000000 0.49910280
-2.86000000 0.51719257
-2.84000000 0.53601050
-2.82000000 0.55560188
-2.80000000 0.57601413
-2.78000000 0.59729653
-2.76000000 0.61949990
-2.74000000 0.64267611
-2.72000000 0.66687764
-2.70000000 0.69215689
-2.68000000 0.71856552
-2.66000000 0.74615353
-2.64000000 0.77496829
-2.62000000 0.80505344
-2.60000000 0.83644758
-2.58000000 0.86918282
-2.56000000 0.90328329
-2.54000000 0.93876336
-2.52000000 0.97562587
-2.50000000 1.01386028
-2.48000000 1.05344074
-2.46000000 1.09432426
-2.44000000 1.13644897
-2.42000000 1.17973261
-2.40000000 1.22407132
-2.38000000 1.26933889
-2.36000000 1.31538654
-2.34000000 1.36204338
-2.32000000 1.40911759
-2.30000000 1.45639846
-2.28000000 1.50365930
-2.26000000 1.55066113
-2.24000000 1.59715722
-2.22000000 1.64289823
-2.20000000 1.68763781
-2.18000000 1.73113845
-2.16000000 1.77317733
-2.14000000 1.81355178
-2.12000000 1.85208419
-2.10000000 1.88862616
-2.08000000 1.92306150
-2.06000000 1.95530816
-2.04000000 1.98531894
-2.02000000 2.01308099
-2.00000000 2.03861419
-1.98000000 2.06196862
-1.96000000 2.08322120
-1.94000000 2.10247183
-1.92000000 2.11983912
-1.90000000 2.13545606
-1.88000000 2.14946568
-1.86000000 2.16201692
-1.84000000 2.17326086
-1.82000000 2.18334727
-1.80000000 2.19242172
-1.78000000 2.20062308
-1.76000000 2.20808147
-1.74000000 2.21491675
-1.72000000 2.22123727
-1.70000000 2.22713911
-1.68000000 2.23270556
-1.66000000 2.23800689
-1.64000000 2.24310031
-1.62000000 2.24803016
-1.60000000 2.25282818
-1.58000000 2.25751397
-1.56000000 2.26209549
-1.54000000 2.26656965
-1.52000000 2.27092295
-1.50000000 2.27513220
-1.48000000 2.27916527
-1.46000000 2.28298189
-1.44000000 2.28653447
-1.42000000 2.28976901
-1.40000000 2.29262604
-1.38000000 2.29504156
-1.36000000 2.29694809
-1.34000000 2.29827573
-1.32000000 2.29895323
-1.30000000 2.29890912
-1.28000000 2.29807287
-1.26000000 2.29637600
-1.24000000 2.29375319
-1.22000000 2.29014342
-1.20000000 2.28549097
-1.18000000 2.27974638
-1.16000000 2.27286736
-1.14000000 2.26481948
-1.12000000 2.25557689
-1.10000000 2.24512267
-1.08000000 2.23344925
-1.06000000 2.22055848
-1.04000000 2.20646163
-1.02000000 2.19117918
-1.00000000 2.17474044
-0.98000000 2.15718302
-0.96000000 2.13855218
-0.94000000 2.11890006
-0.92000000 2.09828475
-0.90000000 2.07676938
-0.88000000 2.05442112
-0.86000000 2.03131011
-0.84000000 2.00750849
-0.82000000 1.98308934
-0.80000000 1.95812578
-0.78000000 1.93269005
-0.76000000 1.90685267
-0.74000000 1.88068171
-0.72000000 1.85424218
-0.70000000 1.82759544
-0.68000000 1.80079878
-0.66000000 1.77390509
-0.64000000 1.74696257
-0.62000000 1.72001464
-0.60000000 1.69309983
-0.58000000 1.66625182
-0.56000000 1.63949953
-0.54000000 1.61286729
-0.52000000 1.58637506
-0.50000000 1.56003866
-0.48000000 1.53387018
-0.46000000 1.50787824
-0.44000000 1.48206842
-0.42000000 1.45644366
-0.40000000 1.43100466
-0.38000000 1.40575032
-0.36000000 1.38067817
-0.34000000 1.35578476
-0.32000000 1.33106611
-0.30000000 1.30651807
-0.28000000 1.28213668
-0.26000000 1.25791856
-0.24000000 1.23386112
-0.22000000 1.20996291
-0.20000000 1.18622381
-0.18000000 1.16264517
-0.16000000 1.13922999
-0.14000000 1.11598298
-0.12000000 1.09291059
-0.10000000 1.07002098
-0.08000000 1.04732398
-0.06000000 1.02483099
-0.04000000 1.00255481
-0.02000000 0.98050950
0.00000000 0.95871018
0.02000000 0.93717279
0.04000000 0.91591386
0.06000000 0.89495031
0.08000000 0.87429914
0.10000000 0.85397725
0.12000000 0.83400121
0.14000000 0.81438702
0.16000000 0.79514992
0.18000000 0.77630425
0.20000000 0.75786327
0.22000000 0.73983906
0.24000000 0.72224239
0.26000000 0.70508269
0.28000000 0.68836798
0.30000000 0.67210483
0.32000000 0.65629836
0.34000000 0.64095230
0.36000000 0.62606895
0.38000000 0.61164925
0.40000000 0.59769288
0.42000000 0.58419824
0.44000000 0.57116259
0.46000000 0.55858210
0.48000000 0.54645193
0.50000000 0.53476630
0.52000000 0.52351860
0.54000000 0.51270142
0.56000000 0.50230669
0.58000000 0.49232570
0.60000000 0.48274919
0.62000000 0.47356742
0.64000000 0.46477024
0.66000000 0.45634713
0.68000000 0.44828727
0.70000000 0.44057960
0.72000000 0.43321284
0.74000000 0.42617555
0.76000000 0.41945619
0.78000000 0.41304313
0.80000000 0.40692469
0.82000000 0.40108921
0.84000000 0.39552501
0.86000000 0.39022048
0.88000000 0.38516410
0.90000000 0.38034441
0.92000000 0.37575011
0.94000000 0.37137002
0.96000000 0.36719312
0.98000000 0.36320856
1.00000000 0.35940570
1.02000000 0.35577408
1.04000000 0.35230347
1.06000000 0.34898385
1.08000000 0.34580544
1.10000000 0.34275871
1.12000000 0.33983434
1.14000000 0.33702329
1.16000000 0.33431675
1.18000000 0.33170618
1.20000000 0.32918324
1.22000000 0.32673990
1.24000000 0.32436830
1.26000000 0.32206086
1.28000000 0.31981020
1.30000000 0.31760912
1.32000000 0.31545061
1.34000000 0.31332783
1.36000000 0.31123400
1.38000000 0.30916241
1.40000000 0.30710634
1.42000000 0.30505892
1.44000000 0.30301305
1.46000000 0.30096119
1.48000000 0.29889523
1.50000000 0.29680623
1.52000000 0.29468423
1.54000000 0.29251821
1.56000000 0.29029626
1.58000000 0.28800629
1.60000000 0.28563751
1.62000000 0.28318276
1.64000000 0.28064145
1.66000000 0.27802179
1.68000000 0.27534097
1.70000000 0.27262186
1.72000000 0.26988732
1.74000000 0.26715440
1.76000000 0.26443131
1.78000000 0.26171764
1.80000000 0.25900708
1.82000000 0.25629049
1.84000000 0.25355844
1.86000000 0.25080271
1.88000000 0.24801689
1.90000000 0.24519651
1.92000000 0.24233885
1.94000000 0.23944267
1.96000000 0.23650791
1.98000000 0.23353547
2.00000000 0.23052698
2.02000000 0.22748467
2.04000000 0.22441120
2.06000000 0.22130959
2.08000000 0.21818311
2.10000000 0.21503523
2.12000000 0.21186956
2.14000000 0.20868979
2.16000000 0.20549964
2.18000000 0.20230284
2.20000000 0.19910309
2.22000000 0.19590401
2.24000000 0.19270911
2.26000000 0.18952181
2.28000000 0.18634537
2.30000000 0.18318286
2.32000000 0.18003721
2.34000000 0.17691114
2.36000000 0.17380716
2.38000000 0.17072758
2.40000000 0.16767450
2.42000000 0.16464980
2.44000000 0.16165514
2.46000000 0.15869201
2.48000000 0.15576165
2.50000000 0.15286515
2.52000000 0.15000339
2.54000000 0.14717710
2.56000000 0.14438682
2.58000000 0.14163299
2.60000000 0.13891589
2.62000000 0.13623569
2.64000000 0.13359247
2.66000000 0.13098620
2.68000000 0.12841682
2.70000000 0.12588417
2.72000000 0.12338807
2.74000000 0.12092832
2.76000000 0.11850467
2.78000000 0.11611688
2.80000000 0.11376472
2.82000000 0.11144796
2.84000000 0.10916637
2.86000000 0.10691978
2.88000000 0.10470801
2.90000000 0.10253092
2.92000000 0.10038842
2.94000000 0.09828044
2.96000000 0.09620692
2.98000000 0.09416785
3.00000000 0.09216326
3.02000000 0.09019317
3.04000000 0.08825765
3.06000000 0.08635675
3.08000000 0.08449056
3.10000000 0.08265917
3.12000000 0.08086265
3.14000000 0.07910109
3.16000000 0.07737454
3.18000000 0.07568305
3.20000000 0.07402665
3.22000000 0.07240535
3.24000000 0.07081911
3.26000000 0.06926787
3.28000000 0.06775156
3.30000000 0.06627003
3.32000000 0.06482311
3.34000000 0.06341062
3.36000000 0.06203230
3.38000000 0.06068788
3.40000000 0.05937704
3.42000000 0.05809941
3.44000000 0.05685463
3.46000000 0.05564225
3.48000000 0.05446183
3.50000000 0.05331289
3.52000000 0.05219491
3.54000000 0.05110737
3.56000000 0.05004971
3.58000000 0.04902135
3.60000000 0.04802171
3.62000000 0.04705019
3.64000000 0.04610616
3.66000000 0.04518901
3.68000000 0.04429810
3.70000000 0.04343281
3.72000000 0.04259249
3.74000000 0.04177651
3.76000000 0.04098424
3.78000000 0.04021503
3.80000000 0.03946827
3.82000000 0.03874334
3.84000000 0.03803962
3.86000000 0.03735650
3.88000000 0.03669340
3.90000000 0.03604971
3.92000000 0.03542488
3.94000000 0.03481833
3.96000000 0.03422952
3.98000000 0.03365790
