-400.00000000 2.10822528
-398.00000000 2.21389765
-396.00000000 2.32314131
-394.00000000 2.43603609
-392.00000000 2.55266140
-390.00000000 2.67309614
-388.00000000 2.79741851
-386.00000000 2.92570592
-384.00000000 3.05803473
-382.00000000 3.19448017
-380.00000000 3.33511615
-378.00000000 3.48001503
-376.00000000 3.62924753
-374.00000000 3.78288244
-372.00000000 3.94098651
-370.00000000 4.10362419
-368.00000000 4.27085748
-366.00000000 4.44274569
-364.00000000 4.61934524
-362.00000000 4.80070944
-360.00000000 4.98688827
-358.00000000 5.17792820
-356.00000000 5.37387190
-354.00000000 5.57475808
-352.00000000 5.78062123
-350.00000000 5.99149141
-348.00000000 6.20739402
-346.00000000 6.42834959
-344.00000000 6.65437352
-342.00000000 6.88547591
-340.00000000 7.12166132
-338.00000000 7.36292854
-336.00000000 7.60927041
-334.00000000 7.86067360
-332.00000000 8.11711841
-330.00000000 8.37857860
-328.00000000 8.64502118
-326.00000000 8.91640623
-324.00000000 9.19268678
-322.00000000 9.47380860
-320.00000000 9.75971009
-318.00000000 10.05032213
-316.00000000 10.34556798
-314.00000000 10.64536313
-312.00000000 10.94961528
-310.00000000 11.25822418
-308.00000000 11.57108163
-306.00000000 11.88807142
-304.00000000 12.20906928
-302.00000000 12.53394292
-300.00000000 12.86255198
-298.00000000 13.19474811
-296.00000000 13.53037500
-294.00000000 13.86926845
-292.00000000 14.21125646
-290.00000000 14.55615935
-288.00000000 14.90378991
-286.00000000 15.25395350
-284.00000000 15.60644830
-282.00000000 15.96106548
-280.00000000 16.31758941
-278.00000000 16.67579793
-276.00000000 17.03546259
-274.00000000 17.39634900
-272.00000000 17.75821707
-270.00000000 18.12082138
-268.00000000 18.48391154
-266.00000000 18.84723256
-264.00000000 19.21052522
-262.00000000 19.57352652
-260.00000000 19.93597011
-258.00000000 20.29758670
-256.00000000 20.65810457
-254.00000000 21.01725002
-252.00000000 21.37474787
-250.00000000 21.73032201
-248.00000000 22.08369583
-246.00000000 22.43459284
-244.00000000 22.78273715
-242.00000000 23.12785406
-240.00000000 23.46967053
-238.00000000 23.80791585
-236.00000000 24.14232210
-234.00000000 24.47262474
-232.00000000 24.79856318
-230.00000000 25.11988133
-228.00000000 25.43632811
-226.00000000 25.74765807
-224.00000000 26.05363186
-222.00000000 26.35401675
-220.00000000 26.64858722
-218.00000000 26.93712538
-216.00000000 27.21942149
-214.00000000 27.49527446
-212.00000000 27.76449225
-210.00000000 28.02689233
-208.00000000 28.28230209
-206.00000000 28.53055924
-204.00000000 28.77151216
-202.00000000 29.00502028
-200.00000000 29.23095432
-198.00000000 29.44919668
-196.00000000 29.65964164
-194.00000000 29.86219559
-192.00000000 30.05677727
-190.00000000 30.24331792
-188.00000000 30.42176146
-186.00000000 30.59206453
-184.00000000 30.75419666
-182.00000000 30.90814027
-180.00000000 31.05389068
-178.00000000 31.19145615
-176.00000000 31.32085778
-174.00000000 31.44212947
-172.00000000 31.55531782
-170.00000000 31.66048196
-168.00000000 31.75769342
-166.00000000 31.84703592
-164.00000000 31.92860514
-162.00000000 32.00250850
-160.00000000 32.06886487
-158.00000000 32.12780423
-156.00000000 32.17946743
-154.00000000 32.22400574
-152.00000000 32.26158058
-150.00000000 32.29236304
-148.00000000 32.31653354
-146.00000000 32.33428136
-144.00000000 32.34580420
-142.00000000 32.35130774
-140.00000000 32.35100515
-138.00000000 32.34511662
-136.00000000 32.33386883
-134.00000000 32.31749451
-132.00000000 32.29623185
-130.00000000 32.27032403
-128.00000000 32.24001871
-126.00000000 32.20556746
-124.00000000 32.16722526
-122.00000000 32.12524996
-120.00000000 32.07990178
-118.00000000 32.03144274
-116.00000000 31.98013619
-114.00000000 31.92624625
-112.00000000 31.87003735
-110.00000000 31.81177367
-108.00000000 31.75171870
-106.00000000 31.69013471
-104.00000000 31.62728232
-102.00000000 31.56342000
-100.00000000 31.49880363
-98.00000000 31.43368609
-96.00000000 31.36831677
-94.00000000 31.30294125
-92.00000000 31.23780080
-90.00000000 31.17313209
-88.00000000 31.10916677
-86.00000000 31.04613113
-84.00000000 30.98424577
-82.00000000 30.92372528
-80.00000000 30.86477794
-78.00000000 30.80760543
-76.00000000 30.75240256
-74.00000000 30.69935702
-72.00000000 30.64864914
-70.00000000 30.60045168
-68.00000000 30.55492960
-66.00000000 30.51223991
-64.00000000 30.47253146
-62.00000000 30.43594480
-60.00000000 30.40261206
-58.00000000 30.37265676
-56.00000000 30.34619377
-54.00000000 30.32332917
-52.00000000 30.30416018
-50.00000000 30.28877507
-48.00000000 30.27725315
-46.00000000 30.26966466
-44.00000000 30.26607078
-42.00000000 30.26652361
-40.00000000 30.27106615
-38.00000000 30.27973229
-36.00000000 30.29254686
-34.00000000 30.30952560
-32.00000000 30.33067525
-30.00000000 30.35599357
-28.00000000 30.38546938
-26.00000000 30.41908264
-24.00000000 30.45680452
-22.00000000 30.49859747
-20.00000000 30.54441531
-18.00000000 30.59420334
-16.00000000 30.64789845
-14.00000000 30.70542919
-12.00000000 30.76671594
-10.00000000 30.83167101
-8.00000000 30.90019877
-6.00000000 30.97219582
-4.00000000 31.04755113
-2.00000000 31.12614616
0.00000000 31.20785508
2.00000000 31.29254491
4.00000000 31.38007570
6.00000000 31.47030071
8.00000000 31.56306662
10.00000000 31.65821372
12.00000000 31.75557611
14.00000000 31.85498191
16.00000000 31.95625352
18.00000000 32.05920778
20.00000000 32.16365625
22.00000000 32.26940548
24.00000000 32.37625716
26.00000000 32.48400850
28.00000000 32.59245240
30.00000000 32.70137776
32.00000000 32.81056976
34.00000000 32.91981012
36.00000000 33.02887743
38.00000000 33.13754742
40.00000000 33.24559328
42.00000000 33.35278595
44.00000000 33.45889447
46.00000000 33.56368629
48.00000000 33.66692759
50.00000000 33.76838364
52.00000000 33.86781912
54.00000000 33.96499847
56.00000000 34.05968626
58.00000000 34.15164752
60.00000000 34.24064811
62.00000000 34.32645507
64.00000000 34.40883703
66.00000000 34.48756450
68.00000000 34.56241030
70.00000000 34.63314991
72.00000000 34.69956182
74.00000000 34.76142793
76.00000000 34.81853389
78.00000000 34.87066947
80.00000000 34.91762894
82.00000000 34.95921139
84.00000000 34.99522113
86.00000000 35.02546799
88.00000000 35.04976771
90.00000000 35.06794224
92.00000000 35.07982005
94.00000000 35.08523652
96.00000000 35.08403416
98.00000000 35.07606298
100.00000000 35.06118072
102.00000000 35.03925316
104.00000000 35.01015438
106.00000000 34.97376698
108.00000000 34.92998235
110.00000000 34.87870083
112.00000000 34.81983200
114.00000000 34.75329478
116.00000000 34.67901763
118.00000000 34.59693872
120.00000000 34.50700601
122.00000000 34.40917744
124.00000000 34.30342093
126.00000000 34.18971452
128.00000000 34.06804641
130.00000000 33.93841497
132.00000000 33.80082877
134.00000000 33.65530659
136.00000000 33.50187733
138.00000000 33.34058004
140.00000000 33.17146378
142.00000000 32.99458758
144.00000000 32.81002029
146.00000000 32.61784047
148.00000000 32.41813624
150.00000000 32.21100509
152.00000000 31.99655371
154.00000000 31.77489779
156.00000000 31.54616174
158.00000000 31.31047852
160.00000000 31.06798932
162.00000000 30.81884333
164.00000000 30.56319741
166.00000000 30.30121580
168.00000000 30.03306983
170.00000000 29.75893752
172.00000000 29.47900331
174.00000000 29.19345768
176.00000000 28.90249675
178.00000000 28.60632197
180.00000000 28.30513970
182.00000000 27.99916084
184.00000000 27.68860044
186.00000000 27.37367730
188.00000000 27.05461356
190.00000000 26.73163432
192.00000000 26.40496724
194.00000000 26.07484213
196.00000000 25.74149053
198.00000000 25.40514534
200.00000000 25.06604044
202.00000000 24.72441023
204.00000000 24.38048931
206.00000000 24.03451210
208.00000000 23.68671241
210.00000000 23.33732313
212.00000000 22.98657583
214.00000000 22.63470047
216.00000000 22.28192498
218.00000000 21.92847502
220.00000000 21.57457360
222.00000000 21.22044080
224.00000000 20.86629347
226.00000000 20.51234498
228.00000000 20.15880491
230.00000000 19.80587882
232.00000000 19.45376802
234.00000000 19.10266932
236.00000000 18.75277486
238.00000000 18.40427188
240.00000000 18.05734254
242.00000000 17.71216380
244.00000000 17.36890718
246.00000000 17.02773875
248.00000000 16.68881887
250.00000000 16.35230221
252.00000000 16.01833756
254.00000000 15.68706782
256.00000000 15.35862988
258.00000000 15.03315463
260.00000000 14.71076686
262.00000000 14.39158531
264.00000000 14.07572257
266.00000000 13.76328516
268.00000000 13.45437351
270.00000000 13.14908197
272.00000000 12.84749890
274.00000000 12.54970665
276.00000000 12.25578166
278.00000000 11.96579450
280.00000000 11.67980999
282.00000000 11.39788722
284.00000000 11.12007971
286.00000000 10.84643545
288.00000000 10.57699704
290.00000000 10.31180182
292.00000000 10.05088192
294.00000000 9.79426449
296.00000000 9.54197171
298.00000000 9.29402103
300.00000000 9.05042525
302.00000000 8.81119266
304.00000000 8.57632723
306.00000000 8.34582870
308.00000000 8.11969278
310.00000000 7.89791125
312.00000000 7.68047216
314.00000000 7.46735997
316.00000000 7.25855567
318.00000000 7.05403698
320.00000000 6.85377847
322.00000000 6.65775175
324.00000000 6.46592556
326.00000000 6.27826599
328.00000000 6.09473658
330.00000000 5.91529849
332.00000000 5.73991064
334.00000000 5.56852985
336.00000000 5.40111097
338.00000000 5.23760704
340.00000000 5.07796942
342.00000000 4.92214790
344.00000000 4.77009085
346.00000000 4.62174535
348.00000000 4.47705729
350.00000000 4.33597149
352.00000000 4.19843185
354.00000000 4.06438140
356.00000000 3.93376246
358.00000000 3.80651674
360.00000000 3.68258540
362.00000000 3.56190918
364.00000000 3.44442848
366.00000000 3.33008346
368.00000000 3.21881410
370.00000000 3.11056031
372.00000000 3.00526198
374.00000000 2.90285908
376.00000000 2.80329170
378.00000000 2.70650014
380.00000000 2.61242496
382.00000000 2.52100703
384.00000000 2.43218762
386.00000000 2.34590841
388.00000000 2.26211156
390.00000000 2.18073976
392.00000000 2.10173625
394.00000000 2.02504488
396.00000000 1.95061015
398.00000000 1.87837721
