-400.00000000 -0.32346038
-398.00000000 -0.31623326
-396.00000000 -0.30838649
-394.00000000 -0.30027531
-392.00000000 -0.29227204
-390.00000000 -0.28475335
-388.00000000 -0.27808710
-386.00000000 -0.27261922
-384.00000000 -0.26866106
-382.00000000 -0.26647763
-380.00000000 -0.26627722
-378.00000000 -0.26820268
-376.00000000 -0.27232480
-374.00000000 -0.27863796
-372.00000000 -0.28705830
-370.00000000 -0.29742452
-368.00000000 -0.30950127
-366.00000000 -0.32298515
-364.00000000 -0.33751309
-362.00000000 -0.35267294
-360.00000000 -0.36801585
-358.00000000 -0.38307014
-356.00000000 -0.39735613
-354.00000000 -0.41040147
-352.00000000 -0.42175649
-350.00000000 -0.43100893
-348.00000000 -0.43779756
-346.00000000 -0.44182426
-344.00000000 -0.44286396
-342.00000000 -0.44077215
-340.00000000 -0.43548953
-338.00000000 -0.42704372
-336.00000000 -0.41554762
-334.00000000 -0.40119466
-332.00000000 -0.38425085
-330.00000000 -0.36504378
-328.00000000 -0.34394900
-326.00000000 -0.32137404
-324.00000000 -0.29774053
-322.00000000 -0.27346505
-320.00000000 -0.24893931
-318.00000000 -0.22451013
-316.00000000 -0.20046017
-314.00000000 -0.17698972
-312.00000000 -0.15420051
-310.00000000 -0.13208186
-308.00000000 -0.11049979
-306.00000000 -0.08918950
-304.00000000 -0.06775151
-302.00000000 -0.04565164
-300.00000000 -0.02222489
-298.00000000 0.00331686
-296.00000000 0.03187356
-294.00000000 0.06444243
-292.00000000 0.10210073
-290.00000000 0.14598628
-288.00000000 0.19727666
-286.00000000 0.25716764
-284.00000000 0.32685189
-282.00000000 0.40749867
-280.00000000 0.50023548
-278.00000000 0.60613240
-276.00000000 0.72619004
-274.00000000 0.86133161
-272.00000000 1.01239979
-270.00000000 1.18015880
-268.00000000 1.36530188
-266.00000000 1.56846434
-264.00000000 1.79024189
-262.00000000 2.03121415
-260.00000000 2.29197259
-258.00000000 2.57315235
-256.00000000 2.87546693
-254.00000000 3.19974462
-252.00000000 3.54696564
-250.00000000 3.91829847
-248.00000000 4.31513401
-246.00000000 4.73911618
-244.00000000 5.19216744
-242.00000000 5.67650783
-240.00000000 6.19466629
-238.00000000 6.74948293
-236.00000000 7.34410139
-234.00000000 7.98195043
-232.00000000 8.66671413
-230.00000000 9.40229060
-228.00000000 10.19273896
-226.00000000 11.04221524
-224.00000000 11.95489757
-222.00000000 12.93490182
-220.00000000 13.98618883
-218.00000000 15.11246497
-216.00000000 16.31707773
-214.00000000 17.60290842
-212.00000000 18.97226435
-210.00000000 20.42677268
-208.00000000 21.96727870
-206.00000000 23.59375070
-204.00000000 25.30519425
-202.00000000 27.09957799
-200.00000000 28.97377337
-198.00000000 30.92351016
-196.00000000 32.94334969
-194.00000000 35.02667701
-192.00000000 37.16571329
-190.00000000 39.35154884
-188.00000000 41.57419729
-186.00000000 43.82267056
-184.00000000 46.08507389
-182.00000000 48.34872014
-180.00000000 50.60026153
-178.00000000 52.82583702
-176.00000000 55.01123308
-174.00000000 57.14205509
-172.00000000 59.20390664
-170.00000000 61.18257342
-168.00000000 63.06420856
-166.00000000 64.83551612
-164.00000000 66.48392917
-162.00000000 67.99777940
-160.00000000 69.36645499
-158.00000000 70.58054378
-156.00000000 71.63195922
-154.00000000 72.51404651
-152.00000000 73.22166728
-150.00000000 73.75126102
-148.00000000 74.10088234
-146.00000000 74.27021348
-144.00000000 74.26055194
-142.00000000 74.07477358
-140.00000000 73.71727227
-138.00000000 73.19387721
-136.00000000 72.51174991
-134.00000000 71.67926287
-132.00000000 70.70586249
-130.00000000 69.60191906
-128.00000000 68.37856670
-126.00000000 67.04753652
-124.00000000 65.62098618
-122.00000000 64.11132898
-120.00000000 62.53106575
-118.00000000 60.89262251
-116.00000000 59.20819668
-114.00000000 57.48961444
-112.00000000 55.74820150
-110.00000000 53.99466911
-108.00000000 52.23901694
-106.00000000 50.49045376
-104.00000000 48.75733683
-102.00000000 47.04713002
-100.00000000 45.36638072
-98.00000000 43.72071479
-96.00000000 42.11484881
-94.00000000 40.55261811
-92.00000000 39.03701933
-90.00000000 37.57026535
-88.00000000 36.15385084
-86.00000000 34.78862613
-84.00000000 33.47487718
-82.00000000 32.21240946
-80.00000000 31.00063341
-78.00000000 29.83864936
-76.00000000 28.72532991
-74.00000000 27.65939804
-72.00000000 26.63949909
-70.00000000 25.66426553
-68.00000000 24.73237325
-66.00000000 23.84258872
-64.00000000 22.99380638
-62.00000000 22.18507618
-60.00000000 21.41562139
-58.00000000 20.68484692
-56.00000000 19.99233890
-54.00000000 19.33785633
-52.00000000 18.72131576
-50.00000000 18.14277035
-48.00000000 17.60238436
-46.00000000 17.10040462
-44.00000000 16.63713029
-42.00000000 16.21288223
-40.00000000 15.82797328
-38.00000000 15.48268071
-36.00000000 15.17722182
-34.00000000 14.91173363
-32.00000000 14.68625737
-30.00000000 14.50072833
-28.00000000 14.35497132
-26.00000000 14.24870186
-24.00000000 14.18153305
-22.00000000 14.15298763
-20.00000000 14.16251499
-18.00000000 14.20951216
-16.00000000 14.29334819
-14.00000000 14.41339090
-12.00000000 14.56903488
-10.00000000 14.75972987
-8.00000000 14.98500819
-6.00000000 15.24451034
-4.00000000 15.53800759
-2.00000000 15.86542067
0.00000000 16.22683364
2.00000000 16.62250235
4.00000000 17.05285673
6.00000000 17.51849671
8.00000000 18.02018136
10.00000000 18.55881132
12.00000000 19.13540474
14.00000000 19.75106688
16.00000000 20.40695405
18.00000000 21.10423248
20.00000000 21.84403303
22.00000000 22.62740256
24.00000000 23.45525315
26.00000000 24.32831019
28.00000000 25.24706058
30.00000000 26.21170217
32.00000000 27.22209570
34.00000000 28.27772032
36.00000000 29.37763373
38.00000000 30.52043808
40.00000000 31.70425235
42.00000000 32.92669197
44.00000000 34.18485640
46.00000000 35.47532502
48.00000000 36.79416149
50.00000000 38.13692696
52.00000000 39.49870177
54.00000000 40.87411560
56.00000000 42.25738551
58.00000000 43.64236146
60.00000000 45.02257856
62.00000000 46.39131518
64.00000000 47.74165613
66.00000000 49.06655977
68.00000000 50.35892816
70.00000000 51.61167900
72.00000000 52.81781830
74.00000000 53.97051272
76.00000000 55.06316041
78.00000000 56.08945929
80.00000000 57.04347195
82.00000000 57.91968595
84.00000000 58.71306908
86.00000000 59.41911850
88.00000000 60.03390339
90.00000000 60.55410053
92.00000000 60.97702247
94.00000000 61.30063793
96.00000000 61.52358452
98.00000000 61.64517355
100.00000000 61.66538722
102.00000000 61.58486826
104.00000000 61.40490245
106.00000000 61.12739444
108.00000000 60.75483722
110.00000000 60.29027603
112.00000000 59.73726717
114.00000000 59.09983239
116.00000000 58.38240976
118.00000000 57.58980147
120.00000000 56.72711955
122.00000000 55.79973020
124.00000000 54.81319734
126.00000000 53.77322634
128.00000000 52.68560842
130.00000000 51.55616651
132.00000000 50.39070307
134.00000000 49.19495065
136.00000000 47.97452537
138.00000000 46.73488410
140.00000000 45.48128551
142.00000000 44.21875542
144.00000000 42.95205655
146.00000000 41.68566308
148.00000000 40.42373989
150.00000000 39.17012661
152.00000000 37.92832650
154.00000000 36.70149995
156.00000000 35.49246251
158.00000000 34.30368717
160.00000000 33.13731074
162.00000000 31.99514375
164.00000000 30.87868386
166.00000000 29.78913203
168.00000000 28.72741127
170.00000000 27.69418738
172.00000000 26.68989135
174.00000000 25.71474273
176.00000000 24.76877384
178.00000000 23.85185406
180.00000000 22.96371392
182.00000000 22.10396861
184.00000000 21.27214047
186.00000000 20.46768014
188.00000000 19.68998613
190.00000000 18.93842250
192.00000000 18.21233457
194.00000000 17.51106237
196.00000000 16.83395190
198.00000000 16.18036410
200.00000000 15.54968154
202.00000000 14.94131300
204.00000000 14.35469594
206.00000000 13.78929710
208.00000000 13.24461145
210.00000000 12.72015963
212.00000000 12.21548429
214.00000000 11.73014540
216.00000000 11.26371499
218.00000000 10.81577148
220.00000000 10.38589400
222.00000000 9.97365675
224.00000000 9.57862390
226.00000000 9.20034503
228.00000000 8.83835140
230.00000000 8.49215315
232.00000000 8.16123761
234.00000000 7.84506863
236.00000000 7.54308714
238.00000000 7.25471279
240.00000000 6.97934671
242.00000000 6.71637520
244.00000000 6.46517426
246.00000000 6.22511491
248.00000000 5.99556897
250.00000000 5.77591518
252.00000000 5.56554548
254.00000000 5.36387123
256.00000000 5.17032912
258.00000000 4.98438671
260.00000000 4.80554723
262.00000000 4.63335367
264.00000000 4.46739198
266.00000000 4.30729317
268.00000000 4.15273440
270.00000000 4.00343901
272.00000000 3.85917534
274.00000000 3.71975461
276.00000000 3.58502770
278.00000000 3.45488117
280.00000000 3.32923244
282.00000000 3.20802437
284.00000000 3.09121947
286.00000000 2.97879384
288.00000000 2.87073098
290.00000000 2.76701584
292.00000000 2.66762909
294.00000000 2.57254191
296.00000000 2.48171142
298.00000000 2.39507679
300.00000000 2.31255637
302.00000000 2.23404560
304.00000000 2.15941601
306.00000000 2.08851519
308.00000000 2.02116775
310.00000000 1.95717720
312.00000000 1.89632868
314.00000000 1.83839246
316.00000000 1.78312803
318.00000000 1.73028864
320.00000000 1.67962621
322.00000000 1.63089633
324.00000000 1.58386321
326.00000000 1.53830447
328.00000000 1.49401554
330.00000000 1.45081355
332.00000000 1.40854060
334.00000000 1.36706627
336.00000000 1.32628929
338.00000000 1.28613839
340.00000000 1.24657220
342.00000000 1.20757828
344.00000000 1.16917126
346.00000000 1.13139027
348.00000000 1.09429560
350.00000000 1.05796479
352.00000000 1.02248829
354.00000000 0.98796474
356.00000000 0.95449620
358.00000000 0.92218328
360.00000000 0.89112049
362.00000000 0.86139185
364.00000000 0.83306699
366.00000000 0.80619780
368.00000000 0.78081572
370.00000000 0.75692986
372.00000000 0.73452582
374.00000000 0.71356546
376.00000000 0.69398741
378.00000000 0.67570840
380.00000000 0.65862544
382.00000000 0.64261851
384.00000000 0.62755396
386.00000000 0.61328832
388.00000000 0.59967239
390.00000000 0.58655560
392.00000000 0.57379033
394.00000000 0.56123616
396.00000000 0.54876386
398.00000000 0.53625898
