-400.00000000 -0.28847914
-398.00000000 -0.29052866
-396.00000000 -0.29257733
-394.00000000 -0.29461348
-392.00000000 -0.29662386
-390.00000000 -0.29859364
-388.00000000 -0.30050657
-386.00000000 -0.30234496
-384.00000000 -0.30408984
-382.00000000 -0.30572102
-380.00000000 -0.30721717
-378.00000000 -0.30855589
-376.00000000 -0.30971372
-374.00000000 -0.31066617
-372.00000000 -0.31138765
-370.00000000 -0.31185140
-368.00000000 -0.31202936
-366.00000000 -0.31189191
-364.00000000 -0.31140767
-362.00000000 -0.31054312
-360.00000000 -0.30926222
-358.00000000 -0.30752592
-356.00000000 -0.30529165
-354.00000000 -0.30251273
-352.00000000 -0.29913775
-350.00000000 -0.29510984
-348.00000000 -0.29036600
-346.00000000 -0.28483633
-344.00000000 -0.27844330
-342.00000000 -0.27110096
-340.00000000 -0.26271421
-338.00000000 -0.25317802
-336.00000000 -0.24237676
-334.00000000 -0.23018345
-332.00000000 -0.21645913
-330.00000000 -0.20105223
-328.00000000 -0.18379790
-326.00000000 -0.16451751
-324.00000000 -0.14301799
-322.00000000 -0.11909131
-320.00000000 -0.09251386
-318.00000000 -0.06304580
-316.00000000 -0.03043040
-314.00000000 0.00560674
-312.00000000 0.04535859
-310.00000000 0.08913774
-308.00000000 0.13727750
-306.00000000 0.19013337
-304.00000000 0.24808454
-302.00000000 0.31153576
-300.00000000 0.38091937
-298.00000000 0.45669762
-296.00000000 0.53936518
-294.00000000 0.62945204
-292.00000000 0.72752643
-290.00000000 0.83419811
-288.00000000 0.95012177
-286.00000000 1.07600045
-284.00000000 1.21258916
-282.00000000 1.36069832
-280.00000000 1.52119720
-278.00000000 1.69501704
-276.00000000 1.88315394
-274.00000000 2.08667122
-272.00000000 2.30670132
-270.00000000 2.54444684
-268.00000000 2.80118096
-266.00000000 3.07824669
-264.00000000 3.37705518
-262.00000000 3.69908274
-260.00000000 4.04586651
-258.00000000 4.41899872
-256.00000000 4.82011944
-254.00000000 5.25090763
-252.00000000 5.71307060
-250.00000000 6.20833181
-248.00000000 6.73841686
-246.00000000 7.30503796
-244.00000000 7.90987667
-242.00000000 8.55456519
-240.00000000 9.24066623
-238.00000000 9.96965164
-236.00000000 10.74287996
-234.00000000 11.56157315
-232.00000000 12.42679273
-230.00000000 13.33941560
-228.00000000 14.30010982
-226.00000000 15.30931073
-224.00000000 16.36719768
-222.00000000 17.47367177
-220.00000000 18.62833494
-218.00000000 19.83047077
-216.00000000 21.07902735
-214.00000000 22.37260254
-212.00000000 23.70943202
-210.00000000 25.08738030
-208.00000000 26.50393522
-206.00000000 27.95620580
-204.00000000 29.44092411
-202.00000000 30.95445089
-200.00000000 32.49278535
-198.00000000 34.05157905
-196.00000000 35.62615391
-194.00000000 37.21152433
-192.00000000 38.80242326
-190.00000000 40.39333208
-188.00000000 41.97851413
-186.00000000 43.55205149
-184.00000000 45.10788480
-182.00000000 46.63985567
-180.00000000 48.14175127
-178.00000000 49.60735070
-176.00000000 51.03047252
-174.00000000 52.40502306
-172.00000000 53.72504487
-170.00000000 54.98476480
-168.00000000 56.17864112
-166.00000000 57.30140924
-164.00000000 58.34812529
-162.00000000 59.31420727
-160.00000000 60.19547311
-158.00000000 60.98817528
-156.00000000 61.68903149
-154.00000000 62.29525123
-152.00000000 62.80455760
-150.00000000 63.21520452
-148.00000000 63.52598879
-146.00000000 63.73625723
-144.00000000 63.84590849
-142.00000000 63.85538984
-140.00000000 63.76568885
-138.00000000 63.57832018
-136.00000000 63.29530763
-134.00000000 62.91916184
-132.00000000 62.45285373
-130.00000000 61.89978433
-128.00000000 61.26375122
-126.00000000 60.54891203
-124.00000000 59.75974558
-122.00000000 58.90101111
-120.00000000 57.97770608
-118.00000000 56.99502305
-116.00000000 55.95830619
-114.00000000 54.87300800
-112.00000000 53.74464648
-110.00000000 52.57876352
-108.00000000 51.38088472
-106.00000000 50.15648115
-104.00000000 48.91093338
-102.00000000 47.64949804
-100.00000000 46.37727735
-98.00000000 45.09919159
-96.00000000 43.81995493
-94.00000000 42.54405455
-92.00000000 41.27573322
-90.00000000 40.01897538
-88.00000000 38.77749654
-86.00000000 37.55473615
-84.00000000 36.35385364
-82.00000000 35.17772757
-80.00000000 34.02895771
-78.00000000 32.90986980
-76.00000000 31.82252275
-74.00000000 30.76871811
-72.00000000 29.75001138
-70.00000000 28.76772508
-68.00000000 27.82296317
-66.00000000 26.91662651
-64.00000000 26.04942924
-62.00000000 25.22191567
-60.00000000 24.43447747
-58.00000000 23.68737093
-56.00000000 22.98073410
-54.00000000 22.31460348
-52.00000000 21.68893030
-50.00000000 21.10359597
-48.00000000 20.55842675
-46.00000000 20.05320748
-44.00000000 19.58769421
-42.00000000 19.16162574
-40.00000000 18.77473394
-38.00000000 18.42675289
-36.00000000 18.11742676
-34.00000000 17.84651641
-32.00000000 17.61380482
-30.00000000 17.41910123
-28.00000000 17.26224408
-26.00000000 17.14310283
-24.00000000 17.06157862
-22.00000000 17.01760382
-20.00000000 17.01114059
-18.00000000 17.04217841
-16.00000000 17.11073070
-14.00000000 17.21683051
-12.00000000 17.36052542
-10.00000000 17.54187159
-8.00000000 17.76092719
-6.00000000 18.01774501
-4.00000000 18.31236460
-2.00000000 18.64480374
0.00000000 19.01504952
2.00000000 19.42304891
4.00000000 19.86869908
6.00000000 20.35183734
8.00000000 20.87223102
10.00000000 21.42956721
12.00000000 22.02344245
14.00000000 22.65335270
16.00000000 23.31868334
18.00000000 24.01869970
20.00000000 24.75253793
22.00000000 25.51919654
24.00000000 26.31752862
26.00000000 27.14623498
28.00000000 28.00385818
30.00000000 28.88877776
32.00000000 29.79920665
34.00000000 30.73318893
36.00000000 31.68859910
38.00000000 32.66314280
40.00000000 33.65435921
42.00000000 34.65962518
44.00000000 35.67616102
46.00000000 36.70103810
48.00000000 37.73118822
50.00000000 38.76341472
52.00000000 39.79440532
54.00000000 40.82074664
56.00000000 41.83894025
58.00000000 42.84542018
60.00000000 43.83657186
62.00000000 44.80875211
64.00000000 45.75831021
66.00000000 46.68160982
68.00000000 47.57505142
70.00000000 48.43509526
72.00000000 49.25828438
74.00000000 50.04126761
76.00000000 50.78082227
78.00000000 51.47387624
80.00000000 52.11752935
82.00000000 52.70907362
84.00000000 53.24601238
86.00000000 53.72607779
88.00000000 54.14724680
90.00000000 54.50775524
92.00000000 54.80610988
94.00000000 55.04109845
96.00000000 55.21179729
98.00000000 55.31757682
100.00000000 55.35810453
102.00000000 55.33334562
104.00000000 55.24356125
106.00000000 55.08930438
108.00000000 54.87141332
110.00000000 54.59100312
112.00000000 54.24945474
114.00000000 53.84840232
116.00000000 53.38971860
118.00000000 52.87549872
120.00000000 52.30804254
122.00000000 51.68983571
124.00000000 51.02352969
126.00000000 50.31192102
128.00000000 49.55792991
130.00000000 48.76457856
132.00000000 47.93496923
134.00000000 47.07226252
136.00000000 46.17965586
138.00000000 45.26036251
140.00000000 44.31759123
142.00000000 43.35452690
144.00000000 42.37431202
146.00000000 41.38002944
148.00000000 40.37468638
150.00000000 39.36119977
152.00000000 38.34238310
154.00000000 37.32093471
156.00000000 36.29942770
158.00000000 35.28030136
160.00000000 34.26585421
162.00000000 33.25823851
164.00000000 32.25945635
166.00000000 31.27135715
168.00000000 30.29563657
170.00000000 29.33383670
172.00000000 28.38734752
174.00000000 27.45740937
176.00000000 26.54511656
178.00000000 25.65142178
180.00000000 24.77714136
182.00000000 23.92296114
184.00000000 23.08944297
186.00000000 22.27703156
188.00000000 21.48606178
190.00000000 20.71676606
192.00000000 19.96928204
194.00000000 19.24366017
196.00000000 18.53987134
198.00000000 17.85781432
200.00000000 17.19732307
202.00000000 16.55817377
204.00000000 15.94009157
206.00000000 15.34275703
208.00000000 14.76581215
210.00000000 14.20886603
212.00000000 13.67150016
214.00000000 13.15327324
216.00000000 12.65372565
218.00000000 12.17238346
220.00000000 11.70876205
222.00000000 11.26236942
224.00000000 10.83270899
226.00000000 10.41928223
228.00000000 10.02159083
230.00000000 9.63913861
232.00000000 9.27143323
234.00000000 8.91798757
236.00000000 8.57832092
238.00000000 8.25195999
240.00000000 7.93843972
242.00000000 7.63730398
244.00000000 7.34810614
246.00000000 7.07040946
248.00000000 6.80378751
250.00000000 6.54782440
252.00000000 6.30211501
254.00000000 6.06626518
256.00000000 5.83989176
258.00000000 5.62262275
260.00000000 5.41409734
262.00000000 5.21396586
264.00000000 5.02188989
266.00000000 4.83754211
268.00000000 4.66060634
270.00000000 4.49077740
272.00000000 4.32776107
274.00000000 4.17127391
276.00000000 4.02104318
278.00000000 3.87680662
280.00000000 3.73831234
282.00000000 3.60531851
284.00000000 3.47759323
286.00000000 3.35491423
288.00000000 3.23706858
290.00000000 3.12385248
292.00000000 3.01507090
294.00000000 2.91053726
296.00000000 2.81007315
298.00000000 2.71350799
300.00000000 2.62067868
302.00000000 2.53142926
304.00000000 2.44561062
306.00000000 2.36308010
308.00000000 2.28370127
310.00000000 2.20734354
312.00000000 2.13388188
314.00000000 2.06319658
316.00000000 1.99517293
318.00000000 1.92970100
320.00000000 1.86667541
322.00000000 1.80599510
324.00000000 1.74756315
326.00000000 1.69128660
328.00000000 1.63707625
330.00000000 1.58484658
332.00000000 1.53451556
334.00000000 1.48600452
336.00000000 1.43923811
338.00000000 1.39414411
340.00000000 1.35065338
342.00000000 1.30869976
344.00000000 1.26821999
346.00000000 1.22915359
348.00000000 1.19144282
350.00000000 1.15503255
352.00000000 1.11987020
354.00000000 1.08590564
356.00000000 1.05309110
358.00000000 1.02138106
360.00000000 0.99073218
362.00000000 0.96110316
364.00000000 0.93245469
366.00000000 0.90474928
368.00000000 0.87795121
370.00000000 0.85202641
372.00000000 0.82694236
374.00000000 0.80266797
376.00000000 0.77917351
378.00000000 0.75643052
380.00000000 0.73441168
382.00000000 0.71309080
384.00000000 0.69244269
386.00000000 0.67244310
388.00000000 0.65306870
390.00000000 0.63429696
392.00000000 0.61610619
394.00000000 0.59847542
396.00000000 0.58138443
398.00000000 0.56481366
