-400.00000000 -0.04805159
-398.00000000 -0.04900069
-396.00000000 -0.05027543
-394.00000000 -0.05177028
-392.00000000 -0.05336046
-390.00000000 -0.05490505
-388.00000000 -0.05625088
-386.00000000 -0.05723697
-384.00000000 -0.05769949
-382.00000000 -0.05747710
-380.00000000 -0.05641643
-378.00000000 -0.05437758
-376.00000000 -0.05123942
-374.00000000 -0.04690445
-372.00000000 -0.04130317
-370.00000000 -0.03439754
-368.00000000 -0.02618355
-366.00000000 -0.01669271
-364.00000000 -0.00599228
-362.00000000 0.00581583
-360.00000000 0.01859744
-358.00000000 0.03218993
-356.00000000 0.04640730
-354.00000000 0.06104651
-352.00000000 0.07589489
-350.00000000 0.09073847
-348.00000000 0.10537095
-346.00000000 0.11960313
-344.00000000 0.13327247
-342.00000000 0.14625241
-340.00000000 0.15846128
-338.00000000 0.16987023
-336.00000000 0.18051010
-334.00000000 0.19047676
-332.00000000 0.19993468
-330.00000000 0.20911855
-328.00000000 0.21833266
-326.00000000 0.22794807
-324.00000000 0.23839726
-322.00000000 0.25016663
-320.00000000 0.26378658
-318.00000000 0.27981965
-316.00000000 0.29884681
-314.00000000 0.32145230
-312.00000000 0.34820752
-310.00000000 0.37965434
-308.00000000 0.41628845
-306.00000000 0.45854338
-304.00000000 0.50677578
-302.00000000 0.56125264
-300.00000000 0.62214111
-298.00000000 0.68950147
-296.00000000 0.76328397
-294.00000000 0.84333000
-292.00000000 0.92937798
-290.00000000 1.02107445
-288.00000000 1.11799044
-286.00000000 1.21964338
-284.00000000 1.32552433
-282.00000000 1.43513047
-280.00000000 1.54800240
-278.00000000 1.66376573
-276.00000000 1.78217635
-274.00000000 1.90316836
-272.00000000 2.02690390
-270.00000000 2.15382350
-268.00000000 2.28469594
-266.00000000 2.42066616
-264.00000000 2.56329987
-262.00000000 2.71462346
-260.00000000 2.87715773
-258.00000000 3.05394416
-256.00000000 3.24856228
-254.00000000 3.46513702
-252.00000000 3.70833488
-250.00000000 3.98334816
-248.00000000 4.29586635
-246.00000000 4.65203437
-244.00000000 5.05839739
-242.00000000 5.52183228
-240.00000000 6.04946608
-238.00000000 6.64858201
-236.00000000 7.32651423
-234.00000000 8.09053220
-232.00000000 8.94771655
-230.00000000 9.90482794
-228.00000000 10.96817113
-226.00000000 12.14345628
-224.00000000 13.43566014
-222.00000000 14.84888943
-220.00000000 16.38624903
-218.00000000 18.04971782
-216.00000000 19.84003453
-214.00000000 21.75659629
-212.00000000 23.79737224
-210.00000000 25.95883449
-208.00000000 28.23590833
-206.00000000 30.62194352
-204.00000000 33.10870794
-202.00000000 35.68640479
-200.00000000 38.34371377
-198.00000000 41.06785677
-196.00000000 43.84468748
-194.00000000 46.65880469
-192.00000000 49.49368787
-190.00000000 52.33185371
-188.00000000 55.15503159
-186.00000000 57.94435585
-184.00000000 60.68057195
-182.00000000 63.34425381
-180.00000000 65.91602905
-178.00000000 68.37680866
-176.00000000 70.70801768
-174.00000000 72.89182321
-172.00000000 74.91135616
-170.00000000 76.75092319
-168.00000000 78.39620544
-166.00000000 79.83444079
-164.00000000 81.05458663
-162.00000000 82.04746064
-160.00000000 82.80585709
-158.00000000 83.32463683
-156.00000000 83.60078961
-154.00000000 83.63346757
-152.00000000 83.42398959
-150.00000000 82.97581629
-148.00000000 82.29449645
-146.00000000 81.38758553
-144.00000000 80.26453793
-142.00000000 78.93657494
-140.00000000 77.41653032
-138.00000000 75.71867664
-136.00000000 73.85853481
-134.00000000 71.85267042
-132.00000000 69.71847996
-130.00000000 67.47397051
-128.00000000 65.13753645
-126.00000000 62.72773674
-124.00000000 60.26307610
-122.00000000 57.76179349
-120.00000000 55.24166105
-118.00000000 52.71979614
-116.00000000 50.21248931
-114.00000000 47.73505018
-112.00000000 45.30167320
-110.00000000 42.92532472
-108.00000000 40.61765226
-106.00000000 38.38891684
-104.00000000 36.24794822
-102.00000000 34.20212314
-100.00000000 32.25736571
-98.00000000 30.41816898
-96.00000000 28.68763652
-94.00000000 27.06754215
-92.00000000 25.55840611
-90.00000000 24.15958542
-88.00000000 22.86937630
-86.00000000 21.68512626
-84.00000000 20.60335327
-82.00000000 19.61986986
-80.00000000 18.72990945
-78.00000000 17.92825286
-76.00000000 17.20935261
-74.00000000 16.56745321
-72.00000000 15.99670535
-70.00000000 15.49127274
-68.00000000 15.04542991
-66.00000000 14.65365019
-64.00000000 14.31068280
-62.00000000 14.01161868
-60.00000000 13.75194466
-58.00000000 13.52758601
-56.00000000 13.33493749
-54.00000000 13.17088334
-52.00000000 13.03280690
-50.00000000 12.91859045
-48.00000000 12.82660631
-46.00000000 12.75570013
-44.00000000 12.70516750
-42.00000000 12.67472484
-40.00000000 12.66447595
-38.00000000 12.67487496
-36.00000000 12.70668705
-34.00000000 12.76094775
-32.00000000 12.83892170
-30.00000000 12.94206172
-28.00000000 13.07196889
-26.00000000 13.23035398
-24.00000000 13.41900097
-22.00000000 13.63973266
-20.00000000 13.89437868
-18.00000000 14.18474600
-16.00000000 14.51259182
-14.00000000 14.87959873
-12.00000000 15.28735196
-10.00000000 15.73731853
-8.00000000 16.23082794
-6.00000000 16.76905407
-4.00000000 17.35299820
-2.00000000 17.98347260
0.00000000 18.66108466
2.00000000 19.38622131
4.00000000 20.15903354
6.00000000 20.97942107
8.00000000 21.84701706
10.00000000 22.76117310
12.00000000 23.72094447
14.00000000 24.72507609
16.00000000 25.77198928
18.00000000 26.85976993
20.00000000 27.98615820
22.00000000 29.14854046
24.00000000 30.34394381
26.00000000 31.56903354
28.00000000 32.82011431
30.00000000 34.09313500
32.00000000 35.38369806
34.00000000 36.68707339
36.00000000 37.99821701
38.00000000 39.31179485
40.00000000 40.62221147
42.00000000 41.92364381
44.00000000 43.21007979
46.00000000 44.47536146
48.00000000 45.71323227
50.00000000 46.91738811
52.00000000 48.08153136
54.00000000 49.19942746
56.00000000 50.26496306
58.00000000 51.27220505
60.00000000 52.21545964
62.00000000 53.08933046
64.00000000 53.88877486
66.00000000 54.60915760
68.00000000 55.24630087
70.00000000 55.79652991
72.00000000 56.25671357
74.00000000 56.62429893
76.00000000 56.89733949
78.00000000 57.07451650
80.00000000 57.15515289
82.00000000 57.13921974
84.00000000 57.02733506
86.00000000 56.82075486
88.00000000 56.52135681
90.00000000 56.13161653
92.00000000 55.65457711
94.00000000 55.09381223
96.00000000 54.45338351
98.00000000 53.73779283
100.00000000 52.95193033
102.00000000 52.10101890
104.00000000 51.19055610
106.00000000 50.22625435
108.00000000 49.21398029
110.00000000 48.15969421
112.00000000 47.06939046
114.00000000 45.94903954
116.00000000 44.80453283
118.00000000 43.64163046
120.00000000 42.46591312
122.00000000 41.28273823
124.00000000 40.09720093
126.00000000 38.91410029
128.00000000 37.73791098
130.00000000 36.57276041
132.00000000 35.42241156
134.00000000 34.29025134
136.00000000 33.17928435
138.00000000 32.09213181
140.00000000 31.03103535
142.00000000 29.99786536
144.00000000 28.99413331
146.00000000 28.02100780
148.00000000 27.07933358
150.00000000 26.16965324
152.00000000 25.29223095
154.00000000 24.44707767
156.00000000 23.63397737
158.00000000 22.85251380
160.00000000 22.10209725
162.00000000 21.38199093
164.00000000 20.69133657
166.00000000 20.02917888
168.00000000 19.39448861
170.00000000 18.78618390
172.00000000 18.20314990
174.00000000 17.64425626
176.00000000 17.10837269
178.00000000 16.59438234
180.00000000 16.10119311
182.00000000 15.62774695
184.00000000 15.17302719
186.00000000 14.73606398
188.00000000 14.31593816
190.00000000 13.91178343
192.00000000 13.52278731
194.00000000 13.14819081
196.00000000 12.78728715
198.00000000 12.43941964
200.00000000 12.10397901
202.00000000 11.78040013
204.00000000 11.46815857
206.00000000 11.16676686
208.00000000 10.87577088
210.00000000 10.59474612
212.00000000 10.32329425
214.00000000 10.06103988
216.00000000 9.80762756
218.00000000 9.56271917
220.00000000 9.32599160
222.00000000 9.09713482
224.00000000 8.87585027
226.00000000 8.66184955
228.00000000 8.45485350
230.00000000 8.25459149
232.00000000 8.06080092
234.00000000 7.87322701
236.00000000 7.69162266
238.00000000 7.51574847
240.00000000 7.34537289
242.00000000 7.18027231
244.00000000 7.02023129
246.00000000 6.86504268
248.00000000 6.71450782
250.00000000 6.56843658
252.00000000 6.42664746
254.00000000 6.28896753
256.00000000 6.15523238
258.00000000 6.02528596
260.00000000 5.89898038
262.00000000 5.77617562
264.00000000 5.65673926
266.00000000 5.54054613
268.00000000 5.42747791
270.00000000 5.31742275
272.00000000 5.21027487
274.00000000 5.10593417
276.00000000 5.00430582
278.00000000 4.90529987
280.00000000 4.80883092
282.00000000 4.71481776
284.00000000 4.62318305
286.00000000 4.53385303
288.00000000 4.44675728
290.00000000 4.36182844
292.00000000 4.27900199
294.00000000 4.19821609
296.00000000 4.11941132
298.00000000 4.04253059
300.00000000 3.96751889
302.00000000 3.89432319
304.00000000 3.82289229
306.00000000 3.75317662
308.00000000 3.68512819
310.00000000 3.61870039
312.00000000 3.55384790
314.00000000 3.49052654
316.00000000 3.42869321
318.00000000 3.36830574
320.00000000 3.30932287
322.00000000 3.25170412
324.00000000 3.19540976
326.00000000 3.14040083
328.00000000 3.08663902
330.00000000 3.03408679
332.00000000 2.98270732
334.00000000 2.93246456
336.00000000 2.88332333
338.00000000 2.83524934
340.00000000 2.78820932
342.00000000 2.74217105
344.00000000 2.69710350
346.00000000 2.65297689
348.00000000 2.60976277
350.00000000 2.56743410
352.00000000 2.52596532
354.00000000 2.48533233
356.00000000 2.44551257
358.00000000 2.40648498
360.00000000 2.36822998
362.00000000 2.33072940
364.00000000 2.29396641
366.00000000 2.25792540
368.00000000 2.22259188
370.00000000 2.18795232
372.00000000 2.15399400
374.00000000 2.12070482
376.00000000 2.08807317
378.00000000 2.05608772
380.00000000 2.02473730
382.00000000 1.99401069
384.00000000 1.96389653
386.00000000 1.93438319
388.00000000 1.90545864
390.00000000 1.87711044
392.00000000 1.84932567
394.00000000 1.82209089
396.00000000 1.79539222
398.00000000 1.76921534
