-400.00000000 2.33422629
-398.00000000 2.42072845
-396.00000000 2.51011334
-394.00000000 2.60246596
-392.00000000 2.69787299
-390.00000000 2.79642271
-388.00000000 2.89820499
-386.00000000 3.00331123
-384.00000000 3.11183431
-382.00000000 3.22386856
-380.00000000 3.33950963
-378.00000000 3.45885448
-376.00000000 3.58200125
-374.00000000 3.70904921
-372.00000000 3.84009859
-370.00000000 3.97525055
-368.00000000 4.11460697
-366.00000000 4.25827038
-364.00000000 4.40634378
-362.00000000 4.55893048
-360.00000000 4.71613392
-358.00000000 4.87805749
-356.00000000 5.04480434
-354.00000000 5.21647715
-352.00000000 5.39317787
-350.00000000 5.57500752
-348.00000000 5.76206590
-346.00000000 5.95445130
-344.00000000 6.15226022
-342.00000000 6.35558705
-340.00000000 6.56452373
-338.00000000 6.77915941
-336.00000000 6.99958005
-334.00000000 7.22586809
-332.00000000 7.45810199
-330.00000000 7.69635586
-328.00000000 7.94069896
-326.00000000 8.19119529
-324.00000000 8.44790312
-322.00000000 8.71087446
-320.00000000 8.98015462
-318.00000000 9.25578161
-316.00000000 9.53778570
-314.00000000 9.82618883
-312.00000000 10.12100405
-310.00000000 10.42223500
-308.00000000 10.72987533
-306.00000000 11.04390813
-304.00000000 11.36430536
-302.00000000 11.69102732
-300.00000000 12.02402202
-298.00000000 12.36322472
-296.00000000 12.70855729
-294.00000000 13.05992777
-292.00000000 13.41722982
-290.00000000 13.78034224
-288.00000000 14.14912852
-286.00000000 14.52343642
-284.00000000 14.90309755
-282.00000000 15.28792707
-280.00000000 15.67772333
-278.00000000 16.07226764
-276.00000000 16.47132409
-274.00000000 16.87463935
-272.00000000 17.28194263
-270.00000000 17.69294566
-268.00000000 18.10734271
-266.00000000 18.52481077
-264.00000000 18.94500971
-262.00000000 19.36758258
-260.00000000 19.79215601
-258.00000000 20.21834063
-256.00000000 20.64573161
-254.00000000 21.07390935
-252.00000000 21.50244013
-250.00000000 21.93087698
-248.00000000 22.35876054
-246.00000000 22.78562010
-244.00000000 23.21097463
-242.00000000 23.63433398
-240.00000000 24.05520011
-238.00000000 24.47306842
-236.00000000 24.88742911
-234.00000000 25.29776871
-232.00000000 25.70357154
-230.00000000 26.10432134
-228.00000000 26.49950284
-226.00000000 26.88860352
-224.00000000 27.27111521
-222.00000000 27.64653589
-220.00000000 28.01437139
-218.00000000 28.37413717
-216.00000000 28.72536003
-214.00000000 29.06757986
-212.00000000 29.40035132
-210.00000000 29.72324556
-208.00000000 30.03585179
-206.00000000 30.33777888
-204.00000000 30.62865687
-202.00000000 30.90813842
-200.00000000 31.17590013
-198.00000000 31.43164386
-196.00000000 31.67509783
-194.00000000 31.90601777
-192.00000000 32.12418780
-190.00000000 32.32942131
-188.00000000 32.52156166
-186.00000000 32.70048276
-184.00000000 32.86608957
-182.00000000 33.01831836
-180.00000000 33.15713695
-178.00000000 33.28254476
-176.00000000 33.39457274
-174.00000000 33.49328314
-172.00000000 33.57876918
-170.00000000 33.65115460
-168.00000000 33.71059304
-166.00000000 33.75726736
-164.00000000 33.79138879
-162.00000000 33.81319602
-160.00000000 33.82295412
-158.00000000 33.82095349
-156.00000000 33.80750858
-154.00000000 33.78295662
-152.00000000 33.74765627
-150.00000000 33.70198619
-148.00000000 33.64634355
-146.00000000 33.58114255
-144.00000000 33.50681284
-142.00000000 33.42379797
-140.00000000 33.33255379
-138.00000000 33.23354684
-136.00000000 33.12725280
-134.00000000 33.01415488
-132.00000000 32.89474224
-130.00000000 32.76950851
-128.00000000 32.63895022
-126.00000000 32.50356538
-124.00000000 32.36385204
-122.00000000 32.22030692
-120.00000000 32.07342410
-118.00000000 31.92369379
-116.00000000 31.77160107
-114.00000000 31.61762485
-112.00000000 31.46223673
-110.00000000 31.30590010
-108.00000000 31.14906912
-106.00000000 30.99218797
-104.00000000 30.83569003
-102.00000000 30.67999716
-100.00000000 30.52551914
-98.00000000 30.37265302
-96.00000000 30.22178269
-94.00000000 30.07327844
-92.00000000 29.92749658
-90.00000000 29.78477913
-88.00000000 29.64545359
-86.00000000 29.50983277
-84.00000000 29.37821459
-82.00000000 29.25088203
-80.00000000 29.12810309
-78.00000000 29.01013072
-76.00000000 28.89720294
-74.00000000 28.78954284
-72.00000000 28.68735867
-70.00000000 28.59084401
-68.00000000 28.50017786
-66.00000000 28.41552487
-64.00000000 28.33703543
-62.00000000 28.26484595
-60.00000000 28.19907903
-58.00000000 28.13984366
-56.00000000 28.08723550
-54.00000000 28.04133702
-52.00000000 28.00221780
-50.00000000 27.96993474
-48.00000000 27.94453225
-46.00000000 27.92604252
-44.00000000 27.91448568
-42.00000000 27.90987008
-40.00000000 27.91219244
-38.00000000 27.92143805
-36.00000000 27.93758098
-34.00000000 27.96058422
-32.00000000 27.99039991
-30.00000000 28.02696941
-28.00000000 28.07022352
-26.00000000 28.12008260
-24.00000000 28.17645667
-22.00000000 28.23924557
-20.00000000 28.30833904
-18.00000000 28.38361687
-16.00000000 28.46494893
-14.00000000 28.55219534
-12.00000000 28.64520648
-10.00000000 28.74382315
-8.00000000 28.84787661
-6.00000000 28.95718867
-4.00000000 29.07157177
-2.00000000 29.19082908
0.00000000 29.31475458
2.00000000 29.44313315
4.00000000 29.57574070
6.00000000 29.71234423
8.00000000 29.85270201
10.00000000 29.99656367
12.00000000 30.14367039
14.00000000 30.29375502
16.00000000 30.44654231
18.00000000 30.60174906
20.00000000 30.75908441
22.00000000 30.91825001
24.00000000 31.07894034
26.00000000 31.24084301
28.00000000 31.40363905
30.00000000 31.56700327
32.00000000 31.73060465
34.00000000 31.89410673
36.00000000 32.05716806
38.00000000 32.21944267
40.00000000 32.38058054
42.00000000 32.54022818
44.00000000 32.69802914
46.00000000 32.85362461
48.00000000 33.00665405
50.00000000 33.15675586
52.00000000 33.30356799
54.00000000 33.44672868
56.00000000 33.58587721
58.00000000 33.72065458
60.00000000 33.85070432
62.00000000 33.97567327
64.00000000 34.09521238
66.00000000 34.20897749
68.00000000 34.31663021
70.00000000 34.41783869
72.00000000 34.51227846
74.00000000 34.59963329
76.00000000 34.67959599
78.00000000 34.75186923
80.00000000 34.81616634
82.00000000 34.87221211
84.00000000 34.91974355
86.00000000 34.95851065
88.00000000 34.98827707
90.00000000 35.00882087
92.00000000 35.01993512
94.00000000 35.02142854
96.00000000 35.01312609
98.00000000 34.99486944
100.00000000 34.96651752
102.00000000 34.92794690
104.00000000 34.87905219
106.00000000 34.81974635
108.00000000 34.74996096
110.00000000 34.66964642
112.00000000 34.57877210
114.00000000 34.47732640
116.00000000 34.36531680
118.00000000 34.24276980
120.00000000 34.10973079
122.00000000 33.96626392
124.00000000 33.81245185
126.00000000 33.64839544
128.00000000 33.47421345
130.00000000 33.29004206
132.00000000 33.09603447
134.00000000 32.89236032
136.00000000 32.67920519
138.00000000 32.45676993
140.00000000 32.22527002
142.00000000 31.98493486
144.00000000 31.73600705
146.00000000 31.47874157
148.00000000 31.21340505
150.00000000 30.94027486
152.00000000 30.65963832
154.00000000 30.37179181
156.00000000 30.07703986
158.00000000 29.77569431
160.00000000 29.46807337
162.00000000 29.15450072
164.00000000 28.83530465
166.00000000 28.51081713
168.00000000 28.18137295
170.00000000 27.84730885
172.00000000 27.50896264
174.00000000 27.16667241
176.00000000 26.82077572
178.00000000 26.47160877
180.00000000 26.11950570
182.00000000 25.76479782
184.00000000 25.40781297
186.00000000 25.04887482
188.00000000 24.68830224
190.00000000 24.32640877
192.00000000 23.96350201
194.00000000 23.59988316
196.00000000 23.23584650
198.00000000 22.87167903
200.00000000 22.50766001
202.00000000 22.14406063
204.00000000 21.78114374
206.00000000 21.41916351
208.00000000 21.05836524
210.00000000 20.69898515
212.00000000 20.34125021
214.00000000 19.98537801
216.00000000 19.63157670
218.00000000 19.28004488
220.00000000 18.93097158
222.00000000 18.58453631
224.00000000 18.24090901
226.00000000 17.90025015
228.00000000 17.56271080
230.00000000 17.22843270
232.00000000 16.89754844
234.00000000 16.57018155
236.00000000 16.24644666
238.00000000 15.92644971
240.00000000 15.61028811
242.00000000 15.29805093
244.00000000 14.98981917
246.00000000 14.68566591
248.00000000 14.38565660
250.00000000 14.08984926
252.00000000 13.79829477
254.00000000 13.51103706
256.00000000 13.22811342
258.00000000 12.94955473
260.00000000 12.67538571
262.00000000 12.40562520
264.00000000 12.14028641
266.00000000 11.87937716
268.00000000 11.62290015
270.00000000 11.37085324
272.00000000 11.12322962
274.00000000 10.88001814
276.00000000 10.64120350
278.00000000 10.40676651
280.00000000 10.17668431
282.00000000 9.95093058
284.00000000 9.72947580
286.00000000 9.51228741
288.00000000 9.29933009
290.00000000 9.09056586
292.00000000 8.88595438
294.00000000 8.68545305
296.00000000 8.48901725
298.00000000 8.29660048
300.00000000 8.10815454
302.00000000 7.92362970
304.00000000 7.74297482
306.00000000 7.56613753
308.00000000 7.39306437
310.00000000 7.22370088
312.00000000 7.05799178
314.00000000 6.89588108
316.00000000 6.73731215
318.00000000 6.58222790
320.00000000 6.43057082
322.00000000 6.28228312
324.00000000 6.13730679
326.00000000 5.99558371
328.00000000 5.85705572
330.00000000 5.72166471
332.00000000 5.58935265
334.00000000 5.46006172
336.00000000 5.33373432
338.00000000 5.21031315
340.00000000 5.08974127
342.00000000 4.97196211
344.00000000 4.85691959
346.00000000 4.74455808
348.00000000 4.63482250
350.00000000 4.52765833
352.00000000 4.42301163
354.00000000 4.32082911
356.00000000 4.22105810
358.00000000 4.12364664
360.00000000 4.02854344
362.00000000 3.93569795
364.00000000 3.84506032
366.00000000 3.75658147
368.00000000 3.67021308
370.00000000 3.58590760
372.00000000 3.50361825
374.00000000 3.42329903
376.00000000 3.34490475
378.00000000 3.26839101
380.00000000 3.19371420
382.00000000 3.12083152
384.00000000 3.04970095
386.00000000 2.98028130
388.00000000 2.91253214
390.00000000 2.84641386
392.00000000 2.78188762
394.00000000 2.71891540
396.00000000 2.65745990
398.00000000 2.59748465
