-3539.200000 -5.985037 0.000000
-3535.660800 -5.990999 0.000000
-3532.121600 -5.996971 0.000000
-3528.582400 -6.002956 0.000000
-3525.043200 -6.008953 0.000000
-3521.504000 -6.014962 0.000000
-3517.964800 -6.020983 0.000000
-3514.425600 -6.027015 0.000000
-3510.886400 -6.033060 0.000000
-3507.347200 -6.039117 0.000000
-3503.808000 -6.045186 0.000000
-3500.268800 -6.051268 0.000000
-3496.729600 -6.057361 0.000000
-3493.190400 -6.063467 0.000000
-3489.651200 -6.069585 0.000000
-3486.112000 -6.075715 0.000000
-3482.572800 -6.081858 0.000000
-3479.033600 -6.088013 0.000000
-3475.494400 -6.094181 0.000000
-3471.955200 -6.100361 0.000000
-3468.416000 -6.106553 0.000000
-3464.876800 -6.112758 0.000000
-3461.337600 -6.118976 0.000000
-3457.798400 -6.125206 0.000000
-3454.259200 -6.131449 0.000000
-3450.720000 -6.137705 0.000000
-3447.180800 -6.143973 0.000000
-3443.641600 -6.150255 0.000000
-3440.102400 -6.156549 0.000000
-3436.563200 -6.162856 0.000000
-3433.024000 -6.169175 0.000000
-3429.484800 -6.175508 0.000000
-3425.945600 -6.181854 0.000000
-3422.406400 -6.188213 0.000000
-3418.867200 -6.194584 0.000000
-3415.328000 -6.200969 0.000000
-3411.788800 -6.207367 0.000000
-3408.249600 -6.213778 0.000000
-3404.710400 -6.220203 0.000000
-3401.171200 -6.226641 0.000000
-3397.632000 -6.233092 0.000000
-3394.092800 -6.239556 0.000000
-3390.553600 -6.246034 0.000000
-3387.014400 -6.252525 0.000000
-3383.475200 -6.259030 0.000000
-3379.936000 -6.265548 0.000000
-3376.396800 -6.272079 0.000000
-3372.857600 -6.278625 0.000000
-3369.318400 -6.285184 0.000000
-3365.779200 -6.291756 0.000000
-3362.240000 -6.298343 0.000000
-3358.700800 -6.304943 0.000000
-3355.161600 -6.311557 0.000000
-3351.622400 -6.318184 0.000000
-3348.083200 -6.324826 0.000000
-3344.544000 -6.331482 0.000000
-3341.004800 -6.338151 0.000000
-3337.465600 -6.344835 0.000000
-3333.926400 -6.351532 0.000000
-3330.387200 -6.358244 0.000000
-3326.848000 -6.364970 0.000000
-3323.308800 -6.371710 0.000000
-3319.769600 -6.378465 0.000000
-3316.230400 -6.385233 0.000000
-3312.691200 -6.392016 0.000000
-3309.152000 -6.398814 0.000000
-3305.612800 -6.405626 0.000000
-3302.073600 -6.412452 0.000000
-3298.534400 -6.419293 0.000000
-3294.995200 -6.426148 0.000000
-3291.456000 -6.433018 0.000000
-3287.916800 -6.439903 0.000000
-3284.377600 -6.446802 0.000000
-3280.838400 -6.453716 0.000000
-3277.299200 -6.460645 0.000000
-3273.760000 -6.467589 0.000000
-3270.220800 -6.474548 0.000000
-3266.681600 -6.481522 0.000000
-3263.142400 -6.488510 0.000000
-3259.603200 -6.495514 0.000000
-3256.064000 -6.502533 0.000000
-3252.524800 -6.509567 0.000000
-3248.985600 -6.516616 0.000000
-3245.446400 -6.523680 0.000000
-3241.907200 -6.530760 0.000000
-3238.368000 -6.537855 0.000000
-3234.828800 -6.544965 0.000000
-3231.289600 -6.552091 0.000000
-3227.750400 -6.559232 0.000000
-3224.211200 -6.566389 0.000000
-3220.672000 -6.573561 0.000000
-3217.132800 -6.580749 0.000000
-3213.593600 -6.587953 0.000000
-3210.054400 -6.595173 0.000000
-3206.515200 -6.602408 0.000000
-3202.976000 -6.609659 0.000000
-3199.436800 -6.616926 0.000000
-3195.897600 -6.624209 0.000000
-3192.358400 -6.631508 0.000000
-3188.819200 -6.638823 0.000000
-3185.280000 -6.646154 0.000000
-3181.740800 -6.653501 0.000000
-3178.201600 -6.660865 0.000000
-3174.662400 -6.668244 0.000000
-3171.123200 -6.675640 0.000000
-3167.584000 -6.683053 0.000000
-3164.044800 -6.690482 0.000000
-3160.505600 -6.697927 0.000000
-3156.966400 -6.705389 0.000000
-3153.427200 -6.712867 0.000000
-3149.888000 -6.720362 0.000000
-3146.348800 -6.727874 0.000000
-3142.809600 -6.735403 0.000000
-3139.270400 -6.742948 0.000000
-3135.731200 -6.750510 0.000000
-3132.192000 -6.758090 0.000000
-3128.652800 -6.765686 0.000000
-3125.113600 -6.773299 0.000000
-3121.574400 -6.780929 0.000000
-3118.035200 -6.788577 0.000000
-3114.496000 -6.796241 0.000000
-3110.956800 -6.803923 0.000000
-3107.417600 -6.811623 0.000000
-3103.878400 -6.819339 0.000000
-3100.339200 -6.827073 0.000000
-3096.800000 -6.834825 0.000000
-3093.260800 -6.842594 0.000000
-3089.721600 -6.850381 0.000000
-3086.182400 -6.858186 0.000000
-3082.643200 -6.866008 0.000000
-3079.104000 -6.873848 0.000000
-3075.564800 -6.881706 0.000000
-3072.025600 -6.889581 0.000000
-3068.486400 -6.897475 0.000000
-3064.947200 -6.905387 0.000000
-3061.408000 -6.913317 0.000000
-3057.868800 -6.921265 0.000000
-3054.329600 -6.929232 0.000000
-3050.790400 -6.937216 0.000000
-3047.251200 -6.945219 0.000000
-3043.712000 -6.953241 0.000000
-3040.172800 -6.961281 0.000000
-3036.633600 -6.969339 0.000000
-3033.094400 -6.977416 0.000000
-3029.555200 -6.985512 0.000000
-3026.016000 -6.993627 0.000000
-3022.476800 -7.001760 0.000000
-3018.937600 -7.009912 0.000000
-3015.398400 -7.018083 0.000000
-3011.859200 -7.026274 0.000000
-3008.320000 -7.034483 0.000000
-3004.780800 -7.042711 0.000000
-3001.241600 -7.050959 0.000000
-2997.702400 -7.059226 0.000000
-2994.163200 -7.067512 0.000000
-2990.624000 -7.075817 0.000000
-2987.084800 -7.084142 0.000000
-2983.545600 -7.092487 0.000000
-2980.006400 -7.100851 0.000000
-2976.467200 -7.109235 0.000000
-2972.928000 -7.117639 0.000000
-2969.388800 -7.126062 0.000000
-2965.849600 -7.134506 0.000000
-2962.310400 -7.142969 0.000000
-2958.771200 -7.151452 0.000000
-2955.232000 -7.159956 0.000000
-2951.692800 -7.168479 0.000000
-2948.153600 -7.177023 0.000000
-2944.614400 -7.185587 0.000000
-2941.075200 -7.194172 0.000000
-2937.536000 -7.202777 0.000000
-2933.996800 -7.211403 0.000000
-2930.457600 -7.220049 0.000000
-2926.918400 -7.228716 0.000000
-2923.379200 -7.237403 0.000000
-2919.840000 -7.246112 0.000000
-2916.300800 -7.254841 0.000000
-2912.761600 -7.263591 0.000000
-2909.222400 -7.272363 0.000000
-2905.683200 -7.281155 0.000000
-2902.144000 -7.289969 0.000000
-2898.604800 -7.298804 0.000000
-2895.065600 -7.307660 0.000000
-2891.526400 -7.316538 0.000000
-2887.987200 -7.325437 0.000000
-2884.448000 -7.334358 0.000000
-2880.908800 -7.343301 0.000000
-2877.369600 -7.352265 0.000000
-2873.830400 -7.361251 0.000000
-2870.291200 -7.370259 0.000000
-2866.752000 -7.379289 0.000000
-2863.212800 -7.388342 0.000000
-2859.673600 -7.397416 0.000000
-2856.134400 -7.406512 0.000000
-2852.595200 -7.415631 0.000000
-2849.056000 -7.424772 0.000000
-2845.516800 -7.433936 0.000000
-2841.977600 -7.443122 0.000000
-2838.438400 -7.452331 0.000000
-2834.899200 -7.461563 0.000000
-2831.360000 -7.470817 0.000000
-2827.820800 -7.480094 0.000000
-2824.281600 -7.489395 0.000000
-2820.742400 -7.498718 0.000000
-2817.203200 -7.508065 0.000000
-2813.664000 -7.517434 0.000000
-2810.124800 -7.526827 0.000000
-2806.585600 -7.536244 0.000000
-2803.046400 -7.545684 0.000000
-2799.507200 -7.555147 0.000000
-2795.968000 -7.564635 0.000000
-2792.428800 -7.574146 0.000000
-2788.889600 -7.583680 0.000000
-2785.350400 -7.593239 0.000000
-2781.811200 -7.602822 0.000000
-2778.272000 -7.612429 0.000000
-2774.732800 -7.622060 0.000000
-2771.193600 -7.631715 0.000000
-2767.654400 -7.641395 0.000000
-2764.115200 -7.651099 0.000000
-2760.576000 -7.660828 0.000000
-2757.036800 -7.670582 0.000000
-2753.497600 -7.680360 0.000000
-2749.958400 -7.690163 0.000000
-2746.419200 -7.699991 0.000000
-2742.880000 -7.709845 0.000000
-2739.340800 -7.719723 0.000000
-2735.801600 -7.729626 0.000000
-2732.262400 -7.739555 0.000000
-2728.723200 -7.749510 0.000000
-2725.184000 -7.759489 0.000000
-2721.644800 -7.769495 0.000000
-2718.105600 -7.779526 0.000000
-2714.566400 -7.789583 0.000000
-2711.027200 -7.799666 0.000000
-2707.488000 -7.809775 0.000000
-2703.948800 -7.819910 0.000000
-2700.409600 -7.830071 0.000000
-2696.870400 -7.840259 0.000000
-2693.331200 -7.850473 0.000000
-2689.792000 -7.860714 0.000000
-2686.252800 -7.870981 0.000000
-2682.713600 -7.881275 0.000000
-2679.174400 -7.891596 0.000000
-2675.635200 -7.901943 0.000000
-2672.096000 -7.912318 0.000000
-2668.556800 -7.922720 0.000000
-2665.017600 -7.933149 0.000000
-2661.478400 -7.943606 0.000000
-2657.939200 -7.954090 0.000000
-2654.400000 -7.964602 0.000000
-2650.860800 -7.975141 0.000000
-2647.321600 -7.985708 0.000000
-2643.782400 -7.996303 0.000000
-2640.243200 -8.006926 0.000000
-2636.704000 -8.017578 0.000000
-2633.164800 -8.028257 0.000000
-2629.625600 -8.038965 0.000000
-2626.086400 -8.049701 0.000000
-2622.547200 -8.060466 0.000000
-2619.008000 -8.071260 0.000000
-2615.468800 -8.082082 0.000000
-2611.929600 -8.092933 0.000000
-2608.390400 -8.103814 0.000000
-2604.851200 -8.114723 0.000000
-2601.312000 -8.125662 0.000000
-2597.772800 -8.136630 0.000000
-2594.233600 -8.147628 0.000000
-2590.694400 -8.158655 0.000000
-2587.155200 -8.169712 0.000000
-2583.616000 -8.180799 0.000000
-2580.076800 -8.191916 0.000000
-2576.537600 -8.203063 0.000000
-2572.998400 -8.214241 0.000000
-2569.459200 -8.225448 0.000000
-2565.920000 -8.236686 0.000000
-2562.380800 -8.247955 0.000000
-2558.841600 -8.259255 0.000000
-2555.302400 -8.270585 0.000000
-2551.763200 -8.281946 0.000000
-2548.224000 -8.293338 0.000000
-2544.684800 -8.304762 0.000000
-2541.145600 -8.316217 0.000000
-2537.606400 -8.327703 0.000000
-2534.067200 -8.339222 0.000000
-2530.528000 -8.350771 0.000000
-2526.988800 -8.362353 0.000000
-2523.449600 -8.373967 0.000000
-2519.910400 -8.385613 0.000000
-2516.371200 -8.397291 0.000000
-2512.832000 -8.409001 0.000000
-2509.292800 -8.420744 0.000000
-2505.753600 -8.432520 0.000000
-2502.214400 -8.444329 0.000000
-2498.675200 -8.456170 0.000000
-2495.136000 -8.468045 0.000000
-2491.596800 -8.479952 0.000000
-2488.057600 -8.491894 0.000000
-2484.518400 -8.503868 0.000000
-2480.979200 -8.515877 0.000000
-2477.440000 -8.527919 0.000000
-2473.900800 -8.539995 0.000000
-2470.361600 -8.552105 0.000000
-2466.822400 -8.564249 0.000000
-2463.283200 -8.576428 0.000000
-2459.744000 -8.588641 0.000000
-2456.204800 -8.600889 0.000000
-2452.665600 -8.613172 0.000000
-2449.126400 -8.625489 0.000000
-2445.587200 -8.637842 0.000000
-2442.048000 -8.650230 0.000000
-2438.508800 -8.662653 0.000000
-2434.969600 -8.675112 0.000000
-2431.430400 -8.687607 0.000000
-2427.891200 -8.700137 0.000000
-2424.352000 -8.712703 0.000000
-2420.812800 -8.725306 0.000000
-2417.273600 -8.737945 0.000000
-2413.734400 -8.750620 0.000000
-2410.195200 -8.763332 0.000000
-2406.656000 -8.776081 0.000000
-2403.116800 -8.788867 0.000000
-2399.577600 -8.801689 0.000000
-2396.038400 -8.814549 0.000000
-2392.499200 -8.827447 0.000000
-2388.960000 -8.840382 0.000000
-2385.420800 -8.853355 0.000000
-2381.881600 -8.866366 0.000000
-2378.342400 -8.879414 0.000000
-2374.803200 -8.892501 0.000000
-2371.264000 -8.905627 0.000000
-2367.724800 -8.918791 0.000000
-2364.185600 -8.931994 0.000000
-2360.646400 -8.945236 0.000000
-2357.107200 -8.958516 0.000000
-2353.568000 -8.971837 0.000000
-2350.028800 -8.985196 0.000000
-2346.489600 -8.998595 0.000000
-2342.950400 -9.012034 0.000000
-2339.411200 -9.025513 0.000000
-2335.872000 -9.039032 0.000000
-2332.332800 -9.052592 0.000000
-2328.793600 -9.066191 0.000000
-2325.254400 -9.079832 0.000000
-2321.715200 -9.093513 0.000000
-2318.176000 -9.107236 0.000000
-2314.636800 -9.121000 0.000000
-2311.097600 -9.134805 0.000000
-2307.558400 -9.148652 0.000000
-2304.019200 -9.162540 0.000000
-2300.480000 -9.176471 0.000000
-2296.940800 -9.190443 0.000000
-2293.401600 -9.204458 0.000000
-2289.862400 -9.218516 0.000000
-2286.323200 -9.232616 0.000000
-2282.784000 -9.246759 0.000000
-2279.244800 -9.260946 0.000000
-2275.705600 -9.275176 0.000000
-2272.166400 -9.289449 0.000000
-2268.627200 -9.303766 0.000000
-2265.088000 -9.318127 0.000000
-2261.548800 -9.332532 0.000000
-2258.009600 -9.346981 0.000000
-2254.470400 -9.361475 0.000000
-2250.931200 -9.376014 0.000000
-2247.392000 -9.390597 0.000000
-2243.852800 -9.405226 0.000000
-2240.313600 -9.419900 0.000000
-2236.774400 -9.434619 0.000000
-2233.235200 -9.449385 0.000000
-2229.696000 -9.464196 0.000000
-2226.156800 -9.479054 0.000000
-2222.617600 -9.493958 0.000000
-2219.078400 -9.508909 0.000000
-2215.539200 -9.523906 0.000000
-2212.000000 -9.538951 0.000000
-2208.460800 -9.554043 0.000000
-2204.921600 -9.569182 0.000000
-2201.382400 -9.584369 0.000000
-2197.843200 -9.599604 0.000000
-2194.304000 -9.614888 0.000000
-2190.764800 -9.630219 0.000000
-2187.225600 -9.645600 0.000000
-2183.686400 -9.661029 0.000000
-2180.147200 -9.676507 0.000000
-2176.608000 -9.692035 0.000000
-2173.068800 -9.707612 0.000000
-2169.529600 -9.723239 0.000000
-2165.990400 -9.738916 0.000000
-2162.451200 -9.754644 0.000000
-2158.912000 -9.770422 0.000000
-2155.372800 -9.786251 0.000000
-2151.833600 -9.802130 0.000000
-2148.294400 -9.818061 0.000000
-2144.755200 -9.834044 0.000000
-2141.216000 -9.850078 0.000000
-2137.676800 -9.866164 0.000000
-2134.137600 -9.882303 0.000000
-2130.598400 -9.898494 0.000000
-2127.059200 -9.914738 0.000000
-2123.520000 -9.931034 0.000000
-2119.980800 -9.947385 0.000000
-2116.441600 -9.963788 0.000000
-2112.902400 -9.980246 0.000000
-2109.363200 -9.996757 0.000000
-2105.824000 -10.013323 0.000000
-2102.284800 -10.029943 0.000000
-2098.745600 -10.046619 0.000000
-2095.206400 -10.063349 0.000000
-2091.667200 -10.080135 0.000000
-2088.128000 -10.096977 0.000000
-2084.588800 -10.113874 0.000000
-2081.049600 -10.130828 0.000000
-2077.510400 -10.147838 0.000000
-2073.971200 -10.164905 0.000000
-2070.432000 -10.182029 0.000000
-2066.892800 -10.199211 0.000000
-2063.353600 -10.216450 0.000000
-2059.814400 -10.233747 0.000000
-2056.275200 -10.251102 0.000000
-2052.736000 -10.268516 0.000000
-2049.196800 -10.285988 0.000000
-2045.657600 -10.303520 0.000000
-2042.118400 -10.321111 0.000000
-2038.579200 -10.338762 0.000000
-2035.040000 -10.356473 0.000000
-2031.500800 -10.374244 0.000000
-2027.961600 -10.392076 0.000000
-2024.422400 -10.409968 0.000000
-2020.883200 -10.427922 0.000000
-2017.344000 -10.445938 0.000000
-2013.804800 -10.464015 0.000000
-2010.265600 -10.482155 0.000000
-2006.726400 -10.500356 0.000000
-2003.187200 -10.518621 0.000000
-1999.648000 -10.536949 0.000000
-1996.108800 -10.555341 0.000000
-1992.569600 -10.573796 0.000000
-1989.030400 -10.592315 0.000000
-1985.491200 -10.610899 0.000000
-1981.952000 -10.629548 0.000000
-1978.412800 -10.648261 0.000000
-1974.873600 -10.667041 0.000000
-1971.334400 -10.685885 0.000000
-1967.795200 -10.704797 0.000000
-1964.256000 -10.723774 0.000000
-1960.716800 -10.742819 0.000000
-1957.177600 -10.761930 0.000000
-1953.638400 -10.781110 0.000000
-1950.099200 -10.800357 0.000000
-1946.560000 -10.819672 0.000000
-1943.020800 -10.839056 0.000000
-1939.481600 -10.858509 0.000000
-1935.942400 -10.878031 0.000000
-1932.403200 -10.897624 0.000000
-1928.864000 -10.917286 0.000000
-1925.324800 -10.937018 0.000000
-1921.785600 -10.956822 0.000000
-1918.246400 -10.976696 0.000000
-1914.707200 -10.996643 0.000000
-1911.168000 -11.016661 0.000000
-1907.628800 -11.036752 0.000000
-1904.089600 -11.056915 0.000000
-1900.550400 -11.077152 0.000000
-1897.011200 -11.097462 0.000000
-1893.472000 -11.117846 0.000000
-1889.932800 -11.138304 0.000000
-1886.393600 -11.158837 0.000000
-1882.854400 -11.179446 0.000000
-1879.315200 -11.200129 0.000000
-1875.776000 -11.220889 0.000000
-1872.236800 -11.241725 0.000000
-1868.697600 -11.262638 0.000000
-1865.158400 -11.283629 0.000000
-1861.619200 -11.304697 0.000000
-1858.080000 -11.325843 0.000000
-1854.540800 -11.347067 0.000000
-1851.001600 -11.368371 0.000000
-1847.462400 -11.389754 0.000000
-1843.923200 -11.411216 0.000000
-1840.384000 -11.432759 0.000000
-1836.844800 -11.454383 0.000000
-1833.305600 -11.476088 0.000000
-1829.766400 -11.497874 0.000000
-1826.227200 -11.519743 0.000000
-1822.688000 -11.541694 0.000000
-1819.148800 -11.563728 0.000000
-1815.609600 -11.585846 0.000000
-1812.070400 -11.608047 0.000000
-1808.531200 -11.630333 0.000000
-1804.992000 -11.652704 0.000000
-1801.452800 -11.675160 0.000000
-1797.913600 -11.697702 0.000000
-1794.374400 -11.720330 0.000000
-1790.835200 -11.743045 0.000000
-1787.296000 -11.765848 0.000000
-1783.756800 -11.788738 0.000000
-1780.217600 -11.811717 0.000000
-1776.678400 -11.834785 0.000000
-1773.139200 -11.857941 0.000000
-1769.600000 -11.881188 0.000000
-1766.060800 -11.904525 0.000000
-1762.521600 -11.927953 0.000000
-1758.982400 -11.951473 0.000000
-1755.443200 -11.975084 0.000000
-1751.904000 -11.998788 0.000000
-1748.364800 -12.022585 0.000000
-1744.825600 -12.046475 0.000000
-1741.286400 -12.070460 0.000000
-1737.747200 -12.094539 0.000000
-1734.208000 -12.118714 0.000000
-1730.668800 -12.142984 0.000000
-1727.129600 -12.167351 0.000000
-1723.590400 -12.191815 0.000000
-1720.051200 -12.216376 0.000000
-1716.512000 -12.241035 0.000000
-1712.972800 -12.265793 0.000000
-1709.433600 -12.290650 0.000000
-1705.894400 -12.315607 0.000000
-1702.355200 -12.340664 0.000000
-1698.816000 -12.365822 0.000000
-1695.276800 -12.391082 0.000000
-1691.737600 -12.416444 0.000000
-1688.198400 -12.441909 0.000000
-1684.659200 -12.467478 0.000000
-1681.120000 -12.493151 0.000000
-1677.580800 -12.518928 0.000000
-1674.041600 -12.544811 0.000000
-1670.502400 -12.570800 0.000000
-1666.963200 -12.596895 0.000000
-1663.424000 -12.623098 0.000000
-1659.884800 -12.649408 0.000000
-1656.345600 -12.675827 0.000000
-1652.806400 -12.702356 0.000000
-1649.267200 -12.728994 0.000000
-1645.728000 -12.755744 0.000000
-1642.188800 -12.782604 0.000000
-1638.649600 -12.809576 0.000000
-1635.110400 -12.836661 0.000000
-1631.571200 -12.863860 0.000000
-1628.032000 -12.891172 0.000000
-1624.492800 -12.918600 0.000000
-1620.953600 -12.946143 0.000000
-1617.414400 -12.973802 0.000000
-1613.875200 -13.001578 0.000000
-1610.336000 -13.029471 0.000000
-1606.796800 -13.057484 0.000000
-1603.257600 -13.085615 0.000000
-1599.718400 -13.113866 0.000000
-1596.179200 -13.142238 0.000000
-1592.640000 -13.170732 0.000000
-1589.100800 -13.199347 0.000000
-1585.561600 -13.228086 0.000000
-1582.022400 -13.256949 0.000000
-1578.483200 -13.285936 0.000000
-1574.944000 -13.315048 0.000000
-1571.404800 -13.344287 0.000000
-1567.865600 -13.373652 0.000000
-1564.326400 -13.403146 0.000000
-1560.787200 -13.432768 0.000000
-1557.248000 -13.462519 0.000000
-1553.708800 -13.492401 0.000000
-1550.169600 -13.522414 0.000000
-1546.630400 -13.552559 0.000000
-1543.091200 -13.582837 0.000000
-1539.552000 -13.613248 0.000000
-1536.012800 -13.643794 0.000000
-1532.473600 -13.674476 0.000000
-1528.934400 -13.705294 0.000000
-1525.395200 -13.736249 0.000000
-1521.856000 -13.767343 0.000000
-1518.316800 -13.798575 0.000000
-1514.777600 -13.829948 0.000000
-1511.238400 -13.861461 0.000000
-1507.699200 -13.893116 0.000000
-1504.160000 -13.924915 0.000000
-1500.620800 -13.956857 0.000000
-1497.081600 -13.988943 0.000000
-1493.542400 -14.021176 0.000000
-1490.003200 -14.053555 0.000000
-1486.464000 -14.086082 0.000000
-1482.924800 -14.118757 0.000000
-1479.385600 -14.151582 0.000000
-1475.846400 -14.184558 0.000000
-1472.307200 -14.217686 0.000000
-1468.768000 -14.250966 0.000000
-1465.228800 -14.284400 0.000000
-1461.689600 -14.317989 0.000000
-1458.150400 -14.351734 0.000000
-1454.611200 -14.385635 0.000000
-1451.072000 -14.419695 0.000000
-1447.532800 -14.453914 0.000000
-1443.993600 -14.488293 0.000000
-1440.454400 -14.522834 0.000000
-1436.915200 -14.557537 0.000000
-1433.376000 -14.592404 0.000000
-1429.836800 -14.627435 0.000000
-1426.297600 -14.662632 0.000000
-1422.758400 -14.697996 0.000000
-1419.219200 -14.733529 0.000000
-1415.680000 -14.769231 0.000000
-1412.140800 -14.805103 0.000000
-1408.601600 -14.841148 0.000000
-1405.062400 -14.877365 0.000000
-1401.523200 -14.913756 0.000000
-1397.984000 -14.950323 0.000000
-1394.444800 -14.987067 0.000000
-1390.905600 -15.023989 0.000000
-1387.366400 -15.061090 0.000000
-1383.827200 -15.098371 0.000000
-1380.288000 -15.135834 0.000000
-1376.748800 -15.173481 0.000000
-1373.209600 -15.211312 0.000000
-1369.670400 -15.249328 0.000000
-1366.131200 -15.287532 0.000000
-1362.592000 -15.325925 0.000000
-1359.052800 -15.364507 0.000000
-1355.513600 -15.403280 0.000000
-1351.974400 -15.442247 0.000000
-1348.435200 -15.481407 0.000000
-1344.896000 -15.520762 0.000000
-1341.356800 -15.560315 0.000000
-1337.817600 -15.600066 0.000000
-1334.278400 -15.640017 0.000000
-1330.739200 -15.680169 0.000000
-1327.200000 -15.720524 0.000000
-1323.660800 -15.761083 0.000000
-1320.121600 -15.801848 0.000000
-1316.582400 -15.842821 0.000000
-1313.043200 -15.884003 0.000000
-1309.504000 -15.925395 0.000000
-1305.964800 -15.966999 0.000000
-1302.425600 -16.008816 0.000000
-1298.886400 -16.050850 0.000000
-1295.347200 -16.093100 0.000000
-1291.808000 -16.135568 0.000000
-1288.268800 -16.178257 0.000000
-1284.729600 -16.221168 0.000000
-1281.190400 -16.264302 0.000000
-1277.651200 -16.307662 0.000000
-1274.112000 -16.351249 0.000000
-1270.572800 -16.395065 0.000000
-1267.033600 -16.439111 0.000000
-1263.494400 -16.483390 0.000000
-1259.955200 -16.527902 0.000000
-1256.416000 -16.572651 0.000000
-1252.876800 -16.617638 0.000000
-1249.337600 -16.662864 0.000000
-1245.798400 -16.708332 0.000000
-1242.259200 -16.754043 0.000000
-1238.720000 -16.800000 0.000000
-1235.180800 -16.846204 0.000000
-1231.641600 -16.892657 0.000000
-1228.102400 -16.939362 0.000000
-1224.563200 -16.986319 0.000000
-1221.024000 -17.033532 0.000000
-1217.484800 -17.081002 0.000000
-1213.945600 -17.128732 0.000000
-1210.406400 -17.176723 0.000000
-1206.867200 -17.224977 0.000000
-1203.328000 -17.273497 0.000000
-1199.788800 -17.322285 0.000000
-1196.249600 -17.371342 0.000000
-1192.710400 -17.420672 0.000000
-1189.171200 -17.470276 0.000000
-1185.632000 -17.520157 0.000000
-1182.092800 -17.570316 0.000000
-1178.553600 -17.620757 0.000000
-1175.014400 -17.671481 0.000000
-1171.475200 -17.722490 0.000000
-1167.936000 -17.773788 0.000000
-1164.396800 -17.825376 0.000000
-1160.857600 -17.877257 0.000000
-1157.318400 -17.929434 0.000000
-1153.779200 -17.981908 0.000000
-1150.240000 -18.034682 0.000000
-1146.700800 -18.087759 0.000000
-1143.161600 -18.141141 0.000000
-1139.622400 -18.194832 0.000000
-1136.083200 -18.248832 0.000000
-1132.544000 -18.303146 0.000000
-1129.004800 -18.357775 0.000000
-1125.465600 -18.412723 0.000000
-1121.926400 -18.467992 0.000000
-1118.387200 -18.523584 0.000000
-1114.848000 -18.579504 0.000000
-1111.308800 -18.635752 0.000000
-1107.769600 -18.692333 0.000000
-1104.230400 -18.749249 0.000000
-1100.691200 -18.806503 0.000000
-1097.152000 -18.864097 0.000000
-1093.612800 -18.922036 0.000000
-1090.073600 -18.980321 0.000000
-1086.534400 -19.038956 0.000000
-1082.995200 -19.097945 0.000000
-1079.456000 -19.157289 0.000000
-1075.916800 -19.216992 0.000000
-1072.377600 -19.277057 0.000000
-1068.838400 -19.337488 0.000000
-1065.299200 -19.398288 0.000000
-1061.760000 -19.459459 0.000000
-1058.220800 -19.521006 0.000000
-1054.681600 -19.582932 0.000000
-1051.142400 -19.645239 0.000000
-1047.603200 -19.707932 0.000000
-1044.064000 -19.771014 0.000000
-1040.524800 -19.834488 0.000000
-1036.985600 -19.898358 0.000000
-1033.446400 -19.962627 0.000000
-1029.907200 -20.027300 0.000000
-1026.368000 -20.092379 0.000000
-1022.828800 -20.157868 0.000000
-1019.289600 -20.223772 0.000000
-1015.750400 -20.290094 0.000000
-1012.211200 -20.356838 0.000000
-1008.672000 -20.424007 0.000000
-1005.132800 -20.491606 0.000000
-1001.593600 -20.559639 0.000000
-998.054400 -20.628109 0.000000
-994.515200 -20.697021 0.000000
-990.976000 -20.766378 0.000000
-987.436800 -20.836186 0.000000
-983.897600 -20.906447 0.000000
-980.358400 -20.977167 0.000000
-976.819200 -21.048350 0.000000
-973.280000 -21.120000 0.000000
-969.740800 -21.192121 0.000000
-966.201600 -21.264718 0.000000
-962.662400 -21.337796 0.000000
-959.123200 -21.411359 0.000000
-955.584000 -21.485411 0.000000
-952.044800 -21.559958 0.000000
-948.505600 -21.635003 0.000000
-944.966400 -21.710553 0.000000
-941.427200 -21.786611 0.000000
-937.888000 -21.863183 0.000000
-934.348800 -21.940274 0.000000
-930.809600 -22.017888 0.000000
-927.270400 -22.096031 0.000000
-923.731200 -22.174707 0.000000
-920.192000 -22.253923 0.000000
-916.652800 -22.333683 0.000000
-913.113600 -22.413993 0.000000
-909.574400 -22.494858 0.000000
-906.035200 -22.576283 0.000000
-902.496000 -22.658275 0.000000
-898.956800 -22.740838 0.000000
-895.417600 -22.823979 0.000000
-891.878400 -22.907703 0.000000
-888.339200 -22.992015 0.000000
-884.800000 -23.076923 0.000000
-881.260800 -23.162432 0.000000
-877.721600 -23.248547 0.000000
-874.182400 -23.335275 0.000000
-870.643200 -23.422623 0.000000
-867.104000 -23.510596 0.000000
-863.564800 -23.599200 0.000000
-860.025600 -23.688443 0.000000
-856.486400 -23.778331 0.000000
-852.947200 -23.868870 0.000000
-849.408000 -23.960067 0.000000
-845.868800 -24.051928 0.000000
-842.329600 -24.144461 0.000000
-838.790400 -24.237672 0.000000
-835.251200 -24.331569 0.000000
-831.712000 -24.426159 0.000000
-828.172800 -24.521448 0.000000
-824.633600 -24.617444 0.000000
-821.094400 -24.714154 0.000000
-817.555200 -24.811586 0.000000
-814.016000 -24.909747 0.000000
-810.476800 -25.008646 0.000000
-806.937600 -25.108289 0.000000
-803.398400 -25.208684 0.000000
-799.859200 -25.309840 0.000000
-796.320000 -25.411765 0.000000
-792.780800 -25.514466 0.000000
-789.241600 -25.617952 0.000000
-785.702400 -25.722231 0.000000
-782.163200 -25.827312 0.000000
-778.624000 -25.933202 0.000000
-775.084800 -26.039912 0.000000
-771.545600 -26.147449 0.000000
-768.006400 -26.255823 0.000000
-764.467200 -26.365042 0.000000
-760.928000 -26.475115 0.000000
-757.388800 -26.586053 0.000000
-753.849600 -26.697863 0.000000
-750.310400 -26.810556 0.000000
-746.771200 -26.924140 0.000000
-743.232000 -27.038627 0.000000
-739.692800 -27.154024 0.000000
-736.153600 -27.270344 0.000000
-732.614400 -27.387594 0.000000
-729.075200 -27.505786 0.000000
-725.536000 -27.624930 0.000000
-721.996800 -27.745036 0.000000
-718.457600 -27.866115 0.000000
-714.918400 -27.988177 0.000000
-711.379200 -28.111233 0.000000
-707.840000 -28.235294 0.000000
-704.300800 -28.360371 0.000000
-700.761600 -28.486476 0.000000
-697.222400 -28.613619 0.000000
-693.683200 -28.741812 0.000000
-690.144000 -28.871067 0.000000
-686.604800 -29.001395 0.000000
-683.065600 -29.132808 0.000000
-679.526400 -29.265319 0.000000
-675.987200 -29.398938 0.000000
-672.448000 -29.533679 0.000000
-668.908800 -29.669553 0.000000
-665.369600 -29.806574 0.000000
-661.830400 -29.944754 0.000000
-658.291200 -30.084106 0.000000
-654.752000 -30.224643 0.000000
-651.212800 -30.366377 0.000000
-647.673600 -30.509322 0.000000
-644.134400 -30.653492 0.000000
-640.595200 -30.798900 0.000000
-637.056000 -30.945559 0.000000
-633.516800 -31.093483 0.000000
-629.977600 -31.242687 0.000000
-626.438400 -31.393183 0.000000
-622.899200 -31.544987 0.000000
-619.360000 -31.698113 0.000000
-615.820800 -31.852575 0.000000
-612.281600 -32.008388 0.000000
-608.742400 -32.165565 0.000000
-605.203200 -32.324123 0.000000
-601.664000 -32.484076 0.000000
-598.124800 -32.645440 0.000000
-594.585600 -32.808228 0.000000
-591.046400 -32.972457 0.000000
-587.507200 -33.138142 0.000000
-583.968000 -33.305299 0.000000
-580.428800 -33.473942 0.000000
-576.889600 -33.644088 0.000000
-573.350400 -33.815753 0.000000
-569.811200 -33.988952 0.000000
-566.272000 -34.163701 0.000000
-562.732800 -34.340017 0.000000
-559.193600 -34.517914 0.000000
-555.654400 -34.697411 0.000000
-552.115200 -34.878521 0.000000
-548.576000 -35.061263 0.000000
-545.036800 -35.245652 0.000000
-541.497600 -35.431703 0.000000
-537.958400 -35.619434 0.000000
-534.419200 -35.808861 0.000000
-530.880000 -36.000000 0.000000
-527.340800 -36.192867 0.000000
-523.801600 -36.387477 0.000000
-520.262400 -36.583848 0.000000
-516.723200 -36.781995 0.000000
-513.184000 -36.981934 0.000000
-509.644800 -37.183680 0.000000
-506.105600 -37.387250 0.000000
-502.566400 -37.592658 0.000000
-499.027200 -37.799920 0.000000
-495.488000 -38.009050 0.000000
-491.948800 -38.220063 0.000000
-488.409600 -38.432974 0.000000
-484.870400 -38.647797 0.000000
-481.331200 -38.864546 0.000000
-477.792000 -39.083233 0.000000
-474.252800 -39.303872 0.000000
-470.713600 -39.526475 0.000000
-467.174400 -39.751054 0.000000
-463.635200 -39.977621 0.000000
-460.096000 -40.206186 0.000000
-456.556800 -40.436759 0.000000
-453.017600 -40.669350 0.000000
-449.478400 -40.903967 0.000000
-445.939200 -41.140618 0.000000
-442.400000 -41.379310 0.000000
-438.860800 -41.620049 0.000000
-435.321600 -41.862840 0.000000
-431.782400 -42.107685 0.000000
-428.243200 -42.354588 0.000000
-424.704000 -42.603550 0.000000
-421.164800 -42.854571 0.000000
-417.625600 -43.107647 0.000000
-414.086400 -43.362777 0.000000
-410.547200 -43.619955 0.000000
-407.008000 -43.879173 0.000000
-403.468800 -44.140423 0.000000
-399.929600 -44.403694 0.000000
-396.390400 -44.668971 0.000000
-392.851200 -44.936239 0.000000
-389.312000 -45.205479 0.000000
-385.772800 -45.476671 0.000000
-382.233600 -45.749788 0.000000
-378.694400 -46.024805 0.000000
-375.155200 -46.301689 0.000000
-371.616000 -46.580407 0.000000
-368.076800 -46.860919 0.000000
-364.537600 -47.143184 0.000000
-360.998400 -47.427154 0.000000
-357.459200 -47.712779 0.000000
-353.920000 -48.000000 0.000000
-350.380800 -48.288757 0.000000
-346.841600 -48.578982 0.000000
-343.302400 -48.870602 0.000000
-339.763200 -49.163537 0.000000
-336.224000 -49.457701 0.000000
-332.684800 -49.752999 0.000000
-329.145600 -50.049332 0.000000
-325.606400 -50.346589 0.000000
-322.067200 -50.644653 0.000000
-318.528000 -50.943396 0.000000
-314.988800 -51.242683 0.000000
-311.449600 -51.542366 0.000000
-307.910400 -51.842288 0.000000
-304.371200 -52.142280 0.000000
-300.832000 -52.442159 0.000000
-297.292800 -52.741733 0.000000
-293.753600 -53.040792 0.000000
-290.214400 -53.339115 0.000000
-286.675200 -53.636464 0.000000
-283.136000 -53.932584 0.000000
-279.596800 -54.227205 0.000000
-276.057600 -54.520037 0.000000
-272.518400 -54.810772 0.000000
-268.979200 -55.099082 0.000000
-265.440000 -55.384615 0.000000
-261.900800 -55.667001 0.000000
-258.361600 -55.945842 0.000000
-254.822400 -56.220718 0.000000
-251.283200 -56.491182 0.000000
-247.744000 -56.756757 0.000000
-244.204800 -57.016940 0.000000
-240.665600 -57.271196 0.000000
-237.126400 -57.518958 0.000000
-233.587200 -57.759627 0.000000
-230.048000 -57.992565 0.000000
-226.508800 -58.217101 0.000000
-222.969600 -58.432524 0.000000
-219.430400 -58.638083 0.000000
-215.891200 -58.832985 0.000000
-212.352000 -59.016393 0.000000
-208.812800 -59.187427 0.000000
-205.273600 -59.345157 0.000000
-201.734400 -59.488607 0.000000
-198.195200 -59.616749 0.000000
-194.656000 -59.728507 0.000000
-191.116800 -59.822747 0.000000
-187.577600 -59.898286 0.000000
-184.038400 -59.953882 0.000000
-180.499200 -59.988238 0.000000
-176.960000 -60.000000 0.000000
-173.420800 -59.987758 0.000000
-169.881600 -59.950042 0.000000
-166.342400 -59.885326 0.000000
-162.803200 -59.792028 0.000000
-159.264000 -59.668508 0.000000
-155.724800 -59.513075 0.000000
-152.185600 -59.323983 0.000000
-148.646400 -59.099437 0.000000
-145.107200 -58.837599 0.000000
-141.568000 -58.536585 0.000000
-138.028800 -58.194479 0.000000
-134.489600 -57.809331 0.000000
-130.950400 -57.379168 0.000000
-127.411200 -56.902002 0.000000
-123.872000 -56.375839 0.000000
-120.332800 -55.798687 0.000000
-116.793600 -55.168571 0.000000
-113.254400 -54.483541 0.000000
-109.715200 -53.741693 0.000000
-106.176000 -52.941176 0.000000
-102.636800 -52.080216 0.000000
-99.097600 -51.157125 0.000000
-95.558400 -50.170331 0.000000
-92.019200 -49.118388 0.000000
-88.480000 -48.000000 0.000000
-84.940800 -46.814044 0.000000
-81.401600 -45.559591 0.000000
-77.862400 -44.235925 0.000000
-74.323200 -42.842571 0.000000
-70.784000 -41.379310 0.000000
-67.244800 -39.846208 0.000000
-63.705600 -38.243626 0.000000
-60.166400 -36.572248 0.000000
-56.627200 -34.833091 0.000000
-53.088000 -33.027523 0.000000
-49.548800 -31.157270 0.000000
-46.009600 -29.224429 0.000000
-42.470400 -27.231467 0.000000
-38.931200 -25.181229 0.000000
-35.392000 -23.076923 0.000000
-31.852800 -20.922123 0.000000
-28.313600 -18.720749 0.000000
-24.774400 -16.477050 0.000000
-21.235200 -14.195584 0.000000
-17.696000 -11.881188 0.000000
-14.156800 -9.538951 0.000000
-10.617600 -7.174173 0.000000
-7.078400 -4.792332 0.000000
-3.539200 -2.399040 0.000000
0.000000 0.000000 0.763944
3.539200 2.399040 1.527582
7.078400 4.792332 2.290305
10.617600 7.174173 3.051509
14.156800 9.538951 3.810594
17.696000 11.881188 4.566974
21.235200 14.195584 5.320073
24.774400 16.477050 6.069332
28.313600 18.720749 6.814207
31.852800 20.922123 7.554175
35.392000 23.076923 8.288737
38.931200 25.181229 9.017412
42.470400 27.231467 9.739750
46.009600 29.224429 10.455321
49.548800 31.157270 11.163725
53.088000 33.027523 11.864591
56.627200 34.833091 12.557574
60.166400 36.572248 13.242356
63.705600 38.243626 13.918652
67.244800 39.846208 14.586202
70.784000 41.379310 15.244774
74.323200 42.842571 15.894165
77.862400 44.235925 16.534198
81.401600 45.559591 17.164723
84.940800 46.814044 17.785614
88.480000 48.000000 18.396769
92.019200 49.118388 18.998110
95.558400 50.170331 19.589580
99.097600 51.157125 20.171145
102.636800 52.080216 20.742788
106.176000 52.941176 21.304512
109.715200 53.741693 21.856335
113.254400 54.483541 22.398293
116.793600 55.168571 22.930435
120.332800 55.798687 23.452825
123.872000 56.375839 23.965539
127.411200 56.902002 24.468664
130.950400 57.379168 24.962295
134.489600 57.809331 25.446539
138.028800 58.194479 25.921510
141.568000 58.536585 26.387330
145.107200 58.837599 26.844124
148.646400 59.099437 27.292028
152.185600 59.323983 27.731177
155.724800 59.513075 28.161713
159.264000 59.668508 28.583781
162.803200 59.792028 28.997529
166.342400 59.885326 29.403106
169.881600 59.950042 29.800662
173.420800 59.987758 30.190349
176.960000 60.000000 30.572321
180.499200 59.988238 30.946730
184.038400 59.953882 31.313728
187.577600 59.898286 31.673468
191.116800 59.822747 32.026101
194.656000 59.728507 32.371777
198.195200 59.616749 32.710645
201.734400 59.488607 33.042852
205.273600 59.345157 33.368544
208.812800 59.187427 33.687865
212.352000 59.016393 34.000957
215.891200 58.832985 34.307959
219.430400 58.638083 34.609009
222.969600 58.432524 34.904241
226.508800 58.217101 35.193789
230.048000 57.992565 35.477783
233.587200 57.759627 35.756351
237.126400 57.518958 36.029617
240.665600 57.271196 36.297705
244.204800 57.016940 36.560735
247.744000 56.756757 36.818824
251.283200 56.491182 37.072088
254.822400 56.220718 37.320638
258.361600 55.945842 37.564585
261.900800 55.667001 37.804035
265.440000 55.384615 38.039095
268.979200 55.099082 38.269866
272.518400 54.810772 38.496448
276.057600 54.520037 38.718938
279.596800 54.227205 38.937433
283.136000 53.932584 39.152024
286.675200 53.636464 39.362802
290.214400 53.339115 39.569855
293.753600 53.040792 39.773270
297.292800 52.741733 39.973129
300.832000 52.442159 40.169516
304.371200 52.142280 40.362509
307.910400 51.842288 40.552186
311.449600 51.542366 40.738623
314.988800 51.242683 40.921893
318.528000 50.943396 41.102069
322.067200 50.644653 41.279219
325.606400 50.346589 41.453413
329.145600 50.049332 41.624716
332.684800 49.752999 41.793193
336.224000 49.457701 41.958908
339.763200 49.163537 42.121921
343.302400 48.870602 42.282292
346.841600 48.578982 42.440079
350.380800 48.288757 42.595340
353.920000 48.000000 42.748128
357.459200 47.712779 42.898499
360.998400 47.427154 43.046504
364.537600 47.143184 43.192195
368.076800 46.860919 43.335621
371.616000 46.580407 43.476831
375.155200 46.301689 43.615871
378.694400 46.024805 43.752788
382.233600 45.749788 43.887627
385.772800 45.476671 44.020432
389.312000 45.205479 44.151244
392.851200 44.936239 44.280106
396.390400 44.668971 44.407057
399.929600 44.403694 44.532138
403.468800 44.140423 44.655387
407.008000 43.879173 44.776840
410.547200 43.619955 44.896536
414.086400 43.362777 45.014508
417.625600 43.107647 45.130793
421.164800 42.854571 45.245423
424.704000 42.603550 45.358433
428.243200 42.354588 45.469853
431.782400 42.107685 45.579716
435.321600 41.862840 45.688053
438.860800 41.620049 45.794892
442.400000 41.379310 45.900264
445.939200 41.140618 46.004196
449.478400 40.903967 46.106717
453.017600 40.669350 46.207853
456.556800 40.436759 46.307631
460.096000 40.206186 46.406078
463.635200 39.977621 46.503217
467.174400 39.751054 46.599074
470.713600 39.526475 46.693673
474.252800 39.303872 46.787038
477.792000 39.083233 46.879190
481.331200 38.864546 46.970153
484.870400 38.647797 47.059949
488.409600 38.432974 47.148598
491.948800 38.220063 47.236122
495.488000 38.009050 47.322541
499.027200 37.799920 47.407875
502.566400 37.592658 47.492143
506.105600 37.387250 47.575365
509.644800 37.183680 47.657559
513.184000 36.981934 47.738743
516.723200 36.781995 47.818936
520.262400 36.583848 47.898153
523.801600 36.387477 47.976413
527.340800 36.192867 48.053732
530.880000 36.000000 48.130127
534.419200 35.808861 48.205612
537.958400 35.619434 48.280205
541.497600 35.431703 48.353919
545.036800 35.245652 48.426770
548.576000 35.061263 48.498772
552.115200 34.878521 48.569940
555.654400 34.697411 48.640287
559.193600 34.517914 48.709827
562.732800 34.340017 48.778574
566.272000 34.163701 48.846541
569.811200 33.988952 48.913740
573.350400 33.815753 48.980184
576.889600 33.644088 49.045884
580.428800 33.473942 49.110854
583.968000 33.305299 49.175105
587.507200 33.138142 49.238649
591.046400 32.972457 49.301496
594.585600 32.808228 49.363658
598.124800 32.645440 49.425145
601.664000 32.484076 49.485969
605.203200 32.324123 49.546139
608.742400 32.165565 49.605665
612.281600 32.008388 49.664559
615.820800 31.852575 49.722829
619.360000 31.698113 49.780485
622.899200 31.544987 49.837537
626.438400 31.393183 49.893993
629.977600 31.242687 49.949863
633.516800 31.093483 50.005156
637.056000 30.945559 50.059879
640.595200 30.798900 50.114043
644.134400 30.653492 50.167654
647.673600 30.509322 50.220722
651.212800 30.366377 50.273254
654.752000 30.224643 50.325259
658.291200 30.084106 50.376743
661.830400 29.944754 50.427715
665.369600 29.806574 50.478181
668.908800 29.669553 50.528150
672.448000 29.533679 50.577628
675.987200 29.398938 50.626623
679.526400 29.265319 50.675141
683.065600 29.132808 50.723189
686.604800 29.001395 50.770774
690.144000 28.871067 50.817902
693.683200 28.741812 50.864579
697.222400 28.613619 50.910813
700.761600 28.486476 50.956608
704.300800 28.360371 51.001972
707.840000 28.235294 51.046910
711.379200 28.111233 51.091428
714.918400 27.988177 51.135531
718.457600 27.866115 51.179226
721.996800 27.745036 51.222518
725.536000 27.624930 51.265412
729.075200 27.505786 51.307914
732.614400 27.387594 51.350028
736.153600 27.270344 51.391761
739.692800 27.154024 51.433117
743.232000 27.038627 51.474101
746.771200 26.924140 51.514718
750.310400 26.810556 51.554973
753.849600 26.697863 51.594871
757.388800 26.586053 51.634416
760.928000 26.475115 51.673613
764.467200 26.365042 51.712466
768.006400 26.255823 51.750979
771.545600 26.147449 51.789158
775.084800 26.039912 51.827007
778.624000 25.933202 51.864528
782.163200 25.827312 51.901728
785.702400 25.722231 51.938609
789.241600 25.617952 51.975176
792.780800 25.514466 52.011433
796.320000 25.411765 52.047383
799.859200 25.309840 52.083031
803.398400 25.208684 52.118380
806.937600 25.108289 52.153433
810.476800 25.008646 52.188195
814.016000 24.909747 52.222669
817.555200 24.811586 52.256859
821.094400 24.714154 52.290767
824.633600 24.617444 52.324398
828.172800 24.521448 52.357754
831.712000 24.426159 52.390840
835.251200 24.331569 52.423658
838.790400 24.237672 52.456211
842.329600 24.144461 52.488502
845.868800 24.051928 52.520536
849.408000 23.960067 52.552314
852.947200 23.868870 52.583839
856.486400 23.778331 52.615116
860.025600 23.688443 52.646146
863.564800 23.599200 52.676932
867.104000 23.510596 52.707478
870.643200 23.422623 52.737785
874.182400 23.335275 52.767857
877.721600 23.248547 52.797697
881.260800 23.162432 52.827307
884.800000 23.076923 52.856689
888.339200 22.992015 52.885847
891.878400 22.907703 52.914782
895.417600 22.823979 52.943498
898.956800 22.740838 52.971997
902.496000 22.658275 53.000281
906.035200 22.576283 53.028352
909.574400 22.494858 53.056213
913.113600 22.413993 53.083867
916.652800 22.333683 53.111315
920.192000 22.253923 53.138559
923.731200 22.174707 53.165603
927.270400 22.096031 53.192448
930.809600 22.017888 53.219096
934.348800 21.940274 53.245550
937.888000 21.863183 53.271812
941.427200 21.786611 53.297883
944.966400 21.710553 53.323765
948.505600 21.635003 53.349462
952.044800 21.559958 53.374974
955.584000 21.485411 53.400304
959.123200 21.411359 53.425453
962.662400 21.337796 53.450424
966.201600 21.264718 53.475218
969.740800 21.192121 53.499837
973.280000 21.120000 53.524283
976.819200 21.048350 53.548558
980.358400 20.977167 53.572664
983.897600 20.906447 53.596601
987.436800 20.836186 53.620373
990.976000 20.766378 53.643981
994.515200 20.697021 53.667426
998.054400 20.628109 53.690710
1001.593600 20.559639 53.713835
1005.132800 20.491606 53.736802
1008.672000 20.424007 53.759613
1012.211200 20.356838 53.782270
1015.750400 20.290094 53.804774
1019.289600 20.223772 53.827126
1022.828800 20.157868 53.849328
1026.368000 20.092379 53.871382
1029.907200 20.027300 53.893289
1033.446400 19.962627 53.915050
1036.985600 19.898358 53.936667
1040.524800 19.834488 53.958142
1044.064000 19.771014 53.979475
1047.603200 19.707932 54.000668
1051.142400 19.645239 54.021723
1054.681600 19.582932 54.042641
1058.220800 19.521006 54.063422
1061.760000 19.459459 54.084069
1065.299200 19.398288 54.104583
1068.838400 19.337488 54.124965
1072.377600 19.277057 54.145216
1075.916800 19.216992 54.165338
1079.456000 19.157289 54.185331
1082.995200 19.097945 54.205197
1086.534400 19.038956 54.224938
1090.073600 18.980321 54.244553
1093.612800 18.922036 54.264045
1097.152000 18.864097 54.283415
1100.691200 18.806503 54.302664
1104.230400 18.749249 54.321792
1107.769600 18.692333 54.340802
1111.308800 18.635752 54.359693
1114.848000 18.579504 54.378468
1118.387200 18.523584 54.397127
1121.926400 18.467992 54.415671
1125.465600 18.412723 54.434102
1129.004800 18.357775 54.452420
1132.544000 18.303146 54.470626
1136.083200 18.248832 54.488722
1139.622400 18.194832 54.506709
1143.161600 18.141141 54.524586
1146.700800 18.087759 54.542356
1150.240000 18.034682 54.560020
1153.779200 17.981908 54.577578
1157.318400 17.929434 54.595031
1160.857600 17.877257 54.612380
1164.396800 17.825376 54.629626
1167.936000 17.773788 54.646770
1171.475200 17.722490 54.663813
1175.014400 17.671481 54.680756
1178.553600 17.620757 54.697599
1182.092800 17.570316 54.714344
1185.632000 17.520157 54.730991
1189.171200 17.470276 54.747542
1192.710400 17.420672 54.763996
1196.249600 17.371342 54.780356
1199.788800 17.322285 54.796621
1203.328000 17.273497 54.812792
1206.867200 17.224977 54.828871
1210.406400 17.176723 54.844858
1213.945600 17.128732 54.860754
1217.484800 17.081002 54.876559
1221.024000 17.033532 54.892275
1224.563200 16.986319 54.907902
1228.102400 16.939362 54.923441
1231.641600 16.892657 54.938892
1235.180800 16.846204 54.954257
1238.720000 16.800000 54.969536
1242.259200 16.754043 54.984730
1245.798400 16.708332 54.999839
1249.337600 16.662864 55.014864
1252.876800 16.617638 55.029806
1256.416000 16.572651 55.044666
1259.955200 16.527902 55.059444
1263.494400 16.483390 55.074141
1267.033600 16.439111 55.088758
1270.572800 16.395065 55.103295
1274.112000 16.351249 55.117752
1277.651200 16.307662 55.132132
1281.190400 16.264302 55.146433
1284.729600 16.221168 55.160657
1288.268800 16.178257 55.174805
1291.808000 16.135568 55.188876
1295.347200 16.093100 55.202872
1298.886400 16.050850 55.216794
1302.425600 16.008816 55.230641
1305.964800 15.966999 55.244414
1309.504000 15.925395 55.258115
1313.043200 15.884003 55.271743
1316.582400 15.842821 55.285299
1320.121600 15.801848 55.298784
1323.660800 15.761083 55.312198
1327.200000 15.720524 55.325542
1330.739200 15.680169 55.338817
1334.278400 15.640017 55.352022
1337.817600 15.600066 55.365159
1341.356800 15.560315 55.378227
1344.896000 15.520762 55.391228
1348.435200 15.481407 55.404162
1351.974400 15.442247 55.417030
1355.513600 15.403280 55.429832
1359.052800 15.364507 55.442568
1362.592000 15.325925 55.455239
1366.131200 15.287532 55.467846
1369.670400 15.249328 55.480388
1373.209600 15.211312 55.492867
1376.748800 15.173481 55.505284
1380.288000 15.135834 55.517637
1383.827200 15.098371 55.529929
1387.366400 15.061090 55.542158
1390.905600 15.023989 55.554327
1394.444800 14.987067 55.566435
1397.984000 14.950323 55.578483
1401.523200 14.913756 55.590471
1405.062400 14.877365 55.602399
1408.601600 14.841148 55.614269
1412.140800 14.805103 55.626080
1415.680000 14.769231 55.637833
1419.219200 14.733529 55.649528
1422.758400 14.697996 55.661166
1426.297600 14.662632 55.672747
1429.836800 14.627435 55.684272
1433.376000 14.592404 55.695741
1436.915200 14.557537 55.707154
1440.454400 14.522834 55.718513
1443.993600 14.488293 55.729816
1447.532800 14.453914 55.741065
1451.072000 14.419695 55.752260
1454.611200 14.385635 55.763401
1458.150400 14.351734 55.774489
1461.689600 14.317989 55.785525
1465.228800 14.284400 55.796507
1468.768000 14.250966 55.807438
1472.307200 14.217686 55.818317
1475.846400 14.184558 55.829144
1479.385600 14.151582 55.839921
1482.924800 14.118757 55.850647
1486.464000 14.086082 55.861322
1490.003200 14.053555 55.871948
1493.542400 14.021176 55.882524
1497.081600 13.988943 55.893051
1500.620800 13.956857 55.903529
1504.160000 13.924915 55.913958
1507.699200 13.893116 55.924339
1511.238400 13.861461 55.934672
1514.777600 13.829948 55.944958
1518.316800 13.798575 55.955196
1521.856000 13.767343 55.965387
1525.395200 13.736249 55.975532
1528.934400 13.705294 55.985630
1532.473600 13.674476 55.995683
1536.012800 13.643794 56.005690
1539.552000 13.613248 56.015651
1543.091200 13.582837 56.025568
1546.630400 13.552559 56.035439
1550.169600 13.522414 56.045266
1553.708800 13.492401 56.055049
1557.248000 13.462519 56.064789
1560.787200 13.432768 56.074484
1564.326400 13.403146 56.084137
1567.865600 13.373652 56.093746
1571.404800 13.344287 56.103313
1574.944000 13.315048 56.112837
1578.483200 13.285936 56.122319
1582.022400 13.256949 56.131760
1585.561600 13.228086 56.141158
1589.100800 13.199347 56.150516
1592.640000 13.170732 56.159832
1596.179200 13.142238 56.169108
1599.718400 13.113866 56.178343
1603.257600 13.085615 56.187538
1606.796800 13.057484 56.196693
1610.336000 13.029471 56.205808
1613.875200 13.001578 56.214884
1617.414400 12.973802 56.223920
1620.953600 12.946143 56.232918
1624.492800 12.918600 56.241877
1628.032000 12.891172 56.250797
1631.571200 12.863860 56.259679
1635.110400 12.836661 56.268523
1638.649600 12.809576 56.277330
1642.188800 12.782604 56.286099
1645.728000 12.755744 56.294831
1649.267200 12.728994 56.303525
1652.806400 12.702356 56.312183
1656.345600 12.675827 56.320805
1659.884800 12.649408 56.329390
1663.424000 12.623098 56.337939
1666.963200 12.596895 56.346452
1670.502400 12.570800 56.354930
1674.041600 12.544811 56.363372
1677.580800 12.518928 56.371779
1681.120000 12.493151 56.380151
1684.659200 12.467478 56.388488
1688.198400 12.441909 56.396791
1691.737600 12.416444 56.405059
1695.276800 12.391082 56.413294
1698.816000 12.365822 56.421494
1702.355200 12.340664 56.429660
1705.894400 12.315607 56.437794
1709.433600 12.290650 56.445894
1712.972800 12.265793 56.453960
1716.512000 12.241035 56.461994
1720.051200 12.216376 56.469995
1723.590400 12.191815 56.477964
1727.129600 12.167351 56.485901
1730.668800 12.142984 56.493805
1734.208000 12.118714 56.501677
1737.747200 12.094539 56.509518
1741.286400 12.070460 56.517327
1744.825600 12.046475 56.525105
1748.364800 12.022585 56.532852
1751.904000 11.998788 56.540568
1755.443200 11.975084 56.548253
1758.982400 11.951473 56.555907
1762.521600 11.927953 56.563532
1766.060800 11.904525 56.571125
1769.600000 11.881188 56.578689
1773.139200 11.857941 56.586223
1776.678400 11.834785 56.593727
1780.217600 11.811717 56.601202
1783.756800 11.788738 56.608647
1787.296000 11.765848 56.616064
1790.835200 11.743045 56.623451
1794.374400 11.720330 56.630809
1797.913600 11.697702 56.638139
1801.452800 11.675160 56.645440
1804.992000 11.652704 56.652713
1808.531200 11.630333 56.659958
1812.070400 11.608047 56.667174
1815.609600 11.585846 56.674363
1819.148800 11.563728 56.681525
1822.688000 11.541694 56.688658
1826.227200 11.519743 56.695764
1829.766400 11.497874 56.702844
1833.305600 11.476088 56.709896
1836.844800 11.454383 56.716921
1840.384000 11.432759 56.723919
1843.923200 11.411216 56.730891
1847.462400 11.389754 56.737836
1851.001600 11.368371 56.744755
1854.540800 11.347067 56.751648
1858.080000 11.325843 56.758515
1861.619200 11.304697 56.765356
1865.158400 11.283629 56.772172
1868.697600 11.262638 56.778961
1872.236800 11.241725 56.785726
1875.776000 11.220889 56.792465
1879.315200 11.200129 56.799179
1882.854400 11.179446 56.805868
1886.393600 11.158837 56.812532
1889.932800 11.138304 56.819171
1893.472000 11.117846 56.825786
1897.011200 11.097462 56.832376
1900.550400 11.077152 56.838942
1904.089600 11.056915 56.845484
1907.628800 11.036752 56.852002
1911.168000 11.016661 56.858496
1914.707200 10.996643 56.864966
1918.246400 10.976696 56.871413
1921.785600 10.956822 56.877836
1925.324800 10.937018 56.884235
1928.864000 10.917286 56.890611
1932.403200 10.897624 56.896965
1935.942400 10.878031 56.903295
1939.481600 10.858509 56.909602
1943.020800 10.839056 56.915886
1946.560000 10.819672 56.922148
1950.099200 10.800357 56.928388
1953.638400 10.781110 56.934605
1957.177600 10.761930 56.940799
1960.716800 10.742819 56.946972
1964.256000 10.723774 56.953122
1967.795200 10.704797 56.959251
1971.334400 10.685885 56.965357
1974.873600 10.667041 56.971442
1978.412800 10.648261 56.977506
1981.952000 10.629548 56.983548
1985.491200 10.610899 56.989568
1989.030400 10.592315 56.995568
1992.569600 10.573796 57.001546
1996.108800 10.555341 57.007503
1999.648000 10.536949 57.013439
2003.187200 10.518621 57.019355
2006.726400 10.500356 57.025250
2010.265600 10.482155 57.031124
2013.804800 10.464015 57.036978
2017.344000 10.445938 57.042811
2020.883200 10.427922 57.048624
2024.422400 10.409968 57.054417
2027.961600 10.392076 57.060190
2031.500800 10.374244 57.065943
2035.040000 10.356473 57.071676
2038.579200 10.338762 57.077390
2042.118400 10.321111 57.083084
2045.657600 10.303520 57.088758
2049.196800 10.285988 57.094413
2052.736000 10.268516 57.100048
2056.275200 10.251102 57.105664
2059.814400 10.233747 57.111261
2063.353600 10.216450 57.116839
2066.892800 10.199211 57.122398
2070.432000 10.182029 57.127939
2073.971200 10.164905 57.133460
2077.510400 10.147838 57.138963
2081.049600 10.130828 57.144447
2084.588800 10.113874 57.149913
2088.128000 10.096977 57.155360
2091.667200 10.080135 57.160790
2095.206400 10.063349 57.166200
2098.745600 10.046619 57.171593
2102.284800 10.029943 57.176968
2105.824000 10.013323 57.182325
2109.363200 9.996757 57.187664
2112.902400 9.980246 57.192985
2116.441600 9.963788 57.198289
2119.980800 9.947385 57.203575
2123.520000 9.931034 57.208844
2127.059200 9.914738 57.214095
2130.598400 9.898494 57.219329
2134.137600 9.882303 57.224545
2137.676800 9.866164 57.229745
2141.216000 9.850078 57.234927
2144.755200 9.834044 57.240093
2148.294400 9.818061 57.245241
2151.833600 9.802130 57.250373
2155.372800 9.786251 57.255488
2158.912000 9.770422 57.260586
2162.451200 9.754644 57.265668
2165.990400 9.738916 57.270734
2169.529600 9.723239 57.275783
2173.068800 9.707612 57.280815
2176.608000 9.692035 57.285832
2180.147200 9.676507 57.290832
2183.686400 9.661029 57.295816
2187.225600 9.645600 57.300784
2190.764800 9.630219 57.305736
2194.304000 9.614888 57.310672
2197.843200 9.599604 57.315593
2201.382400 9.584369 57.320498
2204.921600 9.569182 57.325387
2208.460800 9.554043 57.330261
2212.000000 9.538951 57.335119
2215.539200 9.523906 57.339962
2219.078400 9.508909 57.344789
2222.617600 9.493958 57.349601
2226.156800 9.479054 57.354398
2229.696000 9.464196 57.359180
2233.235200 9.449385 57.363947
2236.774400 9.434619 57.368698
2240.313600 9.419900 57.373435
2243.852800 9.405226 57.378157
2247.392000 9.390597 57.382865
2250.931200 9.376014 57.387557
2254.470400 9.361475 57.392235
2258.009600 9.346981 57.396899
2261.548800 9.332532 57.401547
2265.088000 9.318127 57.406182
2268.627200 9.303766 57.410802
2272.166400 9.289449 57.415408
2275.705600 9.275176 57.419999
2279.244800 9.260946 57.424577
2282.784000 9.246759 57.429140
2286.323200 9.232616 57.433689
2289.862400 9.218516 57.438225
2293.401600 9.204458 57.442746
2296.940800 9.190443 57.447254
2300.480000 9.176471 57.451747
2304.019200 9.162540 57.456227
2307.558400 9.148652 57.460694
2311.097600 9.134805 57.465147
2314.636800 9.121000 57.469586
2318.176000 9.107236 57.474012
2321.715200 9.093513 57.478424
2325.254400 9.079832 57.482823
2328.793600 9.066191 57.487209
2332.332800 9.052592 57.491582
2335.872000 9.039032 57.495941
2339.411200 9.025513 57.500287
2342.950400 9.012034 57.504621
2346.489600 8.998595 57.508941
2350.028800 8.985196 57.513248
2353.568000 8.971837 57.517543
2357.107200 8.958516 57.521824
2360.646400 8.945236 57.526093
2364.185600 8.931994 57.530350
2367.724800 8.918791 57.534593
2371.264000 8.905627 57.538824
2374.803200 8.892501 57.543043
2378.342400 8.879414 57.547248
2381.881600 8.866366 57.551442
2385.420800 8.853355 57.555623
2388.960000 8.840382 57.559792
2392.499200 8.827447 57.563949
2396.038400 8.814549 57.568093
2399.577600 8.801689 57.572225
2403.116800 8.788867 57.576345
2406.656000 8.776081 57.580454
2410.195200 8.763332 57.584550
2413.734400 8.750620 57.588634
2417.273600 8.737945 57.592706
2420.812800 8.725306 57.596767
2424.352000 8.712703 57.600815
2427.891200 8.700137 57.604852
2431.430400 8.687607 57.608877
2434.969600 8.675112 57.612891
2438.508800 8.662653 57.616893
2442.048000 8.650230 57.620884
2445.587200 8.637842 57.624863
2449.126400 8.625489 57.628830
2452.665600 8.613172 57.632787
2456.204800 8.600889 57.636731
2459.744000 8.588641 57.640665
2463.283200 8.576428 57.644587
2466.822400 8.564249 57.648499
2470.361600 8.552105 57.652399
2473.900800 8.539995 57.656287
2477.440000 8.527919 57.660165
2480.979200 8.515877 57.664032
2484.518400 8.503868 57.667888
2488.057600 8.491894 57.671733
2491.596800 8.479952 57.675567
2495.136000 8.468045 57.679391
2498.675200 8.456170 57.683203
2502.214400 8.444329 57.687005
2505.753600 8.432520 57.690796
2509.292800 8.420744 57.694577
2512.832000 8.409001 57.698347
2516.371200 8.397291 57.702106
2519.910400 8.385613 57.705855
2523.449600 8.373967 57.709594
2526.988800 8.362353 57.713322
2530.528000 8.350771 57.717039
2534.067200 8.339222 57.720747
2537.606400 8.327703 57.724444
2541.145600 8.316217 57.728131
2544.684800 8.304762 57.731807
2548.224000 8.293338 57.735474
2551.763200 8.281946 57.739130
2555.302400 8.270585 57.742776
2558.841600 8.259255 57.746412
2562.380800 8.247955 57.750039
2565.920000 8.236686 57.753655
2569.459200 8.225448 57.757261
2572.998400 8.214241 57.760858
2576.537600 8.203063 57.764445
2580.076800 8.191916 57.768022
2583.616000 8.180799 57.771589
2587.155200 8.169712 57.775146
2590.694400 8.158655 57.778694
2594.233600 8.147628 57.782232
2597.772800 8.136630 57.785761
2601.312000 8.125662 57.789280
2604.851200 8.114723 57.792789
2608.390400 8.103814 57.796289
2611.929600 8.092933 57.799780
2615.468800 8.082082 57.803261
2619.008000 8.071260 57.806733
2622.547200 8.060466 57.810195
2626.086400 8.049701 57.813649
2629.625600 8.038965 57.817093
2633.164800 8.028257 57.820527
2636.704000 8.017578 57.823953
2640.243200 8.006926 57.827369
2643.782400 7.996303 57.830777
2647.321600 7.985708 57.834175
2650.860800 7.975141 57.837564
2654.400000 7.964602 57.840945
2657.939200 7.954090 57.844316
2661.478400 7.943606 57.847678
2665.017600 7.933149 57.851032
2668.556800 7.922720 57.854377
2672.096000 7.912318 57.857712
2675.635200 7.901943 57.861040
2679.174400 7.891596 57.864358
2682.713600 7.881275 57.867667
2686.252800 7.870981 57.870968
2689.792000 7.860714 57.874261
2693.331200 7.850473 57.877544
2696.870400 7.840259 57.880820
2700.409600 7.830071 57.884086
2703.948800 7.819910 57.887344
2707.488000 7.809775 57.890594
2711.027200 7.799666 57.893835
2714.566400 7.789583 57.897068
2718.105600 7.779526 57.900292
2721.644800 7.769495 57.903508
2725.184000 7.759489 57.906716
2728.723200 7.749510 57.909915
2732.262400 7.739555 57.913106
2735.801600 7.729626 57.916289
2739.340800 7.719723 57.919464
2742.880000 7.709845 57.922630
2746.419200 7.699991 57.925789
2749.958400 7.690163 57.928939
2753.497600 7.680360 57.932082
2757.036800 7.670582 57.935216
2760.576000 7.660828 57.938342
2764.115200 7.651099 57.941461
2767.654400 7.641395 57.944571
2771.193600 7.631715 57.947674
2774.732800 7.622060 57.950768
2778.272000 7.612429 57.953855
2781.811200 7.602822 57.956934
2785.350400 7.593239 57.960005
2788.889600 7.583680 57.963068
2792.428800 7.574146 57.966124
2795.968000 7.564635 57.969172
2799.507200 7.555147 57.972212
2803.046400 7.545684 57.975245
2806.585600 7.536244 57.978270
2810.124800 7.526827 57.981288
2813.664000 7.517434 57.984297
2817.203200 7.508065 57.987300
2820.742400 7.498718 57.990295
2824.281600 7.489395 57.993282
2827.820800 7.480094 57.996262
2831.360000 7.470817 57.999235
2834.899200 7.461563 58.002200
2838.438400 7.452331 58.005158
2841.977600 7.443122 58.008108
2845.516800 7.433936 58.011051
2849.056000 7.424772 58.013987
2852.595200 7.415631 58.016916
2856.134400 7.406512 58.019837
2859.673600 7.397416 58.022751
2863.212800 7.388342 58.025658
2866.752000 7.379289 58.028558
2870.291200 7.370259 58.031451
2873.830400 7.361251 58.034337
2877.369600 7.352265 58.037215
2880.908800 7.343301 58.040087
2884.448000 7.334358 58.042951
2887.987200 7.325437 58.045809
2891.526400 7.316538 58.048659
2895.065600 7.307660 58.051503
2898.604800 7.298804 58.054340
2902.144000 7.289969 58.057170
2905.683200 7.281155 58.059993
2909.222400 7.272363 58.062809
2912.761600 7.263591 58.065618
2916.300800 7.254841 58.068421
2919.840000 7.246112 58.071216
2923.379200 7.237403 58.074005
2926.918400 7.228716 58.076788
2930.457600 7.220049 58.079563
2933.996800 7.211403 58.082332
2937.536000 7.202777 58.085095
2941.075200 7.194172 58.087850
2944.614400 7.185587 58.090599
2948.153600 7.177023 58.093342
2951.692800 7.168479 58.096078
2955.232000 7.159956 58.098807
2958.771200 7.151452 58.101530
2962.310400 7.142969 58.104247
2965.849600 7.134506 58.106957
2969.388800 7.126062 58.109660
2972.928000 7.117639 58.112357
2976.467200 7.109235 58.115048
2980.006400 7.100851 58.117733
2983.545600 7.092487 58.120411
2987.084800 7.084142 58.123082
2990.624000 7.075817 58.125748
2994.163200 7.067512 58.128407
2997.702400 7.059226 58.131060
3001.241600 7.050959 58.133707
3004.780800 7.042711 58.136347
3008.320000 7.034483 58.138981
3011.859200 7.026274 58.141610
3015.398400 7.018083 58.144231
3018.937600 7.009912 58.146847
3022.476800 7.001760 58.149457
3026.016000 6.993627 58.152061
3029.555200 6.985512 58.154658
3033.094400 6.977416 58.157250
3036.633600 6.969339 58.159836
3040.172800 6.961281 58.162415
3043.712000 6.953241 58.164989
3047.251200 6.945219 58.167556
3050.790400 6.937216 58.170118
3054.329600 6.929232 58.172674
3057.868800 6.921265 58.175224
3061.408000 6.913317 58.177768
3064.947200 6.905387 58.180306
3068.486400 6.897475 58.182838
3072.025600 6.889581 58.185365
3075.564800 6.881706 58.187885
3079.104000 6.873848 58.190400
3082.643200 6.866008 58.192910
3086.182400 6.858186 58.195413
3089.721600 6.850381 58.197911
3093.260800 6.842594 58.200403
3096.800000 6.834825 58.202889
3100.339200 6.827073 58.205370
3103.878400 6.819339 58.207845
3107.417600 6.811623 58.210315
3110.956800 6.803923 58.212779
3114.496000 6.796241 58.215237
3118.035200 6.788577 58.217690
3121.574400 6.780929 58.220137
3125.113600 6.773299 58.222578
3128.652800 6.765686 58.225015
3132.192000 6.758090 58.227445
3135.731200 6.750510 58.229871
3139.270400 6.742948 58.232290
3142.809600 6.735403 58.234705
3146.348800 6.727874 58.237114
3149.888000 6.720362 58.239517
3153.427200 6.712867 58.241915
3156.966400 6.705389 58.244308
3160.505600 6.697927 58.246696
3164.044800 6.690482 58.249078
3167.584000 6.683053 58.251455
3171.123200 6.675640 58.253826
3174.662400 6.668244 58.256193
3178.201600 6.660865 58.258554
3181.740800 6.653501 58.260909
3185.280000 6.646154 58.263260
3188.819200 6.638823 58.265605
3192.358400 6.631508 58.267946
3195.897600 6.624209 58.270281
3199.436800 6.616926 58.272611
3202.976000 6.609659 58.274935
3206.515200 6.602408 58.277255
3210.054400 6.595173 58.279570
3213.593600 6.587953 58.281879
3217.132800 6.580749 58.284183
3220.672000 6.573561 58.286483
3224.211200 6.566389 58.288777
3227.750400 6.559232 58.291066
3231.289600 6.552091 58.293351
3234.828800 6.544965 58.295630
3238.368000 6.537855 58.297905
3241.907200 6.530760 58.300174
3245.446400 6.523680 58.302439
3248.985600 6.516616 58.304698
3252.524800 6.509567 58.306953
3256.064000 6.502533 58.309203
3259.603200 6.495514 58.311448
3263.142400 6.488510 58.313688
3266.681600 6.481522 58.315923
3270.220800 6.474548 58.318153
3273.760000 6.467589 58.320379
3277.299200 6.460645 58.322600
3280.838400 6.453716 58.324816
3284.377600 6.446802 58.327027
3287.916800 6.439903 58.329234
3291.456000 6.433018 58.331435
3294.995200 6.426148 58.333633
3298.534400 6.419293 58.335825
3302.073600 6.412452 58.338013
3305.612800 6.405626 58.340196
3309.152000 6.398814 58.342374
3312.691200 6.392016 58.344548
3316.230400 6.385233 58.346717
3319.769600 6.378465 58.348882
3323.308800 6.371710 58.351042
3326.848000 6.364970 58.353197
3330.387200 6.358244 58.355348
3333.926400 6.351532 58.357494
3337.465600 6.344835 58.359636
3341.004800 6.338151 58.361773
3344.544000 6.331482 58.363905
3348.083200 6.324826 58.366034
3351.622400 6.318184 58.368157
3355.161600 6.311557 58.370277
3358.700800 6.304943 58.372391
3362.240000 6.298343 58.374502
3365.779200 6.291756 58.376608
3369.318400 6.285184 58.378709
3372.857600 6.278625 58.380806
3376.396800 6.272079 58.382899
3379.936000 6.265548 58.384987
3383.475200 6.259030 58.387071
3387.014400 6.252525 58.389151
3390.553600 6.246034 58.391226
3394.092800 6.239556 58.393297
3397.632000 6.233092 58.395364
3401.171200 6.226641 58.397426
3404.710400 6.220203 58.399485
3408.249600 6.213778 58.401539
3411.788800 6.207367 58.403588
3415.328000 6.200969 58.405634
3418.867200 6.194584 58.407675
3422.406400 6.188213 58.409712
3425.945600 6.181854 58.411745
3429.484800 6.175508 58.413773
3433.024000 6.169175 58.415798
3436.563200 6.162856 58.417818
3440.102400 6.156549 58.419834
3443.641600 6.150255 58.421846
3447.180800 6.143973 58.423854
3450.720000 6.137705 58.425858
3454.259200 6.131449 58.427857
3457.798400 6.125206 58.429853
3461.337600 6.118976 58.431845
3464.876800 6.112758 58.433832
3468.416000 6.106553 58.435816
3471.955200 6.100361 58.437795
3475.494400 6.094181 58.439770
3479.033600 6.088013 58.441742
3482.572800 6.081858 58.443709
3486.112000 6.075715 58.445673
3489.651200 6.069585 58.447632
3493.190400 6.063467 58.449587
3496.729600 6.057361 58.451539
3500.268800 6.051268 58.453487
3503.808000 6.045186 58.455430
3507.347200 6.039117 58.457370
3510.886400 6.033060 58.459306
3514.425600 6.027015 58.461238
3517.964800 6.020983 58.463166
3521.504000 6.014962 58.465090
3525.043200 6.008953 58.467011
3528.582400 6.002956 58.468927
3532.121600 5.996971 58.470840
3535.660800 5.990999 58.472749
