-10.00000000 0.00260574
-9.95000000 0.00273796
-9.90000000 0.00287827
-9.85000000 0.00302716
-9.80000000 0.00318521
-9.75000000 0.00335306
-9.70000000 0.00353147
-9.65000000 0.00372128
-9.60000000 0.00392344
-9.55000000 0.00413900
-9.50000000 0.00436910
-9.45000000 0.00461497
-9.40000000 0.00487791
-9.35000000 0.00515927
-9.30000000 0.00546046
-9.25000000 0.00578287
-9.20000000 0.00612790
-9.15000000 0.00649692
-9.10000000 0.00689121
-9.05000000 0.00731197
-9.00000000 0.00776028
-8.95000000 0.00823708
-8.90000000 0.00874316
-8.85000000 0.00927920
-8.80000000 0.00984574
-8.75000000 0.01044326
-8.70000000 0.01107221
-8.65000000 0.01173310
-8.60000000 0.01242656
-8.55000000 0.01315347
-8.50000000 0.01391498
-8.45000000 0.01471266
-8.40000000 0.01554856
-8.35000000 0.01642523
-8.30000000 0.01734580
-8.25000000 0.01831399
-8.20000000 0.01933407
-8.15000000 0.02041093
-8.10000000 0.02154994
-8.05000000 0.02275692
-8.00000000 0.02403810
-7.95000000 0.02539991
-7.90000000 0.02684892
-7.85000000 0.02839159
-7.80000000 0.03003411
-7.75000000 0.03178211
-7.70000000 0.03364045
-7.65000000 0.03561293
-7.60000000 0.03770211
-7.55000000 0.03990910
-7.50000000 0.04223352
-7.45000000 0.04467352
-7.40000000 0.04722593
-7.35000000 0.04988656
-7.30000000 0.05265058
-7.25000000 0.05551307
-7.20000000 0.05846953
-7.15000000 0.06151647
-7.10000000 0.06465195
-7.05000000 0.06787597
-7.00000000 0.07119088
-6.95000000 0.07460147
-6.90000000 0.07811506
-6.85000000 0.08174131
-6.80000000 0.08549198
-6.75000000 0.08938052
-6.70000000 0.09342158
-6.65000000 0.09763044
-6.60000000 0.10202240
-6.55000000 0.10661219
-6.50000000 0.11141329
-6.45000000 0.11643740
-6.40000000 0.12169389
-6.35000000 0.12718935
-6.30000000 0.13292735
-6.25000000 0.13890825
-6.20000000 0.14512933
-6.15000000 0.15158510
-6.10000000 0.15826793
-6.05000000 0.16516886
-6.00000000 0.17227873
-5.95000000 0.17958935
-5.90000000 0.18709484
-5.85000000 0.19479276
-5.80000000 0.20268512
-5.75000000 0.21077885
-5.70000000 0.21908581
-5.65000000 0.22762217
-5.60000000 0.23640701
-5.55000000 0.24546041
-5.50000000 0.25480095
-5.45000000 0.26444306
-5.40000000 0.27439435
-5.35000000 0.28465352
-5.30000000 0.29520901
-5.25000000 0.30603875
-5.20000000 0.31711113
-5.15000000 0.32838707
-5.10000000 0.33982289
-5.05000000 0.35137361
-5.00000000 0.36299604
-4.95000000 0.37465128
-4.90000000 0.38630640
-4.85000000 0.39793502
-4.80000000 0.40951712
-4.75000000 0.42103829
-4.70000000 0.43248883
-4.65000000 0.44386310
-4.60000000 0.45515930
-4.55000000 0.46637985
-4.50000000 0.47753224
-4.45000000 0.48863020
-4.40000000 0.49969481
-4.35000000 0.51075541
-4.30000000 0.52184991
-4.25000000 0.53302441
-4.20000000 0.54433208
-4.15000000 0.55583119
-4.10000000 0.56758241
-4.05000000 0.57964549
-4.00000000 0.59207549
-3.95000000 0.60491858
-3.90000000 0.61820770
-3.85000000 0.63195812
-3.80000000 0.64616322
-3.75000000 0.66079066
-3.70000000 0.67577931
-3.65000000 0.69103733
-3.60000000 0.70644185
-3.55000000 0.72184066
-3.50000000 0.73705643
-3.45000000 0.75189346
-3.40000000 0.76614699
-3.35000000 0.77961462
-3.30000000 0.79210891
-3.25000000 0.80347003
-3.20000000 0.81357715
-3.15000000 0.82235708
-3.10000000 0.82978927
-3.05000000 0.83590645
-3.00000000 0.84079094
-2.95000000 0.84456715
-2.90000000 0.84739141
-2.85000000 0.84944019
-2.80000000 0.85089825
-2.75000000 0.85194765
-2.70000000 0.85275854
-2.65000000 0.85348204
-2.60000000 0.85424537
-2.55000000 0.85514911
-2.50000000 0.85626619
-2.45000000 0.85764222
-2.40000000 0.85929697
-2.35000000 0.86122648
-2.30000000 0.86340563
-2.25000000 0.86579103
-2.20000000 0.86832399
-2.15000000 0.87093349
-2.10000000 0.87353918
-2.05000000 0.87605404
-2.00000000 0.87838706
-1.95000000 0.88044549
-1.90000000 0.88213695
-1.85000000 0.88337120
-1.80000000 0.88406175
-1.75000000 0.88412730
-1.70000000 0.88349323
-1.65000000 0.88209324
-1.60000000 0.87987133
-1.55000000 0.87678428
-1.50000000 0.87280469
-1.45000000 0.86792451
-1.40000000 0.86215871
-1.35000000 0.85554875
-1.30000000 0.84816489
-1.25000000 0.84010670
-1.20000000 0.83150092
-1.15000000 0.82249617
-1.10000000 0.81325445
-1.05000000 0.80394007
-1.00000000 0.79470708
-0.95000000 0.78568693
-0.90000000 0.77697806
-0.85000000 0.76863913
-0.80000000 0.76068690
-0.75000000 0.75309904
-0.70000000 0.74582143
-0.65000000 0.73877853
-0.60000000 0.73188533
-0.55000000 0.72505886
-0.50000000 0.71822802
-0.45000000 0.71134047
-0.40000000 0.70436633
-0.35000000 0.69729883
-0.30000000 0.69015241
-0.25000000 0.68295914
-0.20000000 0.67576417
-0.15000000 0.66862103
-0.10000000 0.66158715
-0.05000000 0.65472001
0.00000000 0.64807407
0.05000000 0.64169844
0.10000000 0.63563543
0.15000000 0.62991966
0.20000000 0.62457798
0.25000000 0.61962974
0.30000000 0.61508762
0.35000000 0.61095855
0.40000000 0.60724477
0.45000000 0.60394459
0.50000000 0.60105278
0.55000000 0.59856023
0.60000000 0.59645283
0.65000000 0.59470952
0.70000000 0.59329977
0.75000000 0.59218075
0.80000000 0.59129486
0.85000000 0.59056819
0.90000000 0.58991056
0.95000000 0.58921748
1.00000000 0.58837434
1.05000000 0.58726237
1.10000000 0.58576603
1.15000000 0.58378068
1.20000000 0.58121988
1.25000000 0.57802115
1.30000000 0.57414965
1.35000000 0.56959954
1.40000000 0.56439286
1.45000000 0.55857655
1.50000000 0.55221796
1.55000000 0.54539962
1.60000000 0.53821382
1.65000000 0.53075754
1.70000000 0.52312791
1.75000000 0.51541850
1.80000000 0.50771644
1.85000000 0.50010029
1.90000000 0.49263863
1.95000000 0.48538926
2.00000000 0.47839889
2.05000000 0.47170314
2.10000000 0.46532689
2.15000000 0.45928473
2.20000000 0.45358155
2.25000000 0.44821300
2.30000000 0.44316601
2.35000000 0.43841913
2.40000000 0.43394271
2.45000000 0.42969912
2.50000000 0.42564276
2.55000000 0.42172029
2.60000000 0.41787099
2.65000000 0.41402752
2.70000000 0.41011718
2.75000000 0.40606387
2.80000000 0.40179073
2.85000000 0.39722343
2.90000000 0.39229396
2.95000000 0.38694457
3.00000000 0.38113149
3.05000000 0.37482792
3.10000000 0.36802596
3.15000000 0.36073720
3.20000000 0.35299181
3.25000000 0.34483628
3.30000000 0.33633016
3.35000000 0.32754202
3.40000000 0.31854539
3.45000000 0.30941474
3.50000000 0.30022217
3.55000000 0.29103481
3.60000000 0.28191298
3.65000000 0.27290920
3.70000000 0.26406784
3.75000000 0.25542523
3.80000000 0.24701016
3.85000000 0.23884450
3.90000000 0.23094400
3.95000000 0.22331893
4.00000000 0.21597485
4.05000000 0.20891312
4.10000000 0.20213146
4.15000000 0.19562435
4.20000000 0.18938343
4.25000000 0.18339781
4.30000000 0.17765438
4.35000000 0.17213815
4.40000000 0.16683256
4.45000000 0.16171981
4.50000000 0.15678126
4.55000000 0.15199786
4.60000000 0.14735053
4.65000000 0.14282069
4.70000000 0.13839071
4.75000000 0.13404438
4.80000000 0.12976734
4.85000000 0.12554750
4.90000000 0.12137532
4.95000000 0.11724403
5.00000000 0.11314977
5.05000000 0.10909148
5.10000000 0.10507081
5.15000000 0.10109185
5.20000000 0.09716071
5.25000000 0.09328514
5.30000000 0.08947403
5.35000000 0.08573689
5.40000000 0.08208338
5.45000000 0.07852290
5.50000000 0.07506416
5.55000000 0.07171489
5.60000000 0.06848163
5.65000000 0.06536951
5.70000000 0.06238225
5.75000000 0.05952210
5.80000000 0.05678990
5.85000000 0.05418517
5.90000000 0.05170625
5.95000000 0.04935043
6.00000000 0.04711413
6.05000000 0.04499304
6.10000000 0.04298234
6.15000000 0.04107678
6.20000000 0.03927087
6.25000000 0.03755898
6.30000000 0.03593549
6.35000000 0.03439482
6.40000000 0.03293155
6.45000000 0.03154048
6.50000000 0.03021666
6.55000000 0.02895544
6.60000000 0.02775251
6.65000000 0.02660387
6.70000000 0.02550590
6.75000000 0.02445530
6.80000000 0.02344914
6.85000000 0.02248480
6.90000000 0.02155998
6.95000000 0.02067268
7.00000000 0.01982115
7.05000000 0.01900389
7.10000000 0.01821961
7.15000000 0.01746717
7.20000000 0.01674559
7.25000000 0.01605398
7.30000000 0.01539153
7.35000000 0.01475749
7.40000000 0.01415112
7.45000000 0.01357169
7.50000000 0.01301845
7.55000000 0.01249064
7.60000000 0.01198748
7.65000000 0.01150814
7.70000000 0.01105179
7.75000000 0.01061757
7.80000000 0.01020458
7.85000000 0.00981193
7.90000000 0.00943873
7.95000000 0.00908409
8.00000000 0.00874713
8.05000000 0.00842697
8.10000000 0.00812277
8.15000000 0.00783373
8.20000000 0.00755904
8.25000000 0.00729795
8.30000000 0.00704973
8.35000000 0.00681368
8.40000000 0.00658915
8.45000000 0.00637550
8.50000000 0.00617213
8.55000000 0.00597847
8.60000000 0.00579399
8.65000000 0.00561816
8.70000000 0.00545052
8.75000000 0.00529060
8.80000000 0.00513797
8.85000000 0.00499223
8.90000000 0.00485298
8.95000000 0.00471988
9.00000000 0.00459257
9.05000000 0.00447075
9.10000000 0.00435411
9.15000000 0.00424238
9.20000000 0.00413530
9.25000000 0.00403260
9.30000000 0.00393408
9.35000000 0.00383951
9.40000000 0.00374870
9.45000000 0.00366144
9.50000000 0.00357757
9.55000000 0.00349692
9.60000000 0.00341933
9.65000000 0.00334466
9.70000000 0.00327277
9.75000000 0.00320352
9.80000000 0.00313679
9.85000000 0.00307247
9.90000000 0.00301044
9.95000000 0.00295059
