-10.00000000 0.00257680
-9.95000000 0.00271237
-9.90000000 0.00285813
-9.85000000 0.00301460
-9.80000000 0.00318223
-9.75000000 0.00336146
-9.70000000 0.00355263
-9.65000000 0.00375605
-9.60000000 0.00397201
-9.55000000 0.00420075
-9.50000000 0.00444254
-9.45000000 0.00469767
-9.40000000 0.00496653
-9.35000000 0.00524961
-9.30000000 0.00554757
-9.25000000 0.00586123
-9.20000000 0.00619167
-9.15000000 0.00654018
-9.10000000 0.00690831
-9.05000000 0.00729787
-9.00000000 0.00771091
-8.95000000 0.00814971
-8.90000000 0.00861679
-8.85000000 0.00911478
-8.80000000 0.00964650
-8.75000000 0.01021481
-8.70000000 0.01082260
-8.65000000 0.01147271
-8.60000000 0.01216787
-8.55000000 0.01291059
-8.50000000 0.01370315
-8.45000000 0.01454749
-8.40000000 0.01544519
-8.35000000 0.01639739
-8.30000000 0.01740489
-8.25000000 0.01846810
-8.20000000 0.01958717
-8.15000000 0.02076212
-8.10000000 0.02199297
-8.05000000 0.02327997
-8.00000000 0.02462377
-7.95000000 0.02602562
-7.90000000 0.02748757
-7.85000000 0.02901254
-7.80000000 0.03060446
-7.75000000 0.03226822
-7.70000000 0.03400963
-7.65000000 0.03583530
-7.60000000 0.03775245
-7.55000000 0.03976869
-7.50000000 0.04189184
-7.45000000 0.04412965
-7.40000000 0.04648961
-7.35000000 0.04897876
-7.30000000 0.05160349
-7.25000000 0.05436940
-7.20000000 0.05728113
-7.15000000 0.06034221
-7.10000000 0.06355492
-7.05000000 0.06692011
-7.00000000 0.07043717
-6.95000000 0.07410390
-6.90000000 0.07791666
-6.85000000 0.08187049
-6.80000000 0.08595948
-6.75000000 0.09017726
-6.70000000 0.09451761
-6.65000000 0.09897523
-6.60000000 0.10354649
-6.55000000 0.10823015
-6.50000000 0.11302805
-6.45000000 0.11794556
-6.40000000 0.12299182
-6.35000000 0.12817981
-6.30000000 0.13352612
-6.25000000 0.13905052
-6.20000000 0.14477537
-6.15000000 0.15072490
-6.10000000 0.15692438
-6.05000000 0.16339926
-6.00000000 0.17017424
-5.95000000 0.17727237
-5.90000000 0.18471411
-5.85000000 0.19251631
-5.80000000 0.20069120
-5.75000000 0.20924531
-5.70000000 0.21817839
-5.65000000 0.22748233
-5.60000000 0.23714025
-5.55000000 0.24712578
-5.50000000 0.25740280
-5.45000000 0.26792573
-5.40000000 0.27864054
-5.35000000 0.28948662
-5.30000000 0.30039957
-5.25000000 0.31131471
-5.20000000 0.32217126
-5.15000000 0.33291669
-5.10000000 0.34351091
-5.05000000 0.35392979
-5.00000000 0.36416758
-4.95000000 0.37423805
-4.90000000 0.38417401
-4.85000000 0.39402549
-4.80000000 0.40385662
-4.75000000 0.41374161
-4.70000000 0.42376022
-4.65000000 0.43399304
-4.60000000 0.44451694
-4.55000000 0.45540093
-4.50000000 0.46670265
-4.45000000 0.47846547
-4.40000000 0.49071646
-4.35000000 0.50346503
-4.30000000 0.51670246
-4.25000000 0.53040217
-4.20000000 0.54452080
-4.15000000 0.55899997
-4.10000000 0.57376865
-4.05000000 0.58874609
-4.00000000 0.60384491
-3.95000000 0.61897434
-3.90000000 0.63404318
-3.85000000 0.64896234
-3.80000000 0.66364682
-3.75000000 0.67801692
-3.70000000 0.69199885
-3.65000000 0.70552476
-3.60000000 0.71853258
-3.55000000 0.73096586
-3.50000000 0.74277395
-3.45000000 0.75391291
-3.40000000 0.76434702
-3.35000000 0.77405105
-3.30000000 0.78301289
-3.25000000 0.79123603
-3.20000000 0.79874149
-3.15000000 0.80556840
-3.10000000 0.81177297
-3.05000000 0.81742567
-3.00000000 0.82260662
-2.95000000 0.82739987
-2.90000000 0.83188708
-2.85000000 0.83614151
-2.80000000 0.84022302
-2.75000000 0.84417476
-2.70000000 0.84802176
-2.65000000 0.85177158
-2.60000000 0.85541668
-2.55000000 0.85893816
-2.50000000 0.86231025
-2.45000000 0.86550493
-2.40000000 0.86849612
-2.35000000 0.87126293
-2.30000000 0.87379173
-2.25000000 0.87607671
-2.20000000 0.87811909
-2.15000000 0.87992503
-2.10000000 0.88150264
-2.05000000 0.88285828
-2.00000000 0.88399275
-1.95000000 0.88489765
-1.90000000 0.88555226
-1.85000000 0.88592136
-1.80000000 0.88595419
-1.75000000 0.88558479
-1.70000000 0.88473382
-1.65000000 0.88331205
-1.60000000 0.88122540
-1.55000000 0.87838143
-1.50000000 0.87469697
-1.45000000 0.87010640
-1.40000000 0.86456976
-1.35000000 0.85807984
-1.30000000 0.85066712
-1.25000000 0.84240171
-1.20000000 0.83339159
-1.15000000 0.82377686
-1.10000000 0.81372044
-1.05000000 0.80339631
-1.00000000 0.79297665
-0.95000000 0.78261972
-0.90000000 0.77246018
-0.85000000 0.76260297
-0.80000000 0.75312147
-0.75000000 0.74405953
-0.70000000 0.73543681
-0.65000000 0.72725571
-0.60000000 0.71950873
-0.55000000 0.71218470
-0.50000000 0.70527306
-0.45000000 0.69876573
-0.40000000 0.69265671
-0.35000000 0.68693994
-0.30000000 0.68160610
-0.25000000 0.67663928
-0.20000000 0.67201416
-0.15000000 0.66769431
-0.10000000 0.66363185
-0.05000000 0.65976858
0.00000000 0.65603858
0.05000000 0.65237189
0.10000000 0.64869911
0.15000000 0.64495629
0.20000000 0.64109000
0.25000000 0.63706167
0.30000000 0.63285120
0.35000000 0.62845911
0.40000000 0.62390704
0.45000000 0.61923641
0.50000000 0.61450522
0.55000000 0.60978309
0.60000000 0.60514501
0.65000000 0.60066427
0.70000000 0.59640532
0.75000000 0.59241726
0.80000000 0.58872876
0.85000000 0.58534487
0.90000000 0.58224631
0.95000000 0.57939102
1.00000000 0.57671800
1.05000000 0.57415284
1.10000000 0.57161407
1.15000000 0.56901982
1.20000000 0.56629371
1.25000000 0.56336957
1.30000000 0.56019461
1.35000000 0.55673077
1.40000000 0.55295478
1.45000000 0.54885688
1.50000000 0.54443893
1.55000000 0.53971218
1.60000000 0.53469515
1.65000000 0.52941170
1.70000000 0.52388962
1.75000000 0.51815942
1.80000000 0.51225361
1.85000000 0.50620606
1.90000000 0.50005151
1.95000000 0.49382507
2.00000000 0.48756171
2.05000000 0.48129560
2.10000000 0.47505941
2.15000000 0.46888353
2.20000000 0.46279514
2.25000000 0.45681734
2.30000000 0.45096821
2.35000000 0.44525988
2.40000000 0.43969777
2.45000000 0.43427976
2.50000000 0.42899576
2.55000000 0.42382728
2.60000000 0.41874746
2.65000000 0.41372146
2.70000000 0.40870721
2.75000000 0.40365679
2.80000000 0.39851830
2.85000000 0.39323817
2.90000000 0.38776393
2.95000000 0.38204712
3.00000000 0.37604615
3.05000000 0.36972893
3.10000000 0.36307483
3.15000000 0.35607591
3.20000000 0.34873740
3.25000000 0.34107712
3.30000000 0.33312430
3.35000000 0.32491778
3.40000000 0.31650379
3.45000000 0.30793365
3.50000000 0.29926149
3.55000000 0.29054204
3.60000000 0.28182886
3.65000000 0.27317266
3.70000000 0.26462008
3.75000000 0.25621265
3.80000000 0.24798613
3.85000000 0.23997005
3.90000000 0.23218753
3.95000000 0.22465527
4.00000000 0.21738378
4.05000000 0.21037775
4.10000000 0.20363652
4.15000000 0.19715473
4.20000000 0.19092292
4.25000000 0.18492830
4.30000000 0.17915545
4.35000000 0.17358707
4.40000000 0.16820470
4.45000000 0.16298942
4.50000000 0.15792250
4.55000000 0.15298600
4.60000000 0.14816330
4.65000000 0.14343958
4.70000000 0.13880217
4.75000000 0.13424082
4.80000000 0.12974785
4.85000000 0.12531819
4.90000000 0.12094933
4.95000000 0.11664111
5.00000000 0.11239546
5.05000000 0.10821601
5.10000000 0.10410775
5.15000000 0.10007655
5.20000000 0.09612877
5.25000000 0.09227082
5.30000000 0.08850889
5.35000000 0.08484860
5.40000000 0.08129482
5.45000000 0.07785153
5.50000000 0.07452174
5.55000000 0.07130749
5.60000000 0.06820986
5.65000000 0.06522904
5.70000000 0.06236446
5.75000000 0.05961483
5.80000000 0.05697832
5.85000000 0.05445264
5.90000000 0.05203514
5.95000000 0.04972292
6.00000000 0.04751287
6.05000000 0.04540180
6.10000000 0.04338642
6.15000000 0.04146343
6.20000000 0.03962948
6.25000000 0.03788125
6.30000000 0.03621542
6.35000000 0.03462866
6.40000000 0.03311767
6.45000000 0.03167914
6.50000000 0.03030976
6.55000000 0.02900626
6.60000000 0.02776538
6.65000000 0.02658388
6.70000000 0.02545859
6.75000000 0.02438643
6.80000000 0.02336438
6.85000000 0.02238957
6.90000000 0.02145927
6.95000000 0.02057089
7.00000000 0.01972205
7.05000000 0.01891051
7.10000000 0.01813428
7.15000000 0.01739152
7.20000000 0.01668058
7.25000000 0.01600001
7.30000000 0.01534849
7.35000000 0.01472486
7.40000000 0.01412806
7.45000000 0.01355714
7.50000000 0.01301122
7.55000000 0.01248948
7.60000000 0.01199114
7.65000000 0.01151545
7.70000000 0.01106166
7.75000000 0.01062903
7.80000000 0.01021684
7.85000000 0.00982433
7.90000000 0.00945076
7.95000000 0.00909538
8.00000000 0.00875743
8.05000000 0.00843616
8.10000000 0.00813081
8.15000000 0.00784062
8.20000000 0.00756487
8.25000000 0.00730282
8.30000000 0.00705377
8.35000000 0.00681702
8.40000000 0.00659191
8.45000000 0.00637780
8.50000000 0.00617406
8.55000000 0.00598012
8.60000000 0.00579542
8.65000000 0.00561942
8.70000000 0.00545164
8.75000000 0.00529159
8.80000000 0.00513884
8.85000000 0.00499297
8.90000000 0.00485359
8.95000000 0.00472036
9.00000000 0.00459291
9.05000000 0.00447095
9.10000000 0.00435417
9.15000000 0.00424230
9.20000000 0.00413507
9.25000000 0.00403226
9.30000000 0.00393363
9.35000000 0.00383897
9.40000000 0.00374808
9.45000000 0.00366077
9.50000000 0.00357687
9.55000000 0.00349620
9.60000000 0.00341862
9.65000000 0.00334397
9.70000000 0.00327212
9.75000000 0.00320292
9.80000000 0.00313625
9.85000000 0.00307199
9.90000000 0.00301003
9.95000000 0.00295026
