-15.00000000 0.00618785
-14.90000000 0.00626447
-14.80000000 0.00634266
-14.70000000 0.00642248
-14.60000000 0.00650399
-14.50000000 0.00658727
-14.40000000 0.00667239
-14.30000000 0.00675946
-14.20000000 0.00684855
-14.10000000 0.00693978
-14.00000000 0.00703326
-13.90000000 0.00712911
-13.80000000 0.00722747
-13.70000000 0.00732851
-13.60000000 0.00743238
-13.50000000 0.00753928
-13.40000000 0.00764942
-13.30000000 0.00776302
-13.20000000 0.00788035
-13.10000000 0.00800169
-13.00000000 0.00812736
-12.90000000 0.00825772
-12.80000000 0.00839316
-12.70000000 0.00853412
-12.60000000 0.00868109
-12.50000000 0.00883462
-12.40000000 0.00899533
-12.30000000 0.00916387
-12.20000000 0.00934103
-12.10000000 0.00952762
-12.00000000 0.00972460
-11.90000000 0.00993299
-11.80000000 0.01015397
-11.70000000 0.01038881
-11.60000000 0.01063895
-11.50000000 0.01090596
-11.40000000 0.01119160
-11.30000000 0.01149782
-11.20000000 0.01182676
-11.10000000 0.01218081
-11.00000000 0.01256259
-10.90000000 0.01297499
-10.80000000 0.01342121
-10.70000000 0.01390476
-10.60000000 0.01442949
-10.50000000 0.01499964
-10.40000000 0.01561985
-10.30000000 0.01629521
-10.20000000 0.01703127
-10.10000000 0.01783409
-10.00000000 0.01871028
-9.90000000 0.01966702
-9.80000000 0.02071212
-9.70000000 0.02185404
-9.60000000 0.02310191
-9.50000000 0.02446564
-9.40000000 0.02595585
-9.30000000 0.02758401
-9.20000000 0.02936237
-9.10000000 0.03130408
-9.00000000 0.03342315
-8.90000000 0.03573452
-8.80000000 0.03825401
-8.70000000 0.04099839
-8.60000000 0.04398532
-8.50000000 0.04723339
-8.40000000 0.05076205
-8.30000000 0.05459157
-8.20000000 0.05874303
-8.10000000 0.06323822
-8.00000000 0.06809952
-7.90000000 0.07334984
-7.80000000 0.07901248
-7.70000000 0.08511095
-7.60000000 0.09166881
-7.50000000 0.09870948
-7.40000000 0.10625596
-7.30000000 0.11433066
-7.20000000 0.12295503
-7.10000000 0.13214931
-7.00000000 0.14193219
-6.90000000 0.15232044
-6.80000000 0.16332857
-6.70000000 0.17496843
-6.60000000 0.18724878
-6.50000000 0.20017496
-6.40000000 0.21374846
-6.30000000 0.22796649
-6.20000000 0.24282169
-6.10000000 0.25830172
-6.00000000 0.27438897
-5.90000000 0.29106030
-5.80000000 0.30828683
-5.70000000 0.32603379
-5.60000000 0.34426042
-5.50000000 0.36291998
-5.40000000 0.38195986
-5.30000000 0.40132168
-5.20000000 0.42094164
-5.10000000 0.44075079
-5.00000000 0.46067552
-4.90000000 0.48063808
-4.80000000 0.50055718
-4.70000000 0.52034870
-4.60000000 0.53992641
-4.50000000 0.55920284
-4.40000000 0.57809006
-4.30000000 0.59650063
-4.20000000 0.61434846
-4.10000000 0.63154972
-4.00000000 0.64802373
-3.90000000 0.66369379
-3.80000000 0.67848802
-3.70000000 0.69234006
-3.60000000 0.70518976
-3.50000000 0.71698377
-3.40000000 0.72767599
-3.30000000 0.73722799
-3.20000000 0.74560925
-3.10000000 0.75279734
-3.00000000 0.75877799
-2.90000000 0.76354497
-2.80000000 0.76710003
-2.70000000 0.76945254
-2.60000000 0.77061925
-2.50000000 0.77062378
-2.40000000 0.76949621
-2.30000000 0.76727249
-2.20000000 0.76399386
-2.10000000 0.75970626
-2.00000000 0.75445965
-1.90000000 0.74830738
-1.80000000 0.74130553
-1.70000000 0.73351227
-1.60000000 0.72498724
-1.50000000 0.71579093
-1.40000000 0.70598412
-1.30000000 0.69562737
-1.20000000 0.68478049
-1.10000000 0.67350211
-1.00000000 0.66184930
-0.90000000 0.64987719
-0.80000000 0.63763871
-0.70000000 0.62518430
-0.60000000 0.61256175
-0.50000000 0.59981601
-0.40000000 0.58698910
-0.30000000 0.57412007
-0.20000000 0.56124490
-0.10000000 0.54839658
-0.00000000 0.53560512
0.10000000 0.52289759
0.20000000 0.51029824
0.30000000 0.49782860
0.40000000 0.48550761
0.50000000 0.47335172
0.60000000 0.46137508
0.70000000 0.44958967
0.80000000 0.43800547
0.90000000 0.42663060
1.00000000 0.41547147
1.10000000 0.40453298
1.20000000 0.39381861
1.30000000 0.38333062
1.40000000 0.37307016
1.50000000 0.36303738
1.60000000 0.35323163
1.70000000 0.34365150
1.80000000 0.33429497
1.90000000 0.32515949
2.00000000 0.31624208
2.10000000 0.30753942
2.20000000 0.29904793
2.30000000 0.29076380
2.40000000 0.28268308
2.50000000 0.27480173
2.60000000 0.26711565
2.70000000 0.25962074
2.80000000 0.25231290
2.90000000 0.24518807
3.00000000 0.23824228
3.10000000 0.23147160
3.20000000 0.22487222
3.30000000 0.21844042
3.40000000 0.21217257
3.50000000 0.20606518
3.60000000 0.20011482
3.70000000 0.19431821
3.80000000 0.18867214
3.90000000 0.18317351
4.00000000 0.17781931
4.10000000 0.17260660
4.20000000 0.16753254
4.30000000 0.16259436
4.40000000 0.15778934
4.50000000 0.15311483
4.60000000 0.14856824
4.70000000 0.14414700
4.80000000 0.13984860
4.90000000 0.13567058
5.00000000 0.13161048
5.10000000 0.12766588
5.20000000 0.12383441
5.30000000 0.12011367
5.40000000 0.11650133
5.50000000 0.11299504
5.60000000 0.10959248
5.70000000 0.10629134
5.80000000 0.10308934
5.90000000 0.09998419
6.00000000 0.09697363
6.10000000 0.09405540
6.20000000 0.09122727
6.30000000 0.08848701
6.40000000 0.08583242
6.50000000 0.08326132
6.60000000 0.08077154
6.70000000 0.07836092
6.80000000 0.07602735
6.90000000 0.07376873
7.00000000 0.07158298
7.10000000 0.06946805
7.20000000 0.06742192
7.30000000 0.06544260
7.40000000 0.06352814
7.50000000 0.06167659
7.60000000 0.05988608
7.70000000 0.05815474
7.80000000 0.05648074
7.90000000 0.05486231
8.00000000 0.05329768
8.10000000 0.05178515
8.20000000 0.05032303
8.30000000 0.04890971
8.40000000 0.04754357
8.50000000 0.04622306
8.60000000 0.04494667
8.70000000 0.04371291
8.80000000 0.04252035
8.90000000 0.04136759
9.00000000 0.04025326
9.10000000 0.03917605
9.20000000 0.03813468
9.30000000 0.03712789
9.40000000 0.03615449
9.50000000 0.03521330
9.60000000 0.03430319
9.70000000 0.03342306
9.80000000 0.03257185
9.90000000 0.03174854
10.00000000 0.03095212
10.10000000 0.03018165
10.20000000 0.02943619
10.30000000 0.02871484
10.40000000 0.02801675
10.50000000 0.02734107
10.60000000 0.02668701
10.70000000 0.02605378
10.80000000 0.02544063
10.90000000 0.02484685
11.00000000 0.02427173
11.10000000 0.02371461
11.20000000 0.02317483
11.30000000 0.02265178
11.40000000 0.02214485
11.50000000 0.02165348
11.60000000 0.02117709
11.70000000 0.02071515
11.80000000 0.02026716
11.90000000 0.01983261
12.00000000 0.01941103
12.10000000 0.01900196
12.20000000 0.01860495
12.30000000 0.01821958
12.40000000 0.01784544
12.50000000 0.01748214
12.60000000 0.01712930
12.70000000 0.01678655
12.80000000 0.01645354
12.90000000 0.01612995
13.00000000 0.01581544
13.10000000 0.01550969
13.20000000 0.01521242
13.30000000 0.01492334
13.40000000 0.01464216
13.50000000 0.01436861
13.60000000 0.01410245
13.70000000 0.01384342
13.80000000 0.01359128
13.90000000 0.01334582
14.00000000 0.01310680
14.10000000 0.01287401
14.20000000 0.01264726
14.30000000 0.01242634
14.40000000 0.01221106
14.50000000 0.01200125
14.60000000 0.01179672
14.70000000 0.01159732
14.80000000 0.01140286
14.90000000 0.01121321
