-4.00000000 0.00315947
-3.95000000 0.00548798
-3.90000000 0.00939489
-3.85000000 0.01433240
-3.80000000 0.01886258
-3.75000000 0.02135206
-3.70000000 0.02104693
-3.65000000 0.01873870
-3.60000000 0.01633417
-3.55000000 0.01546440
-3.50000000 0.01635225
-3.45000000 0.01842441
-3.40000000 0.02275660
-3.35000000 0.03405512
-3.30000000 0.05892103
-3.25000000 0.09975873
-3.20000000 0.14871628
-3.15000000 0.18852485
-3.10000000 0.20261340
-3.05000000 0.18759373
-3.00000000 0.15644142
-2.95000000 0.12809156
-2.90000000 0.11387226
-2.85000000 0.11686192
-2.80000000 0.14625754
-2.75000000 0.22721690
-2.70000000 0.38461236
-2.65000000 0.60722491
-2.60000000 0.82986492
-2.55000000 0.96384875
-2.50000000 0.95836904
-2.45000000 0.83712205
-2.40000000 0.67586821
-2.35000000 0.54937306
-2.30000000 0.50573813
-2.25000000 0.58276151
-2.20000000 0.81926302
-2.15000000 1.22007340
-2.10000000 1.70656138
-2.05000000 2.12716351
-2.00000000 2.34518013
-1.95000000 2.32711592
-1.90000000 2.14720212
-1.85000000 1.91924511
-1.80000000 1.74303262
-1.75000000 1.70859495
-1.70000000 1.90186257
-1.65000000 2.34681791
-1.60000000 2.92523719
-1.55000000 3.39001011
-1.50000000 3.51116992
-1.45000000 3.24291806
-1.40000000 2.76044213
-1.35000000 2.33978523
-1.30000000 2.19539580
-1.25000000 2.39475713
-1.20000000 2.86488442
-1.15000000 3.43668180
-1.10000000 3.89946511
-1.05000000 4.07652986
-1.00000000 3.90653473
-0.95000000 3.47138888
-0.90000000 2.93795238
-0.85000000 2.46272796
-0.80000000 2.13991257
-0.75000000 2.01038203
-0.70000000 2.07729014
-0.65000000 2.28797541
-0.60000000 2.51549390
-0.55000000 2.59859381
-0.50000000 2.43646386
-0.45000000 2.06268695
-0.40000000 1.63070842
-0.35000000 1.31995161
-0.30000000 1.23281526
-0.25000000 1.34699956
-0.20000000 1.54005426
-0.15000000 1.66196168
-0.10000000 1.61405613
-0.05000000 1.39308797
-0.00000000 1.07798664
0.05000000 0.77267875
0.10000000 0.54802942
0.15000000 0.42069788
0.20000000 0.37034645
0.25000000 0.36715193
0.30000000 0.38600871
0.35000000 0.40767203
0.40000000 0.41854455
0.45000000 0.41270111
0.50000000 0.39149258
0.55000000 0.36007566
0.60000000 0.32592917
0.65000000 0.29988708
0.70000000 0.29300641
0.75000000 0.30693525
0.80000000 0.32749316
0.85000000 0.33242582
0.90000000 0.30931906
0.95000000 0.26638816
1.00000000 0.22508304
1.05000000 0.20244003
1.10000000 0.20036728
1.15000000 0.20927609
1.20000000 0.21843358
1.25000000 0.22212830
1.30000000 0.21911439
1.35000000 0.21006209
1.40000000 0.19683783
1.45000000 0.18314762
1.50000000 0.17471087
1.55000000 0.17819040
1.60000000 0.19849193
1.65000000 0.23449552
1.70000000 0.27577448
1.75000000 0.30480390
1.80000000 0.30593223
1.85000000 0.27543105
1.90000000 0.22415420
1.95000000 0.17020257
2.00000000 0.12785107
2.05000000 0.10149220
2.10000000 0.08764355
2.15000000 0.08110600
2.20000000 0.07966069
2.25000000 0.08466182
2.30000000 0.09814515
2.35000000 0.11873326
2.40000000 0.13940625
2.45000000 0.14973563
2.50000000 0.14210652
2.55000000 0.11736522
2.60000000 0.08476293
2.65000000 0.05580781
2.70000000 0.03722959
2.75000000 0.02870438
2.80000000 0.02601085
2.85000000 0.02554271
2.90000000 0.02619045
2.95000000 0.02821161
3.00000000 0.03135981
3.05000000 0.03420040
3.10000000 0.03480710
3.15000000 0.03198356
3.20000000 0.02609120
3.25000000 0.01891153
3.30000000 0.01257449
3.35000000 0.00832495
3.40000000 0.00610069
3.45000000 0.00513479
3.50000000 0.00481376
3.55000000 0.00494702
3.60000000 0.00543397
3.65000000 0.00595707
3.70000000 0.00609342
3.75000000 0.00562821
3.80000000 0.00467956
3.85000000 0.00355735
3.90000000 0.00255188
3.95000000 0.00181464
