-4.00000000 0.00358637
-3.95000000 0.00378595
-3.90000000 0.00436854
-3.85000000 0.00576048
-3.80000000 0.00863650
-3.75000000 0.01348024
-3.70000000 0.01994531
-3.65000000 0.02661341
-3.60000000 0.03159502
-3.55000000 0.03375477
-3.50000000 0.03360101
-3.45000000 0.03293188
-3.40000000 0.03361816
-3.35000000 0.03715895
-3.30000000 0.04576029
-3.25000000 0.06300607
-3.20000000 0.09149776
-3.15000000 0.12850956
-3.10000000 0.16476882
-3.05000000 0.18952600
-3.00000000 0.19799990
-2.95000000 0.19418175
-2.90000000 0.18785628
-2.85000000 0.19161266
-2.80000000 0.22093318
-2.75000000 0.29165970
-2.70000000 0.40897777
-2.65000000 0.55445347
-2.60000000 0.68665205
-2.55000000 0.76146116
-2.50000000 0.75911389
-2.45000000 0.69839648
-2.40000000 0.63050328
-2.35000000 0.61866820
-2.30000000 0.71196515
-2.25000000 0.92040835
-2.20000000 1.20374716
-2.15000000 1.48789974
-2.10000000 1.70535115
-2.05000000 1.83073458
-2.00000000 1.88285580
-1.95000000 1.89737532
-1.90000000 1.90360146
-1.85000000 1.92713230
-1.80000000 2.00145821
-1.75000000 2.15691736
-1.70000000 2.38618136
-1.65000000 2.62440000
-1.60000000 2.77914481
-1.55000000 2.79857178
-1.50000000 2.72314882
-1.45000000 2.67052749
-1.40000000 2.75356592
-1.35000000 2.98833156
-1.30000000 3.26654588
-1.25000000 3.42512931
-1.20000000 3.36823636
-1.15000000 3.14589318
-1.10000000 2.92072955
-1.05000000 2.84658551
-1.00000000 2.95826092
-0.95000000 3.15771506
-0.90000000 3.29408212
-0.85000000 3.26167258
-0.80000000 3.04624937
-0.75000000 2.71067131
-0.70000000 2.35418534
-0.65000000 2.07325952
-0.60000000 1.92813425
-0.55000000 1.91733906
-0.50000000 1.97613730
-0.45000000 2.01129077
-0.40000000 1.95647133
-0.35000000 1.81011117
-0.30000000 1.62809936
-0.25000000 1.47890673
-0.20000000 1.39581206
-0.15000000 1.35890067
-0.10000000 1.31490012
-0.05000000 1.21685899
-0.00000000 1.05508243
0.05000000 0.86001844
0.10000000 0.67906683
0.15000000 0.54700509
0.20000000 0.47084526
0.25000000 0.43517244
0.30000000 0.41783769
0.35000000 0.40218132
0.40000000 0.38046545
0.45000000 0.35220030
0.50000000 0.32207163
0.55000000 0.29796778
0.60000000 0.28758260
0.65000000 0.29417683
0.70000000 0.31416312
0.75000000 0.33813740
0.80000000 0.35451152
0.85000000 0.35389556
0.90000000 0.33278594
0.95000000 0.29524245
1.00000000 0.25122506
1.05000000 0.21176009
1.10000000 0.18379773
1.15000000 0.16849139
1.20000000 0.16379691
1.25000000 0.16820681
1.30000000 0.18157661
1.35000000 0.20251774
1.40000000 0.22589456
1.45000000 0.24403047
1.50000000 0.25122407
1.55000000 0.24751788
1.60000000 0.23824828
1.65000000 0.22991812
1.70000000 0.22604679
1.75000000 0.22594714
1.80000000 0.22625556
1.85000000 0.22309348
1.90000000 0.21347795
1.95000000 0.19619194
2.00000000 0.17249108
2.05000000 0.14605415
2.10000000 0.12154321
2.15000000 0.10257835
2.20000000 0.09086848
2.25000000 0.08698096
2.30000000 0.09111807
2.35000000 0.10221398
2.40000000 0.11614697
2.45000000 0.12583282
2.50000000 0.12456758
2.55000000 0.11040505
2.60000000 0.08768510
2.65000000 0.06418852
2.70000000 0.04634041
2.75000000 0.03629982
2.80000000 0.03252251
2.85000000 0.03221472
2.90000000 0.03316982
2.95000000 0.03403653
3.00000000 0.03385541
3.05000000 0.03193085
3.10000000 0.02814512
3.15000000 0.02313322
3.20000000 0.01797633
3.25000000 0.01366026
3.30000000 0.01072039
3.35000000 0.00920678
3.40000000 0.00881513
3.45000000 0.00902649
3.50000000 0.00924544
3.55000000 0.00897907
3.60000000 0.00801902
3.65000000 0.00651309
3.70000000 0.00485346
3.75000000 0.00343927
3.80000000 0.00247263
3.85000000 0.00192010
3.90000000 0.00163124
3.95000000 0.00148150
