0.000000 2.000000 0.000000
0.010000 1.999783 0.019999
0.020000 1.999164 0.039993
0.030000 1.998145 0.059976
0.040000 1.996725 0.079941
0.050000 1.994904 0.099883
0.060000 1.992685 0.119795
0.070000 1.990067 0.139671
0.080000 1.987053 0.159507
0.090000 1.983641 0.179294
0.100000 1.979836 0.199029
0.110000 1.975637 0.218704
0.120000 1.971046 0.238314
0.130000 1.966066 0.257853
0.140000 1.960699 0.277315
0.150000 1.954946 0.296695
0.160000 1.948809 0.315986
0.170000 1.942292 0.335183
0.180000 1.935397 0.354280
0.190000 1.928126 0.373272
0.200000 1.920483 0.392153
0.210000 1.912471 0.410917
0.220000 1.904092 0.429560
0.230000 1.895351 0.448075
0.240000 1.886250 0.466457
0.250000 1.876793 0.484702
0.260000 1.866984 0.502803
0.270000 1.856827 0.520756
0.280000 1.846325 0.538556
0.290000 1.835484 0.556197
0.300000 1.824306 0.573675
0.310000 1.812797 0.590984
0.320000 1.800962 0.608121
0.330000 1.788804 0.625079
0.340000 1.776328 0.641855
0.350000 1.763539 0.658445
0.360000 1.750443 0.674843
0.370000 1.737044 0.691045
0.380000 1.723348 0.707047
0.390000 1.709359 0.722844
0.400000 1.695084 0.738433
0.410000 1.680527 0.753810
0.420000 1.665694 0.768971
0.430000 1.650591 0.783911
0.440000 1.635224 0.798628
0.450000 1.619598 0.813117
0.460000 1.603719 0.827375
0.470000 1.587594 0.841399
0.480000 1.571228 0.855185
0.490000 1.554628 0.868729
0.500000 1.537799 0.882030
0.510000 1.520748 0.895084
0.520000 1.503482 0.907888
0.530000 1.486006 0.920439
0.540000 1.468327 0.932735
0.550000 1.450452 0.944773
0.560000 1.432387 0.956550
0.570000 1.414138 0.968065
0.580000 1.395713 0.979315
0.590000 1.377118 0.990297
0.600000 1.358360 1.001011
0.610000 1.339445 1.011453
0.620000 1.320380 1.021623
0.630000 1.301173 1.031518
0.640000 1.281828 1.041138
0.650000 1.262355 1.050480
0.660000 1.242759 1.059543
0.670000 1.223047 1.068327
0.680000 1.203226 1.076829
0.690000 1.183302 1.085050
0.700000 1.163284 1.092988
0.710000 1.143177 1.100642
0.720000 1.122989 1.108012
0.730000 1.102725 1.115098
0.740000 1.082394 1.121898
0.750000 1.062001 1.128413
0.760000 1.041554 1.134642
0.770000 1.021060 1.140586
0.780000 1.000524 1.146244
0.790000 0.979954 1.151617
0.800000 0.959357 1.156705
0.810000 0.938738 1.161508
0.820000 0.918105 1.166027
0.830000 0.897464 1.170262
0.840000 0.876822 1.174214
0.850000 0.856185 1.177883
0.860000 0.835559 1.181272
0.870000 0.814951 1.184380
0.880000 0.794367 1.187209
0.890000 0.773814 1.189760
0.900000 0.753296 1.192035
0.910000 0.732822 1.194034
0.920000 0.712396 1.195759
0.930000 0.692025 1.197212
0.940000 0.671715 1.198395
0.950000 0.651470 1.199309
0.960000 0.631298 1.199956
0.970000 0.611204 1.200338
0.980000 0.591193 1.200458
0.990000 0.571271 1.200317
1.000000 0.551443 1.199917
1.010000 0.531715 1.199261
1.020000 0.512092 1.198351
1.030000 0.492579 1.197190
1.040000 0.473181 1.195780
1.050000 0.453903 1.194124
1.060000 0.434751 1.192224
1.070000 0.415728 1.190084
1.080000 0.396840 1.187706
1.090000 0.378091 1.185092
1.100000 0.359485 1.182246
1.110000 0.341028 1.179172
1.120000 0.322723 1.175871
1.130000 0.304575 1.172347
1.140000 0.286587 1.168604
1.150000 0.268764 1.164644
1.160000 0.251109 1.160471
1.170000 0.233626 1.156089
1.180000 0.216320 1.151499
1.190000 0.199193 1.146707
1.200000 0.182249 1.141716
1.210000 0.165491 1.136529
1.220000 0.148922 1.131149
1.230000 0.132546 1.125581
1.240000 0.116366 1.119827
1.250000 0.100384 1.113893
1.260000 0.084604 1.107780
1.270000 0.069027 1.101494
1.280000 0.053657 1.095038
1.290000 0.038495 1.088416
1.300000 0.023545 1.081631
1.310000 0.008809 1.074687
1.320000 -0.005713 1.067589
1.330000 -0.020016 1.060340
1.340000 -0.034100 1.052945
1.350000 -0.047963 1.045406
1.360000 -0.061604 1.037728
1.370000 -0.075019 1.029916
1.380000 -0.088209 1.021972
1.390000 -0.101172 1.013901
1.400000 -0.113907 1.005707
1.410000 -0.126411 0.997394
1.420000 -0.138686 0.988965
1.430000 -0.150729 0.980426
1.440000 -0.162540 0.971779
1.450000 -0.174117 0.963029
1.460000 -0.185462 0.954179
1.470000 -0.196572 0.945234
1.480000 -0.207448 0.936198
1.490000 -0.218089 0.927074
1.500000 -0.228496 0.917867
1.510000 -0.238667 0.908580
1.520000 -0.248604 0.899217
1.530000 -0.258305 0.889782
1.540000 -0.267772 0.880279
1.550000 -0.277005 0.870712
1.560000 -0.286004 0.861084
1.570000 -0.294769 0.851400
1.580000 -0.303301 0.841662
1.590000 -0.311601 0.831875
1.600000 -0.319670 0.822043
1.610000 -0.327507 0.812169
1.620000 -0.335115 0.802257
1.630000 -0.342494 0.792310
1.640000 -0.349645 0.782332
1.650000 -0.356570 0.772326
1.660000 -0.363269 0.762297
1.670000 -0.369743 0.752246
1.680000 -0.375995 0.742179
1.690000 -0.382026 0.732097
1.700000 -0.387837 0.722006
1.710000 -0.393429 0.711907
1.720000 -0.398805 0.701804
1.730000 -0.403966 0.691700
1.740000 -0.408913 0.681599
1.750000 -0.413649 0.671503
1.760000 -0.418176 0.661416
1.770000 -0.422495 0.651340
1.780000 -0.426608 0.641279
1.790000 -0.430518 0.631236
1.800000 -0.434227 0.621213
1.810000 -0.437736 0.611213
1.820000 -0.441048 0.601239
1.830000 -0.444165 0.591294
1.840000 -0.447090 0.581380
1.850000 -0.449824 0.571501
1.860000 -0.452371 0.561657
1.870000 -0.454732 0.551853
1.880000 -0.456910 0.542091
1.890000 -0.458907 0.532372
1.900000 -0.460726 0.522700
1.910000 -0.462370 0.513076
1.920000 -0.463841 0.503503
1.930000 -0.465142 0.493984
1.940000 -0.466275 0.484519
1.950000 -0.467243 0.475112
1.960000 -0.468049 0.465763
1.970000 -0.468695 0.456476
1.980000 -0.469184 0.447253
1.990000 -0.469519 0.438094
2.000000 -0.469703 0.429002
2.010000 -0.469737 0.419978
2.020000 -0.469627 0.411025
2.030000 -0.469372 0.402143
2.040000 -0.468978 0.393335
2.050000 -0.468446 0.384602
2.060000 -0.467780 0.375946
2.070000 -0.466982 0.367367
2.080000 -0.466055 0.358867
2.090000 -0.465002 0.350448
2.100000 -0.463825 0.342110
2.110000 -0.462528 0.333856
2.120000 -0.461113 0.325685
2.130000 -0.459584 0.317600
2.140000 -0.457942 0.309601
2.150000 -0.456192 0.301689
2.160000 -0.454335 0.293865
2.170000 -0.452374 0.286131
2.180000 -0.450313 0.278486
2.190000 -0.448154 0.270931
2.200000 -0.445899 0.263468
2.210000 -0.443552 0.256097
2.220000 -0.441116 0.248819
2.230000 -0.438592 0.241634
2.240000 -0.435984 0.234542
2.250000 -0.433295 0.227545
2.260000 -0.430527 0.220643
2.270000 -0.427682 0.213835
2.280000 -0.424764 0.207124
2.290000 -0.421775 0.200508
2.300000 -0.418718 0.193987
2.310000 -0.415595 0.187564
2.320000 -0.412409 0.181236
2.330000 -0.409162 0.175005
2.340000 -0.405857 0.168871
2.350000 -0.402496 0.162834
2.360000 -0.399082 0.156893
2.370000 -0.395616 0.151049
2.380000 -0.392103 0.145301
2.390000 -0.388543 0.139650
2.400000 -0.384940 0.134096
2.410000 -0.381295 0.128637
2.420000 -0.377611 0.123275
2.430000 -0.373890 0.118008
2.440000 -0.370134 0.112837
2.450000 -0.366346 0.107761
2.460000 -0.362527 0.102780
2.470000 -0.358680 0.097894
2.480000 -0.354807 0.093101
2.490000 -0.350910 0.088402
2.500000 -0.346990 0.083796
2.510000 -0.343050 0.079283
2.520000 -0.339093 0.074862
2.530000 -0.335118 0.070533
2.540000 -0.331130 0.066294
2.550000 -0.327129 0.062147
2.560000 -0.323117 0.058089
2.570000 -0.319096 0.054120
2.580000 -0.315068 0.050239
2.590000 -0.311034 0.046447
2.600000 -0.306996 0.042741
2.610000 -0.302957 0.039122
2.620000 -0.298916 0.035589
2.630000 -0.294876 0.032140
2.640000 -0.290839 0.028776
2.650000 -0.286806 0.025495
2.660000 -0.282778 0.022296
2.670000 -0.278757 0.019179
2.680000 -0.274744 0.016143
2.690000 -0.270741 0.013187
2.700000 -0.266748 0.010309
2.710000 -0.262768 0.007510
2.720000 -0.258801 0.004788
2.730000 -0.254848 0.002143
2.740000 -0.250911 -0.000427
2.750000 -0.246991 -0.002923
2.760000 -0.243089 -0.005345
2.770000 -0.239206 -0.007695
2.780000 -0.235343 -0.009973
2.790000 -0.231502 -0.012180
2.800000 -0.227682 -0.014318
2.810000 -0.223885 -0.016387
2.820000 -0.220112 -0.018388
2.830000 -0.216364 -0.020323
2.840000 -0.212642 -0.022192
2.850000 -0.208946 -0.023996
2.860000 -0.205277 -0.025737
2.870000 -0.201636 -0.027414
2.880000 -0.198023 -0.029031
2.890000 -0.194440 -0.030586
2.900000 -0.190887 -0.032082
2.910000 -0.187365 -0.033520
2.920000 -0.183874 -0.034899
2.930000 -0.180414 -0.036222
2.940000 -0.176987 -0.037490
2.950000 -0.173593 -0.038703
2.960000 -0.170232 -0.039862
2.970000 -0.166904 -0.040969
2.980000 -0.163611 -0.042025
2.990000 -0.160353 -0.043029
3.000000 -0.157129 -0.043985
3.010000 -0.153941 -0.044891
3.020000 -0.150789 -0.045751
3.030000 -0.147672 -0.046563
3.040000 -0.144592 -0.047330
3.050000 -0.141548 -0.048053
3.060000 -0.138541 -0.048731
3.070000 -0.135571 -0.049367
3.080000 -0.132638 -0.049962
3.090000 -0.129742 -0.050516
3.100000 -0.126884 -0.051029
3.110000 -0.124063 -0.051504
3.120000 -0.121280 -0.051941
3.130000 -0.118535 -0.052341
3.140000 -0.115827 -0.052705
3.150000 -0.113157 -0.053034
3.160000 -0.110526 -0.053328
3.170000 -0.107932 -0.053589
3.180000 -0.105376 -0.053818
3.190000 -0.102858 -0.054014
3.200000 -0.100377 -0.054180
3.210000 -0.097935 -0.054316
3.220000 -0.095530 -0.054423
3.230000 -0.093163 -0.054502
3.240000 -0.090833 -0.054553
3.250000 -0.088541 -0.054578
3.260000 -0.086286 -0.054576
3.270000 -0.084068 -0.054550
3.280000 -0.081887 -0.054499
3.290000 -0.079742 -0.054425
3.300000 -0.077635 -0.054328
3.310000 -0.075563 -0.054209
3.320000 -0.073528 -0.054069
3.330000 -0.071529 -0.053909
3.340000 -0.069566 -0.053728
3.350000 -0.067638 -0.053529
3.360000 -0.065745 -0.053311
3.370000 -0.063887 -0.053075
3.380000 -0.062065 -0.052822
3.390000 -0.060276 -0.052553
3.400000 -0.058522 -0.052268
3.410000 -0.056801 -0.051968
3.420000 -0.055115 -0.051653
3.430000 -0.053461 -0.051325
3.440000 -0.051840 -0.050983
3.450000 -0.050252 -0.050628
3.460000 -0.048697 -0.050262
3.470000 -0.047173 -0.049884
3.480000 -0.045681 -0.049494
3.490000 -0.044221 -0.049095
3.500000 -0.042791 -0.048685
3.510000 -0.041392 -0.048267
3.520000 -0.040023 -0.047839
3.530000 -0.038684 -0.047403
3.540000 -0.037374 -0.046959
3.550000 -0.036094 -0.046507
3.560000 -0.034843 -0.046049
3.570000 -0.033620 -0.045584
3.580000 -0.032425 -0.045113
3.590000 -0.031257 -0.044637
3.600000 -0.030117 -0.044155
3.610000 -0.029004 -0.043669
3.620000 -0.027918 -0.043178
3.630000 -0.026857 -0.042683
3.640000 -0.025823 -0.042185
3.650000 -0.024813 -0.041683
3.660000 -0.023829 -0.041179
3.670000 -0.022869 -0.040672
3.680000 -0.021934 -0.040163
3.690000 -0.021022 -0.039652
3.700000 -0.020134 -0.039140
3.710000 -0.019269 -0.038626
3.720000 -0.018427 -0.038112
3.730000 -0.017606 -0.037597
3.740000 -0.016808 -0.037082
3.750000 -0.016031 -0.036567
3.760000 -0.015276 -0.036052
3.770000 -0.014541 -0.035537
3.780000 -0.013827 -0.035023
3.790000 -0.013132 -0.034511
3.800000 -0.012457 -0.033999
3.810000 -0.011802 -0.033489
3.820000 -0.011165 -0.032981
3.830000 -0.010547 -0.032475
3.840000 -0.009947 -0.031970
3.850000 -0.009365 -0.031468
3.860000 -0.008800 -0.030969
3.870000 -0.008252 -0.030472
3.880000 -0.007722 -0.029978
3.890000 -0.007207 -0.029487
3.900000 -0.006708 -0.028999
3.910000 -0.006225 -0.028515
3.920000 -0.005758 -0.028034
3.930000 -0.005305 -0.027556
3.940000 -0.004867 -0.027082
3.950000 -0.004443 -0.026613
3.960000 -0.004033 -0.026147
3.970000 -0.003637 -0.025685
3.980000 -0.003254 -0.025227
3.990000 -0.002885 -0.024774
4.000000 -0.002527 -0.024325
4.010000 -0.002183 -0.023880
4.020000 -0.001850 -0.023440
4.030000 -0.001529 -0.023005
4.040000 -0.001219 -0.022574
4.050000 -0.000921 -0.022148
4.060000 -0.000633 -0.021727
4.070000 -0.000356 -0.021311
4.080000 -0.000090 -0.020900
4.090000 0.000167 -0.020493
4.100000 0.000414 -0.020092
4.110000 0.000652 -0.019696
4.120000 0.000881 -0.019305
4.130000 0.001100 -0.018919
4.140000 0.001311 -0.018538
4.150000 0.001514 -0.018163
4.160000 0.001709 -0.017792
4.170000 0.001896 -0.017427
4.180000 0.002075 -0.017067
4.190000 0.002247 -0.016712
4.200000 0.002412 -0.016363
4.210000 0.002570 -0.016019
4.220000 0.002721 -0.015679
4.230000 0.002866 -0.015346
4.240000 0.003005 -0.015017
4.250000 0.003138 -0.014694
4.260000 0.003265 -0.014375
4.270000 0.003387 -0.014062
4.280000 0.003503 -0.013754
4.290000 0.003615 -0.013451
4.300000 0.003722 -0.013154
4.310000 0.003823 -0.012861
4.320000 0.003921 -0.012573
4.330000 0.004014 -0.012290
4.340000 0.004103 -0.012013
4.350000 0.004189 -0.011740
4.360000 0.004270 -0.011472
4.370000 0.004349 -0.011209
4.380000 0.004424 -0.010950
4.390000 0.004495 -0.010697
4.400000 0.004564 -0.010448
4.410000 0.004630 -0.010204
4.420000 0.004694 -0.009964
4.430000 0.004754 -0.009729
4.440000 0.004813 -0.009498
4.450000 0.004870 -0.009272
4.460000 0.004924 -0.009050
4.470000 0.004977 -0.008832
4.480000 0.005028 -0.008619
4.490000 0.005078 -0.008410
4.500000 0.005126 -0.008205
4.510000 0.005173 -0.008004
4.520000 0.005218 -0.007807
4.530000 0.005263 -0.007614
4.540000 0.005307 -0.007424
4.550000 0.005351 -0.007239
4.560000 0.005394 -0.007057
4.570000 0.005436 -0.006879
4.580000 0.005478 -0.006704
4.590000 0.005520 -0.006533
4.600000 0.005562 -0.006365
4.610000 0.005604 -0.006201
4.620000 0.005646 -0.006040
4.630000 0.005688 -0.005882
4.640000 0.005731 -0.005727
4.650000 0.005774 -0.005575
4.660000 0.005818 -0.005427
4.670000 0.005862 -0.005281
4.680000 0.005907 -0.005137
4.690000 0.005954 -0.004997
4.700000 0.006001 -0.004859
4.710000 0.006049 -0.004724
4.720000 0.006099 -0.004591
4.730000 0.006150 -0.004461
4.740000 0.006202 -0.004332
4.750000 0.006256 -0.004206
4.760000 0.006311 -0.004083
4.770000 0.006368 -0.003961
4.780000 0.006426 -0.003841
4.790000 0.006487 -0.003723
4.800000 0.006549 -0.003607
4.810000 0.006614 -0.003493
4.820000 0.006680 -0.003380
4.830000 0.006749 -0.003269
4.840000 0.006819 -0.003159
4.850000 0.006892 -0.003051
4.860000 0.006968 -0.002944
4.870000 0.007045 -0.002838
4.880000 0.007126 -0.002733
4.890000 0.007208 -0.002629
4.900000 0.007294 -0.002527
4.910000 0.007382 -0.002425
4.920000 0.007473 -0.002324
4.930000 0.007566 -0.002223
4.940000 0.007663 -0.002123
4.950000 0.007762 -0.002024
4.960000 0.007865 -0.001925
4.970000 0.007970 -0.001826
4.980000 0.008079 -0.001728
4.990000 0.008190 -0.001630
5.000000 0.008305 -0.001532
5.010000 0.008423 -0.001434
5.020000 0.008545 -0.001335
5.030000 0.008670 -0.001237
5.040000 0.008798 -0.001139
5.050000 0.008929 -0.001040
5.060000 0.009064 -0.000940
5.070000 0.009203 -0.000840
5.080000 0.009345 -0.000740
5.090000 0.009491 -0.000639
5.100000 0.009640 -0.000537
5.110000 0.009794 -0.000434
5.120000 0.009950 -0.000330
5.130000 0.010111 -0.000225
5.140000 0.010275 -0.000120
5.150000 0.010443 -0.000013
5.160000 0.010616 0.000096
5.170000 0.010791 0.000205
5.180000 0.010971 0.000317
5.190000 0.011155 0.000429
5.200000 0.011343 0.000543
5.210000 0.011535 0.000659
5.220000 0.011730 0.000777
5.230000 0.011930 0.000896
5.240000 0.012134 0.001018
5.250000 0.012342 0.001141
5.260000 0.012554 0.001266
5.270000 0.012770 0.001394
5.280000 0.012991 0.001524
5.290000 0.013215 0.001656
5.300000 0.013444 0.001790
5.310000 0.013677 0.001927
5.320000 0.013914 0.002067
5.330000 0.014155 0.002209
5.340000 0.014401 0.002353
5.350000 0.014650 0.002501
5.360000 0.014904 0.002651
5.370000 0.015162 0.002804
5.380000 0.015425 0.002960
5.390000 0.015692 0.003119
5.400000 0.015962 0.003282
5.410000 0.016237 0.003447
5.420000 0.016517 0.003616
5.430000 0.016800 0.003788
5.440000 0.017088 0.003963
5.450000 0.017380 0.004142
5.460000 0.017676 0.004324
5.470000 0.017977 0.004510
5.480000 0.018281 0.004699
5.490000 0.018590 0.004892
5.500000 0.018903 0.005089
5.510000 0.019220 0.005289
5.520000 0.019541 0.005494
5.530000 0.019866 0.005702
5.540000 0.020195 0.005914
5.550000 0.020529 0.006131
5.560000 0.020866 0.006351
5.570000 0.021207 0.006576
5.580000 0.021553 0.006804
5.590000 0.021902 0.007037
5.600000 0.022255 0.007274
5.610000 0.022612 0.007516
5.620000 0.022973 0.007762
5.630000 0.023338 0.008012
5.640000 0.023706 0.008267
5.650000 0.024078 0.008526
5.660000 0.024454 0.008789
5.670000 0.024833 0.009058
5.680000 0.025216 0.009331
5.690000 0.025603 0.009608
5.700000 0.025993 0.009890
5.710000 0.026386 0.010177
5.720000 0.026783 0.010469
5.730000 0.027183 0.010765
5.740000 0.027586 0.011067
5.750000 0.027993 0.011373
5.760000 0.028402 0.011684
5.770000 0.028815 0.012000
5.780000 0.029231 0.012320
5.790000 0.029649 0.012646
5.800000 0.030071 0.012977
5.810000 0.030495 0.013312
5.820000 0.030922 0.013653
5.830000 0.031352 0.013998
5.840000 0.031784 0.014349
5.850000 0.032219 0.014704
5.860000 0.032656 0.015065
5.870000 0.033095 0.015430
5.880000 0.033537 0.015801
5.890000 0.033980 0.016176
5.900000 0.034426 0.016557
5.910000 0.034874 0.016943
5.920000 0.035324 0.017333
5.930000 0.035775 0.017729
5.940000 0.036228 0.018130
5.950000 0.036682 0.018536
5.960000 0.037138 0.018947
5.970000 0.037596 0.019362
5.980000 0.038054 0.019783
5.990000 0.038514 0.020209
6.000000 0.038975 0.020639
6.010000 0.039437 0.021075
6.020000 0.039899 0.021515
6.030000 0.040362 0.021961
6.040000 0.040826 0.022411
6.050000 0.041290 0.022866
6.060000 0.041755 0.023326
6.070000 0.042220 0.023791
6.080000 0.042685 0.024260
6.090000 0.043149 0.024734
6.100000 0.043614 0.025213
6.110000 0.044078 0.025696
6.120000 0.044542 0.026184
6.130000 0.045005 0.026676
6.140000 0.045468 0.027173
6.150000 0.045930 0.027674
6.160000 0.046390 0.028180
6.170000 0.046850 0.028690
6.180000 0.047308 0.029205
6.190000 0.047765 0.029723
6.200000 0.048220 0.030246
6.210000 0.048674 0.030773
6.220000 0.049125 0.031304
6.230000 0.049575 0.031839
6.240000 0.050023 0.032378
6.250000 0.050468 0.032920
6.260000 0.050910 0.033467
6.270000 0.051350 0.034017
6.280000 0.051788 0.034571
6.290000 0.052222 0.035128
6.300000 0.052653 0.035689
6.310000 0.053081 0.036253
6.320000 0.053505 0.036821
6.330000 0.053926 0.037392
6.340000 0.054343 0.037966
6.350000 0.054756 0.038543
6.360000 0.055165 0.039123
6.370000 0.055570 0.039706
6.380000 0.055970 0.040291
6.390000 0.056365 0.040880
6.400000 0.056756 0.041471
6.410000 0.057142 0.042064
6.420000 0.057522 0.042660
6.430000 0.057897 0.043258
6.440000 0.058267 0.043859
6.450000 0.058631 0.044461
6.460000 0.058989 0.045065
6.470000 0.059342 0.045672
6.480000 0.059687 0.046280
6.490000 0.060027 0.046889
6.500000 0.060360 0.047500
6.510000 0.060686 0.048113
6.520000 0.061005 0.048727
6.530000 0.061317 0.049342
6.540000 0.061622 0.049958
6.550000 0.061920 0.050574
6.560000 0.062209 0.051192
6.570000 0.062491 0.051810
6.580000 0.062765 0.052429
6.590000 0.063031 0.053048
6.600000 0.063288 0.053668
6.610000 0.063537 0.054288
6.620000 0.063776 0.054907
6.630000 0.064007 0.055527
6.640000 0.064229 0.056146
6.650000 0.064442 0.056765
6.660000 0.064645 0.057383
6.670000 0.064839 0.058000
6.680000 0.065022 0.058617
6.690000 0.065196 0.059232
6.700000 0.065360 0.059847
6.710000 0.065513 0.060460
6.720000 0.065655 0.061071
6.730000 0.065788 0.061681
6.740000 0.065909 0.062290
6.750000 0.066019 0.062896
6.760000 0.066118 0.063500
6.770000 0.066205 0.064102
6.780000 0.066281 0.064702
6.790000 0.066346 0.065299
6.800000 0.066398 0.065893
6.810000 0.066439 0.066485
6.820000 0.066467 0.067073
6.830000 0.066483 0.067659
6.840000 0.066487 0.068240
6.850000 0.066478 0.068819
6.860000 0.066456 0.069393
6.870000 0.066421 0.069964
6.880000 0.066373 0.070531
6.890000 0.066312 0.071094
6.900000 0.066238 0.071652
6.910000 0.066150 0.072205
6.920000 0.066049 0.072754
6.930000 0.065934 0.073298
6.940000 0.065804 0.073837
6.950000 0.065661 0.074371
6.960000 0.065504 0.074899
6.970000 0.065333 0.075422
6.980000 0.065147 0.075939
6.990000 0.064947 0.076450
7.000000 0.064732 0.076955
7.010000 0.064503 0.077453
7.020000 0.064258 0.077945
7.030000 0.063999 0.078431
7.040000 0.063725 0.078910
7.050000 0.063436 0.079381
7.060000 0.063132 0.079846
7.070000 0.062812 0.080303
7.080000 0.062478 0.080752
7.090000 0.062128 0.081194
7.100000 0.061762 0.081628
7.110000 0.061381 0.082054
7.120000 0.060985 0.082472
7.130000 0.060573 0.082881
7.140000 0.060145 0.083282
7.150000 0.059702 0.083674
7.160000 0.059243 0.084056
7.170000 0.058768 0.084430
7.180000 0.058278 0.084795
7.190000 0.057771 0.085150
7.200000 0.057249 0.085495
7.210000 0.056712 0.085831
7.220000 0.056158 0.086156
7.230000 0.055589 0.086472
7.240000 0.055004 0.086777
7.250000 0.054403 0.087072
7.260000 0.053786 0.087356
7.270000 0.053154 0.087629
7.280000 0.052506 0.087891
7.290000 0.051843 0.088142
7.300000 0.051164 0.088382
7.310000 0.050470 0.088610
7.320000 0.049760 0.088827
7.330000 0.049035 0.089032
7.340000 0.048294 0.089225
7.350000 0.047538 0.089405
7.360000 0.046768 0.089574
7.370000 0.045982 0.089730
7.380000 0.045181 0.089874
7.390000 0.044366 0.090005
7.400000 0.043536 0.090124
7.410000 0.042691 0.090229
7.420000 0.041833 0.090321
7.430000 0.040959 0.090400
7.440000 0.040072 0.090466
7.450000 0.039171 0.090518
7.460000 0.038256 0.090557
7.470000 0.037328 0.090582
7.480000 0.036386 0.090593
7.490000 0.035431 0.090590
7.500000 0.034463 0.090573
7.510000 0.033483 0.090542
7.520000 0.032490 0.090497
7.530000 0.031484 0.090438
7.540000 0.030466 0.090364
7.550000 0.029437 0.090275
7.560000 0.028396 0.090172
7.570000 0.027343 0.090054
7.580000 0.026280 0.089922
7.590000 0.025205 0.089774
7.600000 0.024121 0.089612
7.610000 0.023026 0.089434
7.620000 0.021921 0.089242
7.630000 0.020806 0.089035
7.640000 0.019682 0.088812
7.650000 0.018549 0.088574
7.660000 0.017407 0.088321
7.670000 0.016257 0.088053
7.680000 0.015099 0.087769
7.690000 0.013934 0.087470
7.700000 0.012761 0.087156
7.710000 0.011581 0.086827
7.720000 0.010395 0.086482
7.730000 0.009202 0.086122
7.740000 0.008004 0.085746
7.750000 0.006800 0.085355
7.760000 0.005592 0.084949
7.770000 0.004379 0.084528
7.780000 0.003161 0.084091
7.790000 0.001940 0.083639
7.800000 0.000716 0.083172
7.810000 -0.000511 0.082690
7.820000 -0.001741 0.082193
7.830000 -0.002972 0.081681
7.840000 -0.004205 0.081154
7.850000 -0.005439 0.080612
7.860000 -0.006674 0.080055
7.870000 -0.007909 0.079484
7.880000 -0.009143 0.078899
7.890000 -0.010377 0.078298
7.900000 -0.011609 0.077684
7.910000 -0.012840 0.077055
7.920000 -0.014068 0.076413
7.930000 -0.015293 0.075756
7.940000 -0.016515 0.075086
7.950000 -0.017734 0.074402
7.960000 -0.018948 0.073704
7.970000 -0.020157 0.072993
7.980000 -0.021361 0.072270
7.990000 -0.022559 0.071533
8.000000 -0.023751 0.070783
8.010000 -0.024936 0.070021
8.020000 -0.026113 0.069247
8.030000 -0.027283 0.068460
8.040000 -0.028444 0.067662
8.050000 -0.029596 0.066852
8.060000 -0.030739 0.066031
8.070000 -0.031871 0.065198
8.080000 -0.032993 0.064355
8.090000 -0.034104 0.063500
8.100000 -0.035204 0.062636
8.110000 -0.036291 0.061761
8.120000 -0.037366 0.060877
8.130000 -0.038428 0.059983
8.140000 -0.039475 0.059080
8.150000 -0.040509 0.058168
8.160000 -0.041528 0.057247
8.170000 -0.042532 0.056318
8.180000 -0.043521 0.055381
8.190000 -0.044493 0.054436
8.200000 -0.045448 0.053484
8.210000 -0.046386 0.052525
8.220000 -0.047307 0.051560
8.230000 -0.048209 0.050588
8.240000 -0.049093 0.049611
8.250000 -0.049958 0.048628
8.260000 -0.050803 0.047640
8.270000 -0.051628 0.046647
8.280000 -0.052433 0.045650
8.290000 -0.053216 0.044649
8.300000 -0.053979 0.043645
8.310000 -0.054720 0.042638
8.320000 -0.055438 0.041627
8.330000 -0.056134 0.040615
8.340000 -0.056807 0.039601
8.350000 -0.057457 0.038585
8.360000 -0.058083 0.037568
8.370000 -0.058685 0.036551
8.380000 -0.059262 0.035534
8.390000 -0.059815 0.034517
8.400000 -0.060343 0.033501
8.410000 -0.060845 0.032486
8.420000 -0.061321 0.031473
8.430000 -0.061771 0.030462
8.440000 -0.062195 0.029453
8.450000 -0.062593 0.028448
8.460000 -0.062963 0.027446
8.470000 -0.063307 0.026449
8.480000 -0.063623 0.025455
8.490000 -0.063912 0.024467
8.500000 -0.064172 0.023484
8.510000 -0.064405 0.022508
8.520000 -0.064610 0.021537
8.530000 -0.064787 0.020573
8.540000 -0.064935 0.019617
8.550000 -0.065055 0.018669
8.560000 -0.065146 0.017728
8.570000 -0.065208 0.016797
8.580000 -0.065242 0.015874
8.590000 -0.065247 0.014962
8.600000 -0.065223 0.014059
8.610000 -0.065170 0.013167
8.620000 -0.065088 0.012286
8.630000 -0.064977 0.011417
8.640000 -0.064837 0.010559
8.650000 -0.064669 0.009714
8.660000 -0.064472 0.008882
8.670000 -0.064246 0.008063
8.680000 -0.063992 0.007258
8.690000 -0.063709 0.006467
8.700000 -0.063398 0.005690
8.710000 -0.063059 0.004928
8.720000 -0.062692 0.004182
8.730000 -0.062297 0.003452
8.740000 -0.061875 0.002737
8.750000 -0.061426 0.002040
8.760000 -0.060949 0.001359
8.770000 -0.060446 0.000696
8.780000 -0.059916 0.000050
8.790000 -0.059360 -0.000578
8.800000 -0.058778 -0.001187
8.810000 -0.058170 -0.001778
8.820000 -0.057538 -0.002350
8.830000 -0.056880 -0.002902
8.840000 -0.056199 -0.003434
8.850000 -0.055493 -0.003947
8.860000 -0.054764 -0.004439
8.870000 -0.054012 -0.004911
8.880000 -0.053237 -0.005362
8.890000 -0.052440 -0.005792
8.900000 -0.051621 -0.006201
8.910000 -0.050782 -0.006588
8.920000 -0.049921 -0.006953
8.930000 -0.049041 -0.007297
8.940000 -0.048142 -0.007619
8.950000 -0.047223 -0.007918
8.960000 -0.046286 -0.008195
8.970000 -0.045332 -0.008449
8.980000 -0.044360 -0.008681
8.990000 -0.043373 -0.008889
9.000000 -0.042369 -0.009075
9.010000 -0.041350 -0.009238
9.020000 -0.040317 -0.009378
9.030000 -0.039271 -0.009495
9.040000 -0.038211 -0.009588
9.050000 -0.037139 -0.009659
9.060000 -0.036056 -0.009706
9.070000 -0.034962 -0.009730
9.080000 -0.033858 -0.009731
9.090000 -0.032744 -0.009709
9.100000 -0.031622 -0.009663
9.110000 -0.030492 -0.009595
9.120000 -0.029356 -0.009504
9.130000 -0.028213 -0.009390
9.140000 -0.027065 -0.009254
9.150000 -0.025912 -0.009095
9.160000 -0.024756 -0.008914
9.170000 -0.023597 -0.008711
9.180000 -0.022436 -0.008486
9.190000 -0.021273 -0.008239
9.200000 -0.020110 -0.007970
9.210000 -0.018948 -0.007680
9.220000 -0.017786 -0.007370
9.230000 -0.016627 -0.007038
9.240000 -0.015471 -0.006687
9.250000 -0.014319 -0.006315
9.260000 -0.013171 -0.005923
9.270000 -0.012029 -0.005512
9.280000 -0.010893 -0.005083
9.290000 -0.009765 -0.004634
9.300000 -0.008644 -0.004167
9.310000 -0.007533 -0.003683
9.320000 -0.006431 -0.003181
9.330000 -0.005339 -0.002662
9.340000 -0.004259 -0.002126
9.350000 -0.003191 -0.001575
9.360000 -0.002136 -0.001008
9.370000 -0.001095 -0.000426
9.380000 -0.000068 0.000170
9.390000 0.000944 0.000780
9.400000 0.001939 0.001403
9.410000 0.002917 0.002039
9.420000 0.003878 0.002688
9.430000 0.004820 0.003348
9.440000 0.005743 0.004018
9.450000 0.006646 0.004700
9.460000 0.007529 0.005390
9.470000 0.008391 0.006090
9.480000 0.009230 0.006799
9.490000 0.010047 0.007514
9.500000 0.010841 0.008237
9.510000 0.011610 0.008967
9.520000 0.012356 0.009702
9.530000 0.013076 0.010441
9.540000 0.013770 0.011185
9.550000 0.014438 0.011933
9.560000 0.015079 0.012683
9.570000 0.015693 0.013435
9.580000 0.016279 0.014188
9.590000 0.016837 0.014941
9.600000 0.017366 0.015694
9.610000 0.017865 0.016446
9.620000 0.018335 0.017196
9.630000 0.018775 0.017944
9.640000 0.019184 0.018687
9.650000 0.019563 0.019427
9.660000 0.019910 0.020161
9.670000 0.020226 0.020889
9.680000 0.020510 0.021611
9.690000 0.020762 0.022325
9.700000 0.020982 0.023030
9.710000 0.021170 0.023727
9.720000 0.021324 0.024413
9.730000 0.021446 0.025089
9.740000 0.021535 0.025753
9.750000 0.021591 0.026405
9.760000 0.021614 0.027043
9.770000 0.021604 0.027667
9.780000 0.021560 0.028277
9.790000 0.021483 0.028870
9.800000 0.021373 0.029448
9.810000 0.021230 0.030008
9.820000 0.021054 0.030550
9.830000 0.020845 0.031073
9.840000 0.020603 0.031577
9.850000 0.020328 0.032061
9.860000 0.020021 0.032523
9.870000 0.019682 0.032964
9.880000 0.019310 0.033382
9.890000 0.018907 0.033777
9.900000 0.018473 0.034148
9.910000 0.018007 0.034494
9.920000 0.017511 0.034815
9.930000 0.016984 0.035110
9.940000 0.016428 0.035378
9.950000 0.015842 0.035619
9.960000 0.015227 0.035832
9.970000 0.014583 0.036016
9.980000 0.013911 0.036171
9.990000 0.013212 0.036296
10.000000 0.012486 0.036391
10.010000 0.011734 0.036455
10.020000 0.010955 0.036488
10.030000 0.010152 0.036488
10.040000 0.009325 0.036456
10.050000 0.008473 0.036392
10.060000 0.007599 0.036293
10.070000 0.006702 0.036161
10.080000 0.005784 0.035995
10.090000 0.004845 0.035794
10.100000 0.003886 0.035557
10.110000 0.002908 0.035286
10.120000 0.001912 0.034978
10.130000 0.000898 0.034635
10.140000 -0.000132 0.034255
10.150000 -0.001178 0.033838
10.160000 -0.002239 0.033384
10.170000 -0.003313 0.032894
10.180000 -0.004400 0.032366
10.190000 -0.005500 0.031800
10.200000 -0.006610 0.031197
10.210000 -0.007729 0.030556
10.220000 -0.008858 0.029877
10.230000 -0.009995 0.029160
10.240000 -0.011138 0.028405
10.250000 -0.012287 0.027612
10.260000 -0.013441 0.026781
10.270000 -0.014598 0.025911
10.280000 -0.015758 0.025004
10.290000 -0.016920 0.024059
10.300000 -0.018081 0.023076
10.310000 -0.019242 0.022056
10.320000 -0.020401 0.020998
10.330000 -0.021557 0.019902
10.340000 -0.022709 0.018770
10.350000 -0.023855 0.017600
10.360000 -0.024996 0.016394
10.370000 -0.026128 0.015152
10.380000 -0.027252 0.013873
10.390000 -0.028366 0.012559
10.400000 -0.029469 0.011210
10.410000 -0.030560 0.009825
10.420000 -0.031637 0.008406
10.430000 -0.032701 0.006954
10.440000 -0.033748 0.005467
10.450000 -0.034779 0.003947
10.460000 -0.035792 0.002395
10.470000 -0.036787 0.000811
10.480000 -0.037761 -0.000805
10.490000 -0.038714 -0.002451
10.500000 -0.039645 -0.004128
10.510000 -0.040552 -0.005834
10.520000 -0.041435 -0.007569
10.530000 -0.042293 -0.009332
10.540000 -0.043124 -0.011123
10.550000 -0.043927 -0.012941
10.560000 -0.044702 -0.014784
10.570000 -0.045447 -0.016653
10.580000 -0.046162 -0.018546
10.590000 -0.046844 -0.020463
10.600000 -0.047494 -0.022402
10.610000 -0.048111 -0.024363
10.620000 -0.048693 -0.026345
10.630000 -0.049239 -0.028348
10.640000 -0.049749 -0.030369
10.650000 -0.050222 -0.032408
10.660000 -0.050657 -0.034465
10.670000 -0.051052 -0.036538
10.680000 -0.051408 -0.038626
10.690000 -0.051723 -0.040728
10.700000 -0.051997 -0.042843
10.710000 -0.052229 -0.044971
10.720000 -0.052417 -0.047109
10.730000 -0.052563 -0.049257
10.740000 -0.052663 -0.051415
10.750000 -0.052719 -0.053580
10.760000 -0.052729 -0.055751
10.770000 -0.052694 -0.057929
10.780000 -0.052611 -0.060110
10.790000 -0.052481 -0.062295
10.800000 -0.052303 -0.064482
10.810000 -0.052077 -0.066670
10.820000 -0.051802 -0.068857
10.830000 -0.051477 -0.071043
10.840000 -0.051103 -0.073227
10.850000 -0.050679 -0.075407
10.860000 -0.050205 -0.077581
10.870000 -0.049680 -0.079750
10.880000 -0.049103 -0.081911
10.890000 -0.048476 -0.084063
10.900000 -0.047797 -0.086205
10.910000 -0.047067 -0.088336
10.920000 -0.046284 -0.090455
10.930000 -0.045450 -0.092561
10.940000 -0.044563 -0.094652
10.950000 -0.043625 -0.096726
10.960000 -0.042634 -0.098784
10.970000 -0.041591 -0.100823
10.980000 -0.040495 -0.102843
10.990000 -0.039348 -0.104842
11.000000 -0.038149 -0.106818
11.010000 -0.036898 -0.108772
11.020000 -0.035595 -0.110701
11.030000 -0.034241 -0.112605
11.040000 -0.032835 -0.114482
11.050000 -0.031378 -0.116331
11.060000 -0.029871 -0.118151
11.070000 -0.028313 -0.119941
11.080000 -0.026705 -0.121699
11.090000 -0.025047 -0.123425
11.100000 -0.023341 -0.125118
11.110000 -0.021585 -0.126776
11.120000 -0.019781 -0.128398
11.130000 -0.017929 -0.129983
11.140000 -0.016030 -0.131530
11.150000 -0.014084 -0.133038
11.160000 -0.012092 -0.134507
11.170000 -0.010054 -0.135934
11.180000 -0.007971 -0.137320
11.190000 -0.005845 -0.138663
11.200000 -0.003675 -0.139961
11.210000 -0.001462 -0.141215
11.220000 0.000793 -0.142424
11.230000 0.003089 -0.143585
11.240000 0.005425 -0.144699
11.250000 0.007801 -0.145765
11.260000 0.010215 -0.146781
11.270000 0.012667 -0.147748
11.280000 0.015155 -0.148663
11.290000 0.017680 -0.149528
11.300000 0.020239 -0.150339
11.310000 0.022833 -0.151098
11.320000 0.025459 -0.151803
11.330000 0.028117 -0.152454
11.340000 0.030806 -0.153049
11.350000 0.033524 -0.153589
11.360000 0.036271 -0.154073
11.370000 0.039045 -0.154500
11.380000 0.041846 -0.154869
11.390000 0.044672 -0.155181
11.400000 0.047522 -0.155434
11.410000 0.050394 -0.155629
11.420000 0.053289 -0.155764
11.430000 0.056203 -0.155839
11.440000 0.059137 -0.155855
11.450000 0.062089 -0.155810
11.460000 0.065057 -0.155705
11.470000 0.068041 -0.155538
11.480000 0.071039 -0.155310
11.490000 0.074050 -0.155021
11.500000 0.077072 -0.154670
11.510000 0.080104 -0.154258
11.520000 0.083146 -0.153783
11.530000 0.086194 -0.153246
11.540000 0.089250 -0.152648
11.550000 0.092310 -0.151987
11.560000 0.095373 -0.151263
11.570000 0.098439 -0.150478
11.580000 0.101506 -0.149630
11.590000 0.104572 -0.148720
11.600000 0.107636 -0.147748
11.610000 0.110698 -0.146715
11.620000 0.113754 -0.145619
11.630000 0.116805 -0.144462
11.640000 0.119848 -0.143244
11.650000 0.122883 -0.141964
11.660000 0.125908 -0.140624
11.670000 0.128922 -0.139223
11.680000 0.131923 -0.137762
11.690000 0.134910 -0.136241
11.700000 0.137882 -0.134661
11.710000 0.140837 -0.133022
11.720000 0.143775 -0.131324
11.730000 0.146693 -0.129568
11.740000 0.149590 -0.127755
11.750000 0.152466 -0.125884
11.760000 0.155319 -0.123957
11.770000 0.158147 -0.121974
11.780000 0.160950 -0.119936
11.790000 0.163726 -0.117842
11.800000 0.166474 -0.115695
11.810000 0.169192 -0.113495
11.820000 0.171880 -0.111241
11.830000 0.174536 -0.108936
11.840000 0.177160 -0.106580
11.850000 0.179749 -0.104173
11.860000 0.182304 -0.101717
11.870000 0.184822 -0.099212
11.880000 0.187303 -0.096659
11.890000 0.189745 -0.094058
11.900000 0.192148 -0.091412
11.910000 0.194510 -0.088720
11.920000 0.196830 -0.085984
11.930000 0.199109 -0.083205
11.940000 0.201343 -0.080383
11.950000 0.203533 -0.077519
11.960000 0.205677 -0.074615
11.970000 0.207775 -0.071672
11.980000 0.209826 -0.068690
11.990000 0.211829 -0.065671
12.000000 0.213782 -0.062615
12.010000 0.215686 -0.059525
12.020000 0.217539 -0.056400
12.030000 0.219341 -0.053242
12.040000 0.221091 -0.050052
12.050000 0.222787 -0.046831
12.060000 0.224431 -0.043581
12.070000 0.226020 -0.040302
12.080000 0.227554 -0.036996
12.090000 0.229032 -0.033664
12.100000 0.230454 -0.030307
12.110000 0.231820 -0.026926
12.120000 0.233129 -0.023523
12.130000 0.234379 -0.020098
12.140000 0.235572 -0.016653
12.150000 0.236706 -0.013189
12.160000 0.237781 -0.009708
12.170000 0.238796 -0.006210
12.180000 0.239751 -0.002697
12.190000 0.240646 0.000830
12.200000 0.241481 0.004369
12.210000 0.242255 0.007920
12.220000 0.242968 0.011482
12.230000 0.243619 0.015052
12.240000 0.244209 0.018629
12.250000 0.244737 0.022214
12.260000 0.245204 0.025803
12.270000 0.245608 0.029396
12.280000 0.245951 0.032992
12.290000 0.246231 0.036590
12.300000 0.246449 0.040187
12.310000 0.246605 0.043784
12.320000 0.246699 0.047378
12.330000 0.246731 0.050969
12.340000 0.246700 0.054554
12.350000 0.246608 0.058134
12.360000 0.246454 0.061707
12.370000 0.246238 0.065271
12.380000 0.245961 0.068826
12.390000 0.245623 0.072369
12.400000 0.245224 0.075901
12.410000 0.244764 0.079420
12.420000 0.244243 0.082924
12.430000 0.243662 0.086413
12.440000 0.243022 0.089885
12.450000 0.242322 0.093339
12.460000 0.241563 0.096774
12.470000 0.240745 0.100190
12.480000 0.239869 0.103584
12.490000 0.238935 0.106956
12.500000 0.237944 0.110305
12.510000 0.236896 0.113629
12.520000 0.235792 0.116928
12.530000 0.234632 0.120201
12.540000 0.233417 0.123447
12.550000 0.232147 0.126663
12.560000 0.230823 0.129851
12.570000 0.229446 0.133008
12.580000 0.228017 0.136134
12.590000 0.226535 0.139227
12.600000 0.225002 0.142288
12.610000 0.223418 0.145314
12.620000 0.221784 0.148306
12.630000 0.220101 0.151262
12.640000 0.218370 0.154181
12.650000 0.216591 0.157062
12.660000 0.214765 0.159906
12.670000 0.212893 0.162710
12.680000 0.210975 0.165474
12.690000 0.209014 0.168198
12.700000 0.207008 0.170881
12.710000 0.204960 0.173522
12.720000 0.202871 0.176120
12.730000 0.200740 0.178675
12.740000 0.198569 0.181185
12.750000 0.196359 0.183652
12.760000 0.194111 0.186072
12.770000 0.191825 0.188448
12.780000 0.189503 0.190777
12.790000 0.187146 0.193059
12.800000 0.184754 0.195293
12.810000 0.182328 0.197480
12.820000 0.179871 0.199618
12.830000 0.177381 0.201708
12.840000 0.174861 0.203749
12.850000 0.172312 0.205739
12.860000 0.169733 0.207680
12.870000 0.167128 0.209571
12.880000 0.164495 0.211410
12.890000 0.161838 0.213199
12.900000 0.159155 0.214936
12.910000 0.156450 0.216622
12.920000 0.153721 0.218256
12.930000 0.150971 0.219838
12.940000 0.148201 0.221367
12.950000 0.145411 0.222844
12.960000 0.142603 0.224269
12.970000 0.139778 0.225640
12.980000 0.136936 0.226959
12.990000 0.134079 0.228225
13.000000 0.131208 0.229437
13.010000 0.128323 0.230597
13.020000 0.125426 0.231703
13.030000 0.122518 0.232756
13.040000 0.119600 0.233756
13.050000 0.116672 0.234703
13.060000 0.113736 0.235597
13.070000 0.110793 0.236437
13.080000 0.107844 0.237225
13.090000 0.104890 0.237959
13.100000 0.101931 0.238641
13.110000 0.098969 0.239270
13.120000 0.096005 0.239847
13.130000 0.093039 0.240372
13.140000 0.090073 0.240844
13.150000 0.087108 0.241265
13.160000 0.084144 0.241634
13.170000 0.081182 0.241951
13.180000 0.078224 0.242218
13.190000 0.075271 0.242433
13.200000 0.072322 0.242598
13.210000 0.069379 0.242713
13.220000 0.066444 0.242778
13.230000 0.063516 0.242794
13.240000 0.060597 0.242760
13.250000 0.057687 0.242677
13.260000 0.054788 0.242547
13.270000 0.051900 0.242368
13.280000 0.049024 0.242141
13.290000 0.046161 0.241868
13.300000 0.043312 0.241548
13.310000 0.040477 0.241182
13.320000 0.037657 0.240770
13.330000 0.034853 0.240312
13.340000 0.032066 0.239810
13.350000 0.029296 0.239264
13.360000 0.026544 0.238675
13.370000 0.023811 0.238042
13.380000 0.021097 0.237366
13.390000 0.018404 0.236649
13.400000 0.015731 0.235890
13.410000 0.013080 0.235090
13.420000 0.010451 0.234250
13.430000 0.007845 0.233370
13.440000 0.005261 0.232452
13.450000 0.002702 0.231495
13.460000 0.000167 0.230500
13.470000 -0.002343 0.229467
13.480000 -0.004827 0.228399
13.490000 -0.007286 0.227294
13.500000 -0.009718 0.226154
13.510000 -0.012123 0.224980
13.520000 -0.014500 0.223771
13.530000 -0.016849 0.222530
13.540000 -0.019171 0.221256
13.550000 -0.021463 0.219949
13.560000 -0.023726 0.218612
13.570000 -0.025959 0.217244
13.580000 -0.028163 0.215847
13.590000 -0.030336 0.214420
13.600000 -0.032478 0.212965
13.610000 -0.034590 0.211482
13.620000 -0.036670 0.209972
13.630000 -0.038718 0.208436
13.640000 -0.040735 0.206874
13.650000 -0.042719 0.205287
13.660000 -0.044671 0.203677
13.670000 -0.046590 0.202042
13.680000 -0.048476 0.200385
13.690000 -0.050329 0.198706
13.700000 -0.052149 0.197005
13.710000 -0.053935 0.195284
13.720000 -0.055687 0.193543
13.730000 -0.057406 0.191783
13.740000 -0.059091 0.190004
13.750000 -0.060741 0.188208
13.760000 -0.062358 0.186394
13.770000 -0.063940 0.184564
13.780000 -0.065488 0.182719
13.790000 -0.067002 0.180858
13.800000 -0.068481 0.178983
13.810000 -0.069925 0.177095
13.820000 -0.071335 0.175193
13.830000 -0.072711 0.173280
13.840000 -0.074052 0.171355
13.850000 -0.075358 0.169419
13.860000 -0.076630 0.167472
13.870000 -0.077868 0.165517
13.880000 -0.079071 0.163552
13.890000 -0.080240 0.161579
13.900000 -0.081374 0.159599
13.910000 -0.082475 0.157612
13.920000 -0.083541 0.155618
13.930000 -0.084574 0.153619
13.940000 -0.085572 0.151614
13.950000 -0.086537 0.149606
13.960000 -0.087469 0.147593
13.970000 -0.088367 0.145577
13.980000 -0.089232 0.143559
13.990000 -0.090064 0.141539
14.000000 -0.090863 0.139517
14.010000 -0.091630 0.137495
14.020000 -0.092364 0.135472
14.030000 -0.093066 0.133450
14.040000 -0.093736 0.131428
14.050000 -0.094374 0.129408
14.060000 -0.094980 0.127390
14.070000 -0.095556 0.125374
14.080000 -0.096100 0.123361
14.090000 -0.096614 0.121352
14.100000 -0.097097 0.119347
14.110000 -0.097550 0.117346
14.120000 -0.097974 0.115350
14.130000 -0.098367 0.113360
14.140000 -0.098732 0.111376
14.150000 -0.099067 0.109398
14.160000 -0.099374 0.107427
14.170000 -0.099652 0.105463
14.180000 -0.099903 0.103507
14.190000 -0.100126 0.101559
14.200000 -0.100321 0.099620
14.210000 -0.100490 0.097690
14.220000 -0.100632 0.095769
14.230000 -0.100747 0.093858
14.240000 -0.100837 0.091958
14.250000 -0.100901 0.090067
14.260000 -0.100940 0.088188
14.270000 -0.100954 0.086320
14.280000 -0.100944 0.084464
14.290000 -0.100910 0.082619
14.300000 -0.100852 0.080787
14.310000 -0.100770 0.078967
14.320000 -0.100666 0.077160
14.330000 -0.100539 0.075367
14.340000 -0.100390 0.073587
14.350000 -0.100220 0.071820
14.360000 -0.100028 0.070068
14.370000 -0.099815 0.068330
14.380000 -0.099581 0.066606
14.390000 -0.099328 0.064898
14.400000 -0.099054 0.063204
14.410000 -0.098761 0.061525
14.420000 -0.098450 0.059862
14.430000 -0.098119 0.058215
14.440000 -0.097771 0.056584
14.450000 -0.097404 0.054968
14.460000 -0.097021 0.053369
14.470000 -0.096620 0.051786
14.480000 -0.096203 0.050220
14.490000 -0.095770 0.048671
14.500000 -0.095321 0.047138
14.510000 -0.094856 0.045623
14.520000 -0.094377 0.044125
14.530000 -0.093883 0.042644
14.540000 -0.093375 0.041180
14.550000 -0.092853 0.039734
14.560000 -0.092318 0.038306
14.570000 -0.091770 0.036895
14.580000 -0.091209 0.035503
14.590000 -0.090636 0.034128
14.600000 -0.090051 0.032771
14.610000 -0.089455 0.031432
14.620000 -0.088847 0.030111
14.630000 -0.088229 0.028808
14.640000 -0.087600 0.027524
14.650000 -0.086962 0.026258
14.660000 -0.086314 0.025010
14.670000 -0.085657 0.023780
14.680000 -0.084991 0.022569
14.690000 -0.084316 0.021376
14.700000 -0.083633 0.020201
14.710000 -0.082942 0.019045
14.720000 -0.082244 0.017907
14.730000 -0.081539 0.016787
14.740000 -0.080827 0.015686
14.750000 -0.080108 0.014603
14.760000 -0.079384 0.013538
14.770000 -0.078653 0.012492
14.780000 -0.077917 0.011463
14.790000 -0.077176 0.010453
14.800000 -0.076431 0.009461
14.810000 -0.075680 0.008487
14.820000 -0.074925 0.007531
14.830000 -0.074167 0.006593
14.840000 -0.073405 0.005673
14.850000 -0.072639 0.004771
14.860000 -0.071871 0.003887
14.870000 -0.071099 0.003020
14.880000 -0.070326 0.002171
14.890000 -0.069550 0.001339
14.900000 -0.068772 0.000525
14.910000 -0.067992 -0.000272
14.920000 -0.067211 -0.001052
14.930000 -0.066429 -0.001814
14.940000 -0.065646 -0.002560
14.950000 -0.064862 -0.003288
14.960000 -0.064078 -0.004000
14.970000 -0.063293 -0.004695
14.980000 -0.062509 -0.005373
14.990000 -0.061725 -0.006035
15.000000 -0.060941 -0.006680
15.010000 -0.060159 -0.007309
15.020000 -0.059377 -0.007922
15.030000 -0.058596 -0.008519
15.040000 -0.057816 -0.009100
15.050000 -0.057038 -0.009666
15.060000 -0.056262 -0.010215
15.070000 -0.055488 -0.010749
15.080000 -0.054716 -0.011268
15.090000 -0.053946 -0.011771
15.100000 -0.053178 -0.012260
15.110000 -0.052413 -0.012733
15.120000 -0.051651 -0.013192
15.130000 -0.050892 -0.013635
15.140000 -0.050136 -0.014065
15.150000 -0.049383 -0.014479
15.160000 -0.048634 -0.014880
15.170000 -0.047888 -0.015266
15.180000 -0.047146 -0.015639
15.190000 -0.046407 -0.015997
15.200000 -0.045673 -0.016342
15.210000 -0.044942 -0.016674
15.220000 -0.044216 -0.016992
15.230000 -0.043494 -0.017296
15.240000 -0.042776 -0.017588
15.250000 -0.042063 -0.017866
15.260000 -0.041354 -0.018132
15.270000 -0.040651 -0.018385
15.280000 -0.039952 -0.018626
15.290000 -0.039257 -0.018854
15.300000 -0.038568 -0.019070
15.310000 -0.037884 -0.019274
15.320000 -0.037205 -0.019466
15.330000 -0.036531 -0.019646
15.340000 -0.035863 -0.019815
15.350000 -0.035200 -0.019972
15.360000 -0.034542 -0.020117
15.370000 -0.033890 -0.020252
15.380000 -0.033243 -0.020376
15.390000 -0.032602 -0.020488
15.400000 -0.031967 -0.020590
15.410000 -0.031337 -0.020681
15.420000 -0.030713 -0.020762
15.430000 -0.030094 -0.020833
15.440000 -0.029482 -0.020893
15.450000 -0.028875 -0.020943
15.460000 -0.028275 -0.020984
15.470000 -0.027680 -0.021015
15.480000 -0.027091 -0.021036
15.490000 -0.026508 -0.021047
15.500000 -0.025931 -0.021050
15.510000 -0.025360 -0.021043
15.520000 -0.024795 -0.021027
15.530000 -0.024236 -0.021002
15.540000 -0.023683 -0.020969
15.550000 -0.023137 -0.020927
15.560000 -0.022596 -0.020876
15.570000 -0.022061 -0.020817
15.580000 -0.021532 -0.020750
15.590000 -0.021010 -0.020675
15.600000 -0.020493 -0.020591
15.610000 -0.019983 -0.020500
15.620000 -0.019478 -0.020402
15.630000 -0.018980 -0.020295
15.640000 -0.018488 -0.020181
15.650000 -0.018001 -0.020060
15.660000 -0.017521 -0.019932
15.670000 -0.017047 -0.019797
15.680000 -0.016578 -0.019655
15.690000 -0.016116 -0.019506
15.700000 -0.015659 -0.019350
15.710000 -0.015209 -0.019188
15.720000 -0.014764 -0.019019
15.730000 -0.014325 -0.018844
15.740000 -0.013892 -0.018663
15.750000 -0.013465 -0.018476
15.760000 -0.013044 -0.018282
15.770000 -0.012628 -0.018083
15.780000 -0.012219 -0.017879
15.790000 -0.011815 -0.017668
15.800000 -0.011416 -0.017452
15.810000 -0.011023 -0.017231
15.820000 -0.010636 -0.017005
15.830000 -0.010255 -0.016773
15.840000 -0.009879 -0.016536
15.850000 -0.009509 -0.016295
15.860000 -0.009144 -0.016048
15.870000 -0.008784 -0.015797
15.880000 -0.008430 -0.015541
15.890000 -0.008081 -0.015281
15.900000 -0.007738 -0.015016
15.910000 -0.007400 -0.014748
15.920000 -0.007067 -0.014474
15.930000 -0.006740 -0.014197
15.940000 -0.006418 -0.013916
15.950000 -0.006100 -0.013631
15.960000 -0.005788 -0.013343
15.970000 -0.005482 -0.013050
15.980000 -0.005180 -0.012754
15.990000 -0.004883 -0.012455
16.000000 -0.004591 -0.012152
16.010000 -0.004304 -0.011846
16.020000 -0.004022 -0.011537
16.030000 -0.003745 -0.011225
16.040000 -0.003473 -0.010910
16.050000 -0.003205 -0.010592
16.060000 -0.002942 -0.010271
16.070000 -0.002684 -0.009948
16.080000 -0.002431 -0.009622
16.090000 -0.002182 -0.009293
16.100000 -0.001938 -0.008962
16.110000 -0.001698 -0.008629
16.120000 -0.001463 -0.008294
16.130000 -0.001233 -0.007956
16.140000 -0.001007 -0.007617
16.150000 -0.000785 -0.007275
16.160000 -0.000568 -0.006932
16.170000 -0.000355 -0.006587
16.180000 -0.000147 -0.006240
16.190000 0.000058 -0.005892
16.200000 0.000258 -0.005542
16.210000 0.000453 -0.005191
16.220000 0.000645 -0.004839
16.230000 0.000832 -0.004485
16.240000 0.001016 -0.004130
16.250000 0.001195 -0.003774
16.260000 0.001370 -0.003417
16.270000 0.001541 -0.003060
16.280000 0.001708 -0.002701
16.290000 0.001871 -0.002342
16.300000 0.002030 -0.001982
16.310000 0.002185 -0.001622
16.320000 0.002337 -0.001261
16.330000 0.002484 -0.000899
16.340000 0.002627 -0.000538
16.350000 0.002767 -0.000176
16.360000 0.002903 0.000186
16.370000 0.003035 0.000548
16.380000 0.003163 0.000910
16.390000 0.003288 0.001272
16.400000 0.003409 0.001634
16.410000 0.003526 0.001996
16.420000 0.003639 0.002357
16.430000 0.003749 0.002718
16.440000 0.003855 0.003079
16.450000 0.003958 0.003439
16.460000 0.004056 0.003798
16.470000 0.004152 0.004157
16.480000 0.004244 0.004515
16.490000 0.004332 0.004872
16.500000 0.004416 0.005228
16.510000 0.004498 0.005584
16.520000 0.004575 0.005938
16.530000 0.004649 0.006291
16.540000 0.004720 0.006643
16.550000 0.004787 0.006994
16.560000 0.004851 0.007344
16.570000 0.004911 0.007692
16.580000 0.004968 0.008039
16.590000 0.005022 0.008384
16.600000 0.005072 0.008728
16.610000 0.005118 0.009070
16.620000 0.005161 0.009410
16.630000 0.005201 0.009749
16.640000 0.005238 0.010086
16.650000 0.005271 0.010421
16.660000 0.005300 0.010754
16.670000 0.005327 0.011086
16.680000 0.005350 0.011415
16.690000 0.005369 0.011742
16.700000 0.005386 0.012067
16.710000 0.005399 0.012389
16.720000 0.005408 0.012710
16.730000 0.005414 0.013028
16.740000 0.005417 0.013344
16.750000 0.005417 0.013657
16.760000 0.005413 0.013968
16.770000 0.005406 0.014276
16.780000 0.005396 0.014582
16.790000 0.005382 0.014885
16.800000 0.005365 0.015186
16.810000 0.005345 0.015484
16.820000 0.005321 0.015779
16.830000 0.005295 0.016071
16.840000 0.005264 0.016360
16.850000 0.005231 0.016647
16.860000 0.005194 0.016930
16.870000 0.005154 0.017211
16.880000 0.005110 0.017488
16.890000 0.005063 0.017763
16.900000 0.005013 0.018034
16.910000 0.004960 0.018302
16.920000 0.004903 0.018567
16.930000 0.004843 0.018829
16.940000 0.004779 0.019087
16.950000 0.004713 0.019342
16.960000 0.004643 0.019594
16.970000 0.004569 0.019842
16.980000 0.004493 0.020087
16.990000 0.004412 0.020329
17.000000 0.004329 0.020567
17.010000 0.004242 0.020801
17.020000 0.004152 0.021032
17.030000 0.004059 0.021259
17.040000 0.003962 0.021483
17.050000 0.003862 0.021703
17.060000 0.003759 0.021919
17.070000 0.003652 0.022132
17.080000 0.003542 0.022341
17.090000 0.003428 0.022546
17.100000 0.003312 0.022747
17.110000 0.003192 0.022945
17.120000 0.003068 0.023139
17.130000 0.002941 0.023328
17.140000 0.002811 0.023514
17.150000 0.002678 0.023696
17.160000 0.002541 0.023874
17.170000 0.002401 0.024049
17.180000 0.002258 0.024219
17.190000 0.002111 0.024385
17.200000 0.001961 0.024547
17.210000 0.001808 0.024705
17.220000 0.001651 0.024859
17.230000 0.001491 0.025009
17.240000 0.001328 0.025155
17.250000 0.001161 0.025297
17.260000 0.000992 0.025434
17.270000 0.000819 0.025568
17.280000 0.000642 0.025697
17.290000 0.000463 0.025822
17.300000 0.000280 0.025943
17.310000 0.000094 0.026059
17.320000 -0.000095 0.026172
17.330000 -0.000287 0.026280
17.340000 -0.000483 0.026384
17.350000 -0.000682 0.026484
17.360000 -0.000884 0.026579
17.370000 -0.001089 0.026671
17.380000 -0.001297 0.026758
17.390000 -0.001508 0.026840
17.400000 -0.001722 0.026919
17.410000 -0.001939 0.026993
17.420000 -0.002160 0.027062
17.430000 -0.002383 0.027128
17.440000 -0.002609 0.027189
17.450000 -0.002838 0.027245
17.460000 -0.003070 0.027298
17.470000 -0.003305 0.027346
17.480000 -0.003543 0.027390
17.490000 -0.003784 0.027429
17.500000 -0.004028 0.027464
17.510000 -0.004274 0.027495
17.520000 -0.004523 0.027521
17.530000 -0.004775 0.027543
17.540000 -0.005029 0.027560
17.550000 -0.005286 0.027574
17.560000 -0.005545 0.027582
17.570000 -0.005808 0.027587
17.580000 -0.006072 0.027587
17.590000 -0.006339 0.027583
17.600000 -0.006609 0.027574
17.610000 -0.006880 0.027561
17.620000 -0.007154 0.027544
17.630000 -0.007431 0.027522
17.640000 -0.007709 0.027496
17.650000 -0.007990 0.027466
17.660000 -0.008273 0.027432
17.670000 -0.008558 0.027393
17.680000 -0.008845 0.027349
17.690000 -0.009133 0.027302
17.700000 -0.009424 0.027250
17.710000 -0.009716 0.027194
17.720000 -0.010010 0.027134
17.730000 -0.010306 0.027069
17.740000 -0.010604 0.027001
17.750000 -0.010903 0.026928
17.760000 -0.011203 0.026850
17.770000 -0.011505 0.026769
17.780000 -0.011808 0.026683
17.790000 -0.012113 0.026594
17.800000 -0.012418 0.026500
17.810000 -0.012725 0.026402
17.820000 -0.013033 0.026299
17.830000 -0.013342 0.026193
17.840000 -0.013651 0.026083
17.850000 -0.013962 0.025969
17.860000 -0.014273 0.025850
17.870000 -0.014585 0.025728
17.880000 -0.014897 0.025601
17.890000 -0.015210 0.025471
17.900000 -0.015523 0.025337
17.910000 -0.015836 0.025199
17.920000 -0.016150 0.025057
17.930000 -0.016463 0.024911
17.940000 -0.016777 0.024761
17.950000 -0.017091 0.024608
17.960000 -0.017404 0.024450
17.970000 -0.017717 0.024289
17.980000 -0.018030 0.024125
17.990000 -0.018342 0.023957
18.000000 -0.018654 0.023785
18.010000 -0.018965 0.023609
18.020000 -0.019276 0.023430
18.030000 -0.019585 0.023248
18.040000 -0.019893 0.023062
18.050000 -0.020201 0.022872
18.060000 -0.020507 0.022680
18.070000 -0.020812 0.022483
18.080000 -0.021116 0.022284
18.090000 -0.021418 0.022081
18.100000 -0.021718 0.021876
18.110000 -0.022017 0.021667
18.120000 -0.022314 0.021454
18.130000 -0.022610 0.021239
18.140000 -0.022903 0.021021
18.150000 -0.023194 0.020800
18.160000 -0.023483 0.020576
18.170000 -0.023769 0.020349
18.180000 -0.024053 0.020120
18.190000 -0.024335 0.019887
18.200000 -0.024614 0.019652
18.210000 -0.024890 0.019414
18.220000 -0.025164 0.019174
18.230000 -0.025434 0.018931
18.240000 -0.025702 0.018686
18.250000 -0.025966 0.018439
18.260000 -0.026227 0.018189
18.270000 -0.026485 0.017937
18.280000 -0.026739 0.017683
18.290000 -0.026990 0.017426
18.300000 -0.027237 0.017168
18.310000 -0.027480 0.016907
18.320000 -0.027719 0.016645
18.330000 -0.027955 0.016381
18.340000 -0.028186 0.016115
18.350000 -0.028414 0.015847
18.360000 -0.028637 0.015578
18.370000 -0.028856 0.015308
18.380000 -0.029070 0.015035
18.390000 -0.029280 0.014762
18.400000 -0.029486 0.014487
18.410000 -0.029686 0.014211
18.420000 -0.029882 0.013933
18.430000 -0.030073 0.013655
18.440000 -0.030260 0.013376
18.450000 -0.030441 0.013095
18.460000 -0.030617 0.012814
18.470000 -0.030788 0.012532
18.480000 -0.030954 0.012250
18.490000 -0.031114 0.011966
18.500000 -0.031269 0.011683
18.510000 -0.031419 0.011398
18.520000 -0.031563 0.011114
18.530000 -0.031702 0.010829
18.540000 -0.031835 0.010544
18.550000 -0.031963 0.010259
18.560000 -0.032085 0.009974
18.570000 -0.032201 0.009689
18.580000 -0.032311 0.009404
18.590000 -0.032415 0.009120
18.600000 -0.032513 0.008836
18.610000 -0.032606 0.008552
18.620000 -0.032692 0.008269
18.630000 -0.032773 0.007986
18.640000 -0.032847 0.007704
18.650000 -0.032916 0.007423
18.660000 -0.032978 0.007142
18.670000 -0.033034 0.006863
18.680000 -0.033084 0.006584
18.690000 -0.033127 0.006307
18.700000 -0.033165 0.006031
18.710000 -0.033196 0.005756
18.720000 -0.033221 0.005482
18.730000 -0.033240 0.005210
18.740000 -0.033253 0.004939
18.750000 -0.033259 0.004670
18.760000 -0.033259 0.004403
18.770000 -0.033253 0.004137
18.780000 -0.033241 0.003873
18.790000 -0.033222 0.003611
18.800000 -0.033198 0.003351
18.810000 -0.033167 0.003093
18.820000 -0.033130 0.002838
18.830000 -0.033087 0.002584
18.840000 -0.033038 0.002333
18.850000 -0.032982 0.002084
18.860000 -0.032921 0.001837
18.870000 -0.032854 0.001593
18.880000 -0.032780 0.001352
18.890000 -0.032701 0.001113
18.900000 -0.032616 0.000877
18.910000 -0.032525 0.000643
18.920000 -0.032428 0.000412
18.930000 -0.032326 0.000185
18.940000 -0.032218 -0.000040
18.950000 -0.032104 -0.000262
18.960000 -0.031985 -0.000481
18.970000 -0.031860 -0.000696
18.980000 -0.031730 -0.000909
18.990000 -0.031595 -0.001118
19.000000 -0.031454 -0.001325
19.010000 -0.031308 -0.001527
19.020000 -0.031157 -0.001727
19.030000 -0.031001 -0.001923
19.040000 -0.030840 -0.002116
19.050000 -0.030674 -0.002305
19.060000 -0.030503 -0.002491
19.070000 -0.030328 -0.002673
19.080000 -0.030148 -0.002851
19.090000 -0.029964 -0.003026
19.100000 -0.029775 -0.003198
19.110000 -0.029582 -0.003366
19.120000 -0.029385 -0.003530
19.130000 -0.029183 -0.003690
19.140000 -0.028978 -0.003847
19.150000 -0.028769 -0.004000
19.160000 -0.028556 -0.004149
19.170000 -0.028339 -0.004294
19.180000 -0.028119 -0.004436
19.190000 -0.027895 -0.004574
19.200000 -0.027668 -0.004708
19.210000 -0.027438 -0.004838
19.220000 -0.027205 -0.004965
19.230000 -0.026968 -0.005087
19.240000 -0.026729 -0.005206
19.250000 -0.026487 -0.005321
19.260000 -0.026243 -0.005433
19.270000 -0.025996 -0.005540
19.280000 -0.025747 -0.005644
19.290000 -0.025495 -0.005744
19.300000 -0.025241 -0.005840
19.310000 -0.024985 -0.005933
19.320000 -0.024728 -0.006022
19.330000 -0.024468 -0.006107
19.340000 -0.024207 -0.006189
19.350000 -0.023945 -0.006267
19.360000 -0.023681 -0.006341
19.370000 -0.023415 -0.006412
19.380000 -0.023149 -0.006479
19.390000 -0.022882 -0.006543
19.400000 -0.022613 -0.006603
19.410000 -0.022344 -0.006660
19.420000 -0.022074 -0.006714
19.430000 -0.021804 -0.006764
19.440000 -0.021533 -0.006811
19.450000 -0.021262 -0.006855
19.460000 -0.020991 -0.006895
19.470000 -0.020720 -0.006933
19.480000 -0.020449 -0.006967
19.490000 -0.020178 -0.006998
19.500000 -0.019907 -0.007027
19.510000 -0.019637 -0.007052
19.520000 -0.019367 -0.007075
19.530000 -0.019098 -0.007094
19.540000 -0.018829 -0.007111
19.550000 -0.018561 -0.007126
19.560000 -0.018295 -0.007138
19.570000 -0.018029 -0.007147
19.580000 -0.017764 -0.007153
19.590000 -0.017501 -0.007158
19.600000 -0.017239 -0.007160
19.610000 -0.016978 -0.007159
19.620000 -0.016719 -0.007157
19.630000 -0.016462 -0.007152
19.640000 -0.016206 -0.007145
19.650000 -0.015952 -0.007137
19.660000 -0.015700 -0.007126
19.670000 -0.015449 -0.007114
19.680000 -0.015201 -0.007100
19.690000 -0.014955 -0.007084
19.700000 -0.014711 -0.007066
19.710000 -0.014469 -0.007047
19.720000 -0.014230 -0.007027
19.730000 -0.013993 -0.007005
19.740000 -0.013758 -0.006982
19.750000 -0.013526 -0.006957
19.760000 -0.013297 -0.006932
19.770000 -0.013070 -0.006905
19.780000 -0.012846 -0.006878
19.790000 -0.012624 -0.006849
19.800000 -0.012405 -0.006820
19.810000 -0.012189 -0.006790
19.820000 -0.011976 -0.006759
19.830000 -0.011766 -0.006728
19.840000 -0.011558 -0.006696
19.850000 -0.011354 -0.006664
19.860000 -0.011152 -0.006631
19.870000 -0.010954 -0.006598
19.880000 -0.010758 -0.006565
19.890000 -0.010566 -0.006532
19.900000 -0.010377 -0.006498
19.910000 -0.010190 -0.006465
19.920000 -0.010007 -0.006431
19.930000 -0.009827 -0.006398
19.940000 -0.009650 -0.006365
19.950000 -0.009476 -0.006332
19.960000 -0.009305 -0.006300
19.970000 -0.009137 -0.006267
19.980000 -0.008972 -0.006236
19.990000 -0.008811 -0.006205
20.000000 -0.008652 -0.006174
20.010000 -0.008496 -0.006144
20.020000 -0.008344 -0.006115
20.030000 -0.008194 -0.006086
20.040000 -0.008048 -0.006058
20.050000 -0.007904 -0.006031
20.060000 -0.007764 -0.006005
20.070000 -0.007626 -0.005980
20.080000 -0.007491 -0.005956
20.090000 -0.007359 -0.005933
20.100000 -0.007230 -0.005911
20.110000 -0.007103 -0.005890
20.120000 -0.006980 -0.005870
20.130000 -0.006859 -0.005851
20.140000 -0.006740 -0.005834
20.150000 -0.006624 -0.005817
20.160000 -0.006511 -0.005803
20.170000 -0.006400 -0.005789
20.180000 -0.006292 -0.005777
20.190000 -0.006186 -0.005766
20.200000 -0.006083 -0.005756
20.210000 -0.005981 -0.005748
20.220000 -0.005882 -0.005741
20.230000 -0.005785 -0.005736
20.240000 -0.005690 -0.005732
20.250000 -0.005598 -0.005729
20.260000 -0.005507 -0.005728
20.270000 -0.005418 -0.005729
20.280000 -0.005331 -0.005730
20.290000 -0.005245 -0.005734
20.300000 -0.005162 -0.005739
20.310000 -0.005080 -0.005745
20.320000 -0.005000 -0.005753
20.330000 -0.004921 -0.005762
20.340000 -0.004843 -0.005772
20.350000 -0.004767 -0.005784
20.360000 -0.004693 -0.005798
20.370000 -0.004619 -0.005812
20.380000 -0.004547 -0.005829
20.390000 -0.004475 -0.005846
20.400000 -0.004405 -0.005865
20.410000 -0.004336 -0.005885
20.420000 -0.004267 -0.005907
20.430000 -0.004200 -0.005929
20.440000 -0.004133 -0.005953
20.450000 -0.004067 -0.005978
20.460000 -0.004001 -0.006004
20.470000 -0.003936 -0.006032
20.480000 -0.003871 -0.006060
20.490000 -0.003807 -0.006089
20.500000 -0.003743 -0.006120
20.510000 -0.003679 -0.006151
20.520000 -0.003616 -0.006183
20.530000 -0.003552 -0.006217
20.540000 -0.003489 -0.006250
20.550000 -0.003426 -0.006285
20.560000 -0.003363 -0.006321
20.570000 -0.003299 -0.006357
20.580000 -0.003236 -0.006393
20.590000 -0.003172 -0.006430
20.600000 -0.003108 -0.006468
20.610000 -0.003043 -0.006506
20.620000 -0.002978 -0.006545
20.630000 -0.002913 -0.006583
20.640000 -0.002847 -0.006622
20.650000 -0.002781 -0.006662
20.660000 -0.002714 -0.006701
20.670000 -0.002647 -0.006740
20.680000 -0.002579 -0.006780
20.690000 -0.002510 -0.006819
20.700000 -0.002440 -0.006858
20.710000 -0.002370 -0.006897
20.720000 -0.002299 -0.006936
20.730000 -0.002227 -0.006974
20.740000 -0.002154 -0.007012
20.750000 -0.002080 -0.007050
20.760000 -0.002005 -0.007087
20.770000 -0.001930 -0.007123
20.780000 -0.001853 -0.007159
20.790000 -0.001776 -0.007194
20.800000 -0.001697 -0.007228
20.810000 -0.001618 -0.007261
20.820000 -0.001537 -0.007294
20.830000 -0.001455 -0.007325
20.840000 -0.001373 -0.007355
20.850000 -0.001289 -0.007384
20.860000 -0.001204 -0.007412
20.870000 -0.001119 -0.007439
20.880000 -0.001032 -0.007464
20.890000 -0.000944 -0.007488
20.900000 -0.000855 -0.007511
20.910000 -0.000765 -0.007532
20.920000 -0.000674 -0.007551
20.930000 -0.000582 -0.007569
20.940000 -0.000490 -0.007585
20.950000 -0.000396 -0.007599
20.960000 -0.000301 -0.007611
20.970000 -0.000205 -0.007622
20.980000 -0.000109 -0.007631
20.990000 -0.000011 -0.007637
21.000000 0.000087 -0.007642
21.010000 0.000186 -0.007645
21.020000 0.000286 -0.007645
21.030000 0.000387 -0.007643
21.040000 0.000488 -0.007639
21.050000 0.000590 -0.007633
21.060000 0.000692 -0.007625
21.070000 0.000796 -0.007614
21.080000 0.000899 -0.007600
21.090000 0.001003 -0.007585
21.100000 0.001108 -0.007567
21.110000 0.001213 -0.007546
21.120000 0.001318 -0.007523
21.130000 0.001424 -0.007497
21.140000 0.001530 -0.007469
21.150000 0.001636 -0.007438
21.160000 0.001742 -0.007405
21.170000 0.001848 -0.007368
21.180000 0.001954 -0.007330
21.190000 0.002060 -0.007288
21.200000 0.002166 -0.007244
21.210000 0.002271 -0.007197
21.220000 0.002377 -0.007147
21.230000 0.002482 -0.007095
21.240000 0.002587 -0.007040
21.250000 0.002691 -0.006982
21.260000 0.002795 -0.006922
21.270000 0.002898 -0.006859
21.280000 0.003000 -0.006793
21.290000 0.003102 -0.006724
21.300000 0.003203 -0.006653
21.310000 0.003303 -0.006579
21.320000 0.003402 -0.006502
21.330000 0.003500 -0.006423
21.340000 0.003597 -0.006341
21.350000 0.003692 -0.006256
21.360000 0.003787 -0.006169
21.370000 0.003880 -0.006079
21.380000 0.003972 -0.005987
21.390000 0.004062 -0.005892
21.400000 0.004151 -0.005794
21.410000 0.004238 -0.005695
21.420000 0.004323 -0.005592
21.430000 0.004407 -0.005488
21.440000 0.004489 -0.005381
21.450000 0.004569 -0.005272
21.460000 0.004647 -0.005160
21.470000 0.004723 -0.005046
21.480000 0.004796 -0.004931
21.490000 0.004868 -0.004813
21.500000 0.004938 -0.004693
21.510000 0.005005 -0.004571
21.520000 0.005070 -0.004447
21.530000 0.005132 -0.004321
21.540000 0.005192 -0.004194
21.550000 0.005249 -0.004065
21.560000 0.005304 -0.003934
21.570000 0.005356 -0.003801
21.580000 0.005406 -0.003667
21.590000 0.005452 -0.003531
21.600000 0.005496 -0.003394
21.610000 0.005537 -0.003256
21.620000 0.005575 -0.003117
21.630000 0.005610 -0.002976
21.640000 0.005642 -0.002834
21.650000 0.005671 -0.002691
21.660000 0.005697 -0.002548
21.670000 0.005719 -0.002403
21.680000 0.005739 -0.002258
21.690000 0.005755 -0.002111
21.700000 0.005768 -0.001965
21.710000 0.005778 -0.001818
21.720000 0.005784 -0.001670
21.730000 0.005787 -0.001522
21.740000 0.005787 -0.001374
21.750000 0.005783 -0.001225
21.760000 0.005776 -0.001077
21.770000 0.005766 -0.000928
21.780000 0.005752 -0.000780
21.790000 0.005734 -0.000631
21.800000 0.005713 -0.000483
21.810000 0.005689 -0.000336
21.820000 0.005661 -0.000189
21.830000 0.005630 -0.000042
21.840000 0.005595 0.000104
21.850000 0.005556 0.000249
21.860000 0.005514 0.000393
21.870000 0.005469 0.000537
21.880000 0.005420 0.000679
21.890000 0.005367 0.000821
21.900000 0.005311 0.000961
21.910000 0.005252 0.001100
21.920000 0.005189 0.001237
21.930000 0.005123 0.001373
21.940000 0.005053 0.001508
21.950000 0.004980 0.001641
21.960000 0.004904 0.001772
21.970000 0.004824 0.001901
21.980000 0.004741 0.002029
21.990000 0.004655 0.002154
22.000000 0.004566 0.002278
22.010000 0.004473 0.002399
22.020000 0.004378 0.002518
22.030000 0.004279 0.002635
22.040000 0.004177 0.002749
22.050000 0.004072 0.002861
22.060000 0.003964 0.002970
22.070000 0.003854 0.003077
22.080000 0.003740 0.003181
22.090000 0.003624 0.003282
22.100000 0.003505 0.003381
22.110000 0.003383 0.003476
22.120000 0.003259 0.003569
22.130000 0.003132 0.003659
22.140000 0.003003 0.003745
22.150000 0.002872 0.003828
22.160000 0.002738 0.003908
22.170000 0.002601 0.003985
22.180000 0.002463 0.004059
22.190000 0.002323 0.004129
22.200000 0.002180 0.004195
22.210000 0.002036 0.004259
22.220000 0.001889 0.004318
22.230000 0.001741 0.004374
22.240000 0.001591 0.004427
22.250000 0.001440 0.004475
22.260000 0.001287 0.004520
22.270000 0.001133 0.004562
22.280000 0.000977 0.004599
22.290000 0.000820 0.004633
22.300000 0.000662 0.004663
22.310000 0.000503 0.004689
22.320000 0.000342 0.004711
22.330000 0.000181 0.004729
22.340000 0.000019 0.004743
22.350000 -0.000143 0.004754
22.360000 -0.000306 0.004760
22.370000 -0.000470 0.004762
22.380000 -0.000634 0.004761
22.390000 -0.000799 0.004755
22.400000 -0.000963 0.004745
22.410000 -0.001128 0.004732
22.420000 -0.001293 0.004714
22.430000 -0.001458 0.004692
22.440000 -0.001622 0.004667
22.450000 -0.001786 0.004637
22.460000 -0.001950 0.004603
22.470000 -0.002114 0.004565
22.480000 -0.002277 0.004524
22.490000 -0.002439 0.004478
22.500000 -0.002600 0.004429
22.510000 -0.002761 0.004375
22.520000 -0.002920 0.004318
22.530000 -0.003079 0.004257
22.540000 -0.003236 0.004192
22.550000 -0.003392 0.004123
22.560000 -0.003547 0.004050
22.570000 -0.003700 0.003974
22.580000 -0.003851 0.003894
22.590000 -0.004002 0.003811
22.600000 -0.004150 0.003723
22.610000 -0.004296 0.003632
22.620000 -0.004441 0.003538
22.630000 -0.004584 0.003440
22.640000 -0.004724 0.003339
22.650000 -0.004862 0.003235
22.660000 -0.004998 0.003127
22.670000 -0.005132 0.003016
22.680000 -0.005263 0.002901
22.690000 -0.005392 0.002784
22.700000 -0.005518 0.002663
22.710000 -0.005642 0.002540
22.720000 -0.005763 0.002414
22.730000 -0.005881 0.002284
22.740000 -0.005996 0.002152
22.750000 -0.006108 0.002017
22.760000 -0.006217 0.001880
22.770000 -0.006323 0.001740
22.780000 -0.006426 0.001597
22.790000 -0.006525 0.001452
22.800000 -0.006622 0.001305
22.810000 -0.006714 0.001156
22.820000 -0.006804 0.001004
22.830000 -0.006890 0.000850
22.840000 -0.006972 0.000694
22.850000 -0.007051 0.000536
22.860000 -0.007127 0.000377
22.870000 -0.007198 0.000216
22.880000 -0.007266 0.000053
22.890000 -0.007330 -0.000112
22.900000 -0.007390 -0.000278
22.910000 -0.007447 -0.000445
22.920000 -0.007499 -0.000614
22.930000 -0.007548 -0.000784
22.940000 -0.007593 -0.000955
22.950000 -0.007633 -0.001127
22.960000 -0.007670 -0.001300
22.970000 -0.007703 -0.001474
22.980000 -0.007731 -0.001648
22.990000 -0.007756 -0.001823
23.000000 -0.007776 -0.001999
23.010000 -0.007792 -0.002175
23.020000 -0.007804 -0.002351
23.030000 -0.007812 -0.002528
23.040000 -0.007816 -0.002705
23.050000 -0.007816 -0.002882
23.060000 -0.007812 -0.003058
23.070000 -0.007803 -0.003235
23.080000 -0.007790 -0.003412
23.090000 -0.007773 -0.003588
23.100000 -0.007752 -0.003763
23.110000 -0.007727 -0.003938
23.120000 -0.007698 -0.004113
23.130000 -0.007664 -0.004287
23.140000 -0.007627 -0.004459
23.150000 -0.007585 -0.004631
23.160000 -0.007540 -0.004802
23.170000 -0.007490 -0.004972
23.180000 -0.007436 -0.005141
23.190000 -0.007378 -0.005309
23.200000 -0.007317 -0.005475
23.210000 -0.007251 -0.005639
23.220000 -0.007182 -0.005802
23.230000 -0.007108 -0.005964
23.240000 -0.007031 -0.006124
23.250000 -0.006950 -0.006281
23.260000 -0.006865 -0.006437
23.270000 -0.006777 -0.006592
23.280000 -0.006685 -0.006744
23.290000 -0.006589 -0.006893
23.300000 -0.006490 -0.007041
23.310000 -0.006387 -0.007186
23.320000 -0.006281 -0.007329
23.330000 -0.006171 -0.007470
23.340000 -0.006059 -0.007608
23.350000 -0.005942 -0.007743
23.360000 -0.005823 -0.007876
23.370000 -0.005700 -0.008006
23.380000 -0.005575 -0.008134
23.390000 -0.005446 -0.008258
23.400000 -0.005314 -0.008380
23.410000 -0.005180 -0.008498
23.420000 -0.005043 -0.008614
23.430000 -0.004902 -0.008726
23.440000 -0.004760 -0.008835
23.450000 -0.004614 -0.008941
23.460000 -0.004466 -0.009044
23.470000 -0.004316 -0.009143
23.480000 -0.004163 -0.009239
23.490000 -0.004008 -0.009332
23.500000 -0.003851 -0.009421
23.510000 -0.003691 -0.009507
23.520000 -0.003530 -0.009589
23.530000 -0.003366 -0.009667
23.540000 -0.003201 -0.009742
23.550000 -0.003034 -0.009813
23.560000 -0.002865 -0.009881
23.570000 -0.002694 -0.009945
23.580000 -0.002522 -0.010005
23.590000 -0.002349 -0.010061
23.600000 -0.002174 -0.010114
23.610000 -0.001998 -0.010162
23.620000 -0.001820 -0.010207
23.630000 -0.001641 -0.010248
23.640000 -0.001462 -0.010285
23.650000 -0.001281 -0.010319
23.660000 -0.001100 -0.010348
23.670000 -0.000918 -0.010373
23.680000 -0.000735 -0.010395
23.690000 -0.000551 -0.010412
23.700000 -0.000367 -0.010426
23.710000 -0.000183 -0.010435
23.720000 0.000002 -0.010441
23.730000 0.000186 -0.010443
23.740000 0.000371 -0.010440
23.750000 0.000557 -0.010434
23.760000 0.000742 -0.010424
23.770000 0.000927 -0.010410
23.780000 0.001111 -0.010392
23.790000 0.001296 -0.010370
23.800000 0.001480 -0.010345
23.810000 0.001663 -0.010315
23.820000 0.001846 -0.010282
23.830000 0.002029 -0.010245
23.840000 0.002211 -0.010204
23.850000 0.002391 -0.010159
23.860000 0.002571 -0.010111
23.870000 0.002751 -0.010058
23.880000 0.002928 -0.010003
23.890000 0.003105 -0.009943
23.900000 0.003281 -0.009880
23.910000 0.003455 -0.009813
23.920000 0.003628 -0.009743
23.930000 0.003800 -0.009669
23.940000 0.003970 -0.009592
23.950000 0.004138 -0.009511
23.960000 0.004305 -0.009427
23.970000 0.004470 -0.009340
23.980000 0.004633 -0.009250
23.990000 0.004795 -0.009156
24.000000 0.004954 -0.009059
24.010000 0.005112 -0.008959
24.020000 0.005267 -0.008855
24.030000 0.005420 -0.008749
24.040000 0.005571 -0.008640
24.050000 0.005720 -0.008528
24.060000 0.005866 -0.008413
24.070000 0.006011 -0.008295
24.080000 0.006152 -0.008174
24.090000 0.006291 -0.008051
24.100000 0.006428 -0.007925
24.110000 0.006562 -0.007797
24.120000 0.006693 -0.007666
24.130000 0.006822 -0.007532
24.140000 0.006948 -0.007396
24.150000 0.007071 -0.007258
24.160000 0.007191 -0.007118
24.170000 0.007309 -0.006976
24.180000 0.007423 -0.006831
24.190000 0.007535 -0.006685
24.200000 0.007643 -0.006536
24.210000 0.007749 -0.006386
24.220000 0.007851 -0.006233
24.230000 0.007950 -0.006079
24.240000 0.008047 -0.005924
24.250000 0.008140 -0.005766
24.260000 0.008229 -0.005608
24.270000 0.008316 -0.005447
24.280000 0.008399 -0.005286
24.290000 0.008480 -0.005123
24.300000 0.008556 -0.004958
24.310000 0.008630 -0.004793
24.320000 0.008700 -0.004627
24.330000 0.008767 -0.004459
24.340000 0.008831 -0.004291
24.350000 0.008891 -0.004121
24.360000 0.008948 -0.003951
24.370000 0.009001 -0.003780
24.380000 0.009051 -0.003609
24.390000 0.009098 -0.003437
24.400000 0.009141 -0.003264
24.410000 0.009181 -0.003091
24.420000 0.009218 -0.002918
24.430000 0.009251 -0.002744
24.440000 0.009280 -0.002570
24.450000 0.009307 -0.002396
24.460000 0.009330 -0.002222
24.470000 0.009349 -0.002048
24.480000 0.009365 -0.001874
24.490000 0.009378 -0.001700
24.500000 0.009388 -0.001527
24.510000 0.009394 -0.001353
24.520000 0.009396 -0.001180
24.530000 0.009396 -0.001008
24.540000 0.009392 -0.000836
24.550000 0.009385 -0.000664
24.560000 0.009375 -0.000493
24.570000 0.009361 -0.000323
24.580000 0.009345 -0.000153
24.590000 0.009325 0.000015
24.600000 0.009302 0.000183
24.610000 0.009276 0.000350
24.620000 0.009246 0.000516
24.630000 0.009214 0.000681
24.640000 0.009179 0.000845
24.650000 0.009141 0.001007
24.660000 0.009099 0.001169
24.670000 0.009055 0.001329
24.680000 0.009008 0.001487
24.690000 0.008958 0.001645
24.700000 0.008905 0.001801
24.710000 0.008850 0.001955
24.720000 0.008791 0.002108
24.730000 0.008730 0.002259
24.740000 0.008667 0.002409
24.750000 0.008600 0.002557
24.760000 0.008531 0.002703
24.770000 0.008460 0.002847
24.780000 0.008386 0.002990
24.790000 0.008310 0.003131
24.800000 0.008231 0.003270
24.810000 0.008150 0.003406
24.820000 0.008067 0.003541
24.830000 0.007981 0.003674
24.840000 0.007893 0.003805
24.850000 0.007803 0.003934
24.860000 0.007711 0.004060
24.870000 0.007617 0.004185
24.880000 0.007521 0.004307
24.890000 0.007423 0.004427
24.900000 0.007323 0.004545
24.910000 0.007222 0.004660
24.920000 0.007118 0.004774
24.930000 0.007013 0.004885
24.940000 0.006906 0.004993
24.950000 0.006797 0.005099
24.960000 0.006687 0.005203
24.970000 0.006576 0.005304
24.980000 0.006463 0.005403
24.990000 0.006348 0.005500
25.000000 0.006232 0.005594
25.010000 0.006115 0.005685
25.020000 0.005997 0.005774
25.030000 0.005877 0.005861
25.040000 0.005757 0.005945
25.050000 0.005635 0.006026
25.060000 0.005512 0.006105
25.070000 0.005388 0.006182
25.080000 0.005264 0.006256
25.090000 0.005138 0.006327
25.100000 0.005012 0.006396
25.110000 0.004885 0.006462
25.120000 0.004758 0.006526
25.130000 0.004629 0.006587
25.140000 0.004501 0.006645
25.150000 0.004371 0.006701
25.160000 0.004241 0.006755
25.170000 0.004111 0.006806
25.180000 0.003981 0.006854
25.190000 0.003850 0.006900
25.200000 0.003719 0.006943
25.210000 0.003587 0.006984
25.220000 0.003456 0.007022
25.230000 0.003324 0.007058
25.240000 0.003193 0.007092
25.250000 0.003061 0.007122
25.260000 0.002929 0.007151
25.270000 0.002798 0.007177
25.280000 0.002667 0.007201
25.290000 0.002536 0.007222
25.300000 0.002405 0.007241
25.310000 0.002274 0.007257
25.320000 0.002144 0.007271
25.330000 0.002014 0.007283
25.340000 0.001885 0.007292
25.350000 0.001756 0.007300
25.360000 0.001628 0.007304
25.370000 0.001500 0.007307
25.380000 0.001373 0.007308
25.390000 0.001246 0.007306
25.400000 0.001121 0.007302
25.410000 0.000995 0.007296
25.420000 0.000871 0.007288
25.430000 0.000748 0.007278
25.440000 0.000625 0.007266
25.450000 0.000503 0.007251
25.460000 0.000382 0.007235
25.470000 0.000263 0.007217
25.480000 0.000144 0.007197
25.490000 0.000026 0.007175
25.500000 -0.000091 0.007151
25.510000 -0.000207 0.007125
25.520000 -0.000321 0.007098
25.530000 -0.000434 0.007068
25.540000 -0.000547 0.007037
25.550000 -0.000658 0.007004
25.560000 -0.000767 0.006970
25.570000 -0.000876 0.006934
25.580000 -0.000983 0.006896
25.590000 -0.001089 0.006857
25.600000 -0.001193 0.006816
25.610000 -0.001296 0.006774
25.620000 -0.001398 0.006730
25.630000 -0.001498 0.006685
25.640000 -0.001597 0.006638
25.650000 -0.001695 0.006590
25.660000 -0.001790 0.006541
25.670000 -0.001885 0.006490
25.680000 -0.001978 0.006439
25.690000 -0.002069 0.006386
25.700000 -0.002159 0.006331
25.710000 -0.002247 0.006276
25.720000 -0.002334 0.006220
25.730000 -0.002419 0.006162
25.740000 -0.002502 0.006104
25.750000 -0.002584 0.006044
25.760000 -0.002664 0.005984
25.770000 -0.002743 0.005922
25.780000 -0.002820 0.005860
25.790000 -0.002895 0.005797
25.800000 -0.002968 0.005733
25.810000 -0.003040 0.005668
25.820000 -0.003110 0.005603
25.830000 -0.003179 0.005536
25.840000 -0.003246 0.005469
25.850000 -0.003311 0.005402
25.860000 -0.003374 0.005334
25.870000 -0.003436 0.005265
25.880000 -0.003496 0.005196
25.890000 -0.003554 0.005126
25.900000 -0.003611 0.005056
25.910000 -0.003666 0.004985
25.920000 -0.003719 0.004914
25.930000 -0.003771 0.004843
25.940000 -0.003820 0.004771
25.950000 -0.003868 0.004699
25.960000 -0.003915 0.004627
25.970000 -0.003960 0.004554
25.980000 -0.004003 0.004481
25.990000 -0.004044 0.004408
26.000000 -0.004084 0.004335
26.010000 -0.004122 0.004262
26.020000 -0.004158 0.004188
26.030000 -0.004193 0.004115
26.040000 -0.004226 0.004042
26.050000 -0.004258 0.003968
26.060000 -0.004287 0.003895
26.070000 -0.004316 0.003821
26.080000 -0.004342 0.003748
26.090000 -0.004367 0.003675
26.100000 -0.004391 0.003602
26.110000 -0.004413 0.003529
26.120000 -0.004433 0.003456
26.130000 -0.004452 0.003383
26.140000 -0.004470 0.003311
26.150000 -0.004485 0.003239
26.160000 -0.004500 0.003167
26.170000 -0.004513 0.003095
26.180000 -0.004524 0.003024
26.190000 -0.004534 0.002953
26.200000 -0.004543 0.002883
26.210000 -0.004550 0.002812
26.220000 -0.004556 0.002743
26.230000 -0.004560 0.002673
26.240000 -0.004563 0.002604
26.250000 -0.004565 0.002536
26.260000 -0.004565 0.002468
26.270000 -0.004564 0.002400
26.280000 -0.004562 0.002333
26.290000 -0.004559 0.002267
26.300000 -0.004554 0.002201
26.310000 -0.004548 0.002135
26.320000 -0.004541 0.002070
26.330000 -0.004532 0.002006
26.340000 -0.004523 0.001942
26.350000 -0.004512 0.001879
26.360000 -0.004501 0.001817
26.370000 -0.004488 0.001755
26.380000 -0.004474 0.001694
26.390000 -0.004459 0.001633
26.400000 -0.004443 0.001573
26.410000 -0.004426 0.001514
26.420000 -0.004408 0.001455
26.430000 -0.004389 0.001398
26.440000 -0.004369 0.001340
26.450000 -0.004348 0.001284
26.460000 -0.004326 0.001228
26.470000 -0.004303 0.001173
26.480000 -0.004280 0.001119
26.490000 -0.004255 0.001066
26.500000 -0.004230 0.001013
26.510000 -0.004204 0.000961
26.520000 -0.004177 0.000910
26.530000 -0.004150 0.000859
26.540000 -0.004121 0.000809
26.550000 -0.004092 0.000760
26.560000 -0.004063 0.000712
26.570000 -0.004032 0.000665
26.580000 -0.004001 0.000618
26.590000 -0.003969 0.000572
26.600000 -0.003937 0.000527
26.610000 -0.003904 0.000483
26.620000 -0.003871 0.000439
26.630000 -0.003837 0.000397
26.640000 -0.003802 0.000355
26.650000 -0.003767 0.000314
26.660000 -0.003732 0.000273
26.670000 -0.003696 0.000234
26.680000 -0.003660 0.000195
26.690000 -0.003623 0.000157
26.700000 -0.003586 0.000120
26.710000 -0.003548 0.000084
26.720000 -0.003510 0.000048
26.730000 -0.003472 0.000013
26.740000 -0.003433 -0.000021
26.750000 -0.003394 -0.000054
26.760000 -0.003355 -0.000087
26.770000 -0.003316 -0.000119
26.780000 -0.003276 -0.000150
26.790000 -0.003236 -0.000180
26.800000 -0.003196 -0.000209
26.810000 -0.003156 -0.000238
26.820000 -0.003115 -0.000266
26.830000 -0.003075 -0.000293
26.840000 -0.003034 -0.000320
26.850000 -0.002993 -0.000346
26.860000 -0.002952 -0.000371
26.870000 -0.002911 -0.000395
26.880000 -0.002870 -0.000419
26.890000 -0.002828 -0.000441
26.900000 -0.002787 -0.000464
26.910000 -0.002746 -0.000485
26.920000 -0.002705 -0.000506
26.930000 -0.002663 -0.000526
26.940000 -0.002622 -0.000546
26.950000 -0.002581 -0.000564
26.960000 -0.002540 -0.000583
26.970000 -0.002499 -0.000600
26.980000 -0.002458 -0.000617
26.990000 -0.002417 -0.000633
27.000000 -0.002376 -0.000649
27.010000 -0.002335 -0.000664
27.020000 -0.002295 -0.000678
27.030000 -0.002254 -0.000692
27.040000 -0.002214 -0.000705
27.050000 -0.002174 -0.000718
27.060000 -0.002134 -0.000729
27.070000 -0.002094 -0.000741
27.080000 -0.002055 -0.000752
27.090000 -0.002015 -0.000762
27.100000 -0.001976 -0.000772
27.110000 -0.001938 -0.000781
27.120000 -0.001899 -0.000790
27.130000 -0.001861 -0.000798
27.140000 -0.001823 -0.000805
27.150000 -0.001785 -0.000812
27.160000 -0.001747 -0.000819
27.170000 -0.001710 -0.000825
27.180000 -0.001673 -0.000831
27.190000 -0.001637 -0.000836
27.200000 -0.001600 -0.000841
27.210000 -0.001564 -0.000845
27.220000 -0.001529 -0.000849
27.230000 -0.001493 -0.000852
27.240000 -0.001458 -0.000855
27.250000 -0.001424 -0.000858
27.260000 -0.001390 -0.000860
27.270000 -0.001356 -0.000862
27.280000 -0.001322 -0.000863
27.290000 -0.001289 -0.000864
27.300000 -0.001256 -0.000865
27.310000 -0.001224 -0.000865
27.320000 -0.001192 -0.000865
27.330000 -0.001160 -0.000865
27.340000 -0.001129 -0.000864
27.350000 -0.001098 -0.000863
27.360000 -0.001068 -0.000861
27.370000 -0.001038 -0.000859
27.380000 -0.001008 -0.000857
27.390000 -0.000979 -0.000855
27.400000 -0.000950 -0.000852
27.410000 -0.000922 -0.000850
27.420000 -0.000894 -0.000846
27.430000 -0.000867 -0.000843
27.440000 -0.000840 -0.000839
27.450000 -0.000813 -0.000835
27.460000 -0.000787 -0.000831
27.470000 -0.000761 -0.000827
27.480000 -0.000736 -0.000822
27.490000 -0.000711 -0.000817
27.500000 -0.000686 -0.000812
27.510000 -0.000662 -0.000807
27.520000 -0.000638 -0.000801
27.530000 -0.000615 -0.000796
27.540000 -0.000592 -0.000790
27.550000 -0.000570 -0.000784
27.560000 -0.000548 -0.000778
27.570000 -0.000527 -0.000771
27.580000 -0.000506 -0.000765
27.590000 -0.000485 -0.000758
27.600000 -0.000465 -0.000752
27.610000 -0.000445 -0.000745
27.620000 -0.000425 -0.000738
27.630000 -0.000406 -0.000731
27.640000 -0.000388 -0.000723
27.650000 -0.000370 -0.000716
27.660000 -0.000352 -0.000709
27.670000 -0.000335 -0.000701
27.680000 -0.000318 -0.000694
27.690000 -0.000301 -0.000686
27.700000 -0.000285 -0.000678
27.710000 -0.000269 -0.000670
27.720000 -0.000254 -0.000662
27.730000 -0.000239 -0.000654
27.740000 -0.000225 -0.000646
27.750000 -0.000210 -0.000638
27.760000 -0.000197 -0.000630
27.770000 -0.000183 -0.000622
27.780000 -0.000170 -0.000614
27.790000 -0.000157 -0.000606
27.800000 -0.000145 -0.000597
27.810000 -0.000133 -0.000589
27.820000 -0.000121 -0.000581
27.830000 -0.000110 -0.000573
27.840000 -0.000099 -0.000564
27.850000 -0.000089 -0.000556
27.860000 -0.000078 -0.000548
27.870000 -0.000069 -0.000539
27.880000 -0.000059 -0.000531
27.890000 -0.000050 -0.000523
27.900000 -0.000041 -0.000515
27.910000 -0.000032 -0.000506
27.920000 -0.000024 -0.000498
27.930000 -0.000016 -0.000490
27.940000 -0.000008 -0.000482
27.950000 -0.000001 -0.000474
27.960000 0.000007 -0.000465
27.970000 0.000013 -0.000457
27.980000 0.000020 -0.000449
27.990000 0.000026 -0.000441
28.000000 0.000032 -0.000433
28.010000 0.000038 -0.000426
28.020000 0.000044 -0.000418
28.030000 0.000049 -0.000410
28.040000 0.000054 -0.000402
28.050000 0.000059 -0.000394
28.060000 0.000063 -0.000387
28.070000 0.000068 -0.000379
28.080000 0.000072 -0.000372
28.090000 0.000076 -0.000364
28.100000 0.000079 -0.000357
28.110000 0.000083 -0.000350
28.120000 0.000086 -0.000342
28.130000 0.000089 -0.000335
28.140000 0.000092 -0.000328
28.150000 0.000095 -0.000321
28.160000 0.000097 -0.000314
28.170000 0.000100 -0.000307
28.180000 0.000102 -0.000301
28.190000 0.000104 -0.000294
28.200000 0.000106 -0.000287
28.210000 0.000107 -0.000281
28.220000 0.000109 -0.000274
28.230000 0.000110 -0.000268
28.240000 0.000111 -0.000261
28.250000 0.000112 -0.000255
28.260000 0.000113 -0.000249
28.270000 0.000114 -0.000243
28.280000 0.000115 -0.000237
28.290000 0.000115 -0.000231
28.300000 0.000116 -0.000225
28.310000 0.000116 -0.000219
28.320000 0.000116 -0.000214
28.330000 0.000117 -0.000208
28.340000 0.000117 -0.000203
28.350000 0.000116 -0.000197
28.360000 0.000116 -0.000192
28.370000 0.000116 -0.000187
28.380000 0.000116 -0.000181
28.390000 0.000115 -0.000176
28.400000 0.000115 -0.000171
28.410000 0.000114 -0.000166
28.420000 0.000114 -0.000162
28.430000 0.000113 -0.000157
28.440000 0.000112 -0.000152
28.450000 0.000111 -0.000147
28.460000 0.000110 -0.000143
28.470000 0.000109 -0.000139
28.480000 0.000108 -0.000134
28.490000 0.000107 -0.000130
28.500000 0.000106 -0.000126
28.510000 0.000105 -0.000122
28.520000 0.000104 -0.000118
28.530000 0.000103 -0.000114
28.540000 0.000102 -0.000110
28.550000 0.000100 -0.000106
28.560000 0.000099 -0.000102
28.570000 0.000098 -0.000099
28.580000 0.000096 -0.000095
28.590000 0.000095 -0.000091
28.600000 0.000094 -0.000088
28.610000 0.000092 -0.000085
28.620000 0.000091 -0.000081
28.630000 0.000089 -0.000078
28.640000 0.000088 -0.000075
28.650000 0.000087 -0.000072
28.660000 0.000085 -0.000069
28.670000 0.000084 -0.000066
28.680000 0.000082 -0.000063
28.690000 0.000081 -0.000060
28.700000 0.000079 -0.000057
28.710000 0.000078 -0.000055
28.720000 0.000076 -0.000052
28.730000 0.000075 -0.000050
28.740000 0.000073 -0.000047
28.750000 0.000072 -0.000045
28.760000 0.000071 -0.000042
28.770000 0.000069 -0.000040
28.780000 0.000068 -0.000038
28.790000 0.000066 -0.000036
28.800000 0.000065 -0.000033
28.810000 0.000063 -0.000031
28.820000 0.000062 -0.000029
28.830000 0.000061 -0.000027
28.840000 0.000059 -0.000025
28.850000 0.000058 -0.000024
28.860000 0.000057 -0.000022
28.870000 0.000055 -0.000020
28.880000 0.000054 -0.000018
28.890000 0.000053 -0.000017
28.900000 0.000051 -0.000015
28.910000 0.000050 -0.000014
28.920000 0.000049 -0.000012
28.930000 0.000048 -0.000011
28.940000 0.000046 -0.000009
28.950000 0.000045 -0.000008
28.960000 0.000044 -0.000007
28.970000 0.000043 -0.000005
28.980000 0.000042 -0.000004
28.990000 0.000041 -0.000003
29.000000 0.000040 -0.000002
29.010000 0.000039 -0.000001
29.020000 0.000037 0.000000
29.030000 0.000036 0.000001
29.040000 0.000035 0.000002
29.050000 0.000034 0.000003
29.060000 0.000033 0.000004
29.070000 0.000032 0.000005
29.080000 0.000031 0.000006
29.090000 0.000031 0.000007
29.100000 0.000030 0.000007
29.110000 0.000029 0.000008
29.120000 0.000028 0.000009
29.130000 0.000027 0.000009
29.140000 0.000026 0.000010
29.150000 0.000025 0.000010
29.160000 0.000024 0.000011
29.170000 0.000024 0.000011
29.180000 0.000023 0.000012
29.190000 0.000022 0.000012
29.200000 0.000021 0.000013
29.210000 0.000021 0.000013
29.220000 0.000020 0.000013
29.230000 0.000019 0.000014
29.240000 0.000018 0.000014
29.250000 0.000018 0.000014
29.260000 0.000017 0.000014
29.270000 0.000017 0.000015
29.280000 0.000016 0.000015
29.290000 0.000015 0.000015
29.300000 0.000015 0.000015
29.310000 0.000014 0.000015
29.320000 0.000014 0.000015
29.330000 0.000013 0.000015
29.340000 0.000012 0.000015
29.350000 0.000012 0.000015
29.360000 0.000011 0.000015
29.370000 0.000011 0.000015
29.380000 0.000010 0.000015
29.390000 0.000010 0.000015
29.400000 0.000009 0.000015
29.410000 0.000009 0.000015
29.420000 0.000009 0.000015
29.430000 0.000008 0.000014
29.440000 0.000008 0.000014
29.450000 0.000007 0.000014
29.460000 0.000007 0.000014
29.470000 0.000007 0.000014
29.480000 0.000006 0.000013
29.490000 0.000006 0.000013
29.500000 0.000006 0.000013
29.510000 0.000005 0.000013
29.520000 0.000005 0.000012
29.530000 0.000005 0.000012
29.540000 0.000004 0.000012
29.550000 0.000004 0.000011
29.560000 0.000004 0.000011
29.570000 0.000003 0.000011
29.580000 0.000003 0.000011
29.590000 0.000003 0.000010
29.600000 0.000003 0.000010
29.610000 0.000003 0.000009
29.620000 0.000002 0.000009
29.630000 0.000002 0.000009
29.640000 0.000002 0.000008
29.650000 0.000002 0.000008
29.660000 0.000002 0.000008
29.670000 0.000001 0.000007
29.680000 0.000001 0.000007
29.690000 0.000001 0.000007
29.700000 0.000001 0.000006
29.710000 0.000001 0.000006
29.720000 0.000001 0.000006
29.730000 0.000001 0.000005
29.740000 0.000001 0.000005
29.750000 0.000001 0.000005
29.760000 0.000000 0.000004
29.770000 0.000000 0.000004
29.780000 0.000000 0.000004
29.790000 0.000000 0.000003
29.800000 0.000000 0.000003
29.810000 0.000000 0.000003
29.820000 0.000000 0.000003
29.830000 0.000000 0.000002
29.840000 0.000000 0.000002
29.850000 0.000000 0.000002
29.860000 -0.000000 0.000002
29.870000 -0.000000 0.000001
29.880000 -0.000000 0.000001
29.890000 -0.000000 0.000001
29.900000 -0.000000 0.000001
29.910000 -0.000000 0.000001
29.920000 -0.000000 0.000001
29.930000 -0.000000 0.000000
29.940000 -0.000000 0.000000
29.950000 -0.000000 0.000000
29.960000 -0.000000 0.000000
29.970000 -0.000000 0.000000
29.980000 -0.000000 0.000000
29.990000 -0.000000 0.000000
