0.000000 2.000000 0.000000
0.010000 1.999266 0.020004
0.020000 1.997732 0.040008
0.030000 1.995399 0.059997
0.040000 1.992269 0.079957
0.050000 1.988344 0.099874
0.060000 1.983628 0.119734
0.070000 1.978124 0.139523
0.080000 1.971838 0.159228
0.090000 1.964773 0.178834
0.100000 1.956935 0.198329
0.110000 1.948331 0.217697
0.120000 1.938969 0.236927
0.130000 1.928854 0.256005
0.140000 1.917995 0.274917
0.150000 1.906401 0.293650
0.160000 1.894081 0.312193
0.170000 1.881045 0.330532
0.180000 1.867303 0.348654
0.190000 1.852866 0.366549
0.200000 1.837745 0.384204
0.210000 1.821951 0.401607
0.220000 1.805498 0.418746
0.230000 1.788398 0.435612
0.240000 1.770664 0.452193
0.250000 1.752310 0.468478
0.260000 1.733350 0.484457
0.270000 1.713799 0.500120
0.280000 1.693672 0.515459
0.290000 1.672983 0.530462
0.300000 1.651749 0.545122
0.310000 1.629986 0.559429
0.320000 1.607710 0.573376
0.330000 1.584937 0.586955
0.340000 1.561685 0.600158
0.350000 1.537972 0.612978
0.360000 1.513813 0.625407
0.370000 1.489229 0.637441
0.380000 1.464235 0.649072
0.390000 1.438851 0.660295
0.400000 1.413094 0.671105
0.410000 1.386984 0.681498
0.420000 1.360540 0.691467
0.430000 1.333779 0.701010
0.440000 1.306720 0.710123
0.450000 1.279384 0.718802
0.460000 1.251789 0.727045
0.470000 1.223953 0.734850
0.480000 1.195897 0.742214
0.490000 1.167639 0.749135
0.500000 1.139199 0.755612
0.510000 1.110595 0.761646
0.520000 1.081847 0.767234
0.530000 1.052974 0.772377
0.540000 1.023995 0.777076
0.550000 0.994928 0.781331
0.560000 0.965793 0.785143
0.570000 0.936608 0.788513
0.580000 0.907391 0.791444
0.590000 0.878161 0.793938
0.600000 0.848936 0.795997
0.610000 0.819733 0.797625
0.620000 0.790571 0.798824
0.630000 0.761468 0.799598
0.640000 0.732439 0.799951
0.650000 0.703503 0.799887
0.660000 0.674676 0.799412
0.670000 0.645975 0.798529
0.680000 0.617415 0.797244
0.690000 0.589013 0.795563
0.700000 0.560784 0.793491
0.710000 0.532743 0.791035
0.720000 0.504906 0.788200
0.730000 0.477286 0.784993
0.740000 0.449898 0.781422
0.750000 0.422756 0.777493
0.760000 0.395873 0.773213
0.770000 0.369262 0.768590
0.780000 0.342936 0.763631
0.790000 0.316907 0.758345
0.800000 0.291187 0.752740
0.810000 0.265787 0.746823
0.820000 0.240719 0.740603
0.830000 0.215993 0.734090
0.840000 0.191619 0.727290
0.850000 0.167607 0.720214
0.860000 0.143967 0.712870
0.870000 0.120706 0.705267
0.880000 0.097835 0.697415
0.890000 0.075360 0.689322
0.900000 0.053289 0.680998
0.910000 0.031630 0.672452
0.920000 0.010388 0.663694
0.930000 -0.010429 0.654733
0.940000 -0.030815 0.645579
0.950000 -0.050767 0.636240
0.960000 -0.070277 0.626728
0.970000 -0.089343 0.617050
0.980000 -0.107959 0.607217
0.990000 -0.126123 0.597238
1.000000 -0.143831 0.587123
1.010000 -0.161080 0.576881
1.020000 -0.177868 0.566522
1.030000 -0.194192 0.556054
1.040000 -0.210051 0.545487
1.050000 -0.225445 0.534831
1.060000 -0.240372 0.524094
1.070000 -0.254831 0.513285
1.080000 -0.268823 0.502414
1.090000 -0.282348 0.491488
1.100000 -0.295407 0.480518
1.110000 -0.308001 0.469511
1.120000 -0.320131 0.458476
1.130000 -0.331799 0.447421
1.140000 -0.343007 0.436355
1.150000 -0.353757 0.425285
1.160000 -0.364053 0.414219
1.170000 -0.373897 0.403166
1.180000 -0.383293 0.392133
1.190000 -0.392243 0.381127
1.200000 -0.400753 0.370155
1.210000 -0.408827 0.359225
1.220000 -0.416468 0.348343
1.230000 -0.423681 0.337517
1.240000 -0.430472 0.326752
1.250000 -0.436846 0.316055
1.260000 -0.442807 0.305433
1.270000 -0.448362 0.294891
1.280000 -0.453517 0.284435
1.290000 -0.458277 0.274071
1.300000 -0.462649 0.263804
1.310000 -0.466639 0.253639
1.320000 -0.470253 0.243581
1.330000 -0.473498 0.233635
1.340000 -0.476382 0.223806
1.350000 -0.478911 0.214098
1.360000 -0.481091 0.204515
1.370000 -0.482931 0.195061
1.380000 -0.484438 0.185741
1.390000 -0.485619 0.176556
1.400000 -0.486481 0.167512
1.410000 -0.487033 0.158611
1.420000 -0.487281 0.149855
1.430000 -0.487234 0.141249
1.440000 -0.486899 0.132794
1.450000 -0.486284 0.124493
1.460000 -0.485397 0.116347
1.470000 -0.484246 0.108360
1.480000 -0.482838 0.100533
1.490000 -0.481181 0.092867
1.500000 -0.479284 0.085364
1.510000 -0.477155 0.078025
1.520000 -0.474800 0.070852
1.530000 -0.472228 0.063845
1.540000 -0.469447 0.057005
1.550000 -0.466465 0.050333
1.560000 -0.463289 0.043828
1.570000 -0.459927 0.037492
1.580000 -0.456386 0.031325
1.590000 -0.452675 0.025326
1.600000 -0.448800 0.019495
1.610000 -0.444769 0.013832
1.620000 -0.440590 0.008336
1.630000 -0.436270 0.003008
1.640000 -0.431816 -0.002155
1.650000 -0.427234 -0.007152
1.660000 -0.422533 -0.011984
1.670000 -0.417719 -0.016654
1.680000 -0.412799 -0.021162
1.690000 -0.407779 -0.025508
1.700000 -0.402667 -0.029696
1.710000 -0.397468 -0.033726
1.720000 -0.392189 -0.037599
1.730000 -0.386837 -0.041319
1.740000 -0.381416 -0.044885
1.750000 -0.375934 -0.048301
1.760000 -0.370397 -0.051569
1.770000 -0.364809 -0.054689
1.780000 -0.359177 -0.057665
1.790000 -0.353506 -0.060498
1.800000 -0.347801 -0.063192
1.810000 -0.342068 -0.065747
1.820000 -0.336312 -0.068167
1.830000 -0.330537 -0.070454
1.840000 -0.324749 -0.072611
1.850000 -0.318952 -0.074639
1.860000 -0.313151 -0.076541
1.870000 -0.307349 -0.078321
1.880000 -0.301552 -0.079980
1.890000 -0.295764 -0.081521
1.900000 -0.289987 -0.082947
1.910000 -0.284227 -0.084261
1.920000 -0.278487 -0.085465
1.930000 -0.272771 -0.086562
1.940000 -0.267081 -0.087554
1.950000 -0.261421 -0.088445
1.960000 -0.255795 -0.089237
1.970000 -0.250205 -0.089933
1.980000 -0.244655 -0.090536
1.990000 -0.239146 -0.091048
2.000000 -0.233682 -0.091472
2.010000 -0.228266 -0.091811
2.020000 -0.222899 -0.092067
2.030000 -0.217583 -0.092243
2.040000 -0.212322 -0.092342
2.050000 -0.207117 -0.092367
2.060000 -0.201970 -0.092320
2.070000 -0.196882 -0.092203
2.080000 -0.191856 -0.092020
2.090000 -0.186893 -0.091772
2.100000 -0.181995 -0.091463
2.110000 -0.177162 -0.091095
2.120000 -0.172396 -0.090670
2.130000 -0.167698 -0.090191
2.140000 -0.163070 -0.089660
2.150000 -0.158511 -0.089080
2.160000 -0.154024 -0.088452
2.170000 -0.149609 -0.087780
2.180000 -0.145266 -0.087065
2.190000 -0.140996 -0.086310
2.200000 -0.136800 -0.085516
2.210000 -0.132678 -0.084686
2.220000 -0.128630 -0.083822
2.230000 -0.124656 -0.082926
2.240000 -0.120758 -0.082000
2.250000 -0.116934 -0.081046
2.260000 -0.113186 -0.080066
2.270000 -0.109512 -0.079062
2.280000 -0.105914 -0.078034
2.290000 -0.102390 -0.076987
2.300000 -0.098940 -0.075920
2.310000 -0.095565 -0.074835
2.320000 -0.092264 -0.073735
2.330000 -0.089037 -0.072621
2.340000 -0.085882 -0.071494
2.350000 -0.082801 -0.070356
2.360000 -0.079791 -0.069208
2.370000 -0.076854 -0.068052
2.380000 -0.073987 -0.066889
2.390000 -0.071191 -0.065720
2.400000 -0.068465 -0.064547
2.410000 -0.065808 -0.063370
2.420000 -0.063219 -0.062191
2.430000 -0.060698 -0.061012
2.440000 -0.058243 -0.059832
2.450000 -0.055855 -0.058654
2.460000 -0.053531 -0.057477
2.470000 -0.051272 -0.056304
2.480000 -0.049077 -0.055135
2.490000 -0.046944 -0.053970
2.500000 -0.044872 -0.052812
2.510000 -0.042861 -0.051659
2.520000 -0.040910 -0.050514
2.530000 -0.039017 -0.049377
2.540000 -0.037183 -0.048249
2.550000 -0.035404 -0.047130
2.560000 -0.033682 -0.046020
2.570000 -0.032015 -0.044921
2.580000 -0.030401 -0.043833
2.590000 -0.028840 -0.042757
2.600000 -0.027330 -0.041692
2.610000 -0.025872 -0.040640
2.620000 -0.024463 -0.039601
2.630000 -0.023103 -0.038574
2.640000 -0.021790 -0.037562
2.650000 -0.020524 -0.036563
2.660000 -0.019304 -0.035578
2.670000 -0.018128 -0.034608
2.680000 -0.016996 -0.033652
2.690000 -0.015907 -0.032711
2.700000 -0.014859 -0.031786
2.710000 -0.013852 -0.030875
2.720000 -0.012885 -0.029980
2.730000 -0.011957 -0.029101
2.740000 -0.011066 -0.028237
2.750000 -0.010212 -0.027389
2.760000 -0.009394 -0.026557
2.770000 -0.008612 -0.025740
2.780000 -0.007863 -0.024940
2.790000 -0.007147 -0.024156
2.800000 -0.006464 -0.023387
2.810000 -0.005812 -0.022635
2.820000 -0.005191 -0.021898
2.830000 -0.004600 -0.021178
2.840000 -0.004038 -0.020473
2.850000 -0.003503 -0.019784
2.860000 -0.002996 -0.019111
2.870000 -0.002516 -0.018454
2.880000 -0.002061 -0.017812
2.890000 -0.001632 -0.017186
2.900000 -0.001226 -0.016575
2.910000 -0.000844 -0.015980
2.920000 -0.000485 -0.015400
2.930000 -0.000148 -0.014835
2.940000 0.000167 -0.014285
2.950000 0.000462 -0.013750
2.960000 0.000737 -0.013229
2.970000 0.000992 -0.012723
2.980000 0.001229 -0.012232
2.990000 0.001447 -0.011755
3.000000 0.001648 -0.011292
3.010000 0.001831 -0.010843
3.020000 0.001998 -0.010408
3.030000 0.002150 -0.009986
3.040000 0.002286 -0.009579
3.050000 0.002407 -0.009184
3.060000 0.002514 -0.008804
3.070000 0.002607 -0.008436
3.080000 0.002687 -0.008081
3.090000 0.002754 -0.007739
3.100000 0.002809 -0.007410
3.110000 0.002852 -0.007093
3.120000 0.002884 -0.006789
3.130000 0.002904 -0.006497
3.140000 0.002915 -0.006217
3.150000 0.002915 -0.005950
3.160000 0.002905 -0.005694
3.170000 0.002886 -0.005450
3.180000 0.002859 -0.005218
3.190000 0.002822 -0.004997
3.200000 0.002778 -0.004788
3.210000 0.002726 -0.004590
3.220000 0.002667 -0.004403
3.230000 0.002601 -0.004228
3.240000 0.002528 -0.004063
3.250000 0.002448 -0.003910
3.260000 0.002363 -0.003767
3.270000 0.002272 -0.003636
3.280000 0.002176 -0.003515
3.290000 0.002075 -0.003404
3.300000 0.001970 -0.003304
3.310000 0.001860 -0.003215
3.320000 0.001746 -0.003136
3.330000 0.001629 -0.003068
3.340000 0.001508 -0.003009
3.350000 0.001384 -0.002962
3.360000 0.001257 -0.002924
3.370000 0.001128 -0.002896
3.380000 0.000997 -0.002879
3.390000 0.000864 -0.002872
3.400000 0.000729 -0.002875
3.410000 0.000594 -0.002887
3.420000 0.000457 -0.002910
3.430000 0.000320 -0.002943
3.440000 0.000183 -0.002986
3.450000 0.000046 -0.003038
3.460000 -0.000091 -0.003101
3.470000 -0.000228 -0.003173
3.480000 -0.000363 -0.003255
3.490000 -0.000497 -0.003347
3.500000 -0.000629 -0.003448
3.510000 -0.000760 -0.003560
3.520000 -0.000888 -0.003681
3.530000 -0.001014 -0.003811
3.540000 -0.001136 -0.003952
3.550000 -0.001256 -0.004102
3.560000 -0.001372 -0.004261
3.570000 -0.001484 -0.004430
3.580000 -0.001591 -0.004608
3.590000 -0.001695 -0.004796
3.600000 -0.001793 -0.004993
3.610000 -0.001886 -0.005199
3.620000 -0.001973 -0.005415
3.630000 -0.002055 -0.005640
3.640000 -0.002130 -0.005874
3.650000 -0.002198 -0.006116
3.660000 -0.002259 -0.006368
3.670000 -0.002313 -0.006629
3.680000 -0.002360 -0.006898
3.690000 -0.002398 -0.007176
3.700000 -0.002428 -0.007462
3.710000 -0.002448 -0.007756
3.720000 -0.002460 -0.008059
3.730000 -0.002462 -0.008370
3.740000 -0.002454 -0.008689
3.750000 -0.002436 -0.009015
3.760000 -0.002407 -0.009349
3.770000 -0.002368 -0.009690
3.780000 -0.002316 -0.010039
3.790000 -0.002254 -0.010394
3.800000 -0.002179 -0.010756
3.810000 -0.002091 -0.011125
3.820000 -0.001991 -0.011499
3.830000 -0.001878 -0.011880
3.840000 -0.001751 -0.012266
3.850000 -0.001610 -0.012658
3.860000 -0.001455 -0.013055
3.870000 -0.001286 -0.013457
3.880000 -0.001102 -0.013863
3.890000 -0.000903 -0.014273
3.900000 -0.000688 -0.014687
3.910000 -0.000458 -0.015105
3.920000 -0.000212 -0.015525
3.930000 0.000051 -0.015948
3.940000 0.000330 -0.016374
3.950000 0.000625 -0.016801
3.960000 0.000938 -0.017229
3.970000 0.001268 -0.017658
3.980000 0.001616 -0.018088
3.990000 0.001981 -0.018518
4.000000 0.002364 -0.018947
4.010000 0.002766 -0.019375
4.020000 0.003185 -0.019802
4.030000 0.003623 -0.020226
4.040000 0.004079 -0.020648
4.050000 0.004554 -0.021067
4.060000 0.005047 -0.021482
4.070000 0.005560 -0.021893
4.080000 0.006091 -0.022299
4.090000 0.006641 -0.022699
4.100000 0.007209 -0.023094
4.110000 0.007797 -0.023482
4.120000 0.008404 -0.023862
4.130000 0.009029 -0.024234
4.140000 0.009673 -0.024598
4.150000 0.010335 -0.024953
4.160000 0.011016 -0.025298
4.170000 0.011716 -0.025632
4.180000 0.012433 -0.025955
4.190000 0.013168 -0.026266
4.200000 0.013922 -0.026565
4.210000 0.014692 -0.026850
4.220000 0.015480 -0.027122
4.230000 0.016285 -0.027379
4.240000 0.017106 -0.027621
4.250000 0.017944 -0.027846
4.260000 0.018797 -0.028056
4.270000 0.019666 -0.028248
4.280000 0.020550 -0.028422
4.290000 0.021448 -0.028578
4.300000 0.022361 -0.028714
4.310000 0.023287 -0.028831
4.320000 0.024226 -0.028927
4.330000 0.025177 -0.029002
4.340000 0.026140 -0.029055
4.350000 0.027115 -0.029086
4.360000 0.028100 -0.029094
4.370000 0.029094 -0.029078
4.380000 0.030098 -0.029038
4.390000 0.031110 -0.028973
4.400000 0.032130 -0.028883
4.410000 0.033157 -0.028767
4.420000 0.034190 -0.028625
4.430000 0.035228 -0.028456
4.440000 0.036270 -0.028259
4.450000 0.037316 -0.028035
4.460000 0.038364 -0.027783
4.470000 0.039414 -0.027502
4.480000 0.040464 -0.027192
4.490000 0.041514 -0.026852
4.500000 0.042563 -0.026483
4.510000 0.043609 -0.026084
4.520000 0.044652 -0.025654
4.530000 0.045691 -0.025194
4.540000 0.046724 -0.024702
4.550000 0.047751 -0.024180
4.560000 0.048770 -0.023627
4.570000 0.049780 -0.023042
4.580000 0.050781 -0.022425
4.590000 0.051770 -0.021777
4.600000 0.052747 -0.021097
4.610000 0.053711 -0.020386
4.620000 0.054661 -0.019643
4.630000 0.055595 -0.018868
4.640000 0.056512 -0.018062
4.650000 0.057411 -0.017224
4.660000 0.058291 -0.016355
4.670000 0.059151 -0.015455
4.680000 0.059989 -0.014524
4.690000 0.060805 -0.013563
4.700000 0.061597 -0.012571
4.710000 0.062364 -0.011549
4.720000 0.063105 -0.010498
4.730000 0.063818 -0.009417
4.740000 0.064504 -0.008308
4.750000 0.065159 -0.007170
4.760000 0.065784 -0.006005
4.770000 0.066378 -0.004812
4.780000 0.066938 -0.003593
4.790000 0.067465 -0.002348
4.800000 0.067956 -0.001078
4.810000 0.068412 0.000217
4.820000 0.068831 0.001536
4.830000 0.069212 0.002877
4.840000 0.069553 0.004241
4.850000 0.069855 0.005627
4.860000 0.070116 0.007033
4.870000 0.070336 0.008459
4.880000 0.070513 0.009903
4.890000 0.070647 0.011365
4.900000 0.070736 0.012844
4.910000 0.070781 0.014338
4.920000 0.070780 0.015847
4.930000 0.070733 0.017370
4.940000 0.070639 0.018905
4.950000 0.070497 0.020452
4.960000 0.070307 0.022008
4.970000 0.070069 0.023574
4.980000 0.069782 0.025147
4.990000 0.069445 0.026727
5.000000 0.069057 0.028312
5.010000 0.068620 0.029900
5.020000 0.068132 0.031492
5.030000 0.067593 0.033085
5.040000 0.067003 0.034678
5.050000 0.066362 0.036270
5.060000 0.065670 0.037859
5.070000 0.064925 0.039444
5.080000 0.064130 0.041024
5.090000 0.063283 0.042597
5.100000 0.062384 0.044162
5.110000 0.061434 0.045717
5.120000 0.060434 0.047262
5.130000 0.059382 0.048794
5.140000 0.058279 0.050313
5.150000 0.057127 0.051817
5.160000 0.055924 0.053304
5.170000 0.054672 0.054774
5.180000 0.053371 0.056224
5.190000 0.052022 0.057654
5.200000 0.050625 0.059062
5.210000 0.049180 0.060447
5.220000 0.047689 0.061807
5.230000 0.046152 0.063142
5.240000 0.044570 0.064449
5.250000 0.042944 0.065728
5.260000 0.041274 0.066977
5.270000 0.039562 0.068196
5.280000 0.037809 0.069382
5.290000 0.036015 0.070535
5.300000 0.034182 0.071654
5.310000 0.032310 0.072736
5.320000 0.030402 0.073783
5.330000 0.028457 0.074791
5.340000 0.026477 0.075760
5.350000 0.024465 0.076690
5.360000 0.022419 0.077579
5.370000 0.020344 0.078426
5.380000 0.018238 0.079230
5.390000 0.016105 0.079990
5.400000 0.013945 0.080706
5.410000 0.011759 0.081377
5.420000 0.009550 0.082002
5.430000 0.007319 0.082580
5.440000 0.005068 0.083111
5.450000 0.002797 0.083594
5.460000 0.000509 0.084027
5.470000 -0.001794 0.084412
5.480000 -0.004112 0.084747
5.490000 -0.006443 0.085032
5.500000 -0.008784 0.085266
5.510000 -0.011134 0.085450
5.520000 -0.013492 0.085582
5.530000 -0.015855 0.085662
5.540000 -0.018222 0.085691
5.550000 -0.020591 0.085668
5.560000 -0.022961 0.085593
5.570000 -0.025330 0.085466
5.580000 -0.027695 0.085286
5.590000 -0.030056 0.085054
5.600000 -0.032410 0.084771
5.610000 -0.034756 0.084435
5.620000 -0.037092 0.084047
5.630000 -0.039416 0.083608
5.640000 -0.041726 0.083118
5.650000 -0.044022 0.082576
5.660000 -0.046300 0.081984
5.670000 -0.048560 0.081342
5.680000 -0.050800 0.080649
5.690000 -0.053018 0.079908
5.700000 -0.055213 0.079118
5.710000 -0.057382 0.078279
5.720000 -0.059524 0.077393
5.730000 -0.061639 0.076460
5.740000 -0.063723 0.075481
5.750000 -0.065776 0.074456
5.760000 -0.067797 0.073387
5.770000 -0.069783 0.072274
5.780000 -0.071733 0.071118
5.790000 -0.073647 0.069920
5.800000 -0.075521 0.068681
5.810000 -0.077357 0.067402
5.820000 -0.079151 0.066084
5.830000 -0.080903 0.064728
5.840000 -0.082611 0.063335
5.850000 -0.084275 0.061906
5.860000 -0.085893 0.060443
5.870000 -0.087464 0.058946
5.880000 -0.088988 0.057417
5.890000 -0.090462 0.055856
5.900000 -0.091887 0.054266
5.910000 -0.093261 0.052648
5.920000 -0.094584 0.051002
5.930000 -0.095854 0.049331
5.940000 -0.097071 0.047634
5.950000 -0.098234 0.045915
5.960000 -0.099343 0.044174
5.970000 -0.100397 0.042412
5.980000 -0.101395 0.040631
5.990000 -0.102337 0.038833
6.000000 -0.103222 0.037018
6.010000 -0.104050 0.035189
6.020000 -0.104821 0.033346
6.030000 -0.105534 0.031491
6.040000 -0.106190 0.029625
6.050000 -0.106787 0.027750
6.060000 -0.107326 0.025868
6.070000 -0.107806 0.023980
6.080000 -0.108228 0.022086
6.090000 -0.108591 0.020189
6.100000 -0.108896 0.018291
6.110000 -0.109143 0.016392
6.120000 -0.109332 0.014493
6.130000 -0.109462 0.012597
6.140000 -0.109535 0.010705
6.150000 -0.109550 0.008817
6.160000 -0.109508 0.006936
6.170000 -0.109409 0.005063
6.180000 -0.109254 0.003199
6.190000 -0.109044 0.001345
6.200000 -0.108777 -0.000497
6.210000 -0.108456 -0.002327
6.220000 -0.108081 -0.004142
6.230000 -0.107652 -0.005941
6.240000 -0.107170 -0.007724
6.250000 -0.106636 -0.009489
6.260000 -0.106051 -0.011235
6.270000 -0.105414 -0.012961
6.280000 -0.104729 -0.014666
6.290000 -0.103994 -0.016349
6.300000 -0.103211 -0.018008
6.310000 -0.102381 -0.019643
6.320000 -0.101504 -0.021252
6.330000 -0.100583 -0.022835
6.340000 -0.099617 -0.024391
6.350000 -0.098608 -0.025919
6.360000 -0.097557 -0.027418
6.370000 -0.096465 -0.028887
6.380000 -0.095334 -0.030325
6.390000 -0.094163 -0.031733
6.400000 -0.092955 -0.033108
6.410000 -0.091711 -0.034450
6.420000 -0.090431 -0.035758
6.430000 -0.089117 -0.037033
6.440000 -0.087771 -0.038273
6.450000 -0.086393 -0.039478
6.460000 -0.084985 -0.040647
6.470000 -0.083548 -0.041780
6.480000 -0.082083 -0.042877
6.490000 -0.080592 -0.043936
6.500000 -0.079076 -0.044958
6.510000 -0.077535 -0.045943
6.520000 -0.075973 -0.046889
6.530000 -0.074389 -0.047797
6.540000 -0.072785 -0.048667
6.550000 -0.071162 -0.049498
6.560000 -0.069523 -0.050290
6.570000 -0.067867 -0.051044
6.580000 -0.066196 -0.051758
6.590000 -0.064512 -0.052433
6.600000 -0.062817 -0.053070
6.610000 -0.061110 -0.053667
6.620000 -0.059394 -0.054225
6.630000 -0.057669 -0.054745
6.640000 -0.055937 -0.055225
6.650000 -0.054200 -0.055667
6.660000 -0.052458 -0.056071
6.670000 -0.050713 -0.056436
6.680000 -0.048966 -0.056764
6.690000 -0.047218 -0.057054
6.700000 -0.045471 -0.057306
6.710000 -0.043724 -0.057521
6.720000 -0.041981 -0.057700
6.730000 -0.040241 -0.057842
6.740000 -0.038506 -0.057948
6.750000 -0.036777 -0.058019
6.760000 -0.035055 -0.058055
6.770000 -0.033341 -0.058056
6.780000 -0.031636 -0.058023
6.790000 -0.029941 -0.057956
6.800000 -0.028257 -0.057857
6.810000 -0.026586 -0.057725
6.820000 -0.024927 -0.057561
6.830000 -0.023282 -0.057366
6.840000 -0.021652 -0.057140
6.850000 -0.020037 -0.056885
6.860000 -0.018439 -0.056599
6.870000 -0.016858 -0.056286
6.880000 -0.015295 -0.055944
6.890000 -0.013751 -0.055574
6.900000 -0.012227 -0.055179
6.910000 -0.010722 -0.054757
6.920000 -0.009239 -0.054310
6.930000 -0.007776 -0.053838
6.940000 -0.006336 -0.053343
6.950000 -0.004919 -0.052825
6.960000 -0.003525 -0.052284
6.970000 -0.002154 -0.051722
6.980000 -0.000808 -0.051139
6.990000 0.000513 -0.050537
7.000000 0.001809 -0.049915
7.010000 0.003080 -0.049274
7.020000 0.004325 -0.048617
7.030000 0.005543 -0.047942
7.040000 0.006735 -0.047251
7.050000 0.007899 -0.046545
7.060000 0.009037 -0.045824
7.070000 0.010147 -0.045090
7.080000 0.011229 -0.044342
7.090000 0.012283 -0.043583
7.100000 0.013309 -0.042812
7.110000 0.014307 -0.042030
7.120000 0.015276 -0.041239
7.130000 0.016217 -0.040438
7.140000 0.017130 -0.039629
7.150000 0.018014 -0.038812
7.160000 0.018869 -0.037988
7.170000 0.019696 -0.037158
7.180000 0.020494 -0.036322
7.190000 0.021263 -0.035482
7.200000 0.022004 -0.034637
7.210000 0.022716 -0.033789
7.220000 0.023401 -0.032938
7.230000 0.024057 -0.032085
7.240000 0.024684 -0.031231
7.250000 0.025285 -0.030375
7.260000 0.025857 -0.029520
7.270000 0.026402 -0.028665
7.280000 0.026919 -0.027810
7.290000 0.027410 -0.026958
7.300000 0.027874 -0.026107
7.310000 0.028311 -0.025260
7.320000 0.028722 -0.024415
7.330000 0.029107 -0.023575
7.340000 0.029466 -0.022738
7.350000 0.029800 -0.021907
7.360000 0.030109 -0.021080
7.370000 0.030394 -0.020260
7.380000 0.030654 -0.019446
7.390000 0.030891 -0.018638
7.400000 0.031103 -0.017838
7.410000 0.031293 -0.017045
7.420000 0.031460 -0.016260
7.430000 0.031605 -0.015483
7.440000 0.031728 -0.014715
7.450000 0.031829 -0.013956
7.460000 0.031909 -0.013206
7.470000 0.031969 -0.012466
7.480000 0.032008 -0.011736
7.490000 0.032028 -0.011016
7.500000 0.032029 -0.010307
7.510000 0.032011 -0.009609
7.520000 0.031974 -0.008921
7.530000 0.031920 -0.008245
7.540000 0.031848 -0.007581
7.550000 0.031760 -0.006928
7.560000 0.031655 -0.006287
7.570000 0.031534 -0.005658
7.580000 0.031397 -0.005041
7.590000 0.031246 -0.004437
7.600000 0.031080 -0.003845
7.610000 0.030900 -0.003266
7.620000 0.030706 -0.002699
7.630000 0.030500 -0.002145
7.640000 0.030280 -0.001604
7.650000 0.030049 -0.001077
7.660000 0.029806 -0.000562
7.670000 0.029551 -0.000060
7.680000 0.029286 0.000429
7.690000 0.029010 0.000904
7.700000 0.028725 0.001367
7.710000 0.028430 0.001816
7.720000 0.028127 0.002252
7.730000 0.027814 0.002675
7.740000 0.027494 0.003086
7.750000 0.027166 0.003483
7.760000 0.026831 0.003867
7.770000 0.026489 0.004238
7.780000 0.026141 0.004597
7.790000 0.025786 0.004942
7.800000 0.025427 0.005276
7.810000 0.025061 0.005596
7.820000 0.024692 0.005904
7.830000 0.024317 0.006200
7.840000 0.023939 0.006484
7.850000 0.023557 0.006755
7.860000 0.023172 0.007015
7.870000 0.022783 0.007262
7.880000 0.022393 0.007499
7.890000 0.021999 0.007723
7.900000 0.021604 0.007936
7.910000 0.021208 0.008138
7.920000 0.020810 0.008329
7.930000 0.020411 0.008509
7.940000 0.020011 0.008679
7.950000 0.019611 0.008838
7.960000 0.019210 0.008986
7.970000 0.018810 0.009124
7.980000 0.018410 0.009253
7.990000 0.018011 0.009372
8.000000 0.017613 0.009481
8.010000 0.017216 0.009580
8.020000 0.016820 0.009671
8.030000 0.016426 0.009753
8.040000 0.016034 0.009825
8.050000 0.015644 0.009890
8.060000 0.015256 0.009945
8.070000 0.014870 0.009993
8.080000 0.014487 0.010033
8.090000 0.014107 0.010065
8.100000 0.013730 0.010089
8.110000 0.013355 0.010106
8.120000 0.012985 0.010116
8.130000 0.012617 0.010119
8.140000 0.012253 0.010115
8.150000 0.011893 0.010105
8.160000 0.011536 0.010089
8.170000 0.011184 0.010066
8.180000 0.010835 0.010037
8.190000 0.010491 0.010003
8.200000 0.010151 0.009963
8.210000 0.009815 0.009918
8.220000 0.009484 0.009868
8.230000 0.009157 0.009813
8.240000 0.008834 0.009753
8.250000 0.008517 0.009688
8.260000 0.008204 0.009620
8.270000 0.007895 0.009547
8.280000 0.007592 0.009469
8.290000 0.007293 0.009389
8.300000 0.006999 0.009304
8.310000 0.006710 0.009216
8.320000 0.006426 0.009125
8.330000 0.006147 0.009030
8.340000 0.005873 0.008933
8.350000 0.005603 0.008833
8.360000 0.005339 0.008730
8.370000 0.005080 0.008624
8.380000 0.004826 0.008516
8.390000 0.004576 0.008406
8.400000 0.004332 0.008294
8.410000 0.004093 0.008180
8.420000 0.003858 0.008064
8.430000 0.003629 0.007947
8.440000 0.003404 0.007828
8.450000 0.003184 0.007707
8.460000 0.002970 0.007585
8.470000 0.002759 0.007462
8.480000 0.002554 0.007338
8.490000 0.002354 0.007213
8.500000 0.002158 0.007087
8.510000 0.001967 0.006961
8.520000 0.001780 0.006833
8.530000 0.001599 0.006706
8.540000 0.001421 0.006577
8.550000 0.001249 0.006449
8.560000 0.001080 0.006320
8.570000 0.000916 0.006191
8.580000 0.000757 0.006061
8.590000 0.000601 0.005932
8.600000 0.000450 0.005803
8.610000 0.000304 0.005674
8.620000 0.000161 0.005545
8.630000 0.000022 0.005416
8.640000 -0.000112 0.005287
8.650000 -0.000243 0.005159
8.660000 -0.000369 0.005031
8.670000 -0.000492 0.004904
8.680000 -0.000611 0.004777
8.690000 -0.000726 0.004651
8.700000 -0.000837 0.004525
8.710000 -0.000945 0.004400
8.720000 -0.001049 0.004275
8.730000 -0.001150 0.004151
8.740000 -0.001247 0.004028
8.750000 -0.001341 0.003906
8.760000 -0.001431 0.003784
8.770000 -0.001518 0.003663
8.780000 -0.001602 0.003543
8.790000 -0.001683 0.003424
8.800000 -0.001760 0.003306
8.810000 -0.001834 0.003189
8.820000 -0.001905 0.003072
8.830000 -0.001973 0.002957
8.840000 -0.002038 0.002842
8.850000 -0.002100 0.002729
8.860000 -0.002160 0.002616
8.870000 -0.002216 0.002504
8.880000 -0.002270 0.002394
8.890000 -0.002320 0.002284
8.900000 -0.002369 0.002175
8.910000 -0.002414 0.002067
8.920000 -0.002457 0.001961
8.930000 -0.002497 0.001855
8.940000 -0.002534 0.001750
8.950000 -0.002569 0.001647
8.960000 -0.002601 0.001544
8.970000 -0.002631 0.001442
8.980000 -0.002659 0.001342
8.990000 -0.002684 0.001242
9.000000 -0.002706 0.001144
9.010000 -0.002727 0.001046
9.020000 -0.002745 0.000950
9.030000 -0.002760 0.000855
9.040000 -0.002773 0.000761
9.050000 -0.002784 0.000667
9.060000 -0.002793 0.000575
9.070000 -0.002800 0.000484
9.080000 -0.002804 0.000394
9.090000 -0.002806 0.000306
9.100000 -0.002806 0.000218
9.110000 -0.002804 0.000131
9.120000 -0.002799 0.000046
9.130000 -0.002793 -0.000038
9.140000 -0.002784 -0.000122
9.150000 -0.002773 -0.000204
9.160000 -0.002761 -0.000285
9.170000 -0.002746 -0.000364
9.180000 -0.002729 -0.000443
9.190000 -0.002710 -0.000520
9.200000 -0.002689 -0.000596
9.210000 -0.002667 -0.000671
9.220000 -0.002642 -0.000745
9.230000 -0.002615 -0.000817
9.240000 -0.002586 -0.000888
9.250000 -0.002556 -0.000958
9.260000 -0.002523 -0.001026
9.270000 -0.002489 -0.001093
9.280000 -0.002453 -0.001158
9.290000 -0.002415 -0.001222
9.300000 -0.002375 -0.001285
9.310000 -0.002333 -0.001346
9.320000 -0.002290 -0.001406
9.330000 -0.002245 -0.001464
9.340000 -0.002198 -0.001520
9.350000 -0.002149 -0.001575
9.360000 -0.002099 -0.001629
9.370000 -0.002047 -0.001680
9.380000 -0.001993 -0.001730
9.390000 -0.001938 -0.001778
9.400000 -0.001881 -0.001825
9.410000 -0.001823 -0.001869
9.420000 -0.001763 -0.001912
9.430000 -0.001702 -0.001953
9.440000 -0.001640 -0.001992
9.450000 -0.001576 -0.002029
9.460000 -0.001510 -0.002064
9.470000 -0.001444 -0.002097
9.480000 -0.001376 -0.002128
9.490000 -0.001307 -0.002157
9.500000 -0.001237 -0.002183
9.510000 -0.001165 -0.002208
9.520000 -0.001093 -0.002230
9.530000 -0.001019 -0.002250
9.540000 -0.000945 -0.002268
9.550000 -0.000870 -0.002283
9.560000 -0.000794 -0.002296
9.570000 -0.000717 -0.002307
9.580000 -0.000639 -0.002315
9.590000 -0.000561 -0.002321
9.600000 -0.000482 -0.002324
9.610000 -0.000403 -0.002325
9.620000 -0.000323 -0.002323
9.630000 -0.000243 -0.002319
9.640000 -0.000162 -0.002312
9.650000 -0.000081 -0.002302
9.660000 -0.000001 -0.002290
9.670000 0.000080 -0.002275
9.680000 0.000161 -0.002257
9.690000 0.000242 -0.002237
9.700000 0.000323 -0.002214
9.710000 0.000404 -0.002188
9.720000 0.000484 -0.002160
9.730000 0.000564 -0.002128
9.740000 0.000643 -0.002094
9.750000 0.000722 -0.002057
9.760000 0.000800 -0.002018
9.770000 0.000877 -0.001975
9.780000 0.000953 -0.001930
9.790000 0.001029 -0.001882
9.800000 0.001103 -0.001831
9.810000 0.001176 -0.001778
9.820000 0.001248 -0.001721
9.830000 0.001319 -0.001663
9.840000 0.001389 -0.001601
9.850000 0.001456 -0.001537
9.860000 0.001523 -0.001470
9.870000 0.001587 -0.001400
9.880000 0.001650 -0.001328
9.890000 0.001711 -0.001253
9.900000 0.001770 -0.001176
9.910000 0.001827 -0.001096
9.920000 0.001882 -0.001014
9.930000 0.001935 -0.000929
9.940000 0.001985 -0.000843
9.950000 0.002033 -0.000753
9.960000 0.002078 -0.000662
9.970000 0.002121 -0.000569
9.980000 0.002161 -0.000473
9.990000 0.002198 -0.000375
10.000000 0.002233 -0.000276
10.010000 0.002265 -0.000174
10.020000 0.002294 -0.000071
10.030000 0.002319 0.000034
10.040000 0.002342 0.000141
10.050000 0.002361 0.000249
10.060000 0.002378 0.000358
10.070000 0.002391 0.000469
10.080000 0.002400 0.000582
10.090000 0.002406 0.000695
10.100000 0.002409 0.000810
10.110000 0.002408 0.000925
10.120000 0.002403 0.001042
10.130000 0.002395 0.001159
10.140000 0.002384 0.001277
10.150000 0.002368 0.001396
10.160000 0.002349 0.001515
10.170000 0.002326 0.001634
10.180000 0.002299 0.001753
10.190000 0.002269 0.001873
10.200000 0.002235 0.001993
10.210000 0.002196 0.002112
10.220000 0.002154 0.002231
10.230000 0.002109 0.002350
10.240000 0.002059 0.002468
10.250000 0.002005 0.002586
10.260000 0.001948 0.002703
10.270000 0.001886 0.002819
10.280000 0.001821 0.002934
10.290000 0.001752 0.003048
10.300000 0.001680 0.003160
10.310000 0.001603 0.003271
10.320000 0.001523 0.003381
10.330000 0.001439 0.003489
10.340000 0.001352 0.003595
10.350000 0.001261 0.003700
10.360000 0.001166 0.003802
10.370000 0.001068 0.003902
10.380000 0.000967 0.004000
10.390000 0.000862 0.004096
10.400000 0.000754 0.004189
10.410000 0.000642 0.004279
10.420000 0.000528 0.004367
10.430000 0.000410 0.004452
10.440000 0.000290 0.004534
10.450000 0.000166 0.004612
10.460000 0.000040 0.004688
10.470000 -0.000089 0.004760
10.480000 -0.000220 0.004829
10.490000 -0.000354 0.004895
10.500000 -0.000490 0.004956
10.510000 -0.000629 0.005015
10.520000 -0.000769 0.005069
10.530000 -0.000912 0.005120
10.540000 -0.001056 0.005166
10.550000 -0.001203 0.005209
10.560000 -0.001351 0.005247
10.570000 -0.001500 0.005282
10.580000 -0.001651 0.005312
10.590000 -0.001803 0.005337
10.600000 -0.001956 0.005359
10.610000 -0.002110 0.005376
10.620000 -0.002265 0.005388
10.630000 -0.002421 0.005396
10.640000 -0.002577 0.005400
10.650000 -0.002734 0.005399
10.660000 -0.002890 0.005393
10.670000 -0.003047 0.005382
10.680000 -0.003204 0.005367
10.690000 -0.003360 0.005347
10.700000 -0.003516 0.005323
10.710000 -0.003672 0.005293
10.720000 -0.003827 0.005259
10.730000 -0.003981 0.005221
10.740000 -0.004134 0.005177
10.750000 -0.004285 0.005129
10.760000 -0.004436 0.005076
10.770000 -0.004585 0.005018
10.780000 -0.004732 0.004956
10.790000 -0.004878 0.004889
10.800000 -0.005021 0.004818
10.810000 -0.005163 0.004742
10.820000 -0.005302 0.004661
10.830000 -0.005439 0.004576
10.840000 -0.005573 0.004487
10.850000 -0.005705 0.004393
10.860000 -0.005834 0.004295
10.870000 -0.005959 0.004193
10.880000 -0.006082 0.004087
10.890000 -0.006202 0.003976
10.900000 -0.006318 0.003862
10.910000 -0.006430 0.003743
10.920000 -0.006539 0.003621
10.930000 -0.006645 0.003496
10.940000 -0.006746 0.003366
10.950000 -0.006843 0.003233
10.960000 -0.006937 0.003097
10.970000 -0.007026 0.002957
10.980000 -0.007110 0.002815
10.990000 -0.007191 0.002669
11.000000 -0.007267 0.002520
11.010000 -0.007338 0.002369
11.020000 -0.007404 0.002214
11.030000 -0.007466 0.002058
11.040000 -0.007523 0.001898
11.050000 -0.007575 0.001737
11.060000 -0.007622 0.001573
11.070000 -0.007664 0.001408
11.080000 -0.007701 0.001240
11.090000 -0.007732 0.001071
11.100000 -0.007758 0.000900
11.110000 -0.007779 0.000728
11.120000 -0.007795 0.000555
11.130000 -0.007806 0.000380
11.140000 -0.007811 0.000205
11.150000 -0.007810 0.000028
11.160000 -0.007804 -0.000149
11.170000 -0.007793 -0.000326
11.180000 -0.007776 -0.000504
11.190000 -0.007754 -0.000682
11.200000 -0.007727 -0.000860
11.210000 -0.007694 -0.001038
11.220000 -0.007655 -0.001216
11.230000 -0.007611 -0.001393
11.240000 -0.007562 -0.001570
11.250000 -0.007507 -0.001746
11.260000 -0.007447 -0.001921
11.270000 -0.007382 -0.002095
11.280000 -0.007311 -0.002268
11.290000 -0.007236 -0.002440
11.300000 -0.007155 -0.002610
11.310000 -0.007069 -0.002778
11.320000 -0.006978 -0.002945
11.330000 -0.006882 -0.003110
11.340000 -0.006782 -0.003272
11.350000 -0.006676 -0.003433
11.360000 -0.006566 -0.003591
11.370000 -0.006451 -0.003746
11.380000 -0.006332 -0.003899
11.390000 -0.006208 -0.004050
11.400000 -0.006080 -0.004197
11.410000 -0.005947 -0.004342
11.420000 -0.005811 -0.004483
11.430000 -0.005670 -0.004621
11.440000 -0.005525 -0.004756
11.450000 -0.005377 -0.004888
11.460000 -0.005225 -0.005016
11.470000 -0.005070 -0.005140
11.480000 -0.004911 -0.005261
11.490000 -0.004749 -0.005377
11.500000 -0.004583 -0.005490
11.510000 -0.004415 -0.005599
11.520000 -0.004244 -0.005704
11.530000 -0.004070 -0.005804
11.540000 -0.003893 -0.005901
11.550000 -0.003714 -0.005993
11.560000 -0.003533 -0.006081
11.570000 -0.003349 -0.006164
11.580000 -0.003164 -0.006243
11.590000 -0.002976 -0.006317
11.600000 -0.002787 -0.006387
11.610000 -0.002597 -0.006452
11.620000 -0.002405 -0.006513
11.630000 -0.002211 -0.006569
11.640000 -0.002017 -0.006620
11.650000 -0.001821 -0.006666
11.660000 -0.001625 -0.006708
11.670000 -0.001428 -0.006745
11.680000 -0.001231 -0.006777
11.690000 -0.001034 -0.006805
11.700000 -0.000836 -0.006827
11.710000 -0.000638 -0.006845
11.720000 -0.000440 -0.006858
11.730000 -0.000243 -0.006866
11.740000 -0.000046 -0.006870
11.750000 0.000150 -0.006869
11.760000 0.000346 -0.006863
11.770000 0.000541 -0.006853
11.780000 0.000735 -0.006838
11.790000 0.000927 -0.006818
11.800000 0.001118 -0.006794
11.810000 0.001308 -0.006765
11.820000 0.001496 -0.006732
11.830000 0.001683 -0.006694
11.840000 0.001868 -0.006652
11.850000 0.002050 -0.006606
11.860000 0.002231 -0.006556
11.870000 0.002409 -0.006501
11.880000 0.002585 -0.006443
11.890000 0.002759 -0.006380
11.900000 0.002930 -0.006314
11.910000 0.003098 -0.006243
11.920000 0.003264 -0.006169
11.930000 0.003426 -0.006091
11.940000 0.003586 -0.006010
11.950000 0.003742 -0.005925
11.960000 0.003895 -0.005837
11.970000 0.004045 -0.005745
11.980000 0.004192 -0.005650
11.990000 0.004335 -0.005553
12.000000 0.004474 -0.005452
12.010000 0.004610 -0.005348
12.020000 0.004742 -0.005241
12.030000 0.004871 -0.005132
12.040000 0.004995 -0.005020
12.050000 0.005116 -0.004906
12.060000 0.005232 -0.004789
12.070000 0.005345 -0.004670
12.080000 0.005453 -0.004549
12.090000 0.005558 -0.004426
12.100000 0.005658 -0.004301
12.110000 0.005754 -0.004174
12.120000 0.005846 -0.004045
12.130000 0.005934 -0.003915
12.140000 0.006017 -0.003783
12.150000 0.006096 -0.003651
12.160000 0.006170 -0.003516
12.170000 0.006241 -0.003381
12.180000 0.006307 -0.003245
12.190000 0.006368 -0.003108
12.200000 0.006425 -0.002970
12.210000 0.006478 -0.002832
12.220000 0.006527 -0.002693
12.230000 0.006571 -0.002553
12.240000 0.006611 -0.002413
12.250000 0.006646 -0.002273
12.260000 0.006677 -0.002133
12.270000 0.006704 -0.001993
12.280000 0.006727 -0.001853
12.290000 0.006745 -0.001714
12.300000 0.006759 -0.001575
12.310000 0.006769 -0.001436
12.320000 0.006775 -0.001297
12.330000 0.006777 -0.001160
12.340000 0.006774 -0.001023
12.350000 0.006768 -0.000887
12.360000 0.006758 -0.000752
12.370000 0.006744 -0.000618
12.380000 0.006726 -0.000485
12.390000 0.006704 -0.000353
12.400000 0.006678 -0.000222
12.410000 0.006649 -0.000093
12.420000 0.006616 0.000035
12.430000 0.006580 0.000161
12.440000 0.006540 0.000285
12.450000 0.006497 0.000408
12.460000 0.006451 0.000529
12.470000 0.006401 0.000648
12.480000 0.006348 0.000766
12.490000 0.006292 0.000881
12.500000 0.006233 0.000995
12.510000 0.006171 0.001106
12.520000 0.006106 0.001215
12.530000 0.006039 0.001322
12.540000 0.005968 0.001427
12.550000 0.005896 0.001529
12.560000 0.005820 0.001629
12.570000 0.005742 0.001727
12.580000 0.005662 0.001822
12.590000 0.005580 0.001915
12.600000 0.005495 0.002005
12.610000 0.005409 0.002093
12.620000 0.005320 0.002178
12.630000 0.005230 0.002261
12.640000 0.005137 0.002341
12.650000 0.005043 0.002419
12.660000 0.004948 0.002493
12.670000 0.004851 0.002565
12.680000 0.004752 0.002635
12.690000 0.004652 0.002701
12.700000 0.004551 0.002765
12.710000 0.004449 0.002827
12.720000 0.004345 0.002885
12.730000 0.004241 0.002941
12.740000 0.004136 0.002994
12.750000 0.004029 0.003045
12.760000 0.003923 0.003092
12.770000 0.003815 0.003137
12.780000 0.003707 0.003179
12.790000 0.003599 0.003219
12.800000 0.003490 0.003256
12.810000 0.003380 0.003290
12.820000 0.003271 0.003322
12.830000 0.003161 0.003351
12.840000 0.003052 0.003377
12.850000 0.002942 0.003401
12.860000 0.002833 0.003422
12.870000 0.002723 0.003440
12.880000 0.002614 0.003457
12.890000 0.002505 0.003470
12.900000 0.002397 0.003481
12.910000 0.002289 0.003490
12.920000 0.002181 0.003497
12.930000 0.002074 0.003501
12.940000 0.001968 0.003502
12.950000 0.001863 0.003502
12.960000 0.001758 0.003499
12.970000 0.001654 0.003494
12.980000 0.001551 0.003487
12.990000 0.001449 0.003478
13.000000 0.001348 0.003467
13.010000 0.001247 0.003453
13.020000 0.001148 0.003438
13.030000 0.001051 0.003421
13.040000 0.000954 0.003402
13.050000 0.000859 0.003381
13.060000 0.000764 0.003358
13.070000 0.000672 0.003334
13.080000 0.000580 0.003308
13.090000 0.000490 0.003280
13.100000 0.000402 0.003251
13.110000 0.000314 0.003220
13.120000 0.000229 0.003187
13.130000 0.000145 0.003153
13.140000 0.000062 0.003118
13.150000 -0.000019 0.003082
13.160000 -0.000098 0.003044
13.170000 -0.000176 0.003005
13.180000 -0.000252 0.002965
13.190000 -0.000326 0.002923
13.200000 -0.000399 0.002881
13.210000 -0.000470 0.002837
13.220000 -0.000539 0.002793
13.230000 -0.000606 0.002748
13.240000 -0.000672 0.002701
13.250000 -0.000736 0.002654
13.260000 -0.000798 0.002606
13.270000 -0.000858 0.002558
13.280000 -0.000917 0.002509
13.290000 -0.000974 0.002459
13.300000 -0.001029 0.002408
13.310000 -0.001082 0.002358
13.320000 -0.001133 0.002306
13.330000 -0.001183 0.002254
13.340000 -0.001231 0.002202
13.350000 -0.001277 0.002149
13.360000 -0.001321 0.002097
13.370000 -0.001364 0.002043
13.380000 -0.001404 0.001990
13.390000 -0.001443 0.001937
13.400000 -0.001481 0.001883
13.410000 -0.001516 0.001829
13.420000 -0.001550 0.001775
13.430000 -0.001582 0.001722
13.440000 -0.001613 0.001668
13.450000 -0.001641 0.001614
13.460000 -0.001668 0.001561
13.470000 -0.001694 0.001507
13.480000 -0.001718 0.001454
13.490000 -0.001740 0.001401
13.500000 -0.001761 0.001348
13.510000 -0.001780 0.001296
13.520000 -0.001797 0.001243
13.530000 -0.001813 0.001192
13.540000 -0.001828 0.001140
13.550000 -0.001841 0.001089
13.560000 -0.001853 0.001038
13.570000 -0.001863 0.000988
13.580000 -0.001872 0.000938
13.590000 -0.001879 0.000889
13.600000 -0.001885 0.000840
13.610000 -0.001890 0.000792
13.620000 -0.001894 0.000745
13.630000 -0.001896 0.000698
13.640000 -0.001897 0.000651
13.650000 -0.001897 0.000605
13.660000 -0.001896 0.000560
13.670000 -0.001893 0.000516
13.680000 -0.001890 0.000472
13.690000 -0.001885 0.000429
13.700000 -0.001879 0.000386
13.710000 -0.001873 0.000345
13.720000 -0.001865 0.000304
13.730000 -0.001856 0.000264
13.740000 -0.001847 0.000224
13.750000 -0.001836 0.000185
13.760000 -0.001825 0.000148
13.770000 -0.001813 0.000110
13.780000 -0.001799 0.000074
13.790000 -0.001786 0.000039
13.800000 -0.001771 0.000004
13.810000 -0.001756 -0.000030
13.820000 -0.001740 -0.000063
13.830000 -0.001723 -0.000096
13.840000 -0.001705 -0.000127
13.850000 -0.001687 -0.000158
13.860000 -0.001669 -0.000188
13.870000 -0.001650 -0.000217
13.880000 -0.001630 -0.000245
13.890000 -0.001610 -0.000273
13.900000 -0.001589 -0.000299
13.910000 -0.001568 -0.000325
13.920000 -0.001546 -0.000350
13.930000 -0.001524 -0.000374
13.940000 -0.001502 -0.000398
13.950000 -0.001479 -0.000420
13.960000 -0.001456 -0.000442
13.970000 -0.001433 -0.000463
13.980000 -0.001409 -0.000483
13.990000 -0.001385 -0.000503
14.000000 -0.001361 -0.000522
14.010000 -0.001337 -0.000540
14.020000 -0.001312 -0.000557
14.030000 -0.001287 -0.000573
14.040000 -0.001262 -0.000589
14.050000 -0.001237 -0.000604
14.060000 -0.001212 -0.000619
14.070000 -0.001187 -0.000632
14.080000 -0.001162 -0.000645
14.090000 -0.001136 -0.000657
14.100000 -0.001111 -0.000669
14.110000 -0.001085 -0.000680
14.120000 -0.001060 -0.000690
14.130000 -0.001034 -0.000700
14.140000 -0.001009 -0.000709
14.150000 -0.000983 -0.000717
14.160000 -0.000958 -0.000725
14.170000 -0.000933 -0.000732
14.180000 -0.000907 -0.000739
14.190000 -0.000882 -0.000745
14.200000 -0.000857 -0.000750
14.210000 -0.000832 -0.000755
14.220000 -0.000807 -0.000759
14.230000 -0.000783 -0.000763
14.240000 -0.000758 -0.000766
14.250000 -0.000734 -0.000769
14.260000 -0.000710 -0.000771
14.270000 -0.000686 -0.000773
14.280000 -0.000662 -0.000775
14.290000 -0.000638 -0.000776
14.300000 -0.000615 -0.000776
14.310000 -0.000592 -0.000776
14.320000 -0.000569 -0.000776
14.330000 -0.000546 -0.000775
14.340000 -0.000523 -0.000774
14.350000 -0.000501 -0.000772
14.360000 -0.000479 -0.000770
14.370000 -0.000457 -0.000768
14.380000 -0.000435 -0.000765
14.390000 -0.000414 -0.000762
14.400000 -0.000393 -0.000759
14.410000 -0.000372 -0.000755
14.420000 -0.000352 -0.000751
14.430000 -0.000331 -0.000747
14.440000 -0.000311 -0.000742
14.450000 -0.000292 -0.000737
14.460000 -0.000272 -0.000732
14.470000 -0.000253 -0.000727
14.480000 -0.000234 -0.000721
14.490000 -0.000215 -0.000715
14.500000 -0.000197 -0.000709
14.510000 -0.000179 -0.000703
14.520000 -0.000161 -0.000696
14.530000 -0.000144 -0.000689
14.540000 -0.000127 -0.000682
14.550000 -0.000110 -0.000675
14.560000 -0.000093 -0.000668
14.570000 -0.000077 -0.000660
14.580000 -0.000061 -0.000652
14.590000 -0.000045 -0.000644
14.600000 -0.000030 -0.000636
14.610000 -0.000014 -0.000628
14.620000 0.000001 -0.000619
14.630000 0.000015 -0.000611
14.640000 0.000029 -0.000602
14.650000 0.000043 -0.000593
14.660000 0.000057 -0.000584
14.670000 0.000071 -0.000575
14.680000 0.000084 -0.000566
14.690000 0.000097 -0.000556
14.700000 0.000109 -0.000547
14.710000 0.000122 -0.000537
14.720000 0.000134 -0.000527
14.730000 0.000145 -0.000517
14.740000 0.000157 -0.000507
14.750000 0.000168 -0.000497
14.760000 0.000179 -0.000487
14.770000 0.000190 -0.000477
14.780000 0.000200 -0.000467
14.790000 0.000210 -0.000456
14.800000 0.000220 -0.000446
14.810000 0.000229 -0.000435
14.820000 0.000239 -0.000425
14.830000 0.000248 -0.000414
14.840000 0.000256 -0.000403
14.850000 0.000265 -0.000392
14.860000 0.000273 -0.000382
14.870000 0.000281 -0.000371
14.880000 0.000288 -0.000360
14.890000 0.000296 -0.000349
14.900000 0.000303 -0.000337
14.910000 0.000310 -0.000326
14.920000 0.000316 -0.000315
14.930000 0.000322 -0.000304
14.940000 0.000328 -0.000293
14.950000 0.000334 -0.000281
14.960000 0.000339 -0.000270
14.970000 0.000345 -0.000259
14.980000 0.000349 -0.000247
14.990000 0.000354 -0.000236
15.000000 0.000358 -0.000224
15.010000 0.000362 -0.000213
15.020000 0.000366 -0.000201
15.030000 0.000370 -0.000190
15.040000 0.000373 -0.000178
15.050000 0.000376 -0.000167
15.060000 0.000379 -0.000155
15.070000 0.000381 -0.000143
15.080000 0.000383 -0.000132
15.090000 0.000385 -0.000120
15.100000 0.000386 -0.000109
15.110000 0.000388 -0.000097
15.120000 0.000389 -0.000086
15.130000 0.000389 -0.000074
15.140000 0.000390 -0.000063
15.150000 0.000390 -0.000051
15.160000 0.000390 -0.000040
15.170000 0.000389 -0.000028
15.180000 0.000389 -0.000017
15.190000 0.000388 -0.000006
15.200000 0.000387 0.000005
15.210000 0.000385 0.000017
15.220000 0.000383 0.000028
15.230000 0.000381 0.000039
15.240000 0.000379 0.000050
15.250000 0.000376 0.000061
15.260000 0.000373 0.000072
15.270000 0.000370 0.000082
15.280000 0.000366 0.000093
15.290000 0.000363 0.000104
15.300000 0.000359 0.000114
15.310000 0.000354 0.000124
15.320000 0.000350 0.000135
15.330000 0.000345 0.000145
15.340000 0.000340 0.000155
15.350000 0.000334 0.000165
15.360000 0.000329 0.000174
15.370000 0.000323 0.000184
15.380000 0.000316 0.000193
15.390000 0.000310 0.000203
15.400000 0.000303 0.000212
15.410000 0.000296 0.000221
15.420000 0.000289 0.000229
15.430000 0.000282 0.000238
15.440000 0.000274 0.000246
15.450000 0.000266 0.000255
15.460000 0.000258 0.000263
15.470000 0.000250 0.000270
15.480000 0.000241 0.000278
15.490000 0.000233 0.000285
15.500000 0.000224 0.000292
15.510000 0.000214 0.000299
15.520000 0.000205 0.000306
15.530000 0.000195 0.000312
15.540000 0.000186 0.000318
15.550000 0.000176 0.000324
15.560000 0.000166 0.000330
15.570000 0.000155 0.000335
15.580000 0.000145 0.000340
15.590000 0.000134 0.000345
15.600000 0.000124 0.000350
15.610000 0.000113 0.000354
15.620000 0.000102 0.000358
15.630000 0.000091 0.000361
15.640000 0.000080 0.000365
15.650000 0.000068 0.000368
15.660000 0.000057 0.000370
15.670000 0.000045 0.000373
15.680000 0.000034 0.000375
15.690000 0.000022 0.000376
15.700000 0.000011 0.000378
15.710000 -0.000001 0.000379
15.720000 -0.000013 0.000379
15.730000 -0.000025 0.000380
15.740000 -0.000036 0.000380
15.750000 -0.000048 0.000380
15.760000 -0.000060 0.000379
15.770000 -0.000072 0.000378
15.780000 -0.000084 0.000377
15.790000 -0.000095 0.000375
15.800000 -0.000107 0.000373
15.810000 -0.000119 0.000371
15.820000 -0.000130 0.000368
15.830000 -0.000142 0.000365
15.840000 -0.000153 0.000361
15.850000 -0.000164 0.000358
15.860000 -0.000175 0.000354
15.870000 -0.000186 0.000349
15.880000 -0.000197 0.000344
15.890000 -0.000208 0.000339
15.900000 -0.000219 0.000334
15.910000 -0.000229 0.000328
15.920000 -0.000239 0.000322
15.930000 -0.000249 0.000316
15.940000 -0.000259 0.000309
15.950000 -0.000269 0.000302
15.960000 -0.000279 0.000295
15.970000 -0.000288 0.000287
15.980000 -0.000297 0.000279
15.990000 -0.000306 0.000271
16.000000 -0.000314 0.000262
16.010000 -0.000322 0.000254
16.020000 -0.000330 0.000244
16.030000 -0.000338 0.000235
16.040000 -0.000346 0.000226
16.050000 -0.000353 0.000216
16.060000 -0.000359 0.000206
16.070000 -0.000366 0.000195
16.080000 -0.000372 0.000185
16.090000 -0.000378 0.000174
16.100000 -0.000384 0.000163
16.110000 -0.000389 0.000152
16.120000 -0.000394 0.000141
16.130000 -0.000398 0.000129
16.140000 -0.000402 0.000117
16.150000 -0.000406 0.000106
16.160000 -0.000409 0.000094
16.170000 -0.000412 0.000082
16.180000 -0.000415 0.000069
16.190000 -0.000417 0.000057
16.200000 -0.000419 0.000044
16.210000 -0.000421 0.000032
16.220000 -0.000422 0.000019
16.230000 -0.000422 0.000007
16.240000 -0.000423 -0.000006
16.250000 -0.000423 -0.000019
16.260000 -0.000422 -0.000032
16.270000 -0.000421 -0.000045
16.280000 -0.000420 -0.000058
16.290000 -0.000418 -0.000071
16.300000 -0.000416 -0.000083
16.310000 -0.000413 -0.000096
16.320000 -0.000410 -0.000109
16.330000 -0.000407 -0.000122
16.340000 -0.000403 -0.000135
16.350000 -0.000399 -0.000147
16.360000 -0.000395 -0.000160
16.370000 -0.000390 -0.000172
16.380000 -0.000385 -0.000185
16.390000 -0.000379 -0.000197
16.400000 -0.000373 -0.000209
16.410000 -0.000367 -0.000221
16.420000 -0.000360 -0.000233
16.430000 -0.000353 -0.000244
16.440000 -0.000345 -0.000256
16.450000 -0.000337 -0.000267
16.460000 -0.000329 -0.000278
16.470000 -0.000321 -0.000289
16.480000 -0.000312 -0.000299
16.490000 -0.000302 -0.000310
16.500000 -0.000293 -0.000320
16.510000 -0.000283 -0.000330
16.520000 -0.000273 -0.000340
16.530000 -0.000263 -0.000349
16.540000 -0.000252 -0.000358
16.550000 -0.000241 -0.000367
16.560000 -0.000230 -0.000375
16.570000 -0.000218 -0.000384
16.580000 -0.000207 -0.000392
16.590000 -0.000195 -0.000399
16.600000 -0.000182 -0.000406
16.610000 -0.000170 -0.000413
16.620000 -0.000158 -0.000420
16.630000 -0.000145 -0.000426
16.640000 -0.000132 -0.000432
16.650000 -0.000119 -0.000438
16.660000 -0.000105 -0.000443
16.670000 -0.000092 -0.000448
16.680000 -0.000079 -0.000452
16.690000 -0.000065 -0.000456
16.700000 -0.000051 -0.000460
16.710000 -0.000037 -0.000463
16.720000 -0.000023 -0.000466
16.730000 -0.000009 -0.000469
16.740000 0.000005 -0.000471
16.750000 0.000019 -0.000472
16.760000 0.000033 -0.000474
16.770000 0.000047 -0.000475
16.780000 0.000061 -0.000475
16.790000 0.000075 -0.000476
16.800000 0.000089 -0.000475
16.810000 0.000103 -0.000475
16.820000 0.000117 -0.000474
16.830000 0.000131 -0.000472
16.840000 0.000145 -0.000471
16.850000 0.000159 -0.000468
16.860000 0.000172 -0.000466
16.870000 0.000186 -0.000463
16.880000 0.000199 -0.000460
16.890000 0.000213 -0.000456
16.900000 0.000226 -0.000452
16.910000 0.000239 -0.000448
16.920000 0.000252 -0.000443
16.930000 0.000264 -0.000438
16.940000 0.000277 -0.000432
16.950000 0.000289 -0.000426
16.960000 0.000301 -0.000420
16.970000 0.000313 -0.000414
16.980000 0.000325 -0.000407
16.990000 0.000336 -0.000400
17.000000 0.000347 -0.000392
17.010000 0.000358 -0.000385
17.020000 0.000369 -0.000377
17.030000 0.000379 -0.000368
17.040000 0.000389 -0.000360
17.050000 0.000399 -0.000351
17.060000 0.000408 -0.000342
17.070000 0.000417 -0.000332
17.080000 0.000426 -0.000323
17.090000 0.000434 -0.000313
17.100000 0.000442 -0.000303
17.110000 0.000450 -0.000292
17.120000 0.000458 -0.000282
17.130000 0.000465 -0.000271
17.140000 0.000472 -0.000260
17.150000 0.000478 -0.000249
17.160000 0.000484 -0.000238
17.170000 0.000490 -0.000226
17.180000 0.000495 -0.000215
17.190000 0.000500 -0.000203
17.200000 0.000504 -0.000191
17.210000 0.000509 -0.000179
17.220000 0.000512 -0.000167
17.230000 0.000516 -0.000155
17.240000 0.000519 -0.000143
17.250000 0.000521 -0.000131
17.260000 0.000524 -0.000118
17.270000 0.000526 -0.000106
17.280000 0.000527 -0.000094
17.290000 0.000528 -0.000081
17.300000 0.000529 -0.000069
17.310000 0.000529 -0.000056
17.320000 0.000529 -0.000044
17.330000 0.000529 -0.000031
17.340000 0.000528 -0.000019
17.350000 0.000527 -0.000007
17.360000 0.000525 0.000006
17.370000 0.000523 0.000018
17.380000 0.000521 0.000030
17.390000 0.000518 0.000042
17.400000 0.000515 0.000054
17.410000 0.000512 0.000066
17.420000 0.000508 0.000078
17.430000 0.000504 0.000089
17.440000 0.000500 0.000101
17.450000 0.000495 0.000112
17.460000 0.000490 0.000124
17.470000 0.000484 0.000135
17.480000 0.000479 0.000146
17.490000 0.000473 0.000156
17.500000 0.000466 0.000167
17.510000 0.000460 0.000177
17.520000 0.000453 0.000188
17.530000 0.000446 0.000198
17.540000 0.000438 0.000207
17.550000 0.000430 0.000217
17.560000 0.000422 0.000226
17.570000 0.000414 0.000236
17.580000 0.000406 0.000244
17.590000 0.000397 0.000253
17.600000 0.000388 0.000262
17.610000 0.000379 0.000270
17.620000 0.000370 0.000278
17.630000 0.000360 0.000285
17.640000 0.000350 0.000293
17.650000 0.000340 0.000300
17.660000 0.000330 0.000307
17.670000 0.000320 0.000313
17.680000 0.000310 0.000320
17.690000 0.000299 0.000326
17.700000 0.000289 0.000332
17.710000 0.000278 0.000337
17.720000 0.000267 0.000342
17.730000 0.000256 0.000347
17.740000 0.000245 0.000352
17.750000 0.000234 0.000356
17.760000 0.000222 0.000360
17.770000 0.000211 0.000364
17.780000 0.000200 0.000367
17.790000 0.000188 0.000370
17.800000 0.000177 0.000373
17.810000 0.000165 0.000376
17.820000 0.000154 0.000378
17.830000 0.000142 0.000380
17.840000 0.000131 0.000382
17.850000 0.000119 0.000383
17.860000 0.000108 0.000384
17.870000 0.000096 0.000385
17.880000 0.000085 0.000386
17.890000 0.000074 0.000386
17.900000 0.000062 0.000386
17.910000 0.000051 0.000385
17.920000 0.000040 0.000385
17.930000 0.000029 0.000384
17.940000 0.000018 0.000383
17.950000 0.000007 0.000382
17.960000 -0.000004 0.000380
17.970000 -0.000015 0.000378
17.980000 -0.000025 0.000376
17.990000 -0.000036 0.000374
18.000000 -0.000046 0.000371
18.010000 -0.000057 0.000368
18.020000 -0.000067 0.000365
18.030000 -0.000077 0.000362
18.040000 -0.000086 0.000358
18.050000 -0.000096 0.000355
18.060000 -0.000106 0.000351
18.070000 -0.000115 0.000346
18.080000 -0.000124 0.000342
18.090000 -0.000133 0.000338
18.100000 -0.000142 0.000333
18.110000 -0.000150 0.000328
18.120000 -0.000159 0.000323
18.130000 -0.000167 0.000318
18.140000 -0.000175 0.000312
18.150000 -0.000183 0.000307
18.160000 -0.000190 0.000301
18.170000 -0.000198 0.000295
18.180000 -0.000205 0.000289
18.190000 -0.000212 0.000283
18.200000 -0.000218 0.000277
18.210000 -0.000225 0.000270
18.220000 -0.000231 0.000264
18.230000 -0.000237 0.000257
18.240000 -0.000243 0.000251
18.250000 -0.000249 0.000244
18.260000 -0.000254 0.000237
18.270000 -0.000259 0.000230
18.280000 -0.000264 0.000223
18.290000 -0.000268 0.000216
18.300000 -0.000273 0.000209
18.310000 -0.000277 0.000202
18.320000 -0.000281 0.000194
18.330000 -0.000285 0.000187
18.340000 -0.000288 0.000180
18.350000 -0.000291 0.000173
18.360000 -0.000294 0.000165
18.370000 -0.000297 0.000158
18.380000 -0.000300 0.000150
18.390000 -0.000302 0.000143
18.400000 -0.000304 0.000136
18.410000 -0.000306 0.000128
18.420000 -0.000308 0.000121
18.430000 -0.000309 0.000114
18.440000 -0.000310 0.000106
18.450000 -0.000311 0.000099
18.460000 -0.000312 0.000092
18.470000 -0.000313 0.000085
18.480000 -0.000313 0.000077
18.490000 -0.000313 0.000070
18.500000 -0.000313 0.000063
18.510000 -0.000313 0.000056
18.520000 -0.000312 0.000049
18.530000 -0.000312 0.000042
18.540000 -0.000311 0.000036
18.550000 -0.000310 0.000029
18.560000 -0.000309 0.000022
18.570000 -0.000307 0.000016
18.580000 -0.000306 0.000009
18.590000 -0.000304 0.000003
18.600000 -0.000302 -0.000004
18.610000 -0.000300 -0.000010
18.620000 -0.000298 -0.000016
18.630000 -0.000295 -0.000022
18.640000 -0.000293 -0.000028
18.650000 -0.000290 -0.000033
18.660000 -0.000287 -0.000039
18.670000 -0.000284 -0.000045
18.680000 -0.000281 -0.000050
18.690000 -0.000278 -0.000055
18.700000 -0.000275 -0.000060
18.710000 -0.000271 -0.000066
18.720000 -0.000267 -0.000070
18.730000 -0.000264 -0.000075
18.740000 -0.000260 -0.000080
18.750000 -0.000256 -0.000084
18.760000 -0.000252 -0.000089
18.770000 -0.000248 -0.000093
18.780000 -0.000244 -0.000097
18.790000 -0.000239 -0.000101
18.800000 -0.000235 -0.000105
18.810000 -0.000231 -0.000109
18.820000 -0.000226 -0.000112
18.830000 -0.000221 -0.000116
18.840000 -0.000217 -0.000119
18.850000 -0.000212 -0.000122
18.860000 -0.000207 -0.000125
18.870000 -0.000203 -0.000128
18.880000 -0.000198 -0.000131
18.890000 -0.000193 -0.000134
18.900000 -0.000188 -0.000136
18.910000 -0.000183 -0.000139
18.920000 -0.000178 -0.000141
18.930000 -0.000173 -0.000143
18.940000 -0.000168 -0.000145
18.950000 -0.000163 -0.000147
18.960000 -0.000158 -0.000148
18.970000 -0.000153 -0.000150
18.980000 -0.000148 -0.000151
18.990000 -0.000143 -0.000153
19.000000 -0.000138 -0.000154
19.010000 -0.000133 -0.000155
19.020000 -0.000128 -0.000156
19.030000 -0.000123 -0.000157
19.040000 -0.000118 -0.000157
19.050000 -0.000113 -0.000158
19.060000 -0.000108 -0.000158
19.070000 -0.000103 -0.000159
19.080000 -0.000098 -0.000159
19.090000 -0.000093 -0.000159
19.100000 -0.000088 -0.000159
19.110000 -0.000083 -0.000159
19.120000 -0.000079 -0.000159
19.130000 -0.000074 -0.000158
19.140000 -0.000069 -0.000158
19.150000 -0.000065 -0.000157
19.160000 -0.000060 -0.000157
19.170000 -0.000056 -0.000156
19.180000 -0.000051 -0.000155
19.190000 -0.000047 -0.000154
19.200000 -0.000043 -0.000153
19.210000 -0.000038 -0.000152
19.220000 -0.000034 -0.000151
19.230000 -0.000030 -0.000150
19.240000 -0.000026 -0.000149
19.250000 -0.000022 -0.000147
19.260000 -0.000018 -0.000146
19.270000 -0.000014 -0.000145
19.280000 -0.000011 -0.000143
19.290000 -0.000007 -0.000141
19.300000 -0.000003 -0.000140
19.310000 0.000000 -0.000138
19.320000 0.000004 -0.000136
19.330000 0.000007 -0.000134
19.340000 0.000011 -0.000132
19.350000 0.000014 -0.000130
19.360000 0.000017 -0.000128
19.370000 0.000020 -0.000126
19.380000 0.000023 -0.000124
19.390000 0.000026 -0.000122
19.400000 0.000029 -0.000120
19.410000 0.000031 -0.000118
19.420000 0.000034 -0.000116
19.430000 0.000037 -0.000114
19.440000 0.000039 -0.000111
19.450000 0.000042 -0.000109
19.460000 0.000044 -0.000107
19.470000 0.000046 -0.000104
19.480000 0.000048 -0.000102
19.490000 0.000051 -0.000100
19.500000 0.000053 -0.000097
19.510000 0.000055 -0.000095
19.520000 0.000056 -0.000092
19.530000 0.000058 -0.000090
19.540000 0.000060 -0.000088
19.550000 0.000062 -0.000085
19.560000 0.000063 -0.000083
19.570000 0.000065 -0.000080
19.580000 0.000066 -0.000078
19.590000 0.000067 -0.000076
19.600000 0.000069 -0.000073
19.610000 0.000070 -0.000071
19.620000 0.000071 -0.000068
19.630000 0.000072 -0.000066
19.640000 0.000073 -0.000064
19.650000 0.000074 -0.000061
19.660000 0.000075 -0.000059
19.670000 0.000075 -0.000057
19.680000 0.000076 -0.000054
19.690000 0.000077 -0.000052
19.700000 0.000077 -0.000050
19.710000 0.000078 -0.000048
19.720000 0.000078 -0.000045
19.730000 0.000079 -0.000043
19.740000 0.000079 -0.000041
19.750000 0.000079 -0.000039
19.760000 0.000080 -0.000037
19.770000 0.000080 -0.000035
19.780000 0.000080 -0.000033
19.790000 0.000080 -0.000031
19.800000 0.000080 -0.000029
19.810000 0.000080 -0.000027
19.820000 0.000080 -0.000025
19.830000 0.000080 -0.000023
19.840000 0.000080 -0.000021
19.850000 0.000079 -0.000019
19.860000 0.000079 -0.000017
19.870000 0.000079 -0.000015
19.880000 0.000079 -0.000013
19.890000 0.000078 -0.000012
19.900000 0.000078 -0.000010
19.910000 0.000077 -0.000008
19.920000 0.000077 -0.000007
19.930000 0.000076 -0.000005
19.940000 0.000076 -0.000004
19.950000 0.000075 -0.000002
19.960000 0.000075 -0.000000
19.970000 0.000074 0.000001
19.980000 0.000073 0.000002
19.990000 0.000073 0.000004
20.000000 0.000072 0.000005
20.010000 0.000071 0.000007
20.020000 0.000071 0.000008
20.030000 0.000070 0.000009
20.040000 0.000069 0.000010
20.050000 0.000068 0.000012
20.060000 0.000067 0.000013
20.070000 0.000067 0.000014
20.080000 0.000066 0.000015
20.090000 0.000065 0.000016
20.100000 0.000064 0.000017
20.110000 0.000063 0.000018
20.120000 0.000062 0.000019
20.130000 0.000061 0.000020
20.140000 0.000060 0.000021
20.150000 0.000059 0.000022
20.160000 0.000058 0.000023
20.170000 0.000057 0.000024
20.180000 0.000056 0.000024
20.190000 0.000055 0.000025
20.200000 0.000054 0.000026
20.210000 0.000053 0.000027
20.220000 0.000052 0.000027
20.230000 0.000051 0.000028
20.240000 0.000050 0.000029
20.250000 0.000049 0.000029
20.260000 0.000048 0.000030
20.270000 0.000047 0.000030
20.280000 0.000046 0.000031
20.290000 0.000045 0.000031
20.300000 0.000044 0.000032
20.310000 0.000043 0.000032
20.320000 0.000042 0.000033
20.330000 0.000041 0.000033
20.340000 0.000040 0.000034
20.350000 0.000039 0.000034
20.360000 0.000038 0.000034
20.370000 0.000037 0.000035
20.380000 0.000036 0.000035
20.390000 0.000035 0.000035
20.400000 0.000034 0.000036
20.410000 0.000033 0.000036
20.420000 0.000032 0.000036
20.430000 0.000031 0.000036
20.440000 0.000030 0.000036
20.450000 0.000028 0.000037
20.460000 0.000027 0.000037
20.470000 0.000026 0.000037
20.480000 0.000025 0.000037
20.490000 0.000024 0.000037
20.500000 0.000023 0.000037
20.510000 0.000022 0.000037
20.520000 0.000021 0.000037
20.530000 0.000020 0.000037
20.540000 0.000019 0.000037
20.550000 0.000019 0.000037
20.560000 0.000018 0.000037
20.570000 0.000017 0.000037
20.580000 0.000016 0.000037
20.590000 0.000015 0.000037
20.600000 0.000014 0.000037
20.610000 0.000013 0.000037
20.620000 0.000012 0.000037
20.630000 0.000011 0.000037
20.640000 0.000010 0.000037
20.650000 0.000009 0.000037
20.660000 0.000008 0.000036
20.670000 0.000007 0.000036
20.680000 0.000006 0.000036
20.690000 0.000005 0.000036
20.700000 0.000005 0.000036
20.710000 0.000004 0.000035
20.720000 0.000003 0.000035
20.730000 0.000002 0.000035
20.740000 0.000001 0.000035
20.750000 0.000000 0.000034
20.760000 -0.000001 0.000034
20.770000 -0.000001 0.000034
20.780000 -0.000002 0.000033
20.790000 -0.000003 0.000033
20.800000 -0.000004 0.000033
20.810000 -0.000005 0.000032
20.820000 -0.000005 0.000032
20.830000 -0.000006 0.000032
20.840000 -0.000007 0.000031
20.850000 -0.000008 0.000031
20.860000 -0.000008 0.000030
20.870000 -0.000009 0.000030
20.880000 -0.000010 0.000030
20.890000 -0.000010 0.000029
20.900000 -0.000011 0.000029
20.910000 -0.000012 0.000028
20.920000 -0.000012 0.000028
20.930000 -0.000013 0.000027
20.940000 -0.000014 0.000027
20.950000 -0.000014 0.000026
20.960000 -0.000015 0.000026
20.970000 -0.000016 0.000025
20.980000 -0.000016 0.000025
20.990000 -0.000017 0.000024
21.000000 -0.000017 0.000023
21.010000 -0.000018 0.000023
21.020000 -0.000018 0.000022
21.030000 -0.000019 0.000022
21.040000 -0.000019 0.000021
21.050000 -0.000020 0.000020
21.060000 -0.000020 0.000020
21.070000 -0.000021 0.000019
21.080000 -0.000021 0.000018
21.090000 -0.000022 0.000018
21.100000 -0.000022 0.000017
21.110000 -0.000022 0.000016
21.120000 -0.000023 0.000016
21.130000 -0.000023 0.000015
21.140000 -0.000023 0.000014
21.150000 -0.000024 0.000014
21.160000 -0.000024 0.000013
21.170000 -0.000024 0.000012
21.180000 -0.000025 0.000012
21.190000 -0.000025 0.000011
21.200000 -0.000025 0.000010
21.210000 -0.000025 0.000009
21.220000 -0.000025 0.000009
21.230000 -0.000026 0.000008
21.240000 -0.000026 0.000007
21.250000 -0.000026 0.000006
21.260000 -0.000026 0.000006
21.270000 -0.000026 0.000005
21.280000 -0.000026 0.000004
21.290000 -0.000026 0.000003
21.300000 -0.000026 0.000003
21.310000 -0.000026 0.000002
21.320000 -0.000026 0.000001
21.330000 -0.000026 0.000000
21.340000 -0.000026 -0.000000
21.350000 -0.000026 -0.000001
21.360000 -0.000026 -0.000002
21.370000 -0.000026 -0.000003
21.380000 -0.000026 -0.000003
21.390000 -0.000026 -0.000004
21.400000 -0.000025 -0.000005
21.410000 -0.000025 -0.000006
21.420000 -0.000025 -0.000006
21.430000 -0.000025 -0.000007
21.440000 -0.000025 -0.000008
21.450000 -0.000024 -0.000008
21.460000 -0.000024 -0.000009
21.470000 -0.000024 -0.000010
21.480000 -0.000023 -0.000010
21.490000 -0.000023 -0.000011
21.500000 -0.000023 -0.000012
21.510000 -0.000022 -0.000012
21.520000 -0.000022 -0.000013
21.530000 -0.000021 -0.000014
21.540000 -0.000021 -0.000014
21.550000 -0.000020 -0.000015
21.560000 -0.000020 -0.000015
21.570000 -0.000020 -0.000016
21.580000 -0.000019 -0.000016
21.590000 -0.000018 -0.000017
21.600000 -0.000018 -0.000018
21.610000 -0.000017 -0.000018
21.620000 -0.000017 -0.000019
21.630000 -0.000016 -0.000019
21.640000 -0.000016 -0.000019
21.650000 -0.000015 -0.000020
21.660000 -0.000014 -0.000020
21.670000 -0.000014 -0.000021
21.680000 -0.000013 -0.000021
21.690000 -0.000013 -0.000022
21.700000 -0.000012 -0.000022
21.710000 -0.000011 -0.000022
21.720000 -0.000011 -0.000023
21.730000 -0.000010 -0.000023
21.740000 -0.000009 -0.000023
21.750000 -0.000008 -0.000023
21.760000 -0.000008 -0.000024
21.770000 -0.000007 -0.000024
21.780000 -0.000006 -0.000024
21.790000 -0.000006 -0.000024
21.800000 -0.000005 -0.000024
21.810000 -0.000004 -0.000024
21.820000 -0.000003 -0.000025
21.830000 -0.000003 -0.000025
21.840000 -0.000002 -0.000025
21.850000 -0.000001 -0.000025
21.860000 -0.000000 -0.000025
21.870000 0.000000 -0.000025
21.880000 0.000001 -0.000025
21.890000 0.000002 -0.000025
21.900000 0.000002 -0.000025
21.910000 0.000003 -0.000025
21.920000 0.000004 -0.000024
21.930000 0.000005 -0.000024
21.940000 0.000005 -0.000024
21.950000 0.000006 -0.000024
21.960000 0.000007 -0.000024
21.970000 0.000007 -0.000024
21.980000 0.000008 -0.000023
21.990000 0.000009 -0.000023
22.000000 0.000010 -0.000023
22.010000 0.000010 -0.000023
22.020000 0.000011 -0.000022
22.030000 0.000011 -0.000022
22.040000 0.000012 -0.000022
22.050000 0.000013 -0.000021
22.060000 0.000013 -0.000021
22.070000 0.000014 -0.000020
22.080000 0.000015 -0.000020
22.090000 0.000015 -0.000020
22.100000 0.000016 -0.000019
22.110000 0.000016 -0.000019
22.120000 0.000017 -0.000018
22.130000 0.000017 -0.000018
22.140000 0.000018 -0.000017
22.150000 0.000018 -0.000017
22.160000 0.000019 -0.000016
22.170000 0.000019 -0.000016
22.180000 0.000019 -0.000015
22.190000 0.000020 -0.000015
22.200000 0.000020 -0.000014
22.210000 0.000021 -0.000013
22.220000 0.000021 -0.000013
22.230000 0.000021 -0.000012
22.240000 0.000022 -0.000012
22.250000 0.000022 -0.000011
22.260000 0.000022 -0.000010
22.270000 0.000022 -0.000010
22.280000 0.000023 -0.000009
22.290000 0.000023 -0.000008
22.300000 0.000023 -0.000008
22.310000 0.000023 -0.000007
22.320000 0.000023 -0.000006
22.330000 0.000023 -0.000006
22.340000 0.000024 -0.000005
22.350000 0.000024 -0.000004
22.360000 0.000024 -0.000004
22.370000 0.000024 -0.000003
22.380000 0.000024 -0.000002
22.390000 0.000024 -0.000002
22.400000 0.000024 -0.000001
22.410000 0.000024 -0.000000
22.420000 0.000024 0.000000
22.430000 0.000024 0.000001
22.440000 0.000023 0.000002
22.450000 0.000023 0.000002
22.460000 0.000023 0.000003
22.470000 0.000023 0.000004
22.480000 0.000023 0.000004
22.490000 0.000023 0.000005
22.500000 0.000022 0.000006
22.510000 0.000022 0.000006
22.520000 0.000022 0.000007
22.530000 0.000022 0.000008
22.540000 0.000021 0.000008
22.550000 0.000021 0.000009
22.560000 0.000021 0.000009
22.570000 0.000020 0.000010
22.580000 0.000020 0.000010
22.590000 0.000020 0.000011
22.600000 0.000019 0.000012
22.610000 0.000019 0.000012
22.620000 0.000018 0.000013
22.630000 0.000018 0.000013
22.640000 0.000017 0.000014
22.650000 0.000017 0.000014
22.660000 0.000017 0.000015
22.670000 0.000016 0.000015
22.680000 0.000016 0.000015
22.690000 0.000015 0.000016
22.700000 0.000015 0.000016
22.710000 0.000014 0.000017
22.720000 0.000013 0.000017
22.730000 0.000013 0.000017
22.740000 0.000012 0.000018
22.750000 0.000012 0.000018
22.760000 0.000011 0.000018
22.770000 0.000011 0.000019
22.780000 0.000010 0.000019
22.790000 0.000009 0.000019
22.800000 0.000009 0.000019
22.810000 0.000008 0.000020
22.820000 0.000008 0.000020
22.830000 0.000007 0.000020
22.840000 0.000006 0.000020
22.850000 0.000006 0.000020
22.860000 0.000005 0.000020
22.870000 0.000005 0.000020
22.880000 0.000004 0.000021
22.890000 0.000003 0.000021
22.900000 0.000003 0.000021
22.910000 0.000002 0.000021
22.920000 0.000001 0.000021
22.930000 0.000001 0.000021
22.940000 0.000000 0.000021
22.950000 -0.000000 0.000021
22.960000 -0.000001 0.000021
22.970000 -0.000002 0.000021
22.980000 -0.000002 0.000020
22.990000 -0.000003 0.000020
23.000000 -0.000003 0.000020
23.010000 -0.000004 0.000020
23.020000 -0.000004 0.000020
23.030000 -0.000005 0.000020
23.040000 -0.000006 0.000020
23.050000 -0.000006 0.000019
23.060000 -0.000007 0.000019
23.070000 -0.000007 0.000019
23.080000 -0.000008 0.000019
23.090000 -0.000008 0.000019
23.100000 -0.000009 0.000018
23.110000 -0.000009 0.000018
23.120000 -0.000010 0.000018
23.130000 -0.000010 0.000017
23.140000 -0.000011 0.000017
23.150000 -0.000011 0.000017
23.160000 -0.000011 0.000017
23.170000 -0.000012 0.000016
23.180000 -0.000012 0.000016
23.190000 -0.000013 0.000015
23.200000 -0.000013 0.000015
23.210000 -0.000013 0.000015
23.220000 -0.000014 0.000014
23.230000 -0.000014 0.000014
23.240000 -0.000014 0.000014
23.250000 -0.000015 0.000013
23.260000 -0.000015 0.000013
23.270000 -0.000015 0.000012
23.280000 -0.000016 0.000012
23.290000 -0.000016 0.000011
23.300000 -0.000016 0.000011
23.310000 -0.000016 0.000011
23.320000 -0.000017 0.000010
23.330000 -0.000017 0.000010
23.340000 -0.000017 0.000009
23.350000 -0.000017 0.000009
23.360000 -0.000017 0.000008
23.370000 -0.000017 0.000008
23.380000 -0.000018 0.000007
23.390000 -0.000018 0.000007
23.400000 -0.000018 0.000007
23.410000 -0.000018 0.000006
23.420000 -0.000018 0.000006
23.430000 -0.000018 0.000005
23.440000 -0.000018 0.000005
23.450000 -0.000018 0.000004
23.460000 -0.000018 0.000004
23.470000 -0.000018 0.000003
23.480000 -0.000018 0.000003
23.490000 -0.000018 0.000002
23.500000 -0.000018 0.000002
23.510000 -0.000018 0.000002
23.520000 -0.000018 0.000001
23.530000 -0.000018 0.000001
23.540000 -0.000018 0.000000
23.550000 -0.000018 -0.000000
23.560000 -0.000017 -0.000001
23.570000 -0.000017 -0.000001
23.580000 -0.000017 -0.000001
23.590000 -0.000017 -0.000002
23.600000 -0.000017 -0.000002
23.610000 -0.000017 -0.000003
23.620000 -0.000017 -0.000003
23.630000 -0.000016 -0.000003
23.640000 -0.000016 -0.000004
23.650000 -0.000016 -0.000004
23.660000 -0.000016 -0.000005
23.670000 -0.000015 -0.000005
23.680000 -0.000015 -0.000005
23.690000 -0.000015 -0.000006
23.700000 -0.000015 -0.000006
23.710000 -0.000014 -0.000006
23.720000 -0.000014 -0.000006
23.730000 -0.000014 -0.000007
23.740000 -0.000014 -0.000007
23.750000 -0.000013 -0.000007
23.760000 -0.000013 -0.000008
23.770000 -0.000013 -0.000008
23.780000 -0.000012 -0.000008
23.790000 -0.000012 -0.000008
23.800000 -0.000012 -0.000009
23.810000 -0.000012 -0.000009
23.820000 -0.000011 -0.000009
23.830000 -0.000011 -0.000009
23.840000 -0.000011 -0.000009
23.850000 -0.000010 -0.000010
23.860000 -0.000010 -0.000010
23.870000 -0.000010 -0.000010
23.880000 -0.000009 -0.000010
23.890000 -0.000009 -0.000010
23.900000 -0.000008 -0.000010
23.910000 -0.000008 -0.000010
23.920000 -0.000008 -0.000011
23.930000 -0.000007 -0.000011
23.940000 -0.000007 -0.000011
23.950000 -0.000007 -0.000011
23.960000 -0.000006 -0.000011
23.970000 -0.000006 -0.000011
23.980000 -0.000006 -0.000011
23.990000 -0.000005 -0.000011
24.000000 -0.000005 -0.000011
24.010000 -0.000005 -0.000011
24.020000 -0.000004 -0.000011
24.030000 -0.000004 -0.000011
24.040000 -0.000004 -0.000011
24.050000 -0.000003 -0.000011
24.060000 -0.000003 -0.000011
24.070000 -0.000003 -0.000011
24.080000 -0.000002 -0.000011
24.090000 -0.000002 -0.000011
24.100000 -0.000002 -0.000011
24.110000 -0.000001 -0.000011
24.120000 -0.000001 -0.000011
24.130000 -0.000001 -0.000011
24.140000 -0.000000 -0.000011
24.150000 -0.000000 -0.000011
24.160000 0.000000 -0.000011
24.170000 0.000000 -0.000011
24.180000 0.000001 -0.000010
24.190000 0.000001 -0.000010
24.200000 0.000001 -0.000010
24.210000 0.000002 -0.000010
24.220000 0.000002 -0.000010
24.230000 0.000002 -0.000010
24.240000 0.000002 -0.000010
24.250000 0.000003 -0.000010
24.260000 0.000003 -0.000009
24.270000 0.000003 -0.000009
24.280000 0.000003 -0.000009
24.290000 0.000004 -0.000009
24.300000 0.000004 -0.000009
24.310000 0.000004 -0.000009
24.320000 0.000004 -0.000008
24.330000 0.000004 -0.000008
24.340000 0.000005 -0.000008
24.350000 0.000005 -0.000008
24.360000 0.000005 -0.000008
24.370000 0.000005 -0.000008
24.380000 0.000005 -0.000007
24.390000 0.000005 -0.000007
24.400000 0.000006 -0.000007
24.410000 0.000006 -0.000007
24.420000 0.000006 -0.000007
24.430000 0.000006 -0.000006
24.440000 0.000006 -0.000006
24.450000 0.000006 -0.000006
24.460000 0.000006 -0.000006
24.470000 0.000006 -0.000006
24.480000 0.000007 -0.000005
24.490000 0.000007 -0.000005
24.500000 0.000007 -0.000005
24.510000 0.000007 -0.000005
24.520000 0.000007 -0.000005
24.530000 0.000007 -0.000004
24.540000 0.000007 -0.000004
24.550000 0.000007 -0.000004
24.560000 0.000007 -0.000004
24.570000 0.000007 -0.000004
24.580000 0.000007 -0.000003
24.590000 0.000007 -0.000003
24.600000 0.000007 -0.000003
24.610000 0.000007 -0.000003
24.620000 0.000007 -0.000003
24.630000 0.000007 -0.000002
24.640000 0.000007 -0.000002
24.650000 0.000007 -0.000002
24.660000 0.000007 -0.000002
24.670000 0.000007 -0.000002
24.680000 0.000007 -0.000002
24.690000 0.000007 -0.000001
24.700000 0.000007 -0.000001
24.710000 0.000007 -0.000001
24.720000 0.000007 -0.000001
24.730000 0.000007 -0.000001
24.740000 0.000007 -0.000001
24.750000 0.000007 -0.000000
24.760000 0.000007 -0.000000
24.770000 0.000007 -0.000000
24.780000 0.000007 0.000000
24.790000 0.000007 0.000000
24.800000 0.000007 0.000000
24.810000 0.000007 0.000000
24.820000 0.000006 0.000001
24.830000 0.000006 0.000001
24.840000 0.000006 0.000001
24.850000 0.000006 0.000001
24.860000 0.000006 0.000001
24.870000 0.000006 0.000001
24.880000 0.000006 0.000001
24.890000 0.000006 0.000001
24.900000 0.000006 0.000002
24.910000 0.000006 0.000002
24.920000 0.000006 0.000002
24.930000 0.000005 0.000002
24.940000 0.000005 0.000002
24.950000 0.000005 0.000002
24.960000 0.000005 0.000002
24.970000 0.000005 0.000002
24.980000 0.000005 0.000002
24.990000 0.000005 0.000002
25.000000 0.000005 0.000002
25.010000 0.000005 0.000003
25.020000 0.000005 0.000003
25.030000 0.000004 0.000003
25.040000 0.000004 0.000003
25.050000 0.000004 0.000003
25.060000 0.000004 0.000003
25.070000 0.000004 0.000003
25.080000 0.000004 0.000003
25.090000 0.000004 0.000003
25.100000 0.000004 0.000003
25.110000 0.000004 0.000003
25.120000 0.000003 0.000003
25.130000 0.000003 0.000003
25.140000 0.000003 0.000003
25.150000 0.000003 0.000003
25.160000 0.000003 0.000003
25.170000 0.000003 0.000003
25.180000 0.000003 0.000003
25.190000 0.000003 0.000003
25.200000 0.000003 0.000003
25.210000 0.000002 0.000003
25.220000 0.000002 0.000003
25.230000 0.000002 0.000003
25.240000 0.000002 0.000003
25.250000 0.000002 0.000003
25.260000 0.000002 0.000003
25.270000 0.000002 0.000003
25.280000 0.000002 0.000003
25.290000 0.000002 0.000003
25.300000 0.000002 0.000003
25.310000 0.000001 0.000003
25.320000 0.000001 0.000003
25.330000 0.000001 0.000003
25.340000 0.000001 0.000003
25.350000 0.000001 0.000003
25.360000 0.000001 0.000003
25.370000 0.000001 0.000003
25.380000 0.000001 0.000003
25.390000 0.000001 0.000003
25.400000 0.000001 0.000003
25.410000 0.000001 0.000003
25.420000 0.000001 0.000003
25.430000 0.000000 0.000003
25.440000 0.000000 0.000003
25.450000 0.000000 0.000003
25.460000 0.000000 0.000003
25.470000 0.000000 0.000003
25.480000 0.000000 0.000003
25.490000 0.000000 0.000003
25.500000 -0.000000 0.000003
25.510000 -0.000000 0.000003
25.520000 -0.000000 0.000003
25.530000 -0.000000 0.000003
25.540000 -0.000000 0.000002
25.550000 -0.000000 0.000002
25.560000 -0.000000 0.000002
25.570000 -0.000000 0.000002
25.580000 -0.000001 0.000002
25.590000 -0.000001 0.000002
25.600000 -0.000001 0.000002
25.610000 -0.000001 0.000002
25.620000 -0.000001 0.000002
25.630000 -0.000001 0.000002
25.640000 -0.000001 0.000002
25.650000 -0.000001 0.000002
25.660000 -0.000001 0.000002
25.670000 -0.000001 0.000002
25.680000 -0.000001 0.000002
25.690000 -0.000001 0.000002
25.700000 -0.000001 0.000002
25.710000 -0.000001 0.000002
25.720000 -0.000001 0.000002
25.730000 -0.000001 0.000002
25.740000 -0.000001 0.000002
25.750000 -0.000001 0.000002
25.760000 -0.000001 0.000002
25.770000 -0.000001 0.000001
25.780000 -0.000001 0.000001
25.790000 -0.000001 0.000001
25.800000 -0.000001 0.000001
25.810000 -0.000001 0.000001
25.820000 -0.000001 0.000001
25.830000 -0.000001 0.000001
25.840000 -0.000001 0.000001
25.850000 -0.000001 0.000001
25.860000 -0.000001 0.000001
25.870000 -0.000001 0.000001
25.880000 -0.000001 0.000001
25.890000 -0.000001 0.000001
25.900000 -0.000001 0.000001
25.910000 -0.000001 0.000001
25.920000 -0.000001 0.000001
25.930000 -0.000001 0.000001
25.940000 -0.000001 0.000001
25.950000 -0.000001 0.000001
25.960000 -0.000001 0.000001
25.970000 -0.000001 0.000001
25.980000 -0.000001 0.000001
25.990000 -0.000001 0.000001
26.000000 -0.000001 0.000001
26.010000 -0.000001 0.000001
26.020000 -0.000001 0.000000
26.030000 -0.000001 0.000000
26.040000 -0.000001 0.000000
26.050000 -0.000001 0.000000
26.060000 -0.000001 0.000000
26.070000 -0.000001 0.000000
26.080000 -0.000001 0.000000
26.090000 -0.000001 0.000000
26.100000 -0.000001 0.000000
26.110000 -0.000001 0.000000
26.120000 -0.000001 0.000000
26.130000 -0.000001 0.000000
26.140000 -0.000001 0.000000
26.150000 -0.000001 0.000000
26.160000 -0.000001 0.000000
26.170000 -0.000001 0.000000
26.180000 -0.000001 0.000000
26.190000 -0.000001 -0.000000
26.200000 -0.000001 -0.000000
26.210000 -0.000001 -0.000000
26.220000 -0.000001 -0.000000
26.230000 -0.000001 -0.000000
26.240000 -0.000001 -0.000000
26.250000 -0.000001 -0.000000
26.260000 -0.000001 -0.000000
26.270000 -0.000001 -0.000000
26.280000 -0.000001 -0.000000
26.290000 -0.000001 -0.000000
26.300000 -0.000001 -0.000000
26.310000 -0.000001 -0.000000
26.320000 -0.000001 -0.000000
26.330000 -0.000001 -0.000000
26.340000 -0.000001 -0.000000
26.350000 -0.000001 -0.000000
26.360000 -0.000001 -0.000000
26.370000 -0.000001 -0.000000
26.380000 -0.000001 -0.000000
26.390000 -0.000001 -0.000000
26.400000 -0.000001 -0.000000
26.410000 -0.000001 -0.000000
26.420000 -0.000001 -0.000000
26.430000 -0.000001 -0.000000
26.440000 -0.000001 -0.000000
26.450000 -0.000001 -0.000000
26.460000 -0.000001 -0.000000
26.470000 -0.000001 -0.000001
26.480000 -0.000001 -0.000001
26.490000 -0.000001 -0.000001
26.500000 -0.000001 -0.000001
26.510000 -0.000001 -0.000001
26.520000 -0.000001 -0.000001
26.530000 -0.000001 -0.000001
26.540000 -0.000001 -0.000001
26.550000 -0.000001 -0.000001
26.560000 -0.000001 -0.000001
26.570000 -0.000001 -0.000001
26.580000 -0.000001 -0.000001
26.590000 -0.000001 -0.000001
26.600000 -0.000001 -0.000001
26.610000 -0.000001 -0.000001
26.620000 -0.000001 -0.000001
26.630000 -0.000001 -0.000001
26.640000 -0.000000 -0.000001
26.650000 -0.000000 -0.000001
26.660000 -0.000000 -0.000001
26.670000 -0.000000 -0.000001
26.680000 -0.000000 -0.000001
26.690000 -0.000000 -0.000001
26.700000 -0.000000 -0.000001
26.710000 -0.000000 -0.000001
26.720000 -0.000000 -0.000001
26.730000 -0.000000 -0.000001
26.740000 -0.000000 -0.000001
26.750000 -0.000000 -0.000001
26.760000 -0.000000 -0.000001
26.770000 -0.000000 -0.000001
26.780000 -0.000000 -0.000001
26.790000 -0.000000 -0.000001
26.800000 -0.000000 -0.000001
26.810000 -0.000000 -0.000001
26.820000 -0.000000 -0.000001
26.830000 -0.000000 -0.000001
26.840000 -0.000000 -0.000001
26.850000 -0.000000 -0.000001
26.860000 -0.000000 -0.000001
26.870000 -0.000000 -0.000001
26.880000 -0.000000 -0.000001
26.890000 -0.000000 -0.000001
26.900000 -0.000000 -0.000001
26.910000 -0.000000 -0.000001
26.920000 0.000000 -0.000001
26.930000 0.000000 -0.000001
26.940000 0.000000 -0.000001
26.950000 0.000000 -0.000001
26.960000 0.000000 -0.000001
26.970000 0.000000 -0.000001
26.980000 0.000000 -0.000001
26.990000 0.000000 -0.000001
27.000000 0.000000 -0.000001
27.010000 0.000000 -0.000001
27.020000 0.000000 -0.000001
27.030000 0.000000 -0.000001
27.040000 0.000000 -0.000001
27.050000 0.000000 -0.000001
27.060000 0.000000 -0.000001
27.070000 0.000000 -0.000001
27.080000 0.000000 -0.000000
27.090000 0.000000 -0.000000
27.100000 0.000000 -0.000000
27.110000 0.000000 -0.000000
27.120000 0.000000 -0.000000
27.130000 0.000000 -0.000000
27.140000 0.000000 -0.000000
27.150000 0.000000 -0.000000
27.160000 0.000000 -0.000000
27.170000 0.000000 -0.000000
27.180000 0.000000 -0.000000
27.190000 0.000000 -0.000000
27.200000 0.000000 -0.000000
27.210000 0.000000 -0.000000
27.220000 0.000000 -0.000000
27.230000 0.000000 -0.000000
27.240000 0.000000 -0.000000
27.250000 0.000000 -0.000000
27.260000 0.000000 -0.000000
27.270000 0.000000 -0.000000
27.280000 0.000000 -0.000000
27.290000 0.000000 -0.000000
27.300000 0.000000 -0.000000
27.310000 0.000000 -0.000000
27.320000 0.000000 -0.000000
27.330000 0.000000 -0.000000
27.340000 0.000000 -0.000000
27.350000 0.000000 -0.000000
27.360000 0.000000 -0.000000
27.370000 0.000000 -0.000000
27.380000 0.000000 -0.000000
27.390000 0.000000 -0.000000
27.400000 0.000000 -0.000000
27.410000 0.000000 -0.000000
27.420000 0.000000 -0.000000
27.430000 0.000000 -0.000000
27.440000 0.000000 -0.000000
27.450000 0.000000 -0.000000
27.460000 0.000000 -0.000000
27.470000 0.000000 -0.000000
27.480000 0.000000 -0.000000
27.490000 0.000000 0.000000
27.500000 0.000000 0.000000
27.510000 0.000000 0.000000
27.520000 0.000000 0.000000
27.530000 0.000000 0.000000
27.540000 0.000000 0.000000
27.550000 0.000000 0.000000
27.560000 0.000000 0.000000
27.570000 0.000000 0.000000
27.580000 0.000000 0.000000
27.590000 0.000000 0.000000
27.600000 0.000000 0.000000
27.610000 0.000000 0.000000
27.620000 0.000000 0.000000
27.630000 0.000000 0.000000
27.640000 0.000000 0.000000
27.650000 0.000000 0.000000
27.660000 0.000000 0.000000
27.670000 0.000000 0.000000
27.680000 0.000000 0.000000
27.690000 0.000000 0.000000
27.700000 0.000000 0.000000
27.710000 0.000000 0.000000
27.720000 0.000000 0.000000
27.730000 0.000000 0.000000
27.740000 0.000000 0.000000
27.750000 0.000000 0.000000
27.760000 0.000000 0.000000
27.770000 0.000000 0.000000
27.780000 0.000000 0.000000
27.790000 0.000000 0.000000
27.800000 0.000000 0.000000
27.810000 0.000000 0.000000
27.820000 0.000000 0.000000
27.830000 0.000000 0.000000
27.840000 0.000000 0.000000
27.850000 0.000000 0.000000
27.860000 0.000000 0.000000
27.870000 0.000000 0.000000
27.880000 0.000000 0.000000
27.890000 0.000000 0.000000
27.900000 0.000000 0.000000
27.910000 0.000000 0.000000
27.920000 0.000000 0.000000
27.930000 0.000000 0.000000
27.940000 0.000000 0.000000
27.950000 0.000000 0.000000
27.960000 0.000000 0.000000
27.970000 0.000000 0.000000
27.980000 0.000000 0.000000
27.990000 0.000000 0.000000
28.000000 0.000000 0.000000
28.010000 0.000000 0.000000
28.020000 0.000000 0.000000
28.030000 -0.000000 0.000000
28.040000 -0.000000 0.000000
28.050000 -0.000000 0.000000
28.060000 -0.000000 0.000000
28.070000 -0.000000 0.000000
28.080000 -0.000000 0.000000
28.090000 -0.000000 0.000000
28.100000 -0.000000 0.000000
28.110000 -0.000000 0.000000
28.120000 -0.000000 0.000000
28.130000 -0.000000 0.000000
28.140000 -0.000000 0.000000
28.150000 -0.000000 0.000000
28.160000 -0.000000 0.000000
28.170000 -0.000000 0.000000
28.180000 -0.000000 0.000000
28.190000 -0.000000 0.000000
28.200000 -0.000000 0.000000
28.210000 -0.000000 0.000000
28.220000 -0.000000 0.000000
28.230000 -0.000000 0.000000
28.240000 -0.000000 0.000000
28.250000 -0.000000 0.000000
28.260000 -0.000000 0.000000
28.270000 -0.000000 0.000000
28.280000 -0.000000 0.000000
28.290000 -0.000000 0.000000
28.300000 -0.000000 0.000000
28.310000 -0.000000 0.000000
28.320000 -0.000000 0.000000
28.330000 -0.000000 0.000000
28.340000 -0.000000 0.000000
28.350000 -0.000000 0.000000
28.360000 -0.000000 0.000000
28.370000 -0.000000 0.000000
28.380000 -0.000000 0.000000
28.390000 -0.000000 0.000000
28.400000 -0.000000 0.000000
28.410000 -0.000000 0.000000
28.420000 -0.000000 0.000000
28.430000 -0.000000 0.000000
28.440000 -0.000000 0.000000
28.450000 -0.000000 0.000000
28.460000 -0.000000 0.000000
28.470000 -0.000000 0.000000
28.480000 -0.000000 0.000000
28.490000 -0.000000 0.000000
28.500000 -0.000000 0.000000
28.510000 -0.000000 0.000000
28.520000 -0.000000 0.000000
28.530000 -0.000000 0.000000
28.540000 -0.000000 0.000000
28.550000 -0.000000 0.000000
28.560000 -0.000000 0.000000
28.570000 -0.000000 0.000000
28.580000 -0.000000 0.000000
28.590000 -0.000000 -0.000000
28.600000 -0.000000 -0.000000
28.610000 -0.000000 -0.000000
28.620000 -0.000000 -0.000000
28.630000 -0.000000 -0.000000
28.640000 -0.000000 -0.000000
28.650000 -0.000000 -0.000000
28.660000 -0.000000 -0.000000
28.670000 -0.000000 -0.000000
28.680000 -0.000000 -0.000000
28.690000 -0.000000 -0.000000
28.700000 -0.000000 -0.000000
28.710000 -0.000000 -0.000000
28.720000 -0.000000 -0.000000
28.730000 -0.000000 -0.000000
28.740000 -0.000000 -0.000000
28.750000 -0.000000 -0.000000
28.760000 -0.000000 -0.000000
28.770000 -0.000000 -0.000000
28.780000 -0.000000 -0.000000
28.790000 -0.000000 -0.000000
28.800000 -0.000000 -0.000000
28.810000 -0.000000 -0.000000
28.820000 -0.000000 -0.000000
28.830000 -0.000000 -0.000000
28.840000 -0.000000 -0.000000
28.850000 -0.000000 -0.000000
28.860000 -0.000000 -0.000000
28.870000 -0.000000 -0.000000
28.880000 -0.000000 -0.000000
28.890000 -0.000000 -0.000000
28.900000 -0.000000 -0.000000
28.910000 -0.000000 -0.000000
28.920000 -0.000000 -0.000000
28.930000 -0.000000 -0.000000
28.940000 -0.000000 -0.000000
28.950000 -0.000000 -0.000000
28.960000 -0.000000 -0.000000
28.970000 -0.000000 -0.000000
28.980000 -0.000000 -0.000000
28.990000 -0.000000 -0.000000
29.000000 -0.000000 -0.000000
29.010000 -0.000000 -0.000000
29.020000 -0.000000 -0.000000
29.030000 -0.000000 -0.000000
29.040000 -0.000000 -0.000000
29.050000 -0.000000 -0.000000
29.060000 -0.000000 -0.000000
29.070000 -0.000000 -0.000000
29.080000 -0.000000 -0.000000
29.090000 -0.000000 -0.000000
29.100000 -0.000000 -0.000000
29.110000 -0.000000 -0.000000
29.120000 -0.000000 -0.000000
29.130000 -0.000000 -0.000000
29.140000 0.000000 -0.000000
29.150000 0.000000 -0.000000
29.160000 0.000000 -0.000000
29.170000 0.000000 -0.000000
29.180000 0.000000 -0.000000
29.190000 0.000000 -0.000000
29.200000 0.000000 -0.000000
29.210000 0.000000 -0.000000
29.220000 0.000000 -0.000000
29.230000 0.000000 -0.000000
29.240000 0.000000 -0.000000
29.250000 0.000000 -0.000000
29.260000 0.000000 -0.000000
29.270000 0.000000 -0.000000
29.280000 0.000000 -0.000000
29.290000 0.000000 -0.000000
29.300000 0.000000 -0.000000
29.310000 0.000000 -0.000000
29.320000 0.000000 -0.000000
29.330000 0.000000 -0.000000
29.340000 0.000000 -0.000000
29.350000 0.000000 -0.000000
29.360000 0.000000 -0.000000
29.370000 0.000000 -0.000000
29.380000 0.000000 -0.000000
29.390000 0.000000 -0.000000
29.400000 0.000000 -0.000000
29.410000 0.000000 -0.000000
29.420000 0.000000 -0.000000
29.430000 0.000000 -0.000000
29.440000 0.000000 -0.000000
29.450000 0.000000 -0.000000
29.460000 0.000000 -0.000000
29.470000 0.000000 -0.000000
29.480000 0.000000 -0.000000
29.490000 0.000000 -0.000000
29.500000 0.000000 -0.000000
29.510000 0.000000 -0.000000
29.520000 0.000000 -0.000000
29.530000 0.000000 -0.000000
29.540000 0.000000 -0.000000
29.550000 0.000000 -0.000000
29.560000 0.000000 -0.000000
29.570000 0.000000 -0.000000
29.580000 0.000000 -0.000000
29.590000 0.000000 -0.000000
29.600000 0.000000 -0.000000
29.610000 0.000000 -0.000000
29.620000 0.000000 -0.000000
29.630000 0.000000 -0.000000
29.640000 0.000000 -0.000000
29.650000 0.000000 -0.000000
29.660000 0.000000 -0.000000
29.670000 0.000000 -0.000000
29.680000 0.000000 -0.000000
29.690000 0.000000 -0.000000
29.700000 0.000000 -0.000000
29.710000 0.000000 -0.000000
29.720000 0.000000 -0.000000
29.730000 0.000000 0.000000
29.740000 0.000000 0.000000
29.750000 0.000000 0.000000
29.760000 0.000000 0.000000
29.770000 0.000000 0.000000
29.780000 0.000000 0.000000
29.790000 0.000000 0.000000
29.800000 0.000000 0.000000
29.810000 0.000000 0.000000
29.820000 0.000000 0.000000
29.830000 0.000000 0.000000
29.840000 0.000000 0.000000
29.850000 0.000000 0.000000
29.860000 0.000000 0.000000
29.870000 0.000000 0.000000
29.880000 0.000000 0.000000
29.890000 0.000000 0.000000
29.900000 0.000000 0.000000
29.910000 0.000000 0.000000
29.920000 0.000000 0.000000
29.930000 0.000000 0.000000
29.940000 0.000000 0.000000
29.950000 0.000000 0.000000
29.960000 0.000000 0.000000
29.970000 0.000000 0.000000
29.980000 0.000000 0.000000
29.990000 0.000000 0.000000
