0.000000 2.000000 0.000000
0.010000 1.999266 0.020004
0.020000 1.997732 0.040008
0.030000 1.995399 0.059997
0.040000 1.992269 0.079957
0.050000 1.988344 0.099874
0.060000 1.983628 0.119734
0.070000 1.978124 0.139523
0.080000 1.971838 0.159228
0.090000 1.964773 0.178834
0.100000 1.956935 0.198329
0.110000 1.948331 0.217697
0.120000 1.938969 0.236927
0.130000 1.928854 0.256005
0.140000 1.917995 0.274917
0.150000 1.906401 0.293650
0.160000 1.894081 0.312193
0.170000 1.881045 0.330532
0.180000 1.867303 0.348654
0.190000 1.852866 0.366549
0.200000 1.837745 0.384204
0.210000 1.821951 0.401607
0.220000 1.805498 0.418746
0.230000 1.788398 0.435612
0.240000 1.770664 0.452193
0.250000 1.752310 0.468478
0.260000 1.733350 0.484457
0.270000 1.713799 0.500120
0.280000 1.693672 0.515459
0.290000 1.672983 0.530462
0.300000 1.651749 0.545122
0.310000 1.629986 0.559429
0.320000 1.607710 0.573376
0.330000 1.584937 0.586955
0.340000 1.561685 0.600158
0.350000 1.537972 0.612978
0.360000 1.513813 0.625407
0.370000 1.489229 0.637441
0.380000 1.464235 0.649072
0.390000 1.438851 0.660295
0.400000 1.413094 0.671105
0.410000 1.386984 0.681498
0.420000 1.360540 0.691467
0.430000 1.333779 0.701010
0.440000 1.306720 0.710123
0.450000 1.279384 0.718802
0.460000 1.251789 0.727045
0.470000 1.223953 0.734850
0.480000 1.195897 0.742214
0.490000 1.167639 0.749135
0.500000 1.139199 0.755612
0.510000 1.110595 0.761646
0.520000 1.081847 0.767234
0.530000 1.052974 0.772377
0.540000 1.023995 0.777076
0.550000 0.994928 0.781331
0.560000 0.965793 0.785143
0.570000 0.936608 0.788513
0.580000 0.907391 0.791444
0.590000 0.878161 0.793938
0.600000 0.848936 0.795997
0.610000 0.819733 0.797625
0.620000 0.790571 0.798824
0.630000 0.761468 0.799598
0.640000 0.732439 0.799951
0.650000 0.703503 0.799887
0.660000 0.674676 0.799412
0.670000 0.645975 0.798529
0.680000 0.617415 0.797244
0.690000 0.589013 0.795563
0.700000 0.560784 0.793491
0.710000 0.532743 0.791035
0.720000 0.504906 0.788200
0.730000 0.477286 0.784993
0.740000 0.449898 0.781422
0.750000 0.422756 0.777493
0.760000 0.395873 0.773213
0.770000 0.369262 0.768590
0.780000 0.342936 0.763631
0.790000 0.316907 0.758345
0.800000 0.291187 0.752740
0.810000 0.265787 0.746823
0.820000 0.240719 0.740603
0.830000 0.215993 0.734090
0.840000 0.191619 0.727290
0.850000 0.167607 0.720214
0.860000 0.143967 0.712870
0.870000 0.120706 0.705267
0.880000 0.097835 0.697415
0.890000 0.075360 0.689322
0.900000 0.053289 0.680998
0.910000 0.031630 0.672452
0.920000 0.010388 0.663694
0.930000 -0.010429 0.654733
0.940000 -0.030815 0.645579
0.950000 -0.050767 0.636240
0.960000 -0.070277 0.626728
0.970000 -0.089343 0.617050
0.980000 -0.107959 0.607217
0.990000 -0.126123 0.597238
1.000000 -0.143831 0.587123
1.010000 -0.161080 0.576881
1.020000 -0.177868 0.566522
1.030000 -0.194192 0.556054
1.040000 -0.210051 0.545487
1.050000 -0.225445 0.534831
1.060000 -0.240372 0.524094
1.070000 -0.254831 0.513285
1.080000 -0.268823 0.502414
1.090000 -0.282348 0.491488
1.100000 -0.295407 0.480518
1.110000 -0.308001 0.469511
1.120000 -0.320131 0.458476
1.130000 -0.331799 0.447421
1.140000 -0.343007 0.436355
1.150000 -0.353757 0.425285
1.160000 -0.364053 0.414219
1.170000 -0.373897 0.403166
1.180000 -0.383293 0.392133
1.190000 -0.392243 0.381127
1.200000 -0.400753 0.370155
1.210000 -0.408827 0.359225
1.220000 -0.416468 0.348343
1.230000 -0.423681 0.337517
1.240000 -0.430472 0.326752
1.250000 -0.436846 0.316055
1.260000 -0.442807 0.305433
1.270000 -0.448362 0.294891
1.280000 -0.453517 0.284435
1.290000 -0.458277 0.274071
1.300000 -0.462649 0.263804
1.310000 -0.466639 0.253639
1.320000 -0.470253 0.243581
1.330000 -0.473498 0.233635
1.340000 -0.476382 0.223806
1.350000 -0.478911 0.214098
1.360000 -0.481091 0.204515
1.370000 -0.482931 0.195061
1.380000 -0.484438 0.185741
1.390000 -0.485619 0.176556
1.400000 -0.486481 0.167512
1.410000 -0.487033 0.158611
1.420000 -0.487281 0.149855
1.430000 -0.487234 0.141249
1.440000 -0.486899 0.132794
1.450000 -0.486284 0.124493
1.460000 -0.485397 0.116347
1.470000 -0.484246 0.108360
1.480000 -0.482838 0.100533
1.490000 -0.481181 0.092867
1.500000 -0.479284 0.085364
1.510000 -0.477155 0.078025
1.520000 -0.474800 0.070852
1.530000 -0.472228 0.063845
1.540000 -0.469447 0.057005
1.550000 -0.466465 0.050333
1.560000 -0.463289 0.043828
1.570000 -0.459927 0.037492
1.580000 -0.456386 0.031325
1.590000 -0.452675 0.025326
1.600000 -0.448800 0.019495
1.610000 -0.444769 0.013832
1.620000 -0.440590 0.008336
1.630000 -0.436270 0.003008
1.640000 -0.431816 -0.002155
1.650000 -0.427234 -0.007152
1.660000 -0.422533 -0.011984
1.670000 -0.417719 -0.016654
1.680000 -0.412799 -0.021162
1.690000 -0.407779 -0.025508
1.700000 -0.402667 -0.029696
1.710000 -0.397468 -0.033726
1.720000 -0.392189 -0.037600
1.730000 -0.386837 -0.041319
1.740000 -0.381416 -0.044886
1.750000 -0.375934 -0.048301
1.760000 -0.370397 -0.051569
1.770000 -0.364809 -0.054689
1.780000 -0.359177 -0.057665
1.790000 -0.353506 -0.060499
1.800000 -0.347801 -0.063192
1.810000 -0.342068 -0.065748
1.820000 -0.336312 -0.068168
1.830000 -0.330537 -0.070455
1.840000 -0.324749 -0.072611
1.850000 -0.318952 -0.074639
1.860000 -0.313151 -0.076542
1.870000 -0.307350 -0.078321
1.880000 -0.301552 -0.079980
1.890000 -0.295764 -0.081522
1.900000 -0.289988 -0.082948
1.910000 -0.284227 -0.084262
1.920000 -0.278487 -0.085466
1.930000 -0.272771 -0.086563
1.940000 -0.267081 -0.087555
1.950000 -0.261421 -0.088447
1.960000 -0.255795 -0.089239
1.970000 -0.250205 -0.089935
1.980000 -0.244655 -0.090538
1.990000 -0.239146 -0.091050
2.000000 -0.233682 -0.091474
2.010000 -0.228266 -0.091813
2.020000 -0.222899 -0.092069
2.030000 -0.217583 -0.092245
2.040000 -0.212322 -0.092345
2.050000 -0.207117 -0.092370
2.060000 -0.201970 -0.092323
2.070000 -0.196882 -0.092206
2.080000 -0.191856 -0.092023
2.090000 -0.186893 -0.091776
2.100000 -0.181994 -0.091467
2.110000 -0.177161 -0.091100
2.120000 -0.172395 -0.090675
2.130000 -0.167697 -0.090197
2.140000 -0.163069 -0.089666
2.150000 -0.158510 -0.089086
2.160000 -0.154023 -0.088459
2.170000 -0.149607 -0.087787
2.180000 -0.145264 -0.087073
2.190000 -0.140994 -0.086318
2.200000 -0.136798 -0.085525
2.210000 -0.132675 -0.084696
2.220000 -0.128627 -0.083833
2.230000 -0.124653 -0.082937
2.240000 -0.120754 -0.082012
2.250000 -0.116930 -0.081059
2.260000 -0.113181 -0.080080
2.270000 -0.109507 -0.079076
2.280000 -0.105908 -0.078050
2.290000 -0.102384 -0.077004
2.300000 -0.098934 -0.075938
2.310000 -0.095558 -0.074855
2.320000 -0.092256 -0.073756
2.330000 -0.089027 -0.072643
2.340000 -0.085872 -0.071518
2.350000 -0.082790 -0.070381
2.360000 -0.079779 -0.069235
2.370000 -0.076840 -0.068080
2.380000 -0.073972 -0.066919
2.390000 -0.071175 -0.065752
2.400000 -0.068447 -0.064580
2.410000 -0.065788 -0.063406
2.420000 -0.063198 -0.062229
2.430000 -0.060674 -0.061052
2.440000 -0.058218 -0.059875
2.450000 -0.055827 -0.058699
2.460000 -0.053502 -0.057525
2.470000 -0.051240 -0.056354
2.480000 -0.049042 -0.055188
2.490000 -0.046906 -0.054026
2.500000 -0.044831 -0.052871
2.510000 -0.042816 -0.051722
2.520000 -0.040862 -0.050580
2.530000 -0.038965 -0.049446
2.540000 -0.037126 -0.048321
2.550000 -0.035344 -0.047206
2.560000 -0.033617 -0.046100
2.570000 -0.031944 -0.045005
2.580000 -0.030325 -0.043921
2.590000 -0.028759 -0.042848
2.600000 -0.027243 -0.041788
2.610000 -0.025778 -0.040740
2.620000 -0.024363 -0.039705
2.630000 -0.022995 -0.038684
2.640000 -0.021675 -0.037676
2.650000 -0.020401 -0.036682
2.660000 -0.019172 -0.035702
2.670000 -0.017988 -0.034736
2.680000 -0.016846 -0.033786
2.690000 -0.015747 -0.032850
2.700000 -0.014689 -0.031930
2.710000 -0.013671 -0.031025
2.720000 -0.012692 -0.030135
2.730000 -0.011751 -0.029261
2.740000 -0.010847 -0.028403
2.750000 -0.009980 -0.027560
2.760000 -0.009147 -0.026733
2.770000 -0.008350 -0.025922
2.780000 -0.007585 -0.025127
2.790000 -0.006853 -0.024349
2.800000 -0.006152 -0.023585
2.810000 -0.005482 -0.022838
2.820000 -0.004842 -0.022107
2.830000 -0.004231 -0.021391
2.840000 -0.003648 -0.020692
2.850000 -0.003092 -0.020008
2.860000 -0.002562 -0.019339
2.870000 -0.002058 -0.018686
2.880000 -0.001579 -0.018048
2.890000 -0.001123 -0.017426
2.900000 -0.000691 -0.016819
2.910000 -0.000281 -0.016226
2.920000 0.000107 -0.015649
2.930000 0.000474 -0.015086
2.940000 0.000821 -0.014537
2.950000 0.001148 -0.014003
2.960000 0.001456 -0.013483
2.970000 0.001746 -0.012977
2.980000 0.002019 -0.012485
2.990000 0.002274 -0.012007
3.000000 0.002513 -0.011541
3.010000 0.002737 -0.011089
3.020000 0.002945 -0.010650
3.030000 0.003139 -0.010224
3.040000 0.003319 -0.009810
3.050000 0.003485 -0.009409
3.060000 0.003639 -0.009019
3.070000 0.003780 -0.008642
3.080000 0.003909 -0.008276
3.090000 0.004026 -0.007922
3.100000 0.004133 -0.007579
3.110000 0.004229 -0.007247
3.120000 0.004315 -0.006926
3.130000 0.004392 -0.006616
3.140000 0.004459 -0.006316
3.150000 0.004517 -0.006026
3.160000 0.004567 -0.005746
3.170000 0.004609 -0.005476
3.180000 0.004644 -0.005215
3.190000 0.004671 -0.004963
3.200000 0.004691 -0.004721
3.210000 0.004705 -0.004488
3.220000 0.004712 -0.004263
3.230000 0.004713 -0.004047
3.240000 0.004709 -0.003839
3.250000 0.004699 -0.003640
3.260000 0.004684 -0.003448
3.270000 0.004664 -0.003264
3.280000 0.004640 -0.003087
3.290000 0.004611 -0.002918
3.300000 0.004578 -0.002756
3.310000 0.004542 -0.002601
3.320000 0.004501 -0.002453
3.330000 0.004458 -0.002312
3.340000 0.004411 -0.002177
3.350000 0.004361 -0.002049
3.360000 0.004308 -0.001926
3.370000 0.004253 -0.001810
3.380000 0.004195 -0.001700
3.390000 0.004135 -0.001596
3.400000 0.004073 -0.001497
3.410000 0.004009 -0.001404
3.420000 0.003943 -0.001316
3.430000 0.003876 -0.001233
3.440000 0.003807 -0.001156
3.450000 0.003736 -0.001083
3.460000 0.003665 -0.001016
3.470000 0.003592 -0.000953
3.480000 0.003518 -0.000895
3.490000 0.003444 -0.000842
3.500000 0.003369 -0.000793
3.510000 0.003293 -0.000748
3.520000 0.003216 -0.000708
3.530000 0.003140 -0.000672
3.540000 0.003062 -0.000641
3.550000 0.002985 -0.000613
3.560000 0.002907 -0.000590
3.570000 0.002830 -0.000570
3.580000 0.002752 -0.000554
3.590000 0.002675 -0.000542
3.600000 0.002598 -0.000534
3.610000 0.002521 -0.000530
3.620000 0.002445 -0.000529
3.630000 0.002369 -0.000532
3.640000 0.002294 -0.000539
3.650000 0.002219 -0.000549
3.660000 0.002145 -0.000562
3.670000 0.002072 -0.000579
3.680000 0.002000 -0.000599
3.690000 0.001929 -0.000623
3.700000 0.001859 -0.000650
3.710000 0.001790 -0.000681
3.720000 0.001722 -0.000714
3.730000 0.001655 -0.000751
3.740000 0.001590 -0.000791
3.750000 0.001527 -0.000835
3.760000 0.001464 -0.000881
3.770000 0.001404 -0.000931
3.780000 0.001345 -0.000984
3.790000 0.001288 -0.001040
3.800000 0.001233 -0.001099
3.810000 0.001180 -0.001161
3.820000 0.001129 -0.001226
3.830000 0.001080 -0.001294
3.840000 0.001033 -0.001366
3.850000 0.000988 -0.001440
3.860000 0.000946 -0.001517
3.870000 0.000906 -0.001597
3.880000 0.000869 -0.001680
3.890000 0.000835 -0.001766
3.900000 0.000803 -0.001855
3.910000 0.000775 -0.001946
3.920000 0.000749 -0.002041
3.930000 0.000726 -0.002138
3.940000 0.000706 -0.002238
3.950000 0.000690 -0.002340
3.960000 0.000677 -0.002445
3.970000 0.000668 -0.002553
3.980000 0.000662 -0.002664
3.990000 0.000659 -0.002776
4.000000 0.000661 -0.002892
4.010000 0.000666 -0.003009
4.020000 0.000676 -0.003129
4.030000 0.000689 -0.003252
4.040000 0.000707 -0.003376
4.050000 0.000729 -0.003503
4.060000 0.000755 -0.003632
4.070000 0.000786 -0.003762
4.080000 0.000821 -0.003895
4.090000 0.000861 -0.004029
4.100000 0.000906 -0.004165
4.110000 0.000956 -0.004303
4.120000 0.001011 -0.004442
4.130000 0.001071 -0.004583
4.140000 0.001136 -0.004724
4.150000 0.001206 -0.004867
4.160000 0.001282 -0.005011
4.170000 0.001363 -0.005156
4.180000 0.001450 -0.005302
4.190000 0.001543 -0.005448
4.200000 0.001641 -0.005595
4.210000 0.001745 -0.005742
4.220000 0.001855 -0.005889
4.230000 0.001971 -0.006036
4.240000 0.002092 -0.006182
4.250000 0.002220 -0.006329
4.260000 0.002354 -0.006475
4.270000 0.002495 -0.006620
4.280000 0.002641 -0.006764
4.290000 0.002793 -0.006907
4.300000 0.002952 -0.007049
4.310000 0.003118 -0.007189
4.320000 0.003289 -0.007327
4.330000 0.003467 -0.007464
4.340000 0.003651 -0.007598
4.350000 0.003842 -0.007730
4.360000 0.004039 -0.007859
4.370000 0.004242 -0.007985
4.380000 0.004452 -0.008107
4.390000 0.004668 -0.008227
4.400000 0.004890 -0.008343
4.410000 0.005118 -0.008454
4.420000 0.005353 -0.008562
4.430000 0.005593 -0.008665
4.440000 0.005840 -0.008763
4.450000 0.006092 -0.008857
4.460000 0.006350 -0.008945
4.470000 0.006614 -0.009027
4.480000 0.006884 -0.009104
4.490000 0.007159 -0.009175
4.500000 0.007439 -0.009239
4.510000 0.007724 -0.009296
4.520000 0.008015 -0.009347
4.530000 0.008310 -0.009390
4.540000 0.008610 -0.009426
4.550000 0.008915 -0.009454
4.560000 0.009223 -0.009474
4.570000 0.009536 -0.009486
4.580000 0.009853 -0.009489
4.590000 0.010173 -0.009483
4.600000 0.010497 -0.009468
4.610000 0.010823 -0.009443
4.620000 0.011153 -0.009409
4.630000 0.011485 -0.009365
4.640000 0.011819 -0.009310
4.650000 0.012156 -0.009245
4.660000 0.012494 -0.009170
4.670000 0.012833 -0.009083
4.680000 0.013173 -0.008985
4.690000 0.013514 -0.008876
4.700000 0.013855 -0.008755
4.710000 0.014196 -0.008622
4.720000 0.014537 -0.008477
4.730000 0.014876 -0.008320
4.740000 0.015215 -0.008151
4.750000 0.015551 -0.007969
4.760000 0.015886 -0.007774
4.770000 0.016218 -0.007566
4.780000 0.016547 -0.007345
4.790000 0.016873 -0.007111
4.800000 0.017195 -0.006863
4.810000 0.017513 -0.006602
4.820000 0.017826 -0.006328
4.830000 0.018133 -0.006039
4.840000 0.018435 -0.005737
4.850000 0.018731 -0.005422
4.860000 0.019021 -0.005092
4.870000 0.019303 -0.004749
4.880000 0.019577 -0.004392
4.890000 0.019843 -0.004021
4.900000 0.020101 -0.003636
4.910000 0.020349 -0.003237
4.920000 0.020588 -0.002824
4.930000 0.020817 -0.002398
4.940000 0.021035 -0.001958
4.950000 0.021242 -0.001505
4.960000 0.021437 -0.001038
4.970000 0.021620 -0.000558
4.980000 0.021791 -0.000065
4.990000 0.021948 0.000441
5.000000 0.022092 0.000960
5.010000 0.022221 0.001491
5.020000 0.022336 0.002035
5.030000 0.022436 0.002591
5.040000 0.022520 0.003159
5.050000 0.022588 0.003738
5.060000 0.022639 0.004329
5.070000 0.022674 0.004931
5.080000 0.022691 0.005543
5.090000 0.022690 0.006166
5.100000 0.022671 0.006798
5.110000 0.022634 0.007441
5.120000 0.022577 0.008092
5.130000 0.022501 0.008752
5.140000 0.022404 0.009421
5.150000 0.022288 0.010097
5.160000 0.022151 0.010781
5.170000 0.021994 0.011472
5.180000 0.021815 0.012169
5.190000 0.021614 0.012872
5.200000 0.021392 0.013581
5.210000 0.021148 0.014295
5.220000 0.020881 0.015013
5.230000 0.020592 0.015735
5.240000 0.020281 0.016460
5.250000 0.019946 0.017187
5.260000 0.019588 0.017917
5.270000 0.019207 0.018648
5.280000 0.018803 0.019380
5.290000 0.018375 0.020112
5.300000 0.017924 0.020844
5.310000 0.017449 0.021574
5.320000 0.016950 0.022303
5.330000 0.016428 0.023029
5.340000 0.015883 0.023753
5.350000 0.015313 0.024472
5.360000 0.014720 0.025187
5.370000 0.014104 0.025897
5.380000 0.013464 0.026601
5.390000 0.012801 0.027298
5.400000 0.012115 0.027989
5.410000 0.011406 0.028671
5.420000 0.010675 0.029345
5.430000 0.009921 0.030009
5.440000 0.009145 0.030663
5.450000 0.008347 0.031307
5.460000 0.007527 0.031939
5.470000 0.006687 0.032560
5.480000 0.005825 0.033167
5.490000 0.004943 0.033761
5.500000 0.004041 0.034341
5.510000 0.003119 0.034906
5.520000 0.002179 0.035456
5.530000 0.001219 0.035989
5.540000 0.000241 0.036506
5.550000 -0.000754 0.037006
5.560000 -0.001766 0.037488
5.570000 -0.002795 0.037951
5.580000 -0.003840 0.038395
5.590000 -0.004900 0.038819
5.600000 -0.005975 0.039223
5.610000 -0.007064 0.039606
5.620000 -0.008166 0.039967
5.630000 -0.009280 0.040307
5.640000 -0.010407 0.040624
5.650000 -0.011544 0.040919
5.660000 -0.012692 0.041190
5.670000 -0.013849 0.041438
5.680000 -0.015016 0.041661
5.690000 -0.016190 0.041859
5.700000 -0.017371 0.042033
5.710000 -0.018559 0.042181
5.720000 -0.019752 0.042304
5.730000 -0.020950 0.042400
5.740000 -0.022151 0.042471
5.750000 -0.023356 0.042514
5.760000 -0.024562 0.042531
5.770000 -0.025769 0.042521
5.780000 -0.026977 0.042484
5.790000 -0.028184 0.042419
5.800000 -0.029389 0.042327
5.810000 -0.030591 0.042207
5.820000 -0.031790 0.042059
5.830000 -0.032984 0.041884
5.840000 -0.034173 0.041681
5.850000 -0.035356 0.041449
5.860000 -0.036532 0.041190
5.870000 -0.037699 0.040903
5.880000 -0.038857 0.040589
5.890000 -0.040005 0.040247
5.900000 -0.041142 0.039877
5.910000 -0.042267 0.039480
5.920000 -0.043379 0.039055
5.930000 -0.044477 0.038604
5.940000 -0.045561 0.038125
5.950000 -0.046629 0.037621
5.960000 -0.047681 0.037090
5.970000 -0.048715 0.036533
5.980000 -0.049732 0.035950
5.990000 -0.050729 0.035342
6.000000 -0.051707 0.034709
6.010000 -0.052664 0.034052
6.020000 -0.053599 0.033371
6.030000 -0.054513 0.032666
6.040000 -0.055403 0.031938
6.050000 -0.056270 0.031187
6.060000 -0.057112 0.030414
6.070000 -0.057929 0.029620
6.080000 -0.058721 0.028804
6.090000 -0.059485 0.027968
6.100000 -0.060223 0.027113
6.110000 -0.060933 0.026238
6.120000 -0.061614 0.025344
6.130000 -0.062267 0.024433
6.140000 -0.062890 0.023504
6.150000 -0.063483 0.022559
6.160000 -0.064046 0.021598
6.170000 -0.064577 0.020622
6.180000 -0.065077 0.019631
6.190000 -0.065546 0.018627
6.200000 -0.065982 0.017610
6.210000 -0.066386 0.016581
6.220000 -0.066756 0.015540
6.230000 -0.067094 0.014489
6.240000 -0.067398 0.013428
6.250000 -0.067668 0.012358
6.260000 -0.067904 0.011280
6.270000 -0.068106 0.010195
6.280000 -0.068274 0.009103
6.290000 -0.068407 0.008006
6.300000 -0.068506 0.006904
6.310000 -0.068570 0.005798
6.320000 -0.068600 0.004689
6.330000 -0.068595 0.003577
6.340000 -0.068555 0.002465
6.350000 -0.068481 0.001351
6.360000 -0.068372 0.000238
6.370000 -0.068229 -0.000874
6.380000 -0.068051 -0.001985
6.390000 -0.067840 -0.003092
6.400000 -0.067595 -0.004196
6.410000 -0.067316 -0.005295
6.420000 -0.067003 -0.006390
6.430000 -0.066658 -0.007478
6.440000 -0.066280 -0.008560
6.450000 -0.065869 -0.009634
6.460000 -0.065426 -0.010699
6.470000 -0.064951 -0.011756
6.480000 -0.064445 -0.012802
6.490000 -0.063909 -0.013838
6.500000 -0.063341 -0.014863
6.510000 -0.062744 -0.015875
6.520000 -0.062118 -0.016875
6.530000 -0.061462 -0.017862
6.540000 -0.060778 -0.018834
6.550000 -0.060067 -0.019791
6.560000 -0.059328 -0.020733
6.570000 -0.058563 -0.021659
6.580000 -0.057772 -0.022569
6.590000 -0.056955 -0.023461
6.600000 -0.056114 -0.024335
6.610000 -0.055249 -0.025191
6.620000 -0.054361 -0.026028
6.630000 -0.053451 -0.026846
6.640000 -0.052518 -0.027644
6.650000 -0.051565 -0.028422
6.660000 -0.050591 -0.029179
6.670000 -0.049598 -0.029914
6.680000 -0.048586 -0.030628
6.690000 -0.047556 -0.031321
6.700000 -0.046509 -0.031990
6.710000 -0.045446 -0.032638
6.720000 -0.044368 -0.033262
6.730000 -0.043274 -0.033863
6.740000 -0.042167 -0.034440
6.750000 -0.041047 -0.034994
6.760000 -0.039914 -0.035523
6.770000 -0.038771 -0.036029
6.780000 -0.037617 -0.036510
6.790000 -0.036453 -0.036967
6.800000 -0.035280 -0.037398
6.810000 -0.034100 -0.037806
6.820000 -0.032912 -0.038188
6.830000 -0.031718 -0.038545
6.840000 -0.030519 -0.038877
6.850000 -0.029315 -0.039185
6.860000 -0.028107 -0.039467
6.870000 -0.026897 -0.039725
6.880000 -0.025684 -0.039957
6.890000 -0.024470 -0.040165
6.900000 -0.023256 -0.040348
6.910000 -0.022042 -0.040506
6.920000 -0.020829 -0.040640
6.930000 -0.019618 -0.040750
6.940000 -0.018410 -0.040835
6.950000 -0.017205 -0.040896
6.960000 -0.016005 -0.040933
6.970000 -0.014809 -0.040947
6.980000 -0.013619 -0.040937
6.990000 -0.012436 -0.040905
7.000000 -0.011259 -0.040849
7.010000 -0.010091 -0.040771
7.020000 -0.008931 -0.040671
7.030000 -0.007780 -0.040549
7.040000 -0.006639 -0.040405
7.050000 -0.005508 -0.040240
7.060000 -0.004389 -0.040054
7.070000 -0.003281 -0.039848
7.080000 -0.002185 -0.039622
7.090000 -0.001102 -0.039376
7.100000 -0.000032 -0.039111
7.110000 0.001023 -0.038826
7.120000 0.002065 -0.038524
7.130000 0.003091 -0.038204
7.140000 0.004102 -0.037866
7.150000 0.005097 -0.037511
7.160000 0.006076 -0.037139
7.170000 0.007039 -0.036752
7.180000 0.007984 -0.036348
7.190000 0.008912 -0.035930
7.200000 0.009822 -0.035497
7.210000 0.010714 -0.035050
7.220000 0.011587 -0.034590
7.230000 0.012442 -0.034116
7.240000 0.013277 -0.033630
7.250000 0.014093 -0.033132
7.260000 0.014890 -0.032622
7.270000 0.015666 -0.032102
7.280000 0.016423 -0.031571
7.290000 0.017160 -0.031030
7.300000 0.017876 -0.030480
7.310000 0.018571 -0.029920
7.320000 0.019246 -0.029353
7.330000 0.019900 -0.028778
7.340000 0.020534 -0.028195
7.350000 0.021146 -0.027606
7.360000 0.021737 -0.027010
7.370000 0.022307 -0.026409
7.380000 0.022856 -0.025802
7.390000 0.023384 -0.025191
7.400000 0.023891 -0.024575
7.410000 0.024377 -0.023956
7.420000 0.024842 -0.023334
7.430000 0.025286 -0.022709
7.440000 0.025709 -0.022082
7.450000 0.026111 -0.021453
7.460000 0.026492 -0.020823
7.470000 0.026853 -0.020191
7.480000 0.027194 -0.019560
7.490000 0.027514 -0.018929
7.500000 0.027814 -0.018298
7.510000 0.028094 -0.017668
7.520000 0.028354 -0.017039
7.530000 0.028595 -0.016413
7.540000 0.028816 -0.015788
7.550000 0.029018 -0.015166
7.560000 0.029201 -0.014547
7.570000 0.029365 -0.013932
7.580000 0.029511 -0.013320
7.590000 0.029639 -0.012712
7.600000 0.029749 -0.012109
7.610000 0.029841 -0.011511
7.620000 0.029916 -0.010917
7.630000 0.029974 -0.010329
7.640000 0.030015 -0.009747
7.650000 0.030040 -0.009171
7.660000 0.030048 -0.008601
7.670000 0.030041 -0.008038
7.680000 0.030018 -0.007481
7.690000 0.029980 -0.006932
7.700000 0.029927 -0.006389
7.710000 0.029860 -0.005855
7.720000 0.029779 -0.005328
7.730000 0.029684 -0.004809
7.740000 0.029575 -0.004299
7.750000 0.029454 -0.003797
7.760000 0.029319 -0.003303
7.770000 0.029173 -0.002818
7.780000 0.029014 -0.002342
7.790000 0.028844 -0.001875
7.800000 0.028663 -0.001417
7.810000 0.028471 -0.000968
7.820000 0.028268 -0.000529
7.830000 0.028055 -0.000099
7.840000 0.027833 0.000321
7.850000 0.027601 0.000731
7.860000 0.027360 0.001132
7.870000 0.027110 0.001523
7.880000 0.026852 0.001904
7.890000 0.026587 0.002275
7.900000 0.026313 0.002637
7.910000 0.026033 0.002988
7.920000 0.025745 0.003330
7.930000 0.025451 0.003661
7.940000 0.025151 0.003982
7.950000 0.024845 0.004294
7.960000 0.024533 0.004595
7.970000 0.024217 0.004887
7.980000 0.023895 0.005168
7.990000 0.023569 0.005440
8.000000 0.023239 0.005702
8.010000 0.022905 0.005954
8.020000 0.022568 0.006197
8.030000 0.022227 0.006429
8.040000 0.021884 0.006653
8.050000 0.021538 0.006866
8.060000 0.021189 0.007071
8.070000 0.020839 0.007265
8.080000 0.020486 0.007451
8.090000 0.020133 0.007628
8.100000 0.019778 0.007795
8.110000 0.019422 0.007954
8.120000 0.019065 0.008104
8.130000 0.018708 0.008245
8.140000 0.018351 0.008378
8.150000 0.017994 0.008502
8.160000 0.017637 0.008618
8.170000 0.017280 0.008725
8.180000 0.016925 0.008825
8.190000 0.016570 0.008917
8.200000 0.016217 0.009001
8.210000 0.015864 0.009077
8.220000 0.015514 0.009146
8.230000 0.015165 0.009208
8.240000 0.014818 0.009262
8.250000 0.014473 0.009310
8.260000 0.014130 0.009350
8.270000 0.013790 0.009384
8.280000 0.013452 0.009412
8.290000 0.013117 0.009433
8.300000 0.012785 0.009448
8.310000 0.012456 0.009456
8.320000 0.012130 0.009459
8.330000 0.011807 0.009456
8.340000 0.011488 0.009448
8.350000 0.011172 0.009434
8.360000 0.010860 0.009415
8.370000 0.010551 0.009391
8.380000 0.010246 0.009362
8.390000 0.009945 0.009328
8.400000 0.009648 0.009290
8.410000 0.009355 0.009247
8.420000 0.009066 0.009200
8.430000 0.008781 0.009149
8.440000 0.008500 0.009094
8.450000 0.008224 0.009035
8.460000 0.007952 0.008972
8.470000 0.007684 0.008906
8.480000 0.007421 0.008836
8.490000 0.007162 0.008763
8.500000 0.006908 0.008688
8.510000 0.006658 0.008609
8.520000 0.006413 0.008527
8.530000 0.006172 0.008443
8.540000 0.005935 0.008357
8.550000 0.005704 0.008268
8.560000 0.005476 0.008177
8.570000 0.005254 0.008083
8.580000 0.005036 0.007988
8.590000 0.004822 0.007891
8.600000 0.004613 0.007792
8.610000 0.004409 0.007692
8.620000 0.004209 0.007590
8.630000 0.004013 0.007487
8.640000 0.003822 0.007382
8.650000 0.003636 0.007277
8.660000 0.003454 0.007170
8.670000 0.003276 0.007063
8.680000 0.003103 0.006955
8.690000 0.002934 0.006846
8.700000 0.002769 0.006736
8.710000 0.002609 0.006626
8.720000 0.002452 0.006516
8.730000 0.002300 0.006405
8.740000 0.002152 0.006294
8.750000 0.002008 0.006183
8.760000 0.001868 0.006072
8.770000 0.001732 0.005961
8.780000 0.001600 0.005850
8.790000 0.001472 0.005739
8.800000 0.001348 0.005628
8.810000 0.001227 0.005518
8.820000 0.001110 0.005408
8.830000 0.000997 0.005299
8.840000 0.000887 0.005190
8.850000 0.000781 0.005081
8.860000 0.000678 0.004974
8.870000 0.000579 0.004867
8.880000 0.000483 0.004760
8.890000 0.000390 0.004655
8.900000 0.000301 0.004550
8.910000 0.000215 0.004446
8.920000 0.000131 0.004343
8.930000 0.000051 0.004241
8.940000 -0.000026 0.004140
8.950000 -0.000100 0.004040
8.960000 -0.000172 0.003941
8.970000 -0.000241 0.003843
8.980000 -0.000307 0.003747
8.990000 -0.000370 0.003651
9.000000 -0.000431 0.003557
9.010000 -0.000489 0.003463
9.020000 -0.000545 0.003371
9.030000 -0.000598 0.003281
9.040000 -0.000649 0.003191
9.050000 -0.000698 0.003103
9.060000 -0.000745 0.003016
9.070000 -0.000789 0.002930
9.080000 -0.000832 0.002846
9.090000 -0.000872 0.002763
9.100000 -0.000910 0.002681
9.110000 -0.000946 0.002601
9.120000 -0.000981 0.002522
9.130000 -0.001014 0.002444
9.140000 -0.001044 0.002368
9.150000 -0.001074 0.002293
9.160000 -0.001101 0.002219
9.170000 -0.001127 0.002147
9.180000 -0.001151 0.002076
9.190000 -0.001174 0.002006
9.200000 -0.001196 0.001938
9.210000 -0.001216 0.001871
9.220000 -0.001234 0.001805
9.230000 -0.001251 0.001741
9.240000 -0.001267 0.001677
9.250000 -0.001282 0.001616
9.260000 -0.001296 0.001555
9.270000 -0.001308 0.001496
9.280000 -0.001320 0.001438
9.290000 -0.001330 0.001381
9.300000 -0.001339 0.001325
9.310000 -0.001347 0.001271
9.320000 -0.001355 0.001218
9.330000 -0.001361 0.001166
9.340000 -0.001366 0.001115
9.350000 -0.001371 0.001065
9.360000 -0.001375 0.001016
9.370000 -0.001378 0.000969
9.380000 -0.001380 0.000923
9.390000 -0.001382 0.000877
9.400000 -0.001383 0.000833
9.410000 -0.001383 0.000790
9.420000 -0.001382 0.000748
9.430000 -0.001381 0.000707
9.440000 -0.001380 0.000667
9.450000 -0.001378 0.000628
9.460000 -0.001375 0.000589
9.470000 -0.001371 0.000552
9.480000 -0.001368 0.000516
9.490000 -0.001363 0.000481
9.500000 -0.001359 0.000446
9.510000 -0.001353 0.000412
9.520000 -0.001348 0.000380
9.530000 -0.001342 0.000348
9.540000 -0.001335 0.000316
9.550000 -0.001328 0.000286
9.560000 -0.001321 0.000256
9.570000 -0.001314 0.000228
9.580000 -0.001306 0.000200
9.590000 -0.001298 0.000172
9.600000 -0.001289 0.000146
9.610000 -0.001280 0.000120
9.620000 -0.001271 0.000094
9.630000 -0.001262 0.000070
9.640000 -0.001252 0.000046
9.650000 -0.001242 0.000023
9.660000 -0.001232 -0.000000
9.670000 -0.001221 -0.000022
9.680000 -0.001211 -0.000044
9.690000 -0.001200 -0.000064
9.700000 -0.001188 -0.000085
9.710000 -0.001177 -0.000105
9.720000 -0.001165 -0.000124
9.730000 -0.001153 -0.000142
9.740000 -0.001141 -0.000161
9.750000 -0.001129 -0.000178
9.760000 -0.001116 -0.000195
9.770000 -0.001104 -0.000212
9.780000 -0.001091 -0.000228
9.790000 -0.001077 -0.000244
9.800000 -0.001064 -0.000259
9.810000 -0.001051 -0.000274
9.820000 -0.001037 -0.000288
9.830000 -0.001023 -0.000302
9.840000 -0.001009 -0.000315
9.850000 -0.000994 -0.000328
9.860000 -0.000980 -0.000341
9.870000 -0.000965 -0.000353
9.880000 -0.000951 -0.000364
9.890000 -0.000936 -0.000376
9.900000 -0.000920 -0.000386
9.910000 -0.000905 -0.000397
9.920000 -0.000889 -0.000407
9.930000 -0.000874 -0.000416
9.940000 -0.000858 -0.000426
9.950000 -0.000842 -0.000434
9.960000 -0.000826 -0.000443
9.970000 -0.000809 -0.000451
9.980000 -0.000793 -0.000458
9.990000 -0.000776 -0.000465
10.000000 -0.000759 -0.000472
10.010000 -0.000742 -0.000478
10.020000 -0.000725 -0.000484
10.030000 -0.000708 -0.000490
10.040000 -0.000691 -0.000495
10.050000 -0.000673 -0.000499
10.060000 -0.000656 -0.000504
10.070000 -0.000638 -0.000508
10.080000 -0.000620 -0.000511
10.090000 -0.000602 -0.000514
10.100000 -0.000584 -0.000516
10.110000 -0.000566 -0.000518
10.120000 -0.000548 -0.000520
10.130000 -0.000530 -0.000521
10.140000 -0.000511 -0.000522
10.150000 -0.000493 -0.000522
10.160000 -0.000474 -0.000522
10.170000 -0.000456 -0.000522
10.180000 -0.000437 -0.000521
10.190000 -0.000419 -0.000519
10.200000 -0.000400 -0.000517
10.210000 -0.000382 -0.000515
10.220000 -0.000363 -0.000512
10.230000 -0.000345 -0.000508
10.240000 -0.000326 -0.000505
10.250000 -0.000308 -0.000500
10.260000 -0.000289 -0.000495
10.270000 -0.000271 -0.000490
10.280000 -0.000253 -0.000484
10.290000 -0.000234 -0.000478
10.300000 -0.000216 -0.000471
10.310000 -0.000198 -0.000464
10.320000 -0.000181 -0.000456
10.330000 -0.000163 -0.000448
10.340000 -0.000146 -0.000439
10.350000 -0.000128 -0.000430
10.360000 -0.000111 -0.000420
10.370000 -0.000094 -0.000410
10.380000 -0.000078 -0.000399
10.390000 -0.000061 -0.000388
10.400000 -0.000045 -0.000376
10.410000 -0.000029 -0.000364
10.420000 -0.000014 -0.000352
10.430000 0.000001 -0.000338
10.440000 0.000016 -0.000325
10.450000 0.000031 -0.000311
10.460000 0.000045 -0.000296
10.470000 0.000059 -0.000281
10.480000 0.000072 -0.000266
10.490000 0.000085 -0.000250
10.500000 0.000098 -0.000234
10.510000 0.000110 -0.000217
10.520000 0.000121 -0.000200
10.530000 0.000132 -0.000183
10.540000 0.000143 -0.000165
10.550000 0.000153 -0.000147
10.560000 0.000163 -0.000128
10.570000 0.000172 -0.000109
10.580000 0.000180 -0.000090
10.590000 0.000188 -0.000071
10.600000 0.000195 -0.000051
10.610000 0.000202 -0.000031
10.620000 0.000208 -0.000010
10.630000 0.000214 0.000010
10.640000 0.000218 0.000031
10.650000 0.000223 0.000052
10.660000 0.000226 0.000074
10.670000 0.000229 0.000095
10.680000 0.000231 0.000117
10.690000 0.000232 0.000139
10.700000 0.000233 0.000161
10.710000 0.000233 0.000183
10.720000 0.000232 0.000205
10.730000 0.000231 0.000227
10.740000 0.000228 0.000249
10.750000 0.000226 0.000271
10.760000 0.000222 0.000293
10.770000 0.000217 0.000315
10.780000 0.000212 0.000337
10.790000 0.000206 0.000359
10.800000 0.000199 0.000381
10.810000 0.000192 0.000402
10.820000 0.000183 0.000424
10.830000 0.000174 0.000445
10.840000 0.000164 0.000466
10.850000 0.000154 0.000487
10.860000 0.000142 0.000507
10.870000 0.000130 0.000527
10.880000 0.000117 0.000547
10.890000 0.000104 0.000567
10.900000 0.000089 0.000586
10.910000 0.000074 0.000604
10.920000 0.000058 0.000623
10.930000 0.000042 0.000640
10.940000 0.000025 0.000658
10.950000 0.000007 0.000674
10.960000 -0.000012 0.000690
10.970000 -0.000031 0.000706
10.980000 -0.000051 0.000721
10.990000 -0.000071 0.000735
11.000000 -0.000092 0.000749
11.010000 -0.000114 0.000762
11.020000 -0.000136 0.000774
11.030000 -0.000159 0.000786
11.040000 -0.000182 0.000797
11.050000 -0.000205 0.000807
11.060000 -0.000230 0.000816
11.070000 -0.000254 0.000824
11.080000 -0.000279 0.000832
11.090000 -0.000305 0.000839
11.100000 -0.000331 0.000845
11.110000 -0.000357 0.000849
11.120000 -0.000383 0.000854
11.130000 -0.000410 0.000857
11.140000 -0.000437 0.000859
11.150000 -0.000464 0.000860
11.160000 -0.000492 0.000860
11.170000 -0.000519 0.000859
11.180000 -0.000547 0.000858
11.190000 -0.000575 0.000855
11.200000 -0.000603 0.000851
11.210000 -0.000631 0.000846
11.220000 -0.000659 0.000840
11.230000 -0.000686 0.000833
11.240000 -0.000714 0.000825
11.250000 -0.000742 0.000816
11.260000 -0.000769 0.000806
11.270000 -0.000797 0.000794
11.280000 -0.000824 0.000782
11.290000 -0.000851 0.000769
11.300000 -0.000877 0.000754
11.310000 -0.000903 0.000739
11.320000 -0.000929 0.000722
11.330000 -0.000955 0.000704
11.340000 -0.000980 0.000686
11.350000 -0.001004 0.000666
11.360000 -0.001028 0.000645
11.370000 -0.001052 0.000623
11.380000 -0.001074 0.000601
11.390000 -0.001097 0.000577
11.400000 -0.001118 0.000552
11.410000 -0.001139 0.000526
11.420000 -0.001159 0.000499
11.430000 -0.001179 0.000472
11.440000 -0.001197 0.000443
11.450000 -0.001215 0.000414
11.460000 -0.001232 0.000383
11.470000 -0.001248 0.000352
11.480000 -0.001263 0.000320
11.490000 -0.001277 0.000287
11.500000 -0.001291 0.000253
11.510000 -0.001303 0.000219
11.520000 -0.001314 0.000184
11.530000 -0.001324 0.000148
11.540000 -0.001333 0.000111
11.550000 -0.001341 0.000074
11.560000 -0.001348 0.000036
11.570000 -0.001353 -0.000002
11.580000 -0.001358 -0.000041
11.590000 -0.001361 -0.000080
11.600000 -0.001363 -0.000120
11.610000 -0.001364 -0.000161
11.620000 -0.001364 -0.000201
11.630000 -0.001362 -0.000242
11.640000 -0.001359 -0.000284
11.650000 -0.001355 -0.000325
11.660000 -0.001349 -0.000367
11.670000 -0.001342 -0.000410
11.680000 -0.001334 -0.000452
11.690000 -0.001325 -0.000494
11.700000 -0.001314 -0.000537
11.710000 -0.001302 -0.000579
11.720000 -0.001288 -0.000622
11.730000 -0.001273 -0.000665
11.740000 -0.001257 -0.000707
11.750000 -0.001240 -0.000749
11.760000 -0.001221 -0.000791
11.770000 -0.001201 -0.000833
11.780000 -0.001179 -0.000875
11.790000 -0.001156 -0.000917
11.800000 -0.001132 -0.000958
11.810000 -0.001107 -0.000998
11.820000 -0.001080 -0.001039
11.830000 -0.001052 -0.001078
11.840000 -0.001023 -0.001118
11.850000 -0.000993 -0.001156
11.860000 -0.000961 -0.001195
11.870000 -0.000929 -0.001232
11.880000 -0.000895 -0.001269
11.890000 -0.000859 -0.001305
11.900000 -0.000823 -0.001341
11.910000 -0.000786 -0.001375
11.920000 -0.000747 -0.001409
11.930000 -0.000708 -0.001442
11.940000 -0.000667 -0.001474
11.950000 -0.000626 -0.001506
11.960000 -0.000583 -0.001536
11.970000 -0.000540 -0.001565
11.980000 -0.000496 -0.001594
11.990000 -0.000451 -0.001621
12.000000 -0.000405 -0.001647
12.010000 -0.000358 -0.001672
12.020000 -0.000310 -0.001696
12.030000 -0.000262 -0.001719
12.040000 -0.000213 -0.001740
12.050000 -0.000164 -0.001760
12.060000 -0.000113 -0.001780
12.070000 -0.000063 -0.001797
12.080000 -0.000011 -0.001814
12.090000 0.000040 -0.001829
12.100000 0.000092 -0.001843
12.110000 0.000145 -0.001856
12.120000 0.000198 -0.001867
12.130000 0.000251 -0.001877
12.140000 0.000304 -0.001885
12.150000 0.000358 -0.001893
12.160000 0.000412 -0.001898
12.170000 0.000466 -0.001903
12.180000 0.000520 -0.001906
12.190000 0.000574 -0.001907
12.200000 0.000628 -0.001907
12.210000 0.000681 -0.001906
12.220000 0.000735 -0.001903
12.230000 0.000789 -0.001899
12.240000 0.000842 -0.001894
12.250000 0.000895 -0.001887
12.260000 0.000948 -0.001878
12.270000 0.001001 -0.001868
12.280000 0.001053 -0.001857
12.290000 0.001104 -0.001845
12.300000 0.001156 -0.001831
12.310000 0.001206 -0.001815
12.320000 0.001256 -0.001798
12.330000 0.001306 -0.001780
12.340000 0.001355 -0.001761
12.350000 0.001403 -0.001740
12.360000 0.001450 -0.001718
12.370000 0.001497 -0.001695
12.380000 0.001543 -0.001670
12.390000 0.001588 -0.001645
12.400000 0.001632 -0.001618
12.410000 0.001675 -0.001589
12.420000 0.001717 -0.001560
12.430000 0.001758 -0.001530
12.440000 0.001798 -0.001498
12.450000 0.001837 -0.001465
12.460000 0.001875 -0.001432
12.470000 0.001912 -0.001397
12.480000 0.001948 -0.001361
12.490000 0.001982 -0.001324
12.500000 0.002016 -0.001287
12.510000 0.002048 -0.001248
12.520000 0.002078 -0.001209
12.530000 0.002108 -0.001169
12.540000 0.002136 -0.001128
12.550000 0.002163 -0.001086
12.560000 0.002188 -0.001043
12.570000 0.002213 -0.001000
12.580000 0.002235 -0.000956
12.590000 0.002257 -0.000912
12.600000 0.002276 -0.000867
12.610000 0.002295 -0.000821
12.620000 0.002312 -0.000775
12.630000 0.002327 -0.000729
12.640000 0.002341 -0.000682
12.650000 0.002354 -0.000635
12.660000 0.002365 -0.000587
12.670000 0.002375 -0.000539
12.680000 0.002383 -0.000491
12.690000 0.002390 -0.000443
12.700000 0.002395 -0.000394
12.710000 0.002398 -0.000346
12.720000 0.002400 -0.000297
12.730000 0.002401 -0.000248
12.740000 0.002400 -0.000199
12.750000 0.002398 -0.000150
12.760000 0.002394 -0.000102
12.770000 0.002389 -0.000053
12.780000 0.002382 -0.000005
12.790000 0.002374 0.000044
12.800000 0.002365 0.000092
12.810000 0.002354 0.000139
12.820000 0.002341 0.000187
12.830000 0.002328 0.000234
12.840000 0.002313 0.000281
12.850000 0.002296 0.000327
12.860000 0.002278 0.000373
12.870000 0.002259 0.000419
12.880000 0.002239 0.000464
12.890000 0.002217 0.000508
12.900000 0.002194 0.000552
12.910000 0.002170 0.000595
12.920000 0.002145 0.000638
12.930000 0.002118 0.000680
12.940000 0.002090 0.000721
12.950000 0.002061 0.000762
12.960000 0.002032 0.000802
12.970000 0.002001 0.000841
12.980000 0.001969 0.000879
12.990000 0.001936 0.000916
13.000000 0.001902 0.000953
13.010000 0.001867 0.000989
13.020000 0.001831 0.001024
13.030000 0.001794 0.001058
13.040000 0.001757 0.001091
13.050000 0.001718 0.001123
13.060000 0.001679 0.001154
13.070000 0.001639 0.001184
13.080000 0.001598 0.001213
13.090000 0.001557 0.001242
13.100000 0.001515 0.001269
13.110000 0.001473 0.001295
13.120000 0.001430 0.001320
13.130000 0.001386 0.001344
13.140000 0.001342 0.001367
13.150000 0.001297 0.001389
13.160000 0.001252 0.001410
13.170000 0.001207 0.001429
13.180000 0.001161 0.001448
13.190000 0.001115 0.001466
13.200000 0.001069 0.001482
13.210000 0.001022 0.001497
13.220000 0.000975 0.001512
13.230000 0.000928 0.001525
13.240000 0.000881 0.001537
13.250000 0.000834 0.001548
13.260000 0.000787 0.001558
13.270000 0.000739 0.001567
13.280000 0.000692 0.001575
13.290000 0.000645 0.001581
13.300000 0.000597 0.001587
13.310000 0.000550 0.001591
13.320000 0.000503 0.001595
13.330000 0.000456 0.001597
13.340000 0.000410 0.001599
13.350000 0.000363 0.001599
13.360000 0.000317 0.001599
13.370000 0.000271 0.001597
13.380000 0.000225 0.001594
13.390000 0.000180 0.001591
13.400000 0.000135 0.001586
13.410000 0.000091 0.001581
13.420000 0.000047 0.001574
13.430000 0.000003 0.001567
13.440000 -0.000040 0.001559
13.450000 -0.000083 0.001550
13.460000 -0.000125 0.001540
13.470000 -0.000167 0.001529
13.480000 -0.000208 0.001517
13.490000 -0.000248 0.001505
13.500000 -0.000288 0.001492
13.510000 -0.000327 0.001478
13.520000 -0.000366 0.001463
13.530000 -0.000404 0.001447
13.540000 -0.000441 0.001431
13.550000 -0.000478 0.001414
13.560000 -0.000514 0.001397
13.570000 -0.000549 0.001379
13.580000 -0.000583 0.001360
13.590000 -0.000617 0.001340
13.600000 -0.000650 0.001321
13.610000 -0.000682 0.001300
13.620000 -0.000713 0.001279
13.630000 -0.000743 0.001257
13.640000 -0.000773 0.001235
13.650000 -0.000802 0.001213
13.660000 -0.000830 0.001190
13.670000 -0.000857 0.001167
13.680000 -0.000883 0.001143
13.690000 -0.000909 0.001119
13.700000 -0.000934 0.001095
13.710000 -0.000957 0.001070
13.720000 -0.000980 0.001045
13.730000 -0.001002 0.001020
13.740000 -0.001023 0.000994
13.750000 -0.001044 0.000968
13.760000 -0.001063 0.000942
13.770000 -0.001082 0.000916
13.780000 -0.001099 0.000890
13.790000 -0.001116 0.000863
13.800000 -0.001132 0.000837
13.810000 -0.001147 0.000810
13.820000 -0.001162 0.000783
13.830000 -0.001175 0.000756
13.840000 -0.001188 0.000729
13.850000 -0.001199 0.000702
13.860000 -0.001210 0.000675
13.870000 -0.001220 0.000649
13.880000 -0.001229 0.000622
13.890000 -0.001238 0.000595
13.900000 -0.001246 0.000568
13.910000 -0.001252 0.000542
13.920000 -0.001258 0.000515
13.930000 -0.001264 0.000489
13.940000 -0.001268 0.000463
13.950000 -0.001272 0.000436
13.960000 -0.001275 0.000411
13.970000 -0.001277 0.000385
13.980000 -0.001278 0.000359
13.990000 -0.001279 0.000334
14.000000 -0.001279 0.000309
14.010000 -0.001279 0.000284
14.020000 -0.001277 0.000260
14.030000 -0.001275 0.000236
14.040000 -0.001273 0.000212
14.050000 -0.001270 0.000188
14.060000 -0.001266 0.000165
14.070000 -0.001261 0.000142
14.080000 -0.001256 0.000119
14.090000 -0.001250 0.000097
14.100000 -0.001244 0.000075
14.110000 -0.001237 0.000053
14.120000 -0.001230 0.000032
14.130000 -0.001222 0.000011
14.140000 -0.001214 -0.000010
14.150000 -0.001205 -0.000030
14.160000 -0.001196 -0.000050
14.170000 -0.001186 -0.000069
14.180000 -0.001176 -0.000088
14.190000 -0.001165 -0.000106
14.200000 -0.001154 -0.000124
14.210000 -0.001143 -0.000142
14.220000 -0.001131 -0.000159
14.230000 -0.001119 -0.000176
14.240000 -0.001106 -0.000192
14.250000 -0.001093 -0.000208
14.260000 -0.001080 -0.000224
14.270000 -0.001066 -0.000239
14.280000 -0.001053 -0.000253
14.290000 -0.001038 -0.000267
14.300000 -0.001024 -0.000281
14.310000 -0.001010 -0.000294
14.320000 -0.000995 -0.000307
14.330000 -0.000980 -0.000320
14.340000 -0.000964 -0.000332
14.350000 -0.000949 -0.000343
14.360000 -0.000933 -0.000354
14.370000 -0.000917 -0.000365
14.380000 -0.000902 -0.000375
14.390000 -0.000885 -0.000385
14.400000 -0.000869 -0.000394
14.410000 -0.000853 -0.000403
14.420000 -0.000837 -0.000411
14.430000 -0.000820 -0.000419
14.440000 -0.000804 -0.000427
14.450000 -0.000787 -0.000434
14.460000 -0.000770 -0.000441
14.470000 -0.000754 -0.000447
14.480000 -0.000737 -0.000453
14.490000 -0.000720 -0.000459
14.500000 -0.000703 -0.000464
14.510000 -0.000687 -0.000468
14.520000 -0.000670 -0.000473
14.530000 -0.000653 -0.000477
14.540000 -0.000637 -0.000481
14.550000 -0.000620 -0.000484
14.560000 -0.000604 -0.000487
14.570000 -0.000587 -0.000489
14.580000 -0.000571 -0.000492
14.590000 -0.000554 -0.000493
14.600000 -0.000538 -0.000495
14.610000 -0.000522 -0.000496
14.620000 -0.000506 -0.000497
14.630000 -0.000490 -0.000498
14.640000 -0.000475 -0.000498
14.650000 -0.000459 -0.000498
14.660000 -0.000443 -0.000498
14.670000 -0.000428 -0.000497
14.680000 -0.000413 -0.000496
14.690000 -0.000398 -0.000495
14.700000 -0.000383 -0.000494
14.710000 -0.000368 -0.000492
14.720000 -0.000354 -0.000490
14.730000 -0.000340 -0.000488
14.740000 -0.000325 -0.000486
14.750000 -0.000311 -0.000483
14.760000 -0.000298 -0.000480
14.770000 -0.000284 -0.000477
14.780000 -0.000271 -0.000474
14.790000 -0.000257 -0.000471
14.800000 -0.000244 -0.000467
14.810000 -0.000232 -0.000463
14.820000 -0.000219 -0.000460
14.830000 -0.000207 -0.000455
14.840000 -0.000195 -0.000451
14.850000 -0.000183 -0.000447
14.860000 -0.000171 -0.000442
14.870000 -0.000159 -0.000437
14.880000 -0.000148 -0.000433
14.890000 -0.000137 -0.000428
14.900000 -0.000126 -0.000422
14.910000 -0.000116 -0.000417
14.920000 -0.000105 -0.000412
14.930000 -0.000095 -0.000406
14.940000 -0.000085 -0.000401
14.950000 -0.000076 -0.000395
14.960000 -0.000066 -0.000390
14.970000 -0.000057 -0.000384
14.980000 -0.000048 -0.000378
14.990000 -0.000039 -0.000372
15.000000 -0.000030 -0.000366
15.010000 -0.000022 -0.000360
15.020000 -0.000014 -0.000354
15.030000 -0.000006 -0.000348
15.040000 0.000002 -0.000342
15.050000 0.000009 -0.000336
15.060000 0.000016 -0.000330
15.070000 0.000023 -0.000323
15.080000 0.000030 -0.000317
15.090000 0.000037 -0.000311
15.100000 0.000043 -0.000305
15.110000 0.000049 -0.000298
15.120000 0.000055 -0.000292
15.130000 0.000061 -0.000286
15.140000 0.000067 -0.000280
15.150000 0.000072 -0.000273
15.160000 0.000077 -0.000267
15.170000 0.000083 -0.000261
15.180000 0.000087 -0.000255
15.190000 0.000092 -0.000249
15.200000 0.000096 -0.000243
15.210000 0.000101 -0.000237
15.220000 0.000105 -0.000231
15.230000 0.000109 -0.000225
15.240000 0.000112 -0.000219
15.250000 0.000116 -0.000213
15.260000 0.000119 -0.000207
15.270000 0.000123 -0.000201
15.280000 0.000126 -0.000195
15.290000 0.000129 -0.000189
15.300000 0.000132 -0.000184
15.310000 0.000134 -0.000178
15.320000 0.000137 -0.000173
15.330000 0.000139 -0.000167
15.340000 0.000141 -0.000162
15.350000 0.000143 -0.000156
15.360000 0.000145 -0.000151
15.370000 0.000147 -0.000146
15.380000 0.000149 -0.000141
15.390000 0.000150 -0.000136
15.400000 0.000152 -0.000131
15.410000 0.000153 -0.000126
15.420000 0.000154 -0.000121
15.430000 0.000155 -0.000116
15.440000 0.000156 -0.000111
15.450000 0.000157 -0.000107
15.460000 0.000158 -0.000102
15.470000 0.000158 -0.000098
15.480000 0.000159 -0.000093
15.490000 0.000159 -0.000089
15.500000 0.000159 -0.000085
15.510000 0.000160 -0.000081
15.520000 0.000160 -0.000076
15.530000 0.000160 -0.000072
15.540000 0.000160 -0.000068
15.550000 0.000160 -0.000065
15.560000 0.000160 -0.000061
15.570000 0.000159 -0.000057
15.580000 0.000159 -0.000053
15.590000 0.000159 -0.000050
15.600000 0.000158 -0.000046
15.610000 0.000158 -0.000043
15.620000 0.000157 -0.000040
15.630000 0.000157 -0.000036
15.640000 0.000156 -0.000033
15.650000 0.000155 -0.000030
15.660000 0.000154 -0.000027
15.670000 0.000154 -0.000024
15.680000 0.000153 -0.000021
15.690000 0.000152 -0.000018
15.700000 0.000151 -0.000015
15.710000 0.000150 -0.000013
15.720000 0.000149 -0.000010
15.730000 0.000148 -0.000007
15.740000 0.000147 -0.000005
15.750000 0.000145 -0.000002
15.760000 0.000144 -0.000000
15.770000 0.000143 0.000002
15.780000 0.000142 0.000005
15.790000 0.000140 0.000007
15.800000 0.000139 0.000009
15.810000 0.000138 0.000011
15.820000 0.000136 0.000013
15.830000 0.000135 0.000015
15.840000 0.000133 0.000017
15.850000 0.000132 0.000019
15.860000 0.000131 0.000021
15.870000 0.000129 0.000022
15.880000 0.000128 0.000024
15.890000 0.000126 0.000026
15.900000 0.000125 0.000027
15.910000 0.000123 0.000029
15.920000 0.000121 0.000031
15.930000 0.000120 0.000032
15.940000 0.000118 0.000033
15.950000 0.000117 0.000035
15.960000 0.000115 0.000036
15.970000 0.000113 0.000037
15.980000 0.000112 0.000039
15.990000 0.000110 0.000040
16.000000 0.000109 0.000041
16.010000 0.000107 0.000042
16.020000 0.000105 0.000043
16.030000 0.000104 0.000044
16.040000 0.000102 0.000045
16.050000 0.000100 0.000046
16.060000 0.000099 0.000047
16.070000 0.000097 0.000048
16.080000 0.000095 0.000049
16.090000 0.000094 0.000050
16.100000 0.000092 0.000051
16.110000 0.000090 0.000052
16.120000 0.000088 0.000052
16.130000 0.000087 0.000053
16.140000 0.000085 0.000054
16.150000 0.000083 0.000054
16.160000 0.000082 0.000055
16.170000 0.000080 0.000056
16.180000 0.000078 0.000056
16.190000 0.000076 0.000057
16.200000 0.000075 0.000057
16.210000 0.000073 0.000058
16.220000 0.000071 0.000058
16.230000 0.000070 0.000059
16.240000 0.000068 0.000059
16.250000 0.000066 0.000060
16.260000 0.000064 0.000060
16.270000 0.000063 0.000060
16.280000 0.000061 0.000060
16.290000 0.000059 0.000061
16.300000 0.000057 0.000061
16.310000 0.000056 0.000061
16.320000 0.000054 0.000061
16.330000 0.000052 0.000062
16.340000 0.000051 0.000062
16.350000 0.000049 0.000062
16.360000 0.000047 0.000062
16.370000 0.000045 0.000062
16.380000 0.000044 0.000062
16.390000 0.000042 0.000062
16.400000 0.000040 0.000062
16.410000 0.000039 0.000062
16.420000 0.000037 0.000062
16.430000 0.000035 0.000062
16.440000 0.000034 0.000062
16.450000 0.000032 0.000061
16.460000 0.000030 0.000061
16.470000 0.000029 0.000061
16.480000 0.000027 0.000061
16.490000 0.000025 0.000061
16.500000 0.000024 0.000060
16.510000 0.000022 0.000060
16.520000 0.000020 0.000060
16.530000 0.000019 0.000059
16.540000 0.000017 0.000059
16.550000 0.000016 0.000058
16.560000 0.000014 0.000058
16.570000 0.000013 0.000057
16.580000 0.000011 0.000057
16.590000 0.000009 0.000056
16.600000 0.000008 0.000056
16.610000 0.000006 0.000055
16.620000 0.000005 0.000055
16.630000 0.000003 0.000054
16.640000 0.000002 0.000053
16.650000 0.000000 0.000053
16.660000 -0.000001 0.000052
16.670000 -0.000002 0.000051
16.680000 -0.000004 0.000050
16.690000 -0.000005 0.000049
16.700000 -0.000006 0.000049
16.710000 -0.000008 0.000048
16.720000 -0.000009 0.000047
16.730000 -0.000010 0.000046
16.740000 -0.000012 0.000045
16.750000 -0.000013 0.000044
16.760000 -0.000014 0.000043
16.770000 -0.000015 0.000042
16.780000 -0.000016 0.000041
16.790000 -0.000017 0.000040
16.800000 -0.000019 0.000039
16.810000 -0.000020 0.000037
16.820000 -0.000021 0.000036
16.830000 -0.000022 0.000035
16.840000 -0.000023 0.000034
16.850000 -0.000024 0.000033
16.860000 -0.000024 0.000031
16.870000 -0.000025 0.000030
16.880000 -0.000026 0.000029
16.890000 -0.000027 0.000027
16.900000 -0.000028 0.000026
16.910000 -0.000028 0.000025
16.920000 -0.000029 0.000023
16.930000 -0.000030 0.000022
16.940000 -0.000030 0.000021
16.950000 -0.000031 0.000019
16.960000 -0.000031 0.000018
16.970000 -0.000032 0.000016
16.980000 -0.000032 0.000015
16.990000 -0.000033 0.000013
17.000000 -0.000033 0.000012
17.010000 -0.000033 0.000010
17.020000 -0.000034 0.000009
17.030000 -0.000034 0.000008
17.040000 -0.000034 0.000006
17.050000 -0.000034 0.000005
17.060000 -0.000034 0.000003
17.070000 -0.000034 0.000002
17.080000 -0.000034 0.000000
17.090000 -0.000034 -0.000001
17.100000 -0.000034 -0.000003
17.110000 -0.000034 -0.000004
17.120000 -0.000034 -0.000006
17.130000 -0.000034 -0.000007
17.140000 -0.000033 -0.000009
17.150000 -0.000033 -0.000010
17.160000 -0.000033 -0.000012
17.170000 -0.000032 -0.000013
17.180000 -0.000032 -0.000015
17.190000 -0.000031 -0.000016
17.200000 -0.000031 -0.000018
17.210000 -0.000030 -0.000019
17.220000 -0.000030 -0.000020
17.230000 -0.000029 -0.000022
17.240000 -0.000028 -0.000023
17.250000 -0.000028 -0.000024
17.260000 -0.000027 -0.000026
17.270000 -0.000026 -0.000027
17.280000 -0.000025 -0.000028
17.290000 -0.000024 -0.000029
17.300000 -0.000023 -0.000030
17.310000 -0.000022 -0.000031
17.320000 -0.000021 -0.000033
17.330000 -0.000020 -0.000034
17.340000 -0.000019 -0.000035
17.350000 -0.000018 -0.000036
17.360000 -0.000017 -0.000037
17.370000 -0.000016 -0.000038
17.380000 -0.000014 -0.000039
17.390000 -0.000013 -0.000039
17.400000 -0.000012 -0.000040
17.410000 -0.000011 -0.000041
17.420000 -0.000009 -0.000042
17.430000 -0.000008 -0.000042
17.440000 -0.000007 -0.000043
17.450000 -0.000005 -0.000044
17.460000 -0.000004 -0.000044
17.470000 -0.000002 -0.000045
17.480000 -0.000001 -0.000045
17.490000 0.000001 -0.000046
17.500000 0.000002 -0.000046
17.510000 0.000003 -0.000046
17.520000 0.000005 -0.000047
17.530000 0.000006 -0.000047
17.540000 0.000008 -0.000047
17.550000 0.000009 -0.000047
17.560000 0.000011 -0.000047
17.570000 0.000013 -0.000047
17.580000 0.000014 -0.000047
17.590000 0.000016 -0.000047
17.600000 0.000017 -0.000047
17.610000 0.000019 -0.000047
17.620000 0.000020 -0.000047
17.630000 0.000022 -0.000046
17.640000 0.000023 -0.000046
17.650000 0.000025 -0.000046
17.660000 0.000026 -0.000045
17.670000 0.000028 -0.000045
17.680000 0.000029 -0.000044
17.690000 0.000030 -0.000044
17.700000 0.000032 -0.000043
17.710000 0.000033 -0.000042
17.720000 0.000035 -0.000042
17.730000 0.000036 -0.000041
17.740000 0.000037 -0.000040
17.750000 0.000038 -0.000039
17.760000 0.000040 -0.000038
17.770000 0.000041 -0.000037
17.780000 0.000042 -0.000036
17.790000 0.000043 -0.000035
17.800000 0.000044 -0.000034
17.810000 0.000046 -0.000033
17.820000 0.000047 -0.000032
17.830000 0.000048 -0.000031
17.840000 0.000049 -0.000029
17.850000 0.000050 -0.000028
17.860000 0.000051 -0.000027
17.870000 0.000051 -0.000025
17.880000 0.000052 -0.000024
17.890000 0.000053 -0.000023
17.900000 0.000054 -0.000021
17.910000 0.000054 -0.000020
17.920000 0.000055 -0.000018
17.930000 0.000056 -0.000017
17.940000 0.000056 -0.000015
17.950000 0.000057 -0.000014
17.960000 0.000057 -0.000012
17.970000 0.000057 -0.000010
17.980000 0.000058 -0.000009
17.990000 0.000058 -0.000007
18.000000 0.000058 -0.000005
18.010000 0.000059 -0.000004
18.020000 0.000059 -0.000002
18.030000 0.000059 -0.000000
18.040000 0.000059 0.000001
18.050000 0.000059 0.000003
18.060000 0.000059 0.000005
18.070000 0.000058 0.000007
18.080000 0.000058 0.000008
18.090000 0.000058 0.000010
18.100000 0.000058 0.000012
18.110000 0.000057 0.000013
18.120000 0.000057 0.000015
18.130000 0.000056 0.000017
18.140000 0.000056 0.000019
18.150000 0.000055 0.000020
18.160000 0.000055 0.000022
18.170000 0.000054 0.000024
18.180000 0.000053 0.000025
18.190000 0.000053 0.000027
18.200000 0.000052 0.000028
18.210000 0.000051 0.000030
18.220000 0.000050 0.000032
18.230000 0.000049 0.000033
18.240000 0.000048 0.000035
18.250000 0.000047 0.000036
18.260000 0.000046 0.000038
18.270000 0.000045 0.000039
18.280000 0.000043 0.000041
18.290000 0.000042 0.000042
18.300000 0.000041 0.000043
18.310000 0.000040 0.000045
18.320000 0.000038 0.000046
18.330000 0.000037 0.000047
18.340000 0.000035 0.000048
18.350000 0.000034 0.000049
18.360000 0.000032 0.000051
18.370000 0.000031 0.000052
18.380000 0.000029 0.000053
18.390000 0.000028 0.000054
18.400000 0.000026 0.000055
18.410000 0.000025 0.000056
18.420000 0.000023 0.000056
18.430000 0.000021 0.000057
18.440000 0.000019 0.000058
18.450000 0.000018 0.000059
18.460000 0.000016 0.000060
18.470000 0.000014 0.000060
18.480000 0.000012 0.000061
18.490000 0.000011 0.000061
18.500000 0.000009 0.000062
18.510000 0.000007 0.000062
18.520000 0.000005 0.000063
18.530000 0.000003 0.000063
18.540000 0.000002 0.000063
18.550000 -0.000000 0.000063
18.560000 -0.000002 0.000064
18.570000 -0.000004 0.000064
18.580000 -0.000006 0.000064
18.590000 -0.000008 0.000064
18.600000 -0.000010 0.000064
18.610000 -0.000011 0.000064
18.620000 -0.000013 0.000064
18.630000 -0.000015 0.000063
18.640000 -0.000017 0.000063
18.650000 -0.000019 0.000063
18.660000 -0.000020 0.000063
18.670000 -0.000022 0.000062
18.680000 -0.000024 0.000062
18.690000 -0.000026 0.000061
18.700000 -0.000027 0.000061
18.710000 -0.000029 0.000060
18.720000 -0.000031 0.000060
18.730000 -0.000032 0.000059
18.740000 -0.000034 0.000058
18.750000 -0.000035 0.000058
18.760000 -0.000037 0.000057
18.770000 -0.000038 0.000056
18.780000 -0.000040 0.000055
18.790000 -0.000041 0.000054
18.800000 -0.000043 0.000053
18.810000 -0.000044 0.000052
18.820000 -0.000046 0.000051
18.830000 -0.000047 0.000050
18.840000 -0.000048 0.000049
18.850000 -0.000049 0.000048
18.860000 -0.000051 0.000047
18.870000 -0.000052 0.000046
18.880000 -0.000053 0.000045
18.890000 -0.000054 0.000043
18.900000 -0.000055 0.000042
18.910000 -0.000056 0.000041
18.920000 -0.000057 0.000040
18.930000 -0.000058 0.000038
18.940000 -0.000059 0.000037
18.950000 -0.000060 0.000035
18.960000 -0.000060 0.000034
18.970000 -0.000061 0.000033
18.980000 -0.000062 0.000031
18.990000 -0.000063 0.000030
19.000000 -0.000063 0.000028
19.010000 -0.000064 0.000027
19.020000 -0.000064 0.000025
19.030000 -0.000065 0.000024
19.040000 -0.000065 0.000022
19.050000 -0.000065 0.000021
19.060000 -0.000066 0.000019
19.070000 -0.000066 0.000018
19.080000 -0.000066 0.000016
19.090000 -0.000066 0.000015
19.100000 -0.000066 0.000013
19.110000 -0.000067 0.000012
19.120000 -0.000067 0.000010
19.130000 -0.000067 0.000008
19.140000 -0.000066 0.000007
19.150000 -0.000066 0.000005
19.160000 -0.000066 0.000004
19.170000 -0.000066 0.000002
19.180000 -0.000066 0.000001
19.190000 -0.000066 -0.000001
19.200000 -0.000065 -0.000002
19.210000 -0.000065 -0.000004
19.220000 -0.000064 -0.000005
19.230000 -0.000064 -0.000006
19.240000 -0.000063 -0.000008
19.250000 -0.000063 -0.000009
19.260000 -0.000062 -0.000011
19.270000 -0.000062 -0.000012
19.280000 -0.000061 -0.000013
19.290000 -0.000060 -0.000015
19.300000 -0.000060 -0.000016
19.310000 -0.000059 -0.000017
19.320000 -0.000058 -0.000019
19.330000 -0.000057 -0.000020
19.340000 -0.000056 -0.000021
19.350000 -0.000055 -0.000022
19.360000 -0.000055 -0.000023
19.370000 -0.000054 -0.000025
19.380000 -0.000053 -0.000026
19.390000 -0.000052 -0.000027
19.400000 -0.000051 -0.000028
19.410000 -0.000050 -0.000029
19.420000 -0.000048 -0.000030
19.430000 -0.000047 -0.000031
19.440000 -0.000046 -0.000032
19.450000 -0.000045 -0.000033
19.460000 -0.000044 -0.000033
19.470000 -0.000043 -0.000034
19.480000 -0.000042 -0.000035
19.490000 -0.000040 -0.000036
19.500000 -0.000039 -0.000037
19.510000 -0.000038 -0.000037
19.520000 -0.000037 -0.000038
19.530000 -0.000035 -0.000039
19.540000 -0.000034 -0.000039
19.550000 -0.000033 -0.000040
19.560000 -0.000031 -0.000040
19.570000 -0.000030 -0.000041
19.580000 -0.000029 -0.000041
19.590000 -0.000027 -0.000042
19.600000 -0.000026 -0.000042
19.610000 -0.000025 -0.000043
19.620000 -0.000023 -0.000043
19.630000 -0.000022 -0.000043
19.640000 -0.000021 -0.000044
19.650000 -0.000019 -0.000044
19.660000 -0.000018 -0.000044
19.670000 -0.000017 -0.000044
19.680000 -0.000015 -0.000044
19.690000 -0.000014 -0.000044
19.700000 -0.000013 -0.000044
19.710000 -0.000011 -0.000045
19.720000 -0.000010 -0.000045
19.730000 -0.000009 -0.000045
19.740000 -0.000007 -0.000044
19.750000 -0.000006 -0.000044
19.760000 -0.000005 -0.000044
19.770000 -0.000004 -0.000044
19.780000 -0.000002 -0.000044
19.790000 -0.000001 -0.000044
19.800000 0.000000 -0.000044
19.810000 0.000001 -0.000043
19.820000 0.000002 -0.000043
19.830000 0.000004 -0.000043
19.840000 0.000005 -0.000042
19.850000 0.000006 -0.000042
19.860000 0.000007 -0.000042
19.870000 0.000008 -0.000041
19.880000 0.000009 -0.000041
19.890000 0.000010 -0.000040
19.900000 0.000011 -0.000040
19.910000 0.000012 -0.000040
19.920000 0.000013 -0.000039
19.930000 0.000014 -0.000039
19.940000 0.000015 -0.000038
19.950000 0.000016 -0.000037
19.960000 0.000017 -0.000037
19.970000 0.000018 -0.000036
19.980000 0.000019 -0.000036
19.990000 0.000020 -0.000035
20.000000 0.000021 -0.000034
20.010000 0.000021 -0.000034
20.020000 0.000022 -0.000033
20.030000 0.000023 -0.000032
20.040000 0.000024 -0.000032
20.050000 0.000024 -0.000031
20.060000 0.000025 -0.000030
20.070000 0.000026 -0.000030
20.080000 0.000026 -0.000029
20.090000 0.000027 -0.000028
20.100000 0.000028 -0.000027
20.110000 0.000028 -0.000027
20.120000 0.000029 -0.000026
20.130000 0.000029 -0.000025
20.140000 0.000030 -0.000024
20.150000 0.000030 -0.000024
20.160000 0.000030 -0.000023
20.170000 0.000031 -0.000022
20.180000 0.000031 -0.000021
20.190000 0.000032 -0.000021
20.200000 0.000032 -0.000020
20.210000 0.000032 -0.000019
20.220000 0.000032 -0.000018
20.230000 0.000033 -0.000017
20.240000 0.000033 -0.000017
20.250000 0.000033 -0.000016
20.260000 0.000033 -0.000015
20.270000 0.000034 -0.000014
20.280000 0.000034 -0.000014
20.290000 0.000034 -0.000013
20.300000 0.000034 -0.000012
20.310000 0.000034 -0.000011
20.320000 0.000034 -0.000011
20.330000 0.000034 -0.000010
20.340000 0.000034 -0.000009
20.350000 0.000034 -0.000008
20.360000 0.000034 -0.000008
20.370000 0.000034 -0.000007
20.380000 0.000034 -0.000006
20.390000 0.000034 -0.000006
20.400000 0.000034 -0.000005
20.410000 0.000034 -0.000004
20.420000 0.000033 -0.000003
20.430000 0.000033 -0.000003
20.440000 0.000033 -0.000002
20.450000 0.000033 -0.000002
20.460000 0.000033 -0.000001
20.470000 0.000033 -0.000000
20.480000 0.000032 0.000000
20.490000 0.000032 0.000001
20.500000 0.000032 0.000001
20.510000 0.000031 0.000002
20.520000 0.000031 0.000003
20.530000 0.000031 0.000003
20.540000 0.000031 0.000004
20.550000 0.000030 0.000004
20.560000 0.000030 0.000005
20.570000 0.000030 0.000005
20.580000 0.000029 0.000006
20.590000 0.000029 0.000006
20.600000 0.000028 0.000007
20.610000 0.000028 0.000007
20.620000 0.000028 0.000008
20.630000 0.000027 0.000008
20.640000 0.000027 0.000008
20.650000 0.000026 0.000009
20.660000 0.000026 0.000009
20.670000 0.000026 0.000010
20.680000 0.000025 0.000010
20.690000 0.000025 0.000010
20.700000 0.000024 0.000011
20.710000 0.000024 0.000011
20.720000 0.000023 0.000011
20.730000 0.000023 0.000011
20.740000 0.000022 0.000012
20.750000 0.000022 0.000012
20.760000 0.000021 0.000012
20.770000 0.000021 0.000012
20.780000 0.000020 0.000013
20.790000 0.000020 0.000013
20.800000 0.000019 0.000013
20.810000 0.000019 0.000013
20.820000 0.000018 0.000013
20.830000 0.000018 0.000014
20.840000 0.000017 0.000014
20.850000 0.000017 0.000014
20.860000 0.000017 0.000014
20.870000 0.000016 0.000014
20.880000 0.000016 0.000014
20.890000 0.000015 0.000014
20.900000 0.000015 0.000014
20.910000 0.000014 0.000014
20.920000 0.000014 0.000015
20.930000 0.000013 0.000015
20.940000 0.000013 0.000015
20.950000 0.000012 0.000015
20.960000 0.000012 0.000015
20.970000 0.000011 0.000015
20.980000 0.000011 0.000015
20.990000 0.000010 0.000015
21.000000 0.000010 0.000015
21.010000 0.000010 0.000015
21.020000 0.000009 0.000015
21.030000 0.000009 0.000015
21.040000 0.000008 0.000014
21.050000 0.000008 0.000014
21.060000 0.000007 0.000014
21.070000 0.000007 0.000014
21.080000 0.000007 0.000014
21.090000 0.000006 0.000014
21.100000 0.000006 0.000014
21.110000 0.000005 0.000014
21.120000 0.000005 0.000014
21.130000 0.000005 0.000014
21.140000 0.000004 0.000014
21.150000 0.000004 0.000013
21.160000 0.000004 0.000013
21.170000 0.000003 0.000013
21.180000 0.000003 0.000013
21.190000 0.000003 0.000013
21.200000 0.000002 0.000013
21.210000 0.000002 0.000013
21.220000 0.000002 0.000012
21.230000 0.000001 0.000012
21.240000 0.000001 0.000012
21.250000 0.000001 0.000012
21.260000 0.000000 0.000012
21.270000 0.000000 0.000012
21.280000 -0.000000 0.000011
21.290000 -0.000000 0.000011
21.300000 -0.000001 0.000011
21.310000 -0.000001 0.000011
21.320000 -0.000001 0.000011
21.330000 -0.000001 0.000010
21.340000 -0.000002 0.000010
21.350000 -0.000002 0.000010
21.360000 -0.000002 0.000010
21.370000 -0.000002 0.000010
21.380000 -0.000002 0.000010
21.390000 -0.000003 0.000009
21.400000 -0.000003 0.000009
21.410000 -0.000003 0.000009
21.420000 -0.000003 0.000009
21.430000 -0.000003 0.000009
21.440000 -0.000003 0.000008
21.450000 -0.000004 0.000008
21.460000 -0.000004 0.000008
21.470000 -0.000004 0.000008
21.480000 -0.000004 0.000008
21.490000 -0.000004 0.000007
21.500000 -0.000004 0.000007
21.510000 -0.000004 0.000007
21.520000 -0.000005 0.000007
21.530000 -0.000005 0.000007
21.540000 -0.000005 0.000006
21.550000 -0.000005 0.000006
21.560000 -0.000005 0.000006
21.570000 -0.000005 0.000006
21.580000 -0.000005 0.000006
21.590000 -0.000005 0.000005
21.600000 -0.000005 0.000005
21.610000 -0.000005 0.000005
21.620000 -0.000005 0.000005
21.630000 -0.000005 0.000005
21.640000 -0.000006 0.000005
21.650000 -0.000006 0.000004
21.660000 -0.000006 0.000004
21.670000 -0.000006 0.000004
21.680000 -0.000006 0.000004
21.690000 -0.000006 0.000004
21.700000 -0.000006 0.000004
21.710000 -0.000006 0.000003
21.720000 -0.000006 0.000003
21.730000 -0.000006 0.000003
21.740000 -0.000006 0.000003
21.750000 -0.000006 0.000003
21.760000 -0.000006 0.000003
21.770000 -0.000006 0.000003
21.780000 -0.000006 0.000002
21.790000 -0.000006 0.000002
21.800000 -0.000006 0.000002
21.810000 -0.000006 0.000002
21.820000 -0.000006 0.000002
21.830000 -0.000006 0.000002
21.840000 -0.000006 0.000002
21.850000 -0.000006 0.000001
21.860000 -0.000006 0.000001
21.870000 -0.000006 0.000001
21.880000 -0.000006 0.000001
21.890000 -0.000006 0.000001
21.900000 -0.000006 0.000001
21.910000 -0.000006 0.000001
21.920000 -0.000006 0.000001
21.930000 -0.000005 0.000001
21.940000 -0.000005 0.000000
21.950000 -0.000005 0.000000
21.960000 -0.000005 0.000000
21.970000 -0.000005 0.000000
21.980000 -0.000005 0.000000
21.990000 -0.000005 0.000000
22.000000 -0.000005 -0.000000
22.010000 -0.000005 -0.000000
22.020000 -0.000005 -0.000000
22.030000 -0.000005 -0.000000
22.040000 -0.000005 -0.000000
22.050000 -0.000005 -0.000000
22.060000 -0.000005 -0.000001
22.070000 -0.000005 -0.000001
22.080000 -0.000005 -0.000001
22.090000 -0.000005 -0.000001
22.100000 -0.000005 -0.000001
22.110000 -0.000005 -0.000001
22.120000 -0.000005 -0.000001
22.130000 -0.000004 -0.000001
22.140000 -0.000004 -0.000001
22.150000 -0.000004 -0.000001
22.160000 -0.000004 -0.000001
22.170000 -0.000004 -0.000001
22.180000 -0.000004 -0.000001
22.190000 -0.000004 -0.000001
22.200000 -0.000004 -0.000001
22.210000 -0.000004 -0.000001
22.220000 -0.000004 -0.000001
22.230000 -0.000004 -0.000001
22.240000 -0.000004 -0.000001
22.250000 -0.000004 -0.000002
22.260000 -0.000004 -0.000002
22.270000 -0.000004 -0.000002
22.280000 -0.000004 -0.000002
22.290000 -0.000004 -0.000002
22.300000 -0.000003 -0.000002
22.310000 -0.000003 -0.000002
22.320000 -0.000003 -0.000002
22.330000 -0.000003 -0.000002
22.340000 -0.000003 -0.000002
22.350000 -0.000003 -0.000002
22.360000 -0.000003 -0.000002
22.370000 -0.000003 -0.000002
22.380000 -0.000003 -0.000002
22.390000 -0.000003 -0.000002
22.400000 -0.000003 -0.000002
22.410000 -0.000003 -0.000002
22.420000 -0.000003 -0.000002
22.430000 -0.000003 -0.000002
22.440000 -0.000003 -0.000002
22.450000 -0.000003 -0.000002
22.460000 -0.000003 -0.000002
22.470000 -0.000002 -0.000002
22.480000 -0.000002 -0.000002
22.490000 -0.000002 -0.000002
22.500000 -0.000002 -0.000002
22.510000 -0.000002 -0.000002
22.520000 -0.000002 -0.000002
22.530000 -0.000002 -0.000002
22.540000 -0.000002 -0.000002
22.550000 -0.000002 -0.000002
22.560000 -0.000002 -0.000002
22.570000 -0.000002 -0.000002
22.580000 -0.000002 -0.000002
22.590000 -0.000002 -0.000002
22.600000 -0.000002 -0.000002
22.610000 -0.000002 -0.000002
22.620000 -0.000002 -0.000002
22.630000 -0.000002 -0.000002
22.640000 -0.000002 -0.000002
22.650000 -0.000001 -0.000002
22.660000 -0.000001 -0.000002
22.670000 -0.000001 -0.000002
22.680000 -0.000001 -0.000002
22.690000 -0.000001 -0.000002
22.700000 -0.000001 -0.000002
22.710000 -0.000001 -0.000002
22.720000 -0.000001 -0.000002
22.730000 -0.000001 -0.000002
22.740000 -0.000001 -0.000002
22.750000 -0.000001 -0.000002
22.760000 -0.000001 -0.000002
22.770000 -0.000001 -0.000002
22.780000 -0.000001 -0.000002
22.790000 -0.000001 -0.000002
22.800000 -0.000001 -0.000002
22.810000 -0.000001 -0.000002
22.820000 -0.000001 -0.000002
22.830000 -0.000001 -0.000002
22.840000 -0.000000 -0.000002
22.850000 -0.000000 -0.000002
22.860000 -0.000000 -0.000002
22.870000 -0.000000 -0.000002
22.880000 -0.000000 -0.000002
22.890000 -0.000000 -0.000002
22.900000 -0.000000 -0.000002
22.910000 -0.000000 -0.000002
22.920000 -0.000000 -0.000002
22.930000 -0.000000 -0.000002
22.940000 -0.000000 -0.000002
22.950000 0.000000 -0.000002
22.960000 0.000000 -0.000002
22.970000 0.000000 -0.000002
22.980000 0.000000 -0.000002
22.990000 0.000000 -0.000002
23.000000 0.000000 -0.000002
23.010000 0.000000 -0.000002
23.020000 0.000000 -0.000002
23.030000 0.000000 -0.000002
23.040000 0.000000 -0.000002
23.050000 0.000000 -0.000002
23.060000 0.000000 -0.000002
23.070000 0.000001 -0.000002
23.080000 0.000001 -0.000002
23.090000 0.000001 -0.000001
23.100000 0.000001 -0.000001
23.110000 0.000001 -0.000001
23.120000 0.000001 -0.000001
23.130000 0.000001 -0.000001
23.140000 0.000001 -0.000001
23.150000 0.000001 -0.000001
23.160000 0.000001 -0.000001
23.170000 0.000001 -0.000001
23.180000 0.000001 -0.000001
23.190000 0.000001 -0.000001
23.200000 0.000001 -0.000001
23.210000 0.000001 -0.000001
23.220000 0.000001 -0.000001
23.230000 0.000001 -0.000001
23.240000 0.000001 -0.000001
23.250000 0.000001 -0.000001
23.260000 0.000001 -0.000001
23.270000 0.000001 -0.000001
23.280000 0.000001 -0.000001
23.290000 0.000001 -0.000001
23.300000 0.000001 -0.000001
23.310000 0.000001 -0.000001
23.320000 0.000001 -0.000001
23.330000 0.000001 -0.000001
23.340000 0.000001 -0.000001
23.350000 0.000001 -0.000000
23.360000 0.000001 -0.000000
23.370000 0.000001 -0.000000
23.380000 0.000001 -0.000000
23.390000 0.000001 -0.000000
23.400000 0.000001 -0.000000
23.410000 0.000001 -0.000000
23.420000 0.000001 -0.000000
23.430000 0.000001 -0.000000
23.440000 0.000001 -0.000000
23.450000 0.000001 -0.000000
23.460000 0.000001 -0.000000
23.470000 0.000001 0.000000
23.480000 0.000001 0.000000
23.490000 0.000001 0.000000
23.500000 0.000001 0.000000
23.510000 0.000001 0.000000
23.520000 0.000001 0.000000
23.530000 0.000001 0.000000
23.540000 0.000001 0.000000
23.550000 0.000001 0.000000
23.560000 0.000001 0.000000
23.570000 0.000001 0.000000
23.580000 0.000001 0.000000
23.590000 0.000001 0.000000
23.600000 0.000001 0.000001
23.610000 0.000001 0.000001
23.620000 0.000001 0.000001
23.630000 0.000001 0.000001
23.640000 0.000001 0.000001
23.650000 0.000001 0.000001
23.660000 0.000001 0.000001
23.670000 0.000001 0.000001
23.680000 0.000001 0.000001
23.690000 0.000001 0.000001
23.700000 0.000001 0.000001
23.710000 0.000001 0.000001
23.720000 0.000001 0.000001
23.730000 0.000001 0.000001
23.740000 0.000001 0.000001
23.750000 0.000001 0.000001
23.760000 0.000001 0.000001
23.770000 0.000001 0.000001
23.780000 0.000001 0.000001
23.790000 0.000001 0.000001
23.800000 0.000001 0.000001
23.810000 0.000000 0.000001
23.820000 0.000000 0.000001
23.830000 0.000000 0.000001
23.840000 0.000000 0.000001
23.850000 0.000000 0.000001
23.860000 0.000000 0.000001
23.870000 0.000000 0.000001
23.880000 0.000000 0.000001
23.890000 0.000000 0.000001
23.900000 0.000000 0.000001
23.910000 0.000000 0.000001
23.920000 0.000000 0.000001
23.930000 0.000000 0.000001
23.940000 0.000000 0.000001
23.950000 -0.000000 0.000001
23.960000 -0.000000 0.000001
23.970000 -0.000000 0.000001
23.980000 -0.000000 0.000001
23.990000 -0.000000 0.000001
24.000000 -0.000000 0.000001
24.010000 -0.000000 0.000001
24.020000 -0.000000 0.000001
24.030000 -0.000000 0.000001
24.040000 -0.000000 0.000001
24.050000 -0.000000 0.000001
24.060000 -0.000000 0.000001
24.070000 -0.000000 0.000001
24.080000 -0.000000 0.000001
24.090000 -0.000001 0.000001
24.100000 -0.000001 0.000001
24.110000 -0.000001 0.000001
24.120000 -0.000001 0.000001
24.130000 -0.000001 0.000001
24.140000 -0.000001 0.000001
24.150000 -0.000001 0.000001
24.160000 -0.000001 0.000001
24.170000 -0.000001 0.000001
24.180000 -0.000001 0.000001
24.190000 -0.000001 0.000001
24.200000 -0.000001 0.000001
24.210000 -0.000001 0.000001
24.220000 -0.000001 0.000001
24.230000 -0.000001 0.000001
24.240000 -0.000001 0.000001
24.250000 -0.000001 0.000001
24.260000 -0.000001 0.000001
24.270000 -0.000001 0.000001
24.280000 -0.000001 0.000001
24.290000 -0.000001 0.000001
24.300000 -0.000001 0.000001
24.310000 -0.000001 0.000001
24.320000 -0.000001 0.000000
24.330000 -0.000001 0.000000
24.340000 -0.000001 0.000000
24.350000 -0.000001 0.000000
24.360000 -0.000001 0.000000
24.370000 -0.000001 0.000000
24.380000 -0.000001 0.000000
24.390000 -0.000001 0.000000
24.400000 -0.000001 0.000000
24.410000 -0.000001 0.000000
24.420000 -0.000001 0.000000
24.430000 -0.000001 0.000000
24.440000 -0.000001 0.000000
24.450000 -0.000001 0.000000
24.460000 -0.000001 0.000000
24.470000 -0.000001 0.000000
24.480000 -0.000001 -0.000000
24.490000 -0.000001 -0.000000
24.500000 -0.000001 -0.000000
24.510000 -0.000001 -0.000000
24.520000 -0.000001 -0.000000
24.530000 -0.000001 -0.000000
24.540000 -0.000001 -0.000000
24.550000 -0.000001 -0.000000
24.560000 -0.000001 -0.000000
24.570000 -0.000001 -0.000000
24.580000 -0.000001 -0.000000
24.590000 -0.000001 -0.000000
24.600000 -0.000001 -0.000000
24.610000 -0.000001 -0.000000
24.620000 -0.000001 -0.000000
24.630000 -0.000001 -0.000000
24.640000 -0.000001 -0.000001
24.650000 -0.000001 -0.000001
24.660000 -0.000001 -0.000001
24.670000 -0.000001 -0.000001
24.680000 -0.000001 -0.000001
24.690000 -0.000001 -0.000001
24.700000 -0.000001 -0.000001
24.710000 -0.000001 -0.000001
24.720000 -0.000001 -0.000001
24.730000 -0.000001 -0.000001
24.740000 -0.000001 -0.000001
24.750000 -0.000001 -0.000001
24.760000 -0.000001 -0.000001
24.770000 -0.000001 -0.000001
24.780000 -0.000001 -0.000001
24.790000 -0.000001 -0.000001
24.800000 -0.000001 -0.000001
24.810000 -0.000000 -0.000001
24.820000 -0.000000 -0.000001
24.830000 -0.000000 -0.000001
24.840000 -0.000000 -0.000001
24.850000 -0.000000 -0.000001
24.860000 -0.000000 -0.000001
24.870000 -0.000000 -0.000001
24.880000 -0.000000 -0.000001
24.890000 -0.000000 -0.000001
24.900000 -0.000000 -0.000001
24.910000 -0.000000 -0.000001
24.920000 -0.000000 -0.000001
24.930000 -0.000000 -0.000001
24.940000 -0.000000 -0.000001
24.950000 -0.000000 -0.000001
24.960000 -0.000000 -0.000001
24.970000 -0.000000 -0.000001
24.980000 -0.000000 -0.000001
24.990000 0.000000 -0.000001
25.000000 0.000000 -0.000001
25.010000 0.000000 -0.000001
25.020000 0.000000 -0.000001
25.030000 0.000000 -0.000001
25.040000 0.000000 -0.000001
25.050000 0.000000 -0.000001
25.060000 0.000000 -0.000001
25.070000 0.000000 -0.000001
25.080000 0.000000 -0.000001
25.090000 0.000000 -0.000001
25.100000 0.000000 -0.000001
25.110000 0.000000 -0.000001
25.120000 0.000000 -0.000001
25.130000 0.000000 -0.000001
25.140000 0.000000 -0.000001
25.150000 0.000000 -0.000001
25.160000 0.000000 -0.000001
25.170000 0.000000 -0.000001
25.180000 0.000000 -0.000001
25.190000 0.000001 -0.000001
25.200000 0.000001 -0.000001
25.210000 0.000001 -0.000001
25.220000 0.000001 -0.000001
25.230000 0.000001 -0.000001
25.240000 0.000001 -0.000001
25.250000 0.000001 -0.000001
25.260000 0.000001 -0.000001
25.270000 0.000001 -0.000001
25.280000 0.000001 -0.000001
25.290000 0.000001 -0.000001
25.300000 0.000001 -0.000001
25.310000 0.000001 -0.000001
25.320000 0.000001 -0.000001
25.330000 0.000001 -0.000001
25.340000 0.000001 -0.000001
25.350000 0.000001 -0.000000
25.360000 0.000001 -0.000000
25.370000 0.000001 -0.000000
25.380000 0.000001 -0.000000
25.390000 0.000001 -0.000000
25.400000 0.000001 -0.000000
25.410000 0.000001 -0.000000
25.420000 0.000001 -0.000000
25.430000 0.000001 -0.000000
25.440000 0.000001 -0.000000
25.450000 0.000001 -0.000000
25.460000 0.000001 -0.000000
25.470000 0.000001 -0.000000
25.480000 0.000001 -0.000000
25.490000 0.000001 -0.000000
25.500000 0.000001 -0.000000
25.510000 0.000001 -0.000000
25.520000 0.000001 -0.000000
25.530000 0.000001 -0.000000
25.540000 0.000001 -0.000000
25.550000 0.000001 -0.000000
25.560000 0.000001 -0.000000
25.570000 0.000001 -0.000000
25.580000 0.000001 -0.000000
25.590000 0.000001 -0.000000
25.600000 0.000001 0.000000
25.610000 0.000001 0.000000
25.620000 0.000001 0.000000
25.630000 0.000001 0.000000
25.640000 0.000001 0.000000
25.650000 0.000001 0.000000
25.660000 0.000001 0.000000
25.670000 0.000001 0.000000
25.680000 0.000001 0.000000
25.690000 0.000001 0.000000
25.700000 0.000001 0.000000
25.710000 0.000001 0.000000
25.720000 0.000001 0.000000
25.730000 0.000001 0.000000
25.740000 0.000001 0.000000
25.750000 0.000001 0.000000
25.760000 0.000001 0.000000
25.770000 0.000001 0.000000
25.780000 0.000001 0.000000
25.790000 0.000001 0.000000
25.800000 0.000001 0.000000
25.810000 0.000001 0.000000
25.820000 0.000001 0.000000
25.830000 0.000001 0.000000
25.840000 0.000001 0.000000
25.850000 0.000000 0.000000
25.860000 0.000000 0.000000
25.870000 0.000000 0.000000
25.880000 0.000000 0.000000
25.890000 0.000000 0.000000
25.900000 0.000000 0.000000
25.910000 0.000000 0.000000
25.920000 0.000000 0.000000
25.930000 0.000000 0.000000
25.940000 0.000000 0.000000
25.950000 0.000000 0.000000
25.960000 0.000000 0.000000
25.970000 0.000000 0.000000
25.980000 0.000000 0.000000
25.990000 0.000000 0.000000
26.000000 0.000000 0.000000
26.010000 0.000000 0.000000
26.020000 0.000000 0.000000
26.030000 0.000000 0.000000
26.040000 0.000000 0.000000
26.050000 0.000000 0.000000
26.060000 0.000000 0.000000
26.070000 0.000000 0.000000
26.080000 0.000000 0.000000
26.090000 0.000000 0.000000
26.100000 0.000000 0.000000
26.110000 0.000000 0.000000
26.120000 0.000000 0.000000
26.130000 0.000000 0.000000
26.140000 0.000000 0.000000
26.150000 0.000000 0.000000
26.160000 0.000000 0.000000
26.170000 0.000000 0.000000
26.180000 0.000000 0.000000
26.190000 0.000000 0.000000
26.200000 -0.000000 0.000000
26.210000 -0.000000 0.000000
26.220000 -0.000000 0.000000
26.230000 -0.000000 0.000000
26.240000 -0.000000 0.000000
26.250000 -0.000000 0.000000
26.260000 -0.000000 0.000000
26.270000 -0.000000 0.000000
26.280000 -0.000000 0.000000
26.290000 -0.000000 0.000000
26.300000 -0.000000 0.000000
26.310000 -0.000000 0.000000
26.320000 -0.000000 0.000000
26.330000 -0.000000 0.000000
26.340000 -0.000000 0.000000
26.350000 -0.000000 0.000000
26.360000 -0.000000 0.000000
26.370000 -0.000000 0.000000
26.380000 -0.000000 0.000000
26.390000 -0.000000 0.000000
26.400000 -0.000000 0.000000
26.410000 -0.000000 0.000000
26.420000 -0.000000 0.000000
26.430000 -0.000000 0.000000
26.440000 -0.000000 0.000000
26.450000 -0.000000 0.000000
26.460000 -0.000000 0.000000
26.470000 -0.000000 0.000000
26.480000 -0.000000 0.000000
26.490000 -0.000000 0.000000
26.500000 -0.000000 0.000000
26.510000 -0.000000 0.000000
26.520000 -0.000000 0.000000
26.530000 -0.000000 0.000000
26.540000 -0.000000 0.000000
26.550000 -0.000000 0.000000
26.560000 -0.000000 0.000000
26.570000 -0.000000 0.000000
26.580000 -0.000000 0.000000
26.590000 -0.000000 0.000000
26.600000 -0.000000 0.000000
26.610000 -0.000000 0.000000
26.620000 -0.000000 0.000000
26.630000 -0.000000 0.000000
26.640000 -0.000000 0.000000
26.650000 -0.000000 0.000000
26.660000 -0.000000 0.000000
26.670000 -0.000000 0.000000
26.680000 -0.000000 0.000000
26.690000 -0.000000 0.000000
26.700000 -0.000000 0.000000
26.710000 -0.000000 0.000000
26.720000 -0.000000 0.000000
26.730000 -0.000000 0.000000
26.740000 -0.000000 0.000000
26.750000 -0.000000 0.000000
26.760000 -0.000000 0.000000
26.770000 -0.000000 0.000000
26.780000 -0.000000 0.000000
26.790000 -0.000000 0.000000
26.800000 -0.000000 0.000000
26.810000 -0.000000 0.000000
26.820000 -0.000000 0.000000
26.830000 -0.000000 0.000000
26.840000 -0.000000 0.000000
26.850000 -0.000000 -0.000000
26.860000 -0.000000 -0.000000
26.870000 -0.000000 -0.000000
26.880000 -0.000000 -0.000000
26.890000 -0.000000 -0.000000
26.900000 -0.000000 -0.000000
26.910000 -0.000000 -0.000000
26.920000 -0.000000 -0.000000
26.930000 -0.000000 -0.000000
26.940000 -0.000000 -0.000000
26.950000 -0.000000 -0.000000
26.960000 -0.000000 -0.000000
26.970000 -0.000000 -0.000000
26.980000 -0.000000 -0.000000
26.990000 -0.000000 -0.000000
27.000000 -0.000000 -0.000000
27.010000 -0.000000 -0.000000
27.020000 -0.000000 -0.000000
27.030000 -0.000000 -0.000000
27.040000 -0.000000 -0.000000
27.050000 -0.000000 -0.000000
27.060000 -0.000000 -0.000000
27.070000 -0.000000 -0.000000
27.080000 -0.000000 -0.000000
27.090000 -0.000000 -0.000000
27.100000 -0.000000 -0.000000
27.110000 -0.000000 -0.000000
27.120000 -0.000000 -0.000000
27.130000 -0.000000 -0.000000
27.140000 -0.000000 -0.000000
27.150000 -0.000000 -0.000000
27.160000 -0.000000 -0.000000
27.170000 -0.000000 -0.000000
27.180000 -0.000000 -0.000000
27.190000 -0.000000 -0.000000
27.200000 -0.000000 -0.000000
27.210000 -0.000000 -0.000000
27.220000 -0.000000 -0.000000
27.230000 -0.000000 -0.000000
27.240000 -0.000000 -0.000000
27.250000 -0.000000 -0.000000
27.260000 -0.000000 -0.000000
27.270000 -0.000000 -0.000000
27.280000 -0.000000 -0.000000
27.290000 -0.000000 -0.000000
27.300000 -0.000000 -0.000000
27.310000 -0.000000 -0.000000
27.320000 -0.000000 -0.000000
27.330000 -0.000000 -0.000000
27.340000 -0.000000 -0.000000
27.350000 -0.000000 -0.000000
27.360000 -0.000000 -0.000000
27.370000 -0.000000 -0.000000
27.380000 -0.000000 -0.000000
27.390000 -0.000000 -0.000000
27.400000 -0.000000 -0.000000
27.410000 -0.000000 -0.000000
27.420000 -0.000000 -0.000000
27.430000 -0.000000 -0.000000
27.440000 -0.000000 -0.000000
27.450000 -0.000000 -0.000000
27.460000 -0.000000 -0.000000
27.470000 -0.000000 -0.000000
27.480000 -0.000000 -0.000000
27.490000 -0.000000 -0.000000
27.500000 -0.000000 -0.000000
27.510000 -0.000000 -0.000000
27.520000 -0.000000 -0.000000
27.530000 -0.000000 -0.000000
27.540000 -0.000000 -0.000000
27.550000 -0.000000 -0.000000
27.560000 -0.000000 -0.000000
27.570000 -0.000000 -0.000000
27.580000 -0.000000 -0.000000
27.590000 0.000000 -0.000000
27.600000 0.000000 -0.000000
27.610000 0.000000 -0.000000
27.620000 0.000000 -0.000000
27.630000 0.000000 -0.000000
27.640000 0.000000 -0.000000
27.650000 0.000000 -0.000000
27.660000 0.000000 -0.000000
27.670000 0.000000 -0.000000
27.680000 0.000000 -0.000000
27.690000 0.000000 -0.000000
27.700000 0.000000 -0.000000
27.710000 0.000000 -0.000000
27.720000 0.000000 -0.000000
27.730000 0.000000 -0.000000
27.740000 0.000000 -0.000000
27.750000 0.000000 -0.000000
27.760000 0.000000 -0.000000
27.770000 0.000000 -0.000000
27.780000 0.000000 -0.000000
27.790000 0.000000 -0.000000
27.800000 0.000000 -0.000000
27.810000 0.000000 -0.000000
27.820000 0.000000 -0.000000
27.830000 0.000000 -0.000000
27.840000 0.000000 -0.000000
27.850000 0.000000 -0.000000
27.860000 0.000000 -0.000000
27.870000 0.000000 -0.000000
27.880000 0.000000 -0.000000
27.890000 0.000000 -0.000000
27.900000 0.000000 -0.000000
27.910000 0.000000 -0.000000
27.920000 0.000000 -0.000000
27.930000 0.000000 -0.000000
27.940000 0.000000 -0.000000
27.950000 0.000000 -0.000000
27.960000 0.000000 -0.000000
27.970000 0.000000 -0.000000
27.980000 0.000000 -0.000000
27.990000 0.000000 -0.000000
28.000000 0.000000 -0.000000
28.010000 0.000000 -0.000000
28.020000 0.000000 -0.000000
28.030000 0.000000 -0.000000
28.040000 0.000000 -0.000000
28.050000 0.000000 -0.000000
28.060000 0.000000 -0.000000
28.070000 0.000000 -0.000000
28.080000 0.000000 -0.000000
28.090000 0.000000 -0.000000
28.100000 0.000000 -0.000000
28.110000 0.000000 -0.000000
28.120000 0.000000 -0.000000
28.130000 0.000000 -0.000000
28.140000 0.000000 -0.000000
28.150000 0.000000 -0.000000
28.160000 0.000000 -0.000000
28.170000 0.000000 -0.000000
28.180000 0.000000 -0.000000
28.190000 0.000000 -0.000000
28.200000 0.000000 -0.000000
28.210000 0.000000 -0.000000
28.220000 0.000000 -0.000000
28.230000 0.000000 -0.000000
28.240000 0.000000 -0.000000
28.250000 0.000000 -0.000000
28.260000 0.000000 -0.000000
28.270000 0.000000 -0.000000
28.280000 0.000000 -0.000000
28.290000 0.000000 -0.000000
28.300000 0.000000 -0.000000
28.310000 0.000000 0.000000
28.320000 0.000000 0.000000
28.330000 0.000000 0.000000
28.340000 0.000000 0.000000
28.350000 0.000000 0.000000
28.360000 0.000000 0.000000
28.370000 0.000000 0.000000
28.380000 0.000000 0.000000
28.390000 0.000000 0.000000
28.400000 0.000000 0.000000
28.410000 0.000000 0.000000
28.420000 0.000000 0.000000
28.430000 0.000000 0.000000
28.440000 0.000000 0.000000
28.450000 0.000000 0.000000
28.460000 0.000000 0.000000
28.470000 0.000000 0.000000
28.480000 0.000000 0.000000
28.490000 0.000000 0.000000
28.500000 0.000000 0.000000
28.510000 0.000000 0.000000
28.520000 0.000000 0.000000
28.530000 0.000000 0.000000
28.540000 0.000000 0.000000
28.550000 0.000000 0.000000
28.560000 0.000000 0.000000
28.570000 0.000000 0.000000
28.580000 0.000000 0.000000
28.590000 0.000000 0.000000
28.600000 0.000000 0.000000
28.610000 0.000000 0.000000
28.620000 0.000000 0.000000
28.630000 0.000000 0.000000
28.640000 0.000000 0.000000
28.650000 0.000000 0.000000
28.660000 0.000000 0.000000
28.670000 0.000000 0.000000
28.680000 0.000000 0.000000
28.690000 0.000000 0.000000
28.700000 0.000000 0.000000
28.710000 0.000000 0.000000
28.720000 0.000000 0.000000
28.730000 0.000000 0.000000
28.740000 0.000000 0.000000
28.750000 0.000000 0.000000
28.760000 0.000000 0.000000
28.770000 0.000000 0.000000
28.780000 0.000000 0.000000
28.790000 0.000000 0.000000
28.800000 0.000000 0.000000
28.810000 0.000000 0.000000
28.820000 0.000000 0.000000
28.830000 0.000000 0.000000
28.840000 0.000000 0.000000
28.850000 0.000000 0.000000
28.860000 0.000000 0.000000
28.870000 0.000000 0.000000
28.880000 0.000000 0.000000
28.890000 0.000000 0.000000
28.900000 0.000000 0.000000
28.910000 0.000000 0.000000
28.920000 0.000000 0.000000
28.930000 0.000000 0.000000
28.940000 0.000000 0.000000
28.950000 0.000000 0.000000
28.960000 0.000000 0.000000
28.970000 0.000000 0.000000
28.980000 0.000000 0.000000
28.990000 0.000000 0.000000
29.000000 0.000000 0.000000
29.010000 0.000000 0.000000
29.020000 0.000000 0.000000
29.030000 0.000000 0.000000
29.040000 0.000000 0.000000
29.050000 0.000000 0.000000
29.060000 0.000000 0.000000
29.070000 0.000000 0.000000
29.080000 0.000000 0.000000
29.090000 0.000000 0.000000
29.100000 0.000000 0.000000
29.110000 0.000000 0.000000
29.120000 0.000000 0.000000
29.130000 0.000000 0.000000
29.140000 0.000000 0.000000
29.150000 0.000000 0.000000
29.160000 0.000000 0.000000
29.170000 0.000000 0.000000
29.180000 0.000000 0.000000
29.190000 0.000000 0.000000
29.200000 0.000000 0.000000
29.210000 0.000000 0.000000
29.220000 0.000000 0.000000
29.230000 0.000000 0.000000
29.240000 0.000000 0.000000
29.250000 0.000000 0.000000
29.260000 -0.000000 0.000000
29.270000 -0.000000 0.000000
29.280000 -0.000000 0.000000
29.290000 -0.000000 0.000000
29.300000 -0.000000 0.000000
29.310000 -0.000000 0.000000
29.320000 -0.000000 0.000000
29.330000 -0.000000 0.000000
29.340000 -0.000000 0.000000
29.350000 -0.000000 0.000000
29.360000 -0.000000 0.000000
29.370000 -0.000000 0.000000
29.380000 -0.000000 0.000000
29.390000 -0.000000 0.000000
29.400000 -0.000000 0.000000
29.410000 -0.000000 0.000000
29.420000 -0.000000 0.000000
29.430000 -0.000000 0.000000
29.440000 -0.000000 0.000000
29.450000 -0.000000 0.000000
29.460000 -0.000000 0.000000
29.470000 -0.000000 0.000000
29.480000 -0.000000 0.000000
29.490000 -0.000000 0.000000
29.500000 -0.000000 0.000000
29.510000 -0.000000 0.000000
29.520000 -0.000000 0.000000
29.530000 -0.000000 0.000000
29.540000 -0.000000 0.000000
29.550000 -0.000000 0.000000
29.560000 -0.000000 0.000000
29.570000 -0.000000 0.000000
29.580000 -0.000000 0.000000
29.590000 -0.000000 0.000000
29.600000 -0.000000 0.000000
29.610000 -0.000000 0.000000
29.620000 -0.000000 0.000000
29.630000 -0.000000 0.000000
29.640000 -0.000000 0.000000
29.650000 -0.000000 0.000000
29.660000 -0.000000 0.000000
29.670000 -0.000000 0.000000
29.680000 -0.000000 0.000000
29.690000 -0.000000 0.000000
29.700000 -0.000000 0.000000
29.710000 -0.000000 0.000000
29.720000 -0.000000 0.000000
29.730000 -0.000000 0.000000
29.740000 -0.000000 0.000000
29.750000 -0.000000 0.000000
29.760000 -0.000000 0.000000
29.770000 -0.000000 0.000000
29.780000 -0.000000 0.000000
29.790000 -0.000000 0.000000
29.800000 -0.000000 0.000000
29.810000 -0.000000 0.000000
29.820000 -0.000000 0.000000
29.830000 -0.000000 0.000000
29.840000 -0.000000 -0.000000
29.850000 -0.000000 -0.000000
29.860000 -0.000000 -0.000000
29.870000 -0.000000 -0.000000
29.880000 -0.000000 -0.000000
29.890000 -0.000000 -0.000000
29.900000 -0.000000 -0.000000
29.910000 -0.000000 -0.000000
29.920000 -0.000000 -0.000000
29.930000 -0.000000 -0.000000
29.940000 -0.000000 -0.000000
29.950000 -0.000000 -0.000000
29.960000 -0.000000 -0.000000
29.970000 -0.000000 -0.000000
29.980000 -0.000000 -0.000000
29.990000 -0.000000 -0.000000
