0.000000 2.000000 0.000000
0.010000 1.999783 0.019999
0.020000 1.999164 0.039993
0.030000 1.998145 0.059976
0.040000 1.996725 0.079941
0.050000 1.994904 0.099883
0.060000 1.992685 0.119795
0.070000 1.990067 0.139671
0.080000 1.987053 0.159507
0.090000 1.983641 0.179294
0.100000 1.979836 0.199029
0.110000 1.975637 0.218704
0.120000 1.971046 0.238314
0.130000 1.966066 0.257853
0.140000 1.960699 0.277315
0.150000 1.954946 0.296695
0.160000 1.948809 0.315986
0.170000 1.942292 0.335183
0.180000 1.935397 0.354280
0.190000 1.928126 0.373272
0.200000 1.920483 0.392153
0.210000 1.912471 0.410917
0.220000 1.904092 0.429560
0.230000 1.895351 0.448075
0.240000 1.886250 0.466457
0.250000 1.876793 0.484702
0.260000 1.866984 0.502803
0.270000 1.856827 0.520756
0.280000 1.846325 0.538556
0.290000 1.835484 0.556197
0.300000 1.824306 0.573675
0.310000 1.812797 0.590984
0.320000 1.800962 0.608121
0.330000 1.788804 0.625079
0.340000 1.776328 0.641855
0.350000 1.763539 0.658445
0.360000 1.750443 0.674843
0.370000 1.737044 0.691045
0.380000 1.723348 0.707047
0.390000 1.709359 0.722844
0.400000 1.695084 0.738433
0.410000 1.680527 0.753810
0.420000 1.665694 0.768971
0.430000 1.650591 0.783911
0.440000 1.635224 0.798628
0.450000 1.619598 0.813117
0.460000 1.603719 0.827375
0.470000 1.587594 0.841399
0.480000 1.571228 0.855185
0.490000 1.554628 0.868729
0.500000 1.537799 0.882030
0.510000 1.520748 0.895084
0.520000 1.503482 0.907888
0.530000 1.486006 0.920439
0.540000 1.468327 0.932735
0.550000 1.450452 0.944773
0.560000 1.432387 0.956550
0.570000 1.414138 0.968065
0.580000 1.395713 0.979315
0.590000 1.377118 0.990297
0.600000 1.358360 1.001011
0.610000 1.339445 1.011453
0.620000 1.320380 1.021623
0.630000 1.301173 1.031518
0.640000 1.281828 1.041138
0.650000 1.262355 1.050480
0.660000 1.242759 1.059543
0.670000 1.223047 1.068327
0.680000 1.203226 1.076829
0.690000 1.183302 1.085050
0.700000 1.163284 1.092988
0.710000 1.143177 1.100642
0.720000 1.122989 1.108012
0.730000 1.102725 1.115098
0.740000 1.082394 1.121898
0.750000 1.062001 1.128413
0.760000 1.041554 1.134642
0.770000 1.021060 1.140586
0.780000 1.000524 1.146244
0.790000 0.979954 1.151617
0.800000 0.959357 1.156705
0.810000 0.938738 1.161508
0.820000 0.918105 1.166027
0.830000 0.897464 1.170262
0.840000 0.876822 1.174214
0.850000 0.856185 1.177883
0.860000 0.835559 1.181272
0.870000 0.814951 1.184380
0.880000 0.794367 1.187209
0.890000 0.773814 1.189760
0.900000 0.753296 1.192035
0.910000 0.732822 1.194034
0.920000 0.712396 1.195759
0.930000 0.692025 1.197212
0.940000 0.671715 1.198395
0.950000 0.651470 1.199309
0.960000 0.631298 1.199956
0.970000 0.611204 1.200338
0.980000 0.591193 1.200458
0.990000 0.571271 1.200317
1.000000 0.551443 1.199917
1.010000 0.531715 1.199261
1.020000 0.512092 1.198351
1.030000 0.492579 1.197190
1.040000 0.473181 1.195780
1.050000 0.453903 1.194124
1.060000 0.434751 1.192224
1.070000 0.415728 1.190084
1.080000 0.396840 1.187706
1.090000 0.378091 1.185092
1.100000 0.359485 1.182246
1.110000 0.341028 1.179172
1.120000 0.322723 1.175871
1.130000 0.304575 1.172347
1.140000 0.286587 1.168604
1.150000 0.268764 1.164644
1.160000 0.251109 1.160471
1.170000 0.233626 1.156089
1.180000 0.216320 1.151499
1.190000 0.199193 1.146707
1.200000 0.182249 1.141716
1.210000 0.165491 1.136529
1.220000 0.148922 1.131149
1.230000 0.132546 1.125581
1.240000 0.116366 1.119827
1.250000 0.100384 1.113893
1.260000 0.084604 1.107780
1.270000 0.069027 1.101494
1.280000 0.053657 1.095038
1.290000 0.038495 1.088416
1.300000 0.023545 1.081631
1.310000 0.008809 1.074687
1.320000 -0.005713 1.067589
1.330000 -0.020016 1.060340
1.340000 -0.034100 1.052945
1.350000 -0.047963 1.045406
1.360000 -0.061604 1.037728
1.370000 -0.075019 1.029916
1.380000 -0.088209 1.021972
1.390000 -0.101172 1.013901
1.400000 -0.113907 1.005707
1.410000 -0.126411 0.997394
1.420000 -0.138686 0.988965
1.430000 -0.150729 0.980426
1.440000 -0.162540 0.971779
1.450000 -0.174117 0.963029
1.460000 -0.185462 0.954179
1.470000 -0.196572 0.945234
1.480000 -0.207448 0.936198
1.490000 -0.218089 0.927074
1.500000 -0.228496 0.917867
1.510000 -0.238667 0.908580
1.520000 -0.248604 0.899217
1.530000 -0.258305 0.889782
1.540000 -0.267772 0.880279
1.550000 -0.277005 0.870712
1.560000 -0.286004 0.861084
1.570000 -0.294769 0.851400
1.580000 -0.303301 0.841662
1.590000 -0.311601 0.831875
1.600000 -0.319670 0.822043
1.610000 -0.327507 0.812169
1.620000 -0.335115 0.802257
1.630000 -0.342494 0.792310
1.640000 -0.349645 0.782332
1.650000 -0.356570 0.772326
1.660000 -0.363269 0.762297
1.670000 -0.369743 0.752246
1.680000 -0.375995 0.742179
1.690000 -0.382026 0.732097
1.700000 -0.387837 0.722006
1.710000 -0.393429 0.711907
1.720000 -0.398805 0.701804
1.730000 -0.403966 0.691700
1.740000 -0.408913 0.681599
1.750000 -0.413649 0.671503
1.760000 -0.418176 0.661416
1.770000 -0.422495 0.651340
1.780000 -0.426608 0.641279
1.790000 -0.430518 0.631236
1.800000 -0.434227 0.621213
1.810000 -0.437736 0.611213
1.820000 -0.441048 0.601239
1.830000 -0.444165 0.591294
1.840000 -0.447090 0.581380
1.850000 -0.449824 0.571501
1.860000 -0.452371 0.561657
1.870000 -0.454732 0.551853
1.880000 -0.456910 0.542091
1.890000 -0.458907 0.532372
1.900000 -0.460726 0.522700
1.910000 -0.462370 0.513076
1.920000 -0.463841 0.503503
1.930000 -0.465142 0.493984
1.940000 -0.466275 0.484519
1.950000 -0.467243 0.475112
1.960000 -0.468049 0.465763
1.970000 -0.468695 0.456476
1.980000 -0.469184 0.447253
1.990000 -0.469519 0.438094
2.000000 -0.469703 0.429002
2.010000 -0.469737 0.419978
2.020000 -0.469627 0.411025
2.030000 -0.469372 0.402143
2.040000 -0.468978 0.393335
2.050000 -0.468446 0.384602
2.060000 -0.467780 0.375946
2.070000 -0.466982 0.367367
2.080000 -0.466055 0.358867
2.090000 -0.465002 0.350448
2.100000 -0.463825 0.342110
2.110000 -0.462528 0.333856
2.120000 -0.461113 0.325685
2.130000 -0.459584 0.317600
2.140000 -0.457942 0.309601
2.150000 -0.456192 0.301689
2.160000 -0.454335 0.293865
2.170000 -0.452374 0.286131
2.180000 -0.450313 0.278486
2.190000 -0.448154 0.270931
2.200000 -0.445899 0.263468
2.210000 -0.443552 0.256097
2.220000 -0.441116 0.248819
2.230000 -0.438592 0.241634
2.240000 -0.435984 0.234542
2.250000 -0.433295 0.227545
2.260000 -0.430527 0.220643
2.270000 -0.427682 0.213835
2.280000 -0.424764 0.207124
2.290000 -0.421775 0.200508
2.300000 -0.418718 0.193987
2.310000 -0.415595 0.187564
2.320000 -0.412409 0.181236
2.330000 -0.409162 0.175005
2.340000 -0.405857 0.168871
2.350000 -0.402496 0.162834
2.360000 -0.399082 0.156893
2.370000 -0.395616 0.151049
2.380000 -0.392103 0.145301
2.390000 -0.388543 0.139650
2.400000 -0.384940 0.134096
2.410000 -0.381295 0.128637
2.420000 -0.377611 0.123275
2.430000 -0.373890 0.118008
2.440000 -0.370134 0.112837
2.450000 -0.366346 0.107761
2.460000 -0.362527 0.102780
2.470000 -0.358680 0.097894
2.480000 -0.354807 0.093101
2.490000 -0.350910 0.088402
2.500000 -0.346990 0.083796
2.510000 -0.343050 0.079283
2.520000 -0.339093 0.074862
2.530000 -0.335118 0.070533
2.540000 -0.331130 0.066294
2.550000 -0.327129 0.062147
2.560000 -0.323117 0.058089
2.570000 -0.319096 0.054120
2.580000 -0.315068 0.050239
2.590000 -0.311034 0.046447
2.600000 -0.306996 0.042741
2.610000 -0.302957 0.039122
2.620000 -0.298916 0.035589
2.630000 -0.294876 0.032140
2.640000 -0.290839 0.028776
2.650000 -0.286806 0.025495
2.660000 -0.282778 0.022296
2.670000 -0.278757 0.019179
2.680000 -0.274744 0.016143
2.690000 -0.270741 0.013187
2.700000 -0.266748 0.010309
2.710000 -0.262768 0.007510
2.720000 -0.258801 0.004788
2.730000 -0.254848 0.002143
2.740000 -0.250911 -0.000427
2.750000 -0.246991 -0.002923
2.760000 -0.243089 -0.005345
2.770000 -0.239206 -0.007695
2.780000 -0.235343 -0.009973
2.790000 -0.231502 -0.012180
2.800000 -0.227682 -0.014318
2.810000 -0.223885 -0.016387
2.820000 -0.220112 -0.018388
2.830000 -0.216364 -0.020323
2.840000 -0.212642 -0.022192
2.850000 -0.208946 -0.023996
2.860000 -0.205277 -0.025737
2.870000 -0.201636 -0.027414
2.880000 -0.198023 -0.029031
2.890000 -0.194440 -0.030586
2.900000 -0.190887 -0.032082
2.910000 -0.187365 -0.033520
2.920000 -0.183874 -0.034899
2.930000 -0.180414 -0.036222
2.940000 -0.176987 -0.037490
2.950000 -0.173593 -0.038703
2.960000 -0.170232 -0.039862
2.970000 -0.166904 -0.040969
2.980000 -0.163611 -0.042025
2.990000 -0.160353 -0.043029
3.000000 -0.157129 -0.043985
3.010000 -0.153941 -0.044891
3.020000 -0.150789 -0.045750
3.030000 -0.147672 -0.046563
3.040000 -0.144592 -0.047330
3.050000 -0.141548 -0.048053
3.060000 -0.138541 -0.048731
3.070000 -0.135571 -0.049367
3.080000 -0.132638 -0.049962
3.090000 -0.129742 -0.050516
3.100000 -0.126884 -0.051029
3.110000 -0.124063 -0.051504
3.120000 -0.121280 -0.051941
3.130000 -0.118535 -0.052341
3.140000 -0.115827 -0.052705
3.150000 -0.113157 -0.053034
3.160000 -0.110526 -0.053328
3.170000 -0.107932 -0.053589
3.180000 -0.105376 -0.053818
3.190000 -0.102858 -0.054014
3.200000 -0.100377 -0.054180
3.210000 -0.097935 -0.054316
3.220000 -0.095530 -0.054423
3.230000 -0.093163 -0.054502
3.240000 -0.090833 -0.054553
3.250000 -0.088541 -0.054577
3.260000 -0.086286 -0.054576
3.270000 -0.084068 -0.054550
3.280000 -0.081887 -0.054499
3.290000 -0.079742 -0.054425
3.300000 -0.077635 -0.054328
3.310000 -0.075563 -0.054209
3.320000 -0.073528 -0.054069
3.330000 -0.071529 -0.053908
3.340000 -0.069566 -0.053728
3.350000 -0.067638 -0.053528
3.360000 -0.065745 -0.053310
3.370000 -0.063887 -0.053074
3.380000 -0.062064 -0.052822
3.390000 -0.060276 -0.052552
3.400000 -0.058522 -0.052267
3.410000 -0.056801 -0.051967
3.420000 -0.055115 -0.051653
3.430000 -0.053461 -0.051324
3.440000 -0.051840 -0.050982
3.450000 -0.050252 -0.050628
3.460000 -0.048697 -0.050261
3.470000 -0.047173 -0.049883
3.480000 -0.045681 -0.049494
3.490000 -0.044220 -0.049094
3.500000 -0.042791 -0.048685
3.510000 -0.041392 -0.048266
3.520000 -0.040023 -0.047838
3.530000 -0.038684 -0.047402
3.540000 -0.037374 -0.046958
3.550000 -0.036094 -0.046506
3.560000 -0.034843 -0.046048
3.570000 -0.033620 -0.045583
3.580000 -0.032425 -0.045112
3.590000 -0.031257 -0.044635
3.600000 -0.030117 -0.044154
3.610000 -0.029004 -0.043667
3.620000 -0.027918 -0.043176
3.630000 -0.026857 -0.042681
3.640000 -0.025823 -0.042183
3.650000 -0.024813 -0.041681
3.660000 -0.023829 -0.041177
3.670000 -0.022869 -0.040670
3.680000 -0.021934 -0.040161
3.690000 -0.021022 -0.039650
3.700000 -0.020134 -0.039137
3.710000 -0.019269 -0.038624
3.720000 -0.018427 -0.038109
3.730000 -0.017607 -0.037594
3.740000 -0.016808 -0.037079
3.750000 -0.016032 -0.036563
3.760000 -0.015276 -0.036048
3.770000 -0.014541 -0.035534
3.780000 -0.013827 -0.035020
3.790000 -0.013133 -0.034507
3.800000 -0.012458 -0.033995
3.810000 -0.011802 -0.033485
3.820000 -0.011166 -0.032976
3.830000 -0.010548 -0.032470
3.840000 -0.009948 -0.031965
3.850000 -0.009366 -0.031463
3.860000 -0.008801 -0.030963
3.870000 -0.008253 -0.030466
3.880000 -0.007722 -0.029972
3.890000 -0.007208 -0.029481
3.900000 -0.006709 -0.028992
3.910000 -0.006226 -0.028508
3.920000 -0.005759 -0.028026
3.930000 -0.005306 -0.027548
3.940000 -0.004868 -0.027074
3.950000 -0.004445 -0.026604
3.960000 -0.004035 -0.026138
3.970000 -0.003639 -0.025675
3.980000 -0.003256 -0.025217
3.990000 -0.002887 -0.024763
4.000000 -0.002530 -0.024314
4.010000 -0.002185 -0.023869
4.020000 -0.001852 -0.023428
4.030000 -0.001532 -0.022992
4.040000 -0.001222 -0.022561
4.050000 -0.000924 -0.022134
4.060000 -0.000637 -0.021713
4.070000 -0.000360 -0.021296
4.080000 -0.000093 -0.020884
4.090000 0.000163 -0.020477
4.100000 0.000410 -0.020075
4.110000 0.000648 -0.019678
4.120000 0.000876 -0.019286
4.130000 0.001095 -0.018899
4.140000 0.001306 -0.018518
4.150000 0.001508 -0.018141
4.160000 0.001703 -0.017770
4.170000 0.001889 -0.017404
4.180000 0.002068 -0.017043
4.190000 0.002240 -0.016687
4.200000 0.002404 -0.016336
4.210000 0.002561 -0.015991
4.220000 0.002712 -0.015650
4.230000 0.002857 -0.015315
4.240000 0.002995 -0.014985
4.250000 0.003128 -0.014661
4.260000 0.003254 -0.014341
4.270000 0.003375 -0.014026
4.280000 0.003491 -0.013717
4.290000 0.003602 -0.013412
4.300000 0.003708 -0.013113
4.310000 0.003809 -0.012819
4.320000 0.003905 -0.012529
4.330000 0.003998 -0.012245
4.340000 0.004086 -0.011965
4.350000 0.004170 -0.011691
4.360000 0.004251 -0.011421
4.370000 0.004328 -0.011155
4.380000 0.004402 -0.010895
4.390000 0.004473 -0.010639
4.400000 0.004540 -0.010388
4.410000 0.004605 -0.010142
4.420000 0.004667 -0.009899
4.430000 0.004726 -0.009662
4.440000 0.004784 -0.009429
4.450000 0.004839 -0.009200
4.460000 0.004892 -0.008975
4.470000 0.004943 -0.008755
4.480000 0.004992 -0.008539
4.490000 0.005040 -0.008326
4.500000 0.005086 -0.008118
4.510000 0.005131 -0.007914
4.520000 0.005174 -0.007714
4.530000 0.005217 -0.007517
4.540000 0.005259 -0.007325
4.550000 0.005300 -0.007136
4.560000 0.005340 -0.006950
4.570000 0.005380 -0.006768
4.580000 0.005419 -0.006590
4.590000 0.005458 -0.006415
4.600000 0.005497 -0.006243
4.610000 0.005536 -0.006074
4.620000 0.005575 -0.005909
4.630000 0.005614 -0.005746
4.640000 0.005653 -0.005587
4.650000 0.005692 -0.005431
4.660000 0.005733 -0.005277
4.670000 0.005773 -0.005126
4.680000 0.005814 -0.004978
4.690000 0.005856 -0.004832
4.700000 0.005899 -0.004689
4.710000 0.005943 -0.004548
4.720000 0.005988 -0.004410
4.730000 0.006034 -0.004274
4.740000 0.006081 -0.004140
4.750000 0.006129 -0.004008
4.760000 0.006179 -0.003878
4.770000 0.006230 -0.003750
4.780000 0.006283 -0.003623
4.790000 0.006337 -0.003499
4.800000 0.006393 -0.003376
4.810000 0.006451 -0.003255
4.820000 0.006510 -0.003135
4.830000 0.006571 -0.003016
4.840000 0.006635 -0.002899
4.850000 0.006700 -0.002783
4.860000 0.006767 -0.002669
4.870000 0.006837 -0.002555
4.880000 0.006909 -0.002442
4.890000 0.006983 -0.002330
4.900000 0.007059 -0.002219
4.910000 0.007137 -0.002108
4.920000 0.007218 -0.001999
4.930000 0.007302 -0.001889
4.940000 0.007388 -0.001780
4.950000 0.007477 -0.001672
4.960000 0.007568 -0.001563
4.970000 0.007662 -0.001455
4.980000 0.007758 -0.001347
4.990000 0.007857 -0.001239
5.000000 0.007959 -0.001131
5.010000 0.008064 -0.001023
5.020000 0.008172 -0.000914
5.030000 0.008283 -0.000805
5.040000 0.008396 -0.000696
5.050000 0.008513 -0.000586
5.060000 0.008633 -0.000476
5.070000 0.008755 -0.000364
5.080000 0.008881 -0.000253
5.090000 0.009010 -0.000140
5.100000 0.009141 -0.000026
5.110000 0.009276 0.000088
5.120000 0.009415 0.000204
5.130000 0.009556 0.000321
5.140000 0.009701 0.000439
5.150000 0.009848 0.000558
5.160000 0.009999 0.000679
5.170000 0.010154 0.000802
5.180000 0.010311 0.000926
5.190000 0.010472 0.001051
5.200000 0.010636 0.001178
5.210000 0.010804 0.001307
5.220000 0.010975 0.001438
5.230000 0.011149 0.001571
5.240000 0.011326 0.001706
5.250000 0.011507 0.001843
5.260000 0.011691 0.001982
5.270000 0.011879 0.002123
5.280000 0.012070 0.002266
5.290000 0.012264 0.002412
5.300000 0.012462 0.002561
5.310000 0.012663 0.002711
5.320000 0.012867 0.002865
5.330000 0.013074 0.003021
5.340000 0.013285 0.003179
5.350000 0.013499 0.003341
5.360000 0.013717 0.003505
5.370000 0.013938 0.003672
5.380000 0.014162 0.003842
5.390000 0.014389 0.004015
5.400000 0.014620 0.004191
5.410000 0.014853 0.004370
5.420000 0.015090 0.004552
5.430000 0.015331 0.004737
5.440000 0.015574 0.004926
5.450000 0.015820 0.005118
5.460000 0.016070 0.005313
5.470000 0.016322 0.005512
5.480000 0.016578 0.005714
5.490000 0.016836 0.005920
5.500000 0.017098 0.006129
5.510000 0.017362 0.006341
5.520000 0.017630 0.006558
5.530000 0.017900 0.006777
5.540000 0.018173 0.007001
5.550000 0.018449 0.007228
5.560000 0.018727 0.007459
5.570000 0.019009 0.007694
5.580000 0.019292 0.007932
5.590000 0.019579 0.008175
5.600000 0.019868 0.008421
5.610000 0.020159 0.008671
5.620000 0.020453 0.008924
5.630000 0.020749 0.009182
5.640000 0.021048 0.009444
5.650000 0.021349 0.009710
5.660000 0.021652 0.009979
5.670000 0.021957 0.010253
5.680000 0.022264 0.010530
5.690000 0.022573 0.010811
5.700000 0.022885 0.011097
5.710000 0.023198 0.011386
5.720000 0.023512 0.011679
5.730000 0.023829 0.011977
5.740000 0.024147 0.012278
5.750000 0.024467 0.012583
5.760000 0.024788 0.012892
5.770000 0.025111 0.013205
5.780000 0.025435 0.013522
5.790000 0.025760 0.013843
5.800000 0.026086 0.014168
5.810000 0.026414 0.014497
5.820000 0.026742 0.014829
5.830000 0.027072 0.015165
5.840000 0.027402 0.015506
5.850000 0.027733 0.015849
5.860000 0.028065 0.016197
5.870000 0.028397 0.016548
5.880000 0.028729 0.016903
5.890000 0.029062 0.017262
5.900000 0.029396 0.017624
5.910000 0.029729 0.017990
5.920000 0.030062 0.018359
5.930000 0.030396 0.018731
5.940000 0.030729 0.019107
5.950000 0.031062 0.019486
5.960000 0.031395 0.019869
5.970000 0.031727 0.020255
5.980000 0.032059 0.020644
5.990000 0.032390 0.021036
6.000000 0.032720 0.021431
6.010000 0.033049 0.021829
6.020000 0.033378 0.022229
6.030000 0.033705 0.022633
6.040000 0.034031 0.023040
6.050000 0.034355 0.023449
6.060000 0.034679 0.023860
6.070000 0.035000 0.024274
6.080000 0.035320 0.024691
6.090000 0.035638 0.025110
6.100000 0.035955 0.025531
6.110000 0.036269 0.025954
6.120000 0.036581 0.026379
6.130000 0.036891 0.026806
6.140000 0.037198 0.027235
6.150000 0.037503 0.027666
6.160000 0.037805 0.028099
6.170000 0.038105 0.028532
6.180000 0.038401 0.028968
6.190000 0.038695 0.029405
6.200000 0.038986 0.029842
6.210000 0.039273 0.030282
6.220000 0.039557 0.030722
6.230000 0.039838 0.031162
6.240000 0.040115 0.031604
6.250000 0.040388 0.032046
6.260000 0.040657 0.032489
6.270000 0.040923 0.032932
6.280000 0.041184 0.033376
6.290000 0.041442 0.033819
6.300000 0.041695 0.034263
6.310000 0.041943 0.034706
6.320000 0.042188 0.035149
6.330000 0.042427 0.035592
6.340000 0.042662 0.036034
6.350000 0.042892 0.036476
6.360000 0.043116 0.036917
6.370000 0.043336 0.037357
6.380000 0.043551 0.037795
6.390000 0.043760 0.038233
6.400000 0.043964 0.038669
6.410000 0.044162 0.039104
6.420000 0.044355 0.039537
6.430000 0.044542 0.039968
6.440000 0.044723 0.040397
6.450000 0.044899 0.040825
6.460000 0.045068 0.041250
6.470000 0.045231 0.041672
6.480000 0.045388 0.042092
6.490000 0.045538 0.042510
6.500000 0.045682 0.042925
6.510000 0.045820 0.043336
6.520000 0.045951 0.043745
6.530000 0.046075 0.044150
6.540000 0.046192 0.044552
6.550000 0.046303 0.044950
6.560000 0.046407 0.045345
6.570000 0.046503 0.045735
6.580000 0.046593 0.046122
6.590000 0.046675 0.046505
6.600000 0.046750 0.046883
6.610000 0.046818 0.047257
6.620000 0.046879 0.047626
6.630000 0.046932 0.047990
6.640000 0.046977 0.048350
6.650000 0.047015 0.048704
6.660000 0.047045 0.049053
6.670000 0.047068 0.049397
6.680000 0.047083 0.049736
6.690000 0.047090 0.050069
6.700000 0.047089 0.050396
6.710000 0.047081 0.050717
6.720000 0.047064 0.051032
6.730000 0.047040 0.051341
6.740000 0.047008 0.051644
6.750000 0.046967 0.051940
6.760000 0.046919 0.052229
6.770000 0.046863 0.052512
6.780000 0.046798 0.052788
6.790000 0.046725 0.053057
6.800000 0.046645 0.053319
6.810000 0.046556 0.053574
6.820000 0.046459 0.053821
6.830000 0.046354 0.054061
6.840000 0.046241 0.054294
6.850000 0.046119 0.054518
6.860000 0.045990 0.054735
6.870000 0.045853 0.054944
6.880000 0.045707 0.055145
6.890000 0.045553 0.055338
6.900000 0.045392 0.055522
6.910000 0.045222 0.055698
6.920000 0.045044 0.055866
6.930000 0.044858 0.056025
6.940000 0.044665 0.056176
6.950000 0.044463 0.056317
6.960000 0.044254 0.056450
6.970000 0.044037 0.056575
6.980000 0.043812 0.056690
6.990000 0.043580 0.056796
7.000000 0.043339 0.056893
7.010000 0.043092 0.056980
7.020000 0.042836 0.057059
7.030000 0.042574 0.057128
7.040000 0.042304 0.057188
7.050000 0.042026 0.057238
7.060000 0.041742 0.057279
7.070000 0.041450 0.057310
7.080000 0.041151 0.057332
7.090000 0.040846 0.057344
7.100000 0.040533 0.057346
7.110000 0.040214 0.057339
7.120000 0.039888 0.057322
7.130000 0.039556 0.057295
7.140000 0.039217 0.057258
7.150000 0.038872 0.057212
7.160000 0.038521 0.057155
7.170000 0.038163 0.057089
7.180000 0.037800 0.057013
7.190000 0.037431 0.056927
7.200000 0.037056 0.056831
7.210000 0.036675 0.056725
7.220000 0.036289 0.056610
7.230000 0.035898 0.056484
7.240000 0.035502 0.056349
7.250000 0.035100 0.056204
7.260000 0.034694 0.056049
7.270000 0.034283 0.055885
7.280000 0.033867 0.055710
7.290000 0.033447 0.055527
7.300000 0.033023 0.055333
7.310000 0.032595 0.055130
7.320000 0.032163 0.054917
7.330000 0.031727 0.054695
7.340000 0.031287 0.054463
7.350000 0.030844 0.054222
7.360000 0.030398 0.053971
7.370000 0.029949 0.053712
7.380000 0.029497 0.053443
7.390000 0.029042 0.053165
7.400000 0.028585 0.052878
7.410000 0.028125 0.052582
7.420000 0.027663 0.052277
7.430000 0.027199 0.051964
7.440000 0.026734 0.051642
7.450000 0.026267 0.051311
7.460000 0.025798 0.050972
7.470000 0.025329 0.050625
7.480000 0.024858 0.050270
7.490000 0.024386 0.049906
7.500000 0.023914 0.049535
7.510000 0.023442 0.049155
7.520000 0.022969 0.048768
7.530000 0.022497 0.048374
7.540000 0.022024 0.047972
7.550000 0.021552 0.047562
7.560000 0.021081 0.047146
7.570000 0.020610 0.046723
7.580000 0.020141 0.046293
7.590000 0.019672 0.045856
7.600000 0.019206 0.045412
7.610000 0.018740 0.044963
7.620000 0.018277 0.044507
7.630000 0.017816 0.044045
7.640000 0.017357 0.043578
7.650000 0.016900 0.043104
7.660000 0.016446 0.042626
7.670000 0.015995 0.042142
7.680000 0.015547 0.041652
7.690000 0.015102 0.041158
7.700000 0.014661 0.040660
7.710000 0.014223 0.040157
7.720000 0.013790 0.039649
7.730000 0.013360 0.039137
7.740000 0.012935 0.038622
7.750000 0.012514 0.038103
7.760000 0.012097 0.037580
7.770000 0.011686 0.037054
7.780000 0.011280 0.036525
7.790000 0.010879 0.035993
7.800000 0.010483 0.035459
7.810000 0.010093 0.034922
7.820000 0.009708 0.034383
7.830000 0.009330 0.033841
7.840000 0.008958 0.033299
7.850000 0.008592 0.032754
7.860000 0.008232 0.032209
7.870000 0.007879 0.031662
7.880000 0.007533 0.031115
7.890000 0.007194 0.030567
7.900000 0.006862 0.030019
7.910000 0.006537 0.029470
7.920000 0.006220 0.028922
7.930000 0.005910 0.028374
7.940000 0.005608 0.027826
7.950000 0.005314 0.027280
7.960000 0.005028 0.026735
7.970000 0.004750 0.026191
7.980000 0.004481 0.025648
7.990000 0.004220 0.025107
8.000000 0.003967 0.024569
8.010000 0.003723 0.024032
8.020000 0.003488 0.023499
8.030000 0.003261 0.022967
8.040000 0.003044 0.022439
8.050000 0.002835 0.021915
8.060000 0.002636 0.021393
8.070000 0.002446 0.020876
8.080000 0.002266 0.020362
8.090000 0.002094 0.019853
8.100000 0.001933 0.019348
8.110000 0.001781 0.018848
8.120000 0.001638 0.018353
8.130000 0.001505 0.017863
8.140000 0.001382 0.017378
8.150000 0.001269 0.016899
8.160000 0.001166 0.016426
8.170000 0.001072 0.015959
8.180000 0.000989 0.015498
8.190000 0.000915 0.015043
8.200000 0.000851 0.014596
8.210000 0.000797 0.014155
8.220000 0.000754 0.013722
8.230000 0.000720 0.013296
8.240000 0.000696 0.012878
8.250000 0.000682 0.012467
8.260000 0.000678 0.012065
8.270000 0.000684 0.011670
8.280000 0.000700 0.011285
8.290000 0.000726 0.010907
8.300000 0.000761 0.010539
8.310000 0.000807 0.010180
8.320000 0.000862 0.009830
8.330000 0.000927 0.009489
8.340000 0.001001 0.009158
8.350000 0.001085 0.008837
8.360000 0.001178 0.008525
8.370000 0.001281 0.008224
8.380000 0.001393 0.007933
8.390000 0.001514 0.007652
8.400000 0.001644 0.007383
8.410000 0.001783 0.007123
8.420000 0.001931 0.006875
8.430000 0.002088 0.006638
8.440000 0.002254 0.006412
8.450000 0.002427 0.006197
8.460000 0.002609 0.005993
8.470000 0.002800 0.005802
8.480000 0.002998 0.005622
8.490000 0.003204 0.005453
8.500000 0.003418 0.005297
8.510000 0.003639 0.005153
8.520000 0.003867 0.005020
8.530000 0.004103 0.004900
8.540000 0.004346 0.004793
8.550000 0.004595 0.004697
8.560000 0.004851 0.004614
8.570000 0.005113 0.004544
8.580000 0.005382 0.004486
8.590000 0.005656 0.004441
8.600000 0.005936 0.004409
8.610000 0.006221 0.004389
8.620000 0.006511 0.004382
8.630000 0.006807 0.004388
8.640000 0.007107 0.004407
8.650000 0.007411 0.004438
8.660000 0.007720 0.004483
8.670000 0.008032 0.004540
8.680000 0.008349 0.004611
8.690000 0.008668 0.004694
8.700000 0.008991 0.004790
8.710000 0.009316 0.004899
8.720000 0.009644 0.005021
8.730000 0.009974 0.005156
8.740000 0.010306 0.005303
8.750000 0.010640 0.005463
8.760000 0.010975 0.005636
8.770000 0.011311 0.005821
8.780000 0.011648 0.006019
8.790000 0.011985 0.006230
8.800000 0.012322 0.006452
8.810000 0.012659 0.006688
8.820000 0.012995 0.006935
8.830000 0.013330 0.007194
8.840000 0.013665 0.007466
8.850000 0.013997 0.007749
8.860000 0.014328 0.008044
8.870000 0.014656 0.008351
8.880000 0.014982 0.008669
8.890000 0.015305 0.008999
8.900000 0.015624 0.009340
8.910000 0.015940 0.009692
8.920000 0.016252 0.010055
8.930000 0.016560 0.010428
8.940000 0.016863 0.010812
8.950000 0.017161 0.011207
8.960000 0.017453 0.011612
8.970000 0.017740 0.012026
8.980000 0.018021 0.012451
8.990000 0.018296 0.012885
9.000000 0.018564 0.013328
9.010000 0.018824 0.013781
9.020000 0.019078 0.014242
9.030000 0.019323 0.014712
9.040000 0.019561 0.015191
9.050000 0.019790 0.015677
9.060000 0.020010 0.016172
9.070000 0.020221 0.016674
9.080000 0.020423 0.017184
9.090000 0.020615 0.017700
9.100000 0.020797 0.018224
9.110000 0.020969 0.018754
9.120000 0.021129 0.019291
9.130000 0.021279 0.019833
9.140000 0.021418 0.020381
9.150000 0.021544 0.020935
9.160000 0.021659 0.021494
9.170000 0.021762 0.022057
9.180000 0.021852 0.022625
9.190000 0.021929 0.023197
9.200000 0.021993 0.023772
9.210000 0.022044 0.024352
9.220000 0.022081 0.024934
9.230000 0.022104 0.025519
9.240000 0.022113 0.026107
9.250000 0.022108 0.026696
9.260000 0.022088 0.027288
9.270000 0.022053 0.027880
9.280000 0.022002 0.028474
9.290000 0.021937 0.029069
9.300000 0.021856 0.029664
9.310000 0.021759 0.030258
9.320000 0.021646 0.030853
9.330000 0.021517 0.031446
9.340000 0.021372 0.032039
9.350000 0.021210 0.032630
9.360000 0.021032 0.033219
9.370000 0.020837 0.033805
9.380000 0.020624 0.034389
9.390000 0.020395 0.034970
9.400000 0.020149 0.035548
9.410000 0.019885 0.036122
9.420000 0.019603 0.036691
9.430000 0.019305 0.037257
9.440000 0.018988 0.037817
9.450000 0.018654 0.038371
9.460000 0.018302 0.038921
9.470000 0.017932 0.039464
9.480000 0.017545 0.040000
9.490000 0.017140 0.040530
9.500000 0.016716 0.041053
9.510000 0.016275 0.041568
9.520000 0.015816 0.042075
9.530000 0.015340 0.042573
9.540000 0.014845 0.043063
9.550000 0.014332 0.043545
9.560000 0.013802 0.044016
9.570000 0.013254 0.044478
9.580000 0.012689 0.044930
9.590000 0.012106 0.045371
9.600000 0.011506 0.045802
9.610000 0.010888 0.046221
9.620000 0.010253 0.046629
9.630000 0.009602 0.047025
9.640000 0.008933 0.047409
9.650000 0.008248 0.047780
9.660000 0.007546 0.048139
9.670000 0.006828 0.048485
9.680000 0.006093 0.048817
9.690000 0.005343 0.049136
9.700000 0.004577 0.049440
9.710000 0.003796 0.049730
9.720000 0.002999 0.050006
9.730000 0.002188 0.050267
9.740000 0.001362 0.050513
9.750000 0.000521 0.050743
9.760000 -0.000334 0.050958
9.770000 -0.001202 0.051157
9.780000 -0.002084 0.051340
9.790000 -0.002979 0.051506
9.800000 -0.003887 0.051656
9.810000 -0.004807 0.051790
9.820000 -0.005740 0.051906
9.830000 -0.006684 0.052005
9.840000 -0.007639 0.052087
9.850000 -0.008605 0.052152
9.860000 -0.009582 0.052198
9.870000 -0.010569 0.052227
9.880000 -0.011565 0.052238
9.890000 -0.012571 0.052231
9.900000 -0.013585 0.052206
9.910000 -0.014608 0.052162
9.920000 -0.015639 0.052100
9.930000 -0.016677 0.052020
9.940000 -0.017721 0.051921
9.950000 -0.018773 0.051803
9.960000 -0.019830 0.051667
9.970000 -0.020892 0.051511
9.980000 -0.021960 0.051337
9.990000 -0.023032 0.051144
10.000000 -0.024108 0.050932
10.010000 -0.025187 0.050702
10.020000 -0.026268 0.050452
10.030000 -0.027352 0.050184
10.040000 -0.028438 0.049897
10.050000 -0.029525 0.049591
10.060000 -0.030612 0.049266
10.070000 -0.031700 0.048923
10.080000 -0.032787 0.048561
10.090000 -0.033872 0.048181
10.100000 -0.034956 0.047783
10.110000 -0.036038 0.047366
10.120000 -0.037117 0.046931
10.130000 -0.038192 0.046478
10.140000 -0.039264 0.046007
10.150000 -0.040331 0.045519
10.160000 -0.041392 0.045013
10.170000 -0.042448 0.044489
10.180000 -0.043498 0.043949
10.190000 -0.044540 0.043392
10.200000 -0.045575 0.042818
10.210000 -0.046602 0.042227
10.220000 -0.047620 0.041620
10.230000 -0.048629 0.040998
10.240000 -0.049628 0.040359
10.250000 -0.050617 0.039705
10.260000 -0.051595 0.039037
10.270000 -0.052561 0.038353
10.280000 -0.053515 0.037654
10.290000 -0.054456 0.036942
10.300000 -0.055384 0.036215
10.310000 -0.056299 0.035475
10.320000 -0.057199 0.034722
10.330000 -0.058084 0.033956
10.340000 -0.058954 0.033177
10.350000 -0.059808 0.032387
10.360000 -0.060645 0.031584
10.370000 -0.061466 0.030771
10.380000 -0.062269 0.029946
10.390000 -0.063054 0.029111
10.400000 -0.063821 0.028265
10.410000 -0.064569 0.027411
10.420000 -0.065298 0.026546
10.430000 -0.066007 0.025673
10.440000 -0.066696 0.024792
10.450000 -0.067364 0.023903
10.460000 -0.068012 0.023006
10.470000 -0.068638 0.022103
10.480000 -0.069242 0.021193
10.490000 -0.069823 0.020277
10.500000 -0.070383 0.019355
10.510000 -0.070919 0.018429
10.520000 -0.071432 0.017497
10.530000 -0.071921 0.016562
10.540000 -0.072387 0.015624
10.550000 -0.072828 0.014682
10.560000 -0.073245 0.013738
10.570000 -0.073637 0.012792
10.580000 -0.074004 0.011844
10.590000 -0.074346 0.010896
10.600000 -0.074662 0.009947
10.610000 -0.074953 0.008998
10.620000 -0.075218 0.008050
10.630000 -0.075456 0.007103
10.640000 -0.075669 0.006158
10.650000 -0.075855 0.005215
10.660000 -0.076015 0.004274
10.670000 -0.076148 0.003337
10.680000 -0.076254 0.002404
10.690000 -0.076334 0.001475
10.700000 -0.076387 0.000551
10.710000 -0.076412 -0.000368
10.720000 -0.076411 -0.001281
10.730000 -0.076384 -0.002187
10.740000 -0.076329 -0.003087
10.750000 -0.076247 -0.003979
10.760000 -0.076139 -0.004863
10.770000 -0.076004 -0.005739
10.780000 -0.075842 -0.006606
10.790000 -0.075653 -0.007463
10.800000 -0.075439 -0.008311
10.810000 -0.075197 -0.009148
10.820000 -0.074930 -0.009974
10.830000 -0.074637 -0.010789
10.840000 -0.074317 -0.011593
10.850000 -0.073973 -0.012384
10.860000 -0.073602 -0.013162
10.870000 -0.073207 -0.013927
10.880000 -0.072787 -0.014679
10.890000 -0.072342 -0.015416
10.900000 -0.071873 -0.016139
10.910000 -0.071379 -0.016848
10.920000 -0.070862 -0.017541
10.930000 -0.070322 -0.018218
10.940000 -0.069758 -0.018880
10.950000 -0.069172 -0.019525
10.960000 -0.068564 -0.020154
10.970000 -0.067934 -0.020765
10.980000 -0.067282 -0.021360
10.990000 -0.066609 -0.021936
11.000000 -0.065915 -0.022495
11.010000 -0.065202 -0.023035
11.020000 -0.064468 -0.023557
11.030000 -0.063716 -0.024060
11.040000 -0.062944 -0.024543
11.050000 -0.062155 -0.025008
11.060000 -0.061348 -0.025452
11.070000 -0.060523 -0.025877
11.080000 -0.059682 -0.026282
11.090000 -0.058825 -0.026667
11.100000 -0.057953 -0.027031
11.110000 -0.057065 -0.027375
11.120000 -0.056163 -0.027698
11.130000 -0.055248 -0.028000
11.140000 -0.054319 -0.028282
11.150000 -0.053378 -0.028542
11.160000 -0.052425 -0.028781
11.170000 -0.051460 -0.028999
11.180000 -0.050485 -0.029195
11.190000 -0.049500 -0.029370
11.200000 -0.048506 -0.029524
11.210000 -0.047503 -0.029656
11.220000 -0.046492 -0.029767
11.230000 -0.045474 -0.029856
11.240000 -0.044448 -0.029924
11.250000 -0.043417 -0.029970
11.260000 -0.042381 -0.029996
11.270000 -0.041340 -0.030000
11.280000 -0.040295 -0.029983
11.290000 -0.039246 -0.029945
11.300000 -0.038196 -0.029886
11.310000 -0.037143 -0.029806
11.320000 -0.036089 -0.029705
11.330000 -0.035034 -0.029584
11.340000 -0.033980 -0.029443
11.350000 -0.032926 -0.029282
11.360000 -0.031874 -0.029100
11.370000 -0.030825 -0.028899
11.380000 -0.029778 -0.028679
11.390000 -0.028734 -0.028439
11.400000 -0.027696 -0.028181
11.410000 -0.026662 -0.027904
11.420000 -0.025633 -0.027608
11.430000 -0.024611 -0.027294
11.440000 -0.023596 -0.026963
11.450000 -0.022588 -0.026614
11.460000 -0.021589 -0.026248
11.470000 -0.020598 -0.025865
11.480000 -0.019617 -0.025466
11.490000 -0.018646 -0.025051
11.500000 -0.017686 -0.024621
11.510000 -0.016737 -0.024175
11.520000 -0.015801 -0.023714
11.530000 -0.014876 -0.023239
11.540000 -0.013965 -0.022751
11.550000 -0.013067 -0.022248
11.560000 -0.012184 -0.021733
11.570000 -0.011316 -0.021205
11.580000 -0.010462 -0.020665
11.590000 -0.009625 -0.020114
11.600000 -0.008804 -0.019551
11.610000 -0.007999 -0.018978
11.620000 -0.007212 -0.018395
11.630000 -0.006443 -0.017802
11.640000 -0.005692 -0.017201
11.650000 -0.004960 -0.016591
11.660000 -0.004247 -0.015972
11.670000 -0.003553 -0.015347
11.680000 -0.002879 -0.014714
11.690000 -0.002226 -0.014076
11.700000 -0.001593 -0.013431
11.710000 -0.000981 -0.012782
11.720000 -0.000391 -0.012128
11.730000 0.000178 -0.011470
11.740000 0.000725 -0.010808
11.750000 0.001249 -0.010144
11.760000 0.001751 -0.009478
11.770000 0.002231 -0.008809
11.780000 0.002687 -0.008140
11.790000 0.003120 -0.007470
11.800000 0.003530 -0.006801
11.810000 0.003916 -0.006132
11.820000 0.004278 -0.005465
11.830000 0.004617 -0.004799
11.840000 0.004931 -0.004136
11.850000 0.005222 -0.003476
11.860000 0.005488 -0.002820
11.870000 0.005730 -0.002168
11.880000 0.005948 -0.001520
11.890000 0.006141 -0.000879
11.900000 0.006310 -0.000243
11.910000 0.006454 0.000386
11.920000 0.006574 0.001008
11.930000 0.006670 0.001622
11.940000 0.006742 0.002227
11.950000 0.006789 0.002824
11.960000 0.006812 0.003412
11.970000 0.006811 0.003989
11.980000 0.006787 0.004556
11.990000 0.006739 0.005111
12.000000 0.006667 0.005655
12.010000 0.006572 0.006187
12.020000 0.006453 0.006707
12.030000 0.006312 0.007213
12.040000 0.006148 0.007705
12.050000 0.005961 0.008183
12.060000 0.005753 0.008647
12.070000 0.005522 0.009096
12.080000 0.005270 0.009529
12.090000 0.004996 0.009946
12.100000 0.004702 0.010346
12.110000 0.004387 0.010730
12.120000 0.004051 0.011096
12.130000 0.003696 0.011445
12.140000 0.003321 0.011775
12.150000 0.002927 0.012087
12.160000 0.002515 0.012380
12.170000 0.002084 0.012654
12.180000 0.001635 0.012908
12.190000 0.001169 0.013142
12.200000 0.000686 0.013356
12.210000 0.000187 0.013550
12.220000 -0.000329 0.013723
12.230000 -0.000859 0.013874
12.240000 -0.001405 0.014004
12.250000 -0.001965 0.014113
12.260000 -0.002539 0.014199
12.270000 -0.003126 0.014264
12.280000 -0.003726 0.014306
12.290000 -0.004338 0.014326
12.300000 -0.004961 0.014323
12.310000 -0.005596 0.014297
12.320000 -0.006241 0.014248
12.330000 -0.006896 0.014175
12.340000 -0.007561 0.014080
12.350000 -0.008233 0.013961
12.360000 -0.008914 0.013819
12.370000 -0.009603 0.013653
12.380000 -0.010298 0.013464
12.390000 -0.010999 0.013250
12.400000 -0.011706 0.013014
12.410000 -0.012418 0.012753
12.420000 -0.013134 0.012469
12.430000 -0.013853 0.012161
12.440000 -0.014576 0.011829
12.450000 -0.015301 0.011474
12.460000 -0.016027 0.011095
12.470000 -0.016755 0.010693
12.480000 -0.017483 0.010267
12.490000 -0.018210 0.009819
12.500000 -0.018937 0.009347
12.510000 -0.019662 0.008852
12.520000 -0.020385 0.008334
12.530000 -0.021105 0.007793
12.540000 -0.021822 0.007230
12.550000 -0.022534 0.006645
12.560000 -0.023242 0.006037
12.570000 -0.023944 0.005408
12.580000 -0.024641 0.004757
12.590000 -0.025330 0.004085
12.600000 -0.026013 0.003391
12.610000 -0.026687 0.002677
12.620000 -0.027353 0.001942
12.630000 -0.028010 0.001187
12.640000 -0.028657 0.000412
12.650000 -0.029294 -0.000383
12.660000 -0.029920 -0.001196
12.670000 -0.030535 -0.002029
12.680000 -0.031138 -0.002880
12.690000 -0.031728 -0.003750
12.700000 -0.032305 -0.004637
12.710000 -0.032868 -0.005541
12.720000 -0.033417 -0.006462
12.730000 -0.033951 -0.007400
12.740000 -0.034471 -0.008354
12.750000 -0.034974 -0.009324
12.760000 -0.035462 -0.010308
12.770000 -0.035932 -0.011308
12.780000 -0.036386 -0.012322
12.790000 -0.036822 -0.013349
12.800000 -0.037240 -0.014390
12.810000 -0.037639 -0.015443
12.820000 -0.038019 -0.016509
12.830000 -0.038381 -0.017586
12.840000 -0.038722 -0.018675
12.850000 -0.039044 -0.019775
12.860000 -0.039345 -0.020884
12.870000 -0.039625 -0.022004
12.880000 -0.039884 -0.023132
12.890000 -0.040122 -0.024269
12.900000 -0.040337 -0.025414
12.910000 -0.040531 -0.026566
12.920000 -0.040703 -0.027725
12.930000 -0.040851 -0.028891
12.940000 -0.040977 -0.030062
12.950000 -0.041080 -0.031239
12.960000 -0.041159 -0.032420
12.970000 -0.041215 -0.033605
12.980000 -0.041247 -0.034793
12.990000 -0.041255 -0.035985
13.000000 -0.041239 -0.037178
13.010000 -0.041199 -0.038373
13.020000 -0.041134 -0.039570
13.030000 -0.041045 -0.040766
13.040000 -0.040931 -0.041963
13.050000 -0.040792 -0.043159
13.060000 -0.040629 -0.044354
13.070000 -0.040441 -0.045547
13.080000 -0.040228 -0.046737
13.090000 -0.039989 -0.047925
13.100000 -0.039726 -0.049109
13.110000 -0.039438 -0.050288
13.120000 -0.039125 -0.051463
13.130000 -0.038787 -0.052633
13.140000 -0.038424 -0.053797
13.150000 -0.038037 -0.054954
13.160000 -0.037624 -0.056104
13.170000 -0.037187 -0.057247
13.180000 -0.036726 -0.058381
13.190000 -0.036240 -0.059507
13.200000 -0.035729 -0.060624
13.210000 -0.035195 -0.061731
13.220000 -0.034637 -0.062828
13.230000 -0.034054 -0.063914
13.240000 -0.033448 -0.064988
13.250000 -0.032819 -0.066051
13.260000 -0.032166 -0.067101
13.270000 -0.031490 -0.068139
13.280000 -0.030792 -0.069163
13.290000 -0.030071 -0.070174
13.300000 -0.029328 -0.071170
13.310000 -0.028563 -0.072151
13.320000 -0.027776 -0.073118
13.330000 -0.026967 -0.074068
13.340000 -0.026138 -0.075003
13.350000 -0.025288 -0.075921
13.360000 -0.024417 -0.076822
13.370000 -0.023526 -0.077706
13.380000 -0.022616 -0.078572
13.390000 -0.021686 -0.079420
13.400000 -0.020737 -0.080250
13.410000 -0.019769 -0.081060
13.420000 -0.018784 -0.081852
13.430000 -0.017780 -0.082624
13.440000 -0.016759 -0.083376
13.450000 -0.015721 -0.084107
13.460000 -0.014666 -0.084818
13.470000 -0.013595 -0.085508
13.480000 -0.012509 -0.086178
13.490000 -0.011407 -0.086825
13.500000 -0.010290 -0.087451
13.510000 -0.009159 -0.088055
13.520000 -0.008015 -0.088637
13.530000 -0.006856 -0.089196
13.540000 -0.005685 -0.089733
13.550000 -0.004502 -0.090246
13.560000 -0.003306 -0.090737
13.570000 -0.002099 -0.091204
13.580000 -0.000881 -0.091648
13.590000 0.000348 -0.092068
13.600000 0.001586 -0.092465
13.610000 0.002834 -0.092837
13.620000 0.004091 -0.093186
13.630000 0.005356 -0.093510
13.640000 0.006629 -0.093810
13.650000 0.007909 -0.094086
13.660000 0.009196 -0.094337
13.670000 0.010490 -0.094564
13.680000 0.011789 -0.094766
13.690000 0.013094 -0.094944
13.700000 0.014403 -0.095097
13.710000 0.015717 -0.095225
13.720000 0.017034 -0.095329
13.730000 0.018355 -0.095408
13.740000 0.019678 -0.095462
13.750000 0.021003 -0.095492
13.760000 0.022330 -0.095497
13.770000 0.023658 -0.095477
13.780000 0.024986 -0.095434
13.790000 0.026314 -0.095365
13.800000 0.027642 -0.095273
13.810000 0.028969 -0.095156
13.820000 0.030294 -0.095015
13.830000 0.031618 -0.094850
13.840000 0.032939 -0.094661
13.850000 0.034256 -0.094449
13.860000 0.035570 -0.094212
13.870000 0.036881 -0.093953
13.880000 0.038186 -0.093670
13.890000 0.039487 -0.093364
13.900000 0.040782 -0.093035
13.910000 0.042071 -0.092684
13.920000 0.043354 -0.092309
13.930000 0.044630 -0.091913
13.940000 0.045899 -0.091494
13.950000 0.047160 -0.091054
13.960000 0.048412 -0.090592
13.970000 0.049656 -0.090109
13.980000 0.050891 -0.089604
13.990000 0.052116 -0.089079
14.000000 0.053331 -0.088533
14.010000 0.054536 -0.087967
14.020000 0.055731 -0.087381
14.030000 0.056914 -0.086775
14.040000 0.058085 -0.086150
14.050000 0.059245 -0.085506
14.060000 0.060392 -0.084843
14.070000 0.061527 -0.084161
14.080000 0.062648 -0.083461
14.090000 0.063757 -0.082744
14.100000 0.064851 -0.082009
14.110000 0.065932 -0.081257
14.120000 0.066998 -0.080488
14.130000 0.068049 -0.079702
14.140000 0.069086 -0.078901
14.150000 0.070107 -0.078084
14.160000 0.071113 -0.077251
14.170000 0.072103 -0.076404
14.180000 0.073077 -0.075541
14.190000 0.074034 -0.074665
14.200000 0.074975 -0.073775
14.210000 0.075899 -0.072871
14.220000 0.076806 -0.071954
14.230000 0.077696 -0.071025
14.240000 0.078568 -0.070083
14.250000 0.079422 -0.069130
14.260000 0.080259 -0.068164
14.270000 0.081077 -0.067188
14.280000 0.081877 -0.066201
14.290000 0.082659 -0.065204
14.300000 0.083423 -0.064196
14.310000 0.084167 -0.063180
14.320000 0.084893 -0.062154
14.330000 0.085599 -0.061119
14.340000 0.086287 -0.060076
14.350000 0.086956 -0.059025
14.360000 0.087605 -0.057967
14.370000 0.088234 -0.056901
14.380000 0.088845 -0.055829
14.390000 0.089436 -0.054750
14.400000 0.090007 -0.053666
14.410000 0.090558 -0.052576
14.420000 0.091090 -0.051481
14.430000 0.091602 -0.050381
14.440000 0.092095 -0.049277
14.450000 0.092568 -0.048168
14.460000 0.093021 -0.047057
14.470000 0.093454 -0.045942
14.480000 0.093867 -0.044824
14.490000 0.094261 -0.043704
14.500000 0.094635 -0.042581
14.510000 0.094990 -0.041458
14.520000 0.095325 -0.040332
14.530000 0.095640 -0.039206
14.540000 0.095936 -0.038079
14.550000 0.096212 -0.036952
14.560000 0.096469 -0.035825
14.570000 0.096707 -0.034699
14.580000 0.096925 -0.033573
14.590000 0.097125 -0.032449
14.600000 0.097306 -0.031326
14.610000 0.097467 -0.030205
14.620000 0.097610 -0.029086
14.630000 0.097735 -0.027970
14.640000 0.097841 -0.026856
14.650000 0.097928 -0.025745
14.660000 0.097998 -0.024638
14.670000 0.098049 -0.023535
14.680000 0.098083 -0.022436
14.690000 0.098099 -0.021341
14.700000 0.098097 -0.020250
14.710000 0.098078 -0.019165
14.720000 0.098042 -0.018084
14.730000 0.097988 -0.017009
14.740000 0.097918 -0.015940
14.750000 0.097832 -0.014877
14.760000 0.097729 -0.013819
14.770000 0.097609 -0.012769
14.780000 0.097474 -0.011725
14.790000 0.097323 -0.010688
14.800000 0.097157 -0.009658
14.810000 0.096975 -0.008635
14.820000 0.096778 -0.007620
14.830000 0.096566 -0.006613
14.840000 0.096340 -0.005614
14.850000 0.096099 -0.004622
14.860000 0.095844 -0.003640
14.870000 0.095575 -0.002666
14.880000 0.095292 -0.001700
14.890000 0.094996 -0.000744
14.900000 0.094687 0.000204
14.910000 0.094365 0.001142
14.920000 0.094030 0.002071
14.930000 0.093682 0.002990
14.940000 0.093323 0.003900
14.950000 0.092952 0.004800
14.960000 0.092569 0.005690
14.970000 0.092174 0.006570
14.980000 0.091769 0.007440
14.990000 0.091352 0.008300
15.000000 0.090925 0.009149
15.010000 0.090488 0.009988
15.020000 0.090041 0.010816
15.030000 0.089584 0.011634
15.040000 0.089117 0.012441
15.050000 0.088641 0.013237
15.060000 0.088156 0.014023
15.070000 0.087663 0.014797
15.080000 0.087160 0.015561
15.090000 0.086650 0.016313
15.100000 0.086132 0.017055
15.110000 0.085606 0.017786
15.120000 0.085073 0.018505
15.130000 0.084532 0.019214
15.140000 0.083985 0.019911
15.150000 0.083431 0.020597
15.160000 0.082870 0.021272
15.170000 0.082304 0.021936
15.180000 0.081732 0.022589
15.190000 0.081154 0.023231
15.200000 0.080570 0.023861
15.210000 0.079982 0.024480
15.220000 0.079388 0.025089
15.230000 0.078791 0.025686
15.240000 0.078188 0.026272
15.250000 0.077582 0.026847
15.260000 0.076971 0.027412
15.270000 0.076357 0.027965
15.280000 0.075740 0.028507
15.290000 0.075119 0.029039
15.300000 0.074495 0.029560
15.310000 0.073869 0.030070
15.320000 0.073240 0.030569
15.330000 0.072608 0.031058
15.340000 0.071975 0.031537
15.350000 0.071339 0.032005
15.360000 0.070702 0.032462
15.370000 0.070064 0.032910
15.380000 0.069424 0.033347
15.390000 0.068783 0.033774
15.400000 0.068141 0.034191
15.410000 0.067498 0.034598
15.420000 0.066855 0.034996
15.430000 0.066211 0.035383
15.440000 0.065567 0.035761
15.450000 0.064924 0.036129
15.460000 0.064280 0.036488
15.470000 0.063637 0.036838
15.480000 0.062994 0.037178
15.490000 0.062352 0.037509
15.500000 0.061710 0.037831
15.510000 0.061070 0.038145
15.520000 0.060430 0.038449
15.530000 0.059792 0.038745
15.540000 0.059155 0.039032
15.550000 0.058520 0.039311
15.560000 0.057887 0.039582
15.570000 0.057255 0.039844
15.580000 0.056625 0.040098
15.590000 0.055997 0.040344
15.600000 0.055371 0.040583
15.610000 0.054747 0.040813
15.620000 0.054126 0.041036
15.630000 0.053507 0.041252
15.640000 0.052891 0.041460
15.650000 0.052277 0.041661
15.660000 0.051666 0.041855
15.670000 0.051058 0.042041
15.680000 0.050453 0.042221
15.690000 0.049851 0.042394
15.700000 0.049251 0.042561
15.710000 0.048655 0.042721
15.720000 0.048062 0.042874
15.730000 0.047472 0.043022
15.740000 0.046886 0.043163
15.750000 0.046303 0.043298
15.760000 0.045723 0.043427
15.770000 0.045147 0.043550
15.780000 0.044574 0.043668
15.790000 0.044005 0.043780
15.800000 0.043439 0.043886
15.810000 0.042877 0.043988
15.820000 0.042319 0.044084
15.830000 0.041764 0.044174
15.840000 0.041213 0.044260
15.850000 0.040666 0.044341
15.860000 0.040122 0.044417
15.870000 0.039582 0.044488
15.880000 0.039046 0.044555
15.890000 0.038514 0.044617
15.900000 0.037985 0.044675
15.910000 0.037460 0.044728
15.920000 0.036939 0.044778
15.930000 0.036422 0.044823
15.940000 0.035908 0.044864
15.950000 0.035399 0.044901
15.960000 0.034893 0.044934
15.970000 0.034390 0.044963
15.980000 0.033892 0.044989
15.990000 0.033397 0.045011
16.000000 0.032906 0.045029
16.010000 0.032418 0.045044
16.020000 0.031935 0.045056
16.030000 0.031454 0.045064
16.040000 0.030978 0.045069
16.050000 0.030505 0.045071
16.060000 0.030035 0.045070
16.070000 0.029569 0.045065
16.080000 0.029106 0.045058
16.090000 0.028647 0.045048
16.100000 0.028191 0.045035
16.110000 0.027739 0.045019
16.120000 0.027290 0.045000
16.130000 0.026844 0.044978
16.140000 0.026401 0.044954
16.150000 0.025961 0.044927
16.160000 0.025525 0.044898
16.170000 0.025091 0.044866
16.180000 0.024661 0.044831
16.190000 0.024234 0.044794
16.200000 0.023809 0.044755
16.210000 0.023388 0.044713
16.220000 0.022969 0.044669
16.230000 0.022553 0.044622
16.240000 0.022140 0.044573
16.250000 0.021729 0.044522
16.260000 0.021321 0.044468
16.270000 0.020916 0.044412
16.280000 0.020513 0.044354
16.290000 0.020113 0.044294
16.300000 0.019715 0.044232
16.310000 0.019319 0.044167
16.320000 0.018926 0.044100
16.330000 0.018535 0.044031
16.340000 0.018146 0.043960
16.350000 0.017759 0.043886
16.360000 0.017375 0.043811
16.370000 0.016992 0.043733
16.380000 0.016612 0.043653
16.390000 0.016233 0.043571
16.400000 0.015856 0.043487
16.410000 0.015482 0.043400
16.420000 0.015108 0.043311
16.430000 0.014737 0.043221
16.440000 0.014368 0.043127
16.450000 0.014000 0.043032
16.460000 0.013633 0.042935
16.470000 0.013268 0.042835
16.480000 0.012905 0.042733
16.490000 0.012543 0.042629
16.500000 0.012183 0.042522
16.510000 0.011824 0.042413
16.520000 0.011466 0.042302
16.530000 0.011110 0.042188
16.540000 0.010755 0.042072
16.550000 0.010401 0.041954
16.560000 0.010049 0.041833
16.570000 0.009697 0.041710
16.580000 0.009347 0.041584
16.590000 0.008998 0.041456
16.600000 0.008650 0.041326
16.610000 0.008303 0.041193
16.620000 0.007957 0.041057
16.630000 0.007612 0.040919
16.640000 0.007268 0.040778
16.650000 0.006925 0.040635
16.660000 0.006583 0.040488
16.670000 0.006241 0.040340
16.680000 0.005901 0.040188
16.690000 0.005562 0.040034
16.700000 0.005223 0.039877
16.710000 0.004886 0.039717
16.720000 0.004549 0.039555
16.730000 0.004213 0.039389
16.740000 0.003878 0.039221
16.750000 0.003544 0.039050
16.760000 0.003211 0.038876
16.770000 0.002878 0.038699
16.780000 0.002546 0.038519
16.790000 0.002216 0.038336
16.800000 0.001886 0.038150
16.810000 0.001556 0.037961
16.820000 0.001228 0.037769
16.830000 0.000901 0.037574
16.840000 0.000574 0.037376
16.850000 0.000249 0.037175
16.860000 -0.000076 0.036970
16.870000 -0.000400 0.036763
16.880000 -0.000723 0.036552
16.890000 -0.001045 0.036338
16.900000 -0.001366 0.036121
16.910000 -0.001685 0.035901
16.920000 -0.002004 0.035677
16.930000 -0.002322 0.035451
16.940000 -0.002639 0.035221
16.950000 -0.002954 0.034987
16.960000 -0.003269 0.034751
16.970000 -0.003582 0.034511
16.980000 -0.003894 0.034268
16.990000 -0.004205 0.034022
17.000000 -0.004515 0.033772
17.010000 -0.004823 0.033519
17.020000 -0.005130 0.033263
17.030000 -0.005435 0.033004
17.040000 -0.005739 0.032741
17.050000 -0.006042 0.032475
17.060000 -0.006343 0.032205
17.070000 -0.006642 0.031933
17.080000 -0.006940 0.031657
17.090000 -0.007236 0.031378
17.100000 -0.007530 0.031095
17.110000 -0.007822 0.030810
17.120000 -0.008113 0.030521
17.130000 -0.008402 0.030229
17.140000 -0.008689 0.029933
17.150000 -0.008974 0.029635
17.160000 -0.009256 0.029333
17.170000 -0.009537 0.029029
17.180000 -0.009816 0.028721
17.190000 -0.010092 0.028410
17.200000 -0.010366 0.028096
17.210000 -0.010637 0.027779
17.220000 -0.010906 0.027459
17.230000 -0.011173 0.027136
17.240000 -0.011437 0.026811
17.250000 -0.011699 0.026482
17.260000 -0.011958 0.026150
17.270000 -0.012214 0.025816
17.280000 -0.012467 0.025479
17.290000 -0.012717 0.025139
17.300000 -0.012965 0.024796
17.310000 -0.013209 0.024451
17.320000 -0.013451 0.024103
17.330000 -0.013689 0.023752
17.340000 -0.013924 0.023399
17.350000 -0.014156 0.023044
17.360000 -0.014385 0.022686
17.370000 -0.014610 0.022326
17.380000 -0.014831 0.021964
17.390000 -0.015050 0.021599
17.400000 -0.015264 0.021232
17.410000 -0.015475 0.020863
17.420000 -0.015682 0.020492
17.430000 -0.015885 0.020119
17.440000 -0.016085 0.019744
17.450000 -0.016280 0.019367
17.460000 -0.016472 0.018988
17.470000 -0.016659 0.018608
17.480000 -0.016842 0.018226
17.490000 -0.017022 0.017842
17.500000 -0.017196 0.017457
17.510000 -0.017367 0.017070
17.520000 -0.017533 0.016682
17.530000 -0.017695 0.016292
17.540000 -0.017852 0.015902
17.550000 -0.018005 0.015510
17.560000 -0.018153 0.015117
17.570000 -0.018296 0.014723
17.580000 -0.018435 0.014328
17.590000 -0.018569 0.013933
17.600000 -0.018698 0.013536
17.610000 -0.018822 0.013139
17.620000 -0.018941 0.012742
17.630000 -0.019055 0.012343
17.640000 -0.019164 0.011945
17.650000 -0.019269 0.011546
17.660000 -0.019367 0.011147
17.670000 -0.019461 0.010747
17.680000 -0.019550 0.010348
17.690000 -0.019633 0.009948
17.700000 -0.019711 0.009549
17.710000 -0.019783 0.009150
17.720000 -0.019850 0.008751
17.730000 -0.019912 0.008353
17.740000 -0.019968 0.007955
17.750000 -0.020018 0.007557
17.760000 -0.020063 0.007160
17.770000 -0.020103 0.006764
17.780000 -0.020137 0.006369
17.790000 -0.020165 0.005974
17.800000 -0.020187 0.005581
17.810000 -0.020204 0.005189
17.820000 -0.020215 0.004797
17.830000 -0.020221 0.004408
17.840000 -0.020220 0.004019
17.850000 -0.020214 0.003632
17.860000 -0.020202 0.003247
17.870000 -0.020184 0.002863
17.880000 -0.020161 0.002481
17.890000 -0.020131 0.002101
17.900000 -0.020096 0.001722
17.910000 -0.020054 0.001346
17.920000 -0.020007 0.000972
17.930000 -0.019954 0.000600
17.940000 -0.019895 0.000230
17.950000 -0.019831 -0.000138
17.960000 -0.019760 -0.000503
17.970000 -0.019684 -0.000865
17.980000 -0.019601 -0.001225
17.990000 -0.019513 -0.001582
18.000000 -0.019419 -0.001936
18.010000 -0.019319 -0.002287
18.020000 -0.019213 -0.002636
18.030000 -0.019102 -0.002981
18.040000 -0.018985 -0.003323
18.050000 -0.018861 -0.003662
18.060000 -0.018733 -0.003998
18.070000 -0.018598 -0.004330
18.080000 -0.018458 -0.004659
18.090000 -0.018312 -0.004984
18.100000 -0.018160 -0.005305
18.110000 -0.018003 -0.005623
18.120000 -0.017840 -0.005937
18.130000 -0.017672 -0.006248
18.140000 -0.017498 -0.006554
18.150000 -0.017319 -0.006856
18.160000 -0.017134 -0.007154
18.170000 -0.016944 -0.007448
18.180000 -0.016748 -0.007738
18.190000 -0.016547 -0.008024
18.200000 -0.016341 -0.008305
18.210000 -0.016130 -0.008582
18.220000 -0.015914 -0.008854
18.230000 -0.015692 -0.009122
18.240000 -0.015466 -0.009385
18.250000 -0.015234 -0.009643
18.260000 -0.014998 -0.009897
18.270000 -0.014756 -0.010146
18.280000 -0.014510 -0.010390
18.290000 -0.014259 -0.010629
18.300000 -0.014004 -0.010863
18.310000 -0.013744 -0.011092
18.320000 -0.013479 -0.011316
18.330000 -0.013210 -0.011535
18.340000 -0.012937 -0.011749
18.350000 -0.012659 -0.011957
18.360000 -0.012377 -0.012160
18.370000 -0.012091 -0.012358
18.380000 -0.011800 -0.012551
18.390000 -0.011506 -0.012738
18.400000 -0.011208 -0.012920
18.410000 -0.010906 -0.013096
18.420000 -0.010600 -0.013267
18.430000 -0.010291 -0.013432
18.440000 -0.009978 -0.013592
18.450000 -0.009661 -0.013746
18.460000 -0.009341 -0.013894
18.470000 -0.009018 -0.014037
18.480000 -0.008692 -0.014174
18.490000 -0.008362 -0.014306
18.500000 -0.008029 -0.014431
18.510000 -0.007694 -0.014551
18.520000 -0.007356 -0.014665
18.530000 -0.007014 -0.014773
18.540000 -0.006671 -0.014876
18.550000 -0.006325 -0.014972
18.560000 -0.005976 -0.015063
18.570000 -0.005625 -0.015148
18.580000 -0.005272 -0.015227
18.590000 -0.004916 -0.015300
18.600000 -0.004559 -0.015367
18.610000 -0.004199 -0.015429
18.620000 -0.003838 -0.015484
18.630000 -0.003475 -0.015534
18.640000 -0.003111 -0.015577
18.650000 -0.002745 -0.015615
18.660000 -0.002378 -0.015647
18.670000 -0.002009 -0.015673
18.680000 -0.001639 -0.015693
18.690000 -0.001269 -0.015707
18.700000 -0.000897 -0.015715
18.710000 -0.000524 -0.015717
18.720000 -0.000151 -0.015714
18.730000 0.000223 -0.015705
18.740000 0.000598 -0.015690
18.750000 0.000972 -0.015669
18.760000 0.001348 -0.015642
18.770000 0.001723 -0.015610
18.780000 0.002098 -0.015572
18.790000 0.002474 -0.015528
18.800000 0.002849 -0.015478
18.810000 0.003224 -0.015423
18.820000 0.003598 -0.015362
18.830000 0.003972 -0.015296
18.840000 0.004345 -0.015224
18.850000 0.004718 -0.015146
18.860000 0.005090 -0.015063
18.870000 0.005461 -0.014974
18.880000 0.005830 -0.014880
18.890000 0.006199 -0.014781
18.900000 0.006566 -0.014676
18.910000 0.006932 -0.014566
18.920000 0.007297 -0.014451
18.930000 0.007660 -0.014331
18.940000 0.008021 -0.014205
18.950000 0.008380 -0.014074
18.960000 0.008737 -0.013938
18.970000 0.009093 -0.013797
18.980000 0.009446 -0.013651
18.990000 0.009797 -0.013501
19.000000 0.010146 -0.013345
19.010000 0.010492 -0.013184
19.020000 0.010836 -0.013019
19.030000 0.011177 -0.012849
19.040000 0.011515 -0.012675
19.050000 0.011850 -0.012496
19.060000 0.012183 -0.012312
19.070000 0.012512 -0.012124
19.080000 0.012838 -0.011931
19.090000 0.013161 -0.011734
19.100000 0.013481 -0.011533
19.110000 0.013797 -0.011328
19.120000 0.014110 -0.011118
19.130000 0.014419 -0.010905
19.140000 0.014725 -0.010687
19.150000 0.015027 -0.010466
19.160000 0.015324 -0.010241
19.170000 0.015618 -0.010012
19.180000 0.015908 -0.009779
19.190000 0.016194 -0.009543
19.200000 0.016475 -0.009303
19.210000 0.016753 -0.009059
19.220000 0.017026 -0.008813
19.230000 0.017294 -0.008563
19.240000 0.017558 -0.008309
19.250000 0.017818 -0.008053
19.260000 0.018072 -0.007793
19.270000 0.018322 -0.007531
19.280000 0.018568 -0.007266
19.290000 0.018808 -0.006997
19.300000 0.019044 -0.006726
19.310000 0.019274 -0.006453
19.320000 0.019500 -0.006177
19.330000 0.019720 -0.005898
19.340000 0.019935 -0.005617
19.350000 0.020145 -0.005333
19.360000 0.020350 -0.005048
19.370000 0.020550 -0.004760
19.380000 0.020744 -0.004470
19.390000 0.020932 -0.004178
19.400000 0.021116 -0.003885
19.410000 0.021293 -0.003589
19.420000 0.021466 -0.003292
19.430000 0.021632 -0.002993
19.440000 0.021793 -0.002693
19.450000 0.021949 -0.002391
19.460000 0.022098 -0.002088
19.470000 0.022242 -0.001784
19.480000 0.022380 -0.001478
19.490000 0.022513 -0.001171
19.500000 0.022639 -0.000864
19.510000 0.022760 -0.000555
19.520000 0.022875 -0.000246
19.530000 0.022984 0.000064
19.540000 0.023087 0.000374
19.550000 0.023184 0.000686
19.560000 0.023276 0.000997
19.570000 0.023361 0.001309
19.580000 0.023441 0.001621
19.590000 0.023514 0.001934
19.600000 0.023582 0.002246
19.610000 0.023643 0.002558
19.620000 0.023699 0.002871
19.630000 0.023749 0.003183
19.640000 0.023792 0.003495
19.650000 0.023830 0.003806
19.660000 0.023862 0.004118
19.670000 0.023888 0.004428
19.680000 0.023908 0.004738
19.690000 0.023922 0.005047
19.700000 0.023931 0.005356
19.710000 0.023933 0.005663
19.720000 0.023930 0.005970
19.730000 0.023921 0.006275
19.740000 0.023906 0.006580
19.750000 0.023885 0.006883
19.760000 0.023858 0.007185
19.770000 0.023826 0.007486
19.780000 0.023788 0.007785
19.790000 0.023744 0.008082
19.800000 0.023695 0.008378
19.810000 0.023640 0.008673
19.820000 0.023580 0.008965
19.830000 0.023514 0.009256
19.840000 0.023443 0.009545
19.850000 0.023366 0.009831
19.860000 0.023284 0.010116
19.870000 0.023197 0.010399
19.880000 0.023104 0.010679
19.890000 0.023006 0.010957
19.900000 0.022903 0.011233
19.910000 0.022795 0.011506
19.920000 0.022682 0.011777
19.930000 0.022564 0.012045
19.940000 0.022441 0.012311
19.950000 0.022313 0.012574
19.960000 0.022180 0.012834
19.970000 0.022043 0.013092
19.980000 0.021901 0.013346
19.990000 0.021754 0.013598
20.000000 0.021603 0.013847
20.010000 0.021447 0.014092
20.020000 0.021287 0.014335
20.030000 0.021122 0.014575
20.040000 0.020953 0.014811
20.050000 0.020780 0.015044
20.060000 0.020603 0.015274
20.070000 0.020422 0.015500
20.080000 0.020237 0.015723
20.090000 0.020048 0.015942
20.100000 0.019855 0.016159
20.110000 0.019659 0.016371
20.120000 0.019459 0.016580
20.130000 0.019255 0.016785
20.140000 0.019048 0.016987
20.150000 0.018838 0.017185
20.160000 0.018624 0.017380
20.170000 0.018407 0.017570
20.180000 0.018187 0.017757
20.190000 0.017963 0.017940
20.200000 0.017737 0.018119
20.210000 0.017508 0.018294
20.220000 0.017276 0.018466
20.230000 0.017042 0.018633
20.240000 0.016805 0.018797
20.250000 0.016565 0.018956
20.260000 0.016323 0.019112
20.270000 0.016079 0.019263
20.280000 0.015832 0.019411
20.290000 0.015583 0.019554
20.300000 0.015332 0.019694
20.310000 0.015079 0.019829
20.320000 0.014825 0.019960
20.330000 0.014568 0.020087
20.340000 0.014310 0.020210
20.350000 0.014050 0.020329
20.360000 0.013788 0.020444
20.370000 0.013525 0.020555
20.380000 0.013261 0.020661
20.390000 0.012995 0.020763
20.400000 0.012729 0.020862
20.410000 0.012461 0.020956
20.420000 0.012192 0.021046
20.430000 0.011922 0.021131
20.440000 0.011652 0.021213
20.450000 0.011380 0.021291
20.460000 0.011108 0.021364
20.470000 0.010835 0.021434
20.480000 0.010562 0.021499
20.490000 0.010289 0.021560
20.500000 0.010015 0.021617
20.510000 0.009741 0.021670
20.520000 0.009467 0.021719
20.530000 0.009192 0.021764
20.540000 0.008918 0.021805
20.550000 0.008643 0.021842
20.560000 0.008369 0.021875
20.570000 0.008095 0.021904
20.580000 0.007822 0.021929
20.590000 0.007548 0.021950
20.600000 0.007276 0.021968
20.610000 0.007003 0.021981
20.620000 0.006732 0.021991
20.630000 0.006461 0.021997
20.640000 0.006190 0.021999
20.650000 0.005921 0.021997
20.660000 0.005652 0.021991
20.670000 0.005384 0.021982
20.680000 0.005118 0.021969
20.690000 0.004852 0.021953
20.700000 0.004587 0.021933
20.710000 0.004324 0.021909
20.720000 0.004062 0.021882
20.730000 0.003801 0.021851
20.740000 0.003542 0.021817
20.750000 0.003284 0.021779
20.760000 0.003027 0.021738
20.770000 0.002772 0.021694
20.780000 0.002518 0.021646
20.790000 0.002266 0.021595
20.800000 0.002016 0.021541
20.810000 0.001768 0.021484
20.820000 0.001521 0.021423
20.830000 0.001276 0.021360
20.840000 0.001033 0.021293
20.850000 0.000792 0.021223
20.860000 0.000553 0.021150
20.870000 0.000315 0.021074
20.880000 0.000080 0.020996
20.890000 -0.000153 0.020914
20.900000 -0.000384 0.020830
20.910000 -0.000613 0.020742
20.920000 -0.000840 0.020653
20.930000 -0.001065 0.020560
20.940000 -0.001287 0.020465
20.950000 -0.001507 0.020367
20.960000 -0.001725 0.020266
20.970000 -0.001941 0.020163
20.980000 -0.002154 0.020058
20.990000 -0.002365 0.019950
21.000000 -0.002574 0.019839
21.010000 -0.002780 0.019727
21.020000 -0.002984 0.019612
21.030000 -0.003186 0.019494
21.040000 -0.003385 0.019375
21.050000 -0.003581 0.019253
21.060000 -0.003776 0.019129
21.070000 -0.003967 0.019003
21.080000 -0.004156 0.018875
21.090000 -0.004343 0.018746
21.100000 -0.004527 0.018614
21.110000 -0.004709 0.018480
21.120000 -0.004888 0.018344
21.130000 -0.005065 0.018206
21.140000 -0.005239 0.018067
21.150000 -0.005410 0.017926
21.160000 -0.005579 0.017783
21.170000 -0.005746 0.017639
21.180000 -0.005910 0.017492
21.190000 -0.006071 0.017345
21.200000 -0.006230 0.017196
21.210000 -0.006386 0.017045
21.220000 -0.006540 0.016893
21.230000 -0.006691 0.016739
21.240000 -0.006840 0.016584
21.250000 -0.006986 0.016427
21.260000 -0.007130 0.016270
21.270000 -0.007271 0.016111
21.280000 -0.007410 0.015951
21.290000 -0.007546 0.015789
21.300000 -0.007680 0.015627
21.310000 -0.007811 0.015463
21.320000 -0.007940 0.015298
21.330000 -0.008066 0.015132
21.340000 -0.008190 0.014965
21.350000 -0.008311 0.014798
21.360000 -0.008430 0.014629
21.370000 -0.008546 0.014459
21.380000 -0.008661 0.014288
21.390000 -0.008772 0.014117
21.400000 -0.008882 0.013945
21.410000 -0.008989 0.013772
21.420000 -0.009093 0.013598
21.430000 -0.009196 0.013423
21.440000 -0.009296 0.013248
21.450000 -0.009393 0.013072
21.460000 -0.009489 0.012896
21.470000 -0.009582 0.012719
21.480000 -0.009673 0.012541
21.490000 -0.009761 0.012363
21.500000 -0.009847 0.012184
21.510000 -0.009932 0.012005
21.520000 -0.010013 0.011826
21.530000 -0.010093 0.011646
21.540000 -0.010171 0.011465
21.550000 -0.010246 0.011284
21.560000 -0.010320 0.011103
21.570000 -0.010391 0.010922
21.580000 -0.010460 0.010740
21.590000 -0.010527 0.010558
21.600000 -0.010592 0.010376
21.610000 -0.010654 0.010193
21.620000 -0.010715 0.010011
21.630000 -0.010774 0.009828
21.640000 -0.010831 0.009645
21.650000 -0.010885 0.009462
21.660000 -0.010938 0.009279
21.670000 -0.010989 0.009096
21.680000 -0.011038 0.008912
21.690000 -0.011084 0.008729
21.700000 -0.011129 0.008546
21.710000 -0.011172 0.008363
21.720000 -0.011214 0.008179
21.730000 -0.011253 0.007996
21.740000 -0.011290 0.007813
21.750000 -0.011326 0.007630
21.760000 -0.011359 0.007448
21.770000 -0.011391 0.007265
21.780000 -0.011421 0.007083
21.790000 -0.011449 0.006901
21.800000 -0.011475 0.006719
21.810000 -0.011500 0.006537
21.820000 -0.011523 0.006355
21.830000 -0.011544 0.006174
21.840000 -0.011563 0.005993
21.850000 -0.011580 0.005813
21.860000 -0.011596 0.005633
21.870000 -0.011610 0.005453
21.880000 -0.011622 0.005274
21.890000 -0.011633 0.005095
21.900000 -0.011642 0.004916
21.910000 -0.011649 0.004738
21.920000 -0.011654 0.004561
21.930000 -0.011658 0.004384
21.940000 -0.011660 0.004207
21.950000 -0.011660 0.004031
21.960000 -0.011659 0.003856
21.970000 -0.011656 0.003681
21.980000 -0.011652 0.003507
21.990000 -0.011645 0.003333
22.000000 -0.011637 0.003161
22.010000 -0.011628 0.002988
22.020000 -0.011617 0.002817
22.030000 -0.011604 0.002646
22.040000 -0.011590 0.002476
22.050000 -0.011574 0.002307
22.060000 -0.011556 0.002139
22.070000 -0.011537 0.001971
22.080000 -0.011516 0.001804
22.090000 -0.011494 0.001638
22.100000 -0.011470 0.001473
22.110000 -0.011445 0.001309
22.120000 -0.011418 0.001146
22.130000 -0.011389 0.000984
22.140000 -0.011359 0.000823
22.150000 -0.011327 0.000662
22.160000 -0.011294 0.000503
22.170000 -0.011259 0.000345
22.180000 -0.011222 0.000188
22.190000 -0.011184 0.000032
22.200000 -0.011145 -0.000123
22.210000 -0.011104 -0.000277
22.220000 -0.011061 -0.000430
22.230000 -0.011017 -0.000581
22.240000 -0.010972 -0.000732
22.250000 -0.010925 -0.000881
22.260000 -0.010876 -0.001028
22.270000 -0.010826 -0.001175
22.280000 -0.010775 -0.001320
22.290000 -0.010722 -0.001464
22.300000 -0.010667 -0.001607
22.310000 -0.010611 -0.001748
22.320000 -0.010554 -0.001888
22.330000 -0.010495 -0.002026
22.340000 -0.010434 -0.002163
22.350000 -0.010373 -0.002299
22.360000 -0.010310 -0.002433
22.370000 -0.010245 -0.002565
22.380000 -0.010179 -0.002696
22.390000 -0.010112 -0.002826
22.400000 -0.010043 -0.002953
22.410000 -0.009973 -0.003080
22.420000 -0.009901 -0.003204
22.430000 -0.009828 -0.003327
22.440000 -0.009754 -0.003449
22.450000 -0.009678 -0.003569
22.460000 -0.009602 -0.003687
22.470000 -0.009523 -0.003803
22.480000 -0.009444 -0.003918
22.490000 -0.009363 -0.004030
22.500000 -0.009281 -0.004141
22.510000 -0.009198 -0.004251
22.520000 -0.009113 -0.004358
22.530000 -0.009028 -0.004464
22.540000 -0.008941 -0.004567
22.550000 -0.008853 -0.004669
22.560000 -0.008763 -0.004769
22.570000 -0.008673 -0.004867
22.580000 -0.008581 -0.004963
22.590000 -0.008489 -0.005058
22.600000 -0.008395 -0.005150
22.610000 -0.008300 -0.005240
22.620000 -0.008204 -0.005329
22.630000 -0.008107 -0.005415
22.640000 -0.008009 -0.005499
22.650000 -0.007911 -0.005581
22.660000 -0.007811 -0.005662
22.670000 -0.007710 -0.005740
22.680000 -0.007608 -0.005816
22.690000 -0.007506 -0.005890
22.700000 -0.007402 -0.005962
22.710000 -0.007298 -0.006032
22.720000 -0.007193 -0.006100
22.730000 -0.007087 -0.006165
22.740000 -0.006980 -0.006229
22.750000 -0.006873 -0.006290
22.760000 -0.006764 -0.006349
22.770000 -0.006656 -0.006406
22.780000 -0.006546 -0.006461
22.790000 -0.006436 -0.006514
22.800000 -0.006325 -0.006565
22.810000 -0.006214 -0.006613
22.820000 -0.006102 -0.006660
22.830000 -0.005990 -0.006704
22.840000 -0.005877 -0.006746
22.850000 -0.005764 -0.006786
22.860000 -0.005650 -0.006823
22.870000 -0.005536 -0.006859
22.880000 -0.005422 -0.006892
22.890000 -0.005307 -0.006923
22.900000 -0.005192 -0.006952
22.910000 -0.005077 -0.006979
22.920000 -0.004961 -0.007004
22.930000 -0.004845 -0.007027
22.940000 -0.004729 -0.007047
22.950000 -0.004613 -0.007065
22.960000 -0.004497 -0.007082
22.970000 -0.004381 -0.007096
22.980000 -0.004265 -0.007108
22.990000 -0.004149 -0.007118
23.000000 -0.004033 -0.007125
23.010000 -0.003917 -0.007131
23.020000 -0.003801 -0.007135
23.030000 -0.003685 -0.007137
23.040000 -0.003569 -0.007136
23.050000 -0.003454 -0.007134
23.060000 -0.003339 -0.007130
23.070000 -0.003224 -0.007123
23.080000 -0.003109 -0.007115
23.090000 -0.002995 -0.007105
23.100000 -0.002881 -0.007093
23.110000 -0.002768 -0.007079
23.120000 -0.002655 -0.007063
23.130000 -0.002543 -0.007045
23.140000 -0.002431 -0.007025
23.150000 -0.002319 -0.007004
23.160000 -0.002208 -0.006981
23.170000 -0.002098 -0.006956
23.180000 -0.001989 -0.006929
23.190000 -0.001880 -0.006900
23.200000 -0.001771 -0.006870
23.210000 -0.001664 -0.006838
23.220000 -0.001557 -0.006805
23.230000 -0.001451 -0.006770
23.240000 -0.001346 -0.006733
23.250000 -0.001242 -0.006695
23.260000 -0.001139 -0.006656
23.270000 -0.001036 -0.006615
23.280000 -0.000935 -0.006572
23.290000 -0.000834 -0.006528
23.300000 -0.000735 -0.006482
23.310000 -0.000636 -0.006436
23.320000 -0.000539 -0.006388
23.330000 -0.000442 -0.006338
23.340000 -0.000347 -0.006288
23.350000 -0.000253 -0.006236
23.360000 -0.000160 -0.006183
23.370000 -0.000068 -0.006128
23.380000 0.000023 -0.006073
23.390000 0.000112 -0.006017
23.400000 0.000200 -0.005959
23.410000 0.000287 -0.005901
23.420000 0.000373 -0.005841
23.430000 0.000458 -0.005781
23.440000 0.000541 -0.005720
23.450000 0.000623 -0.005658
23.460000 0.000703 -0.005595
23.470000 0.000782 -0.005531
23.480000 0.000860 -0.005466
23.490000 0.000936 -0.005401
23.500000 0.001011 -0.005335
23.510000 0.001085 -0.005269
23.520000 0.001157 -0.005202
23.530000 0.001228 -0.005134
23.540000 0.001297 -0.005066
23.550000 0.001365 -0.004998
23.560000 0.001432 -0.004928
23.570000 0.001497 -0.004859
23.580000 0.001560 -0.004789
23.590000 0.001622 -0.004719
23.600000 0.001683 -0.004649
23.610000 0.001742 -0.004578
23.620000 0.001799 -0.004507
23.630000 0.001855 -0.004436
23.640000 0.001910 -0.004365
23.650000 0.001963 -0.004293
23.660000 0.002015 -0.004222
23.670000 0.002065 -0.004151
23.680000 0.002114 -0.004079
23.690000 0.002161 -0.004008
23.700000 0.002206 -0.003937
23.710000 0.002251 -0.003866
23.720000 0.002293 -0.003795
23.730000 0.002335 -0.003724
23.740000 0.002374 -0.003653
23.750000 0.002413 -0.003583
23.760000 0.002450 -0.003513
23.770000 0.002485 -0.003443
23.780000 0.002519 -0.003374
23.790000 0.002552 -0.003305
23.800000 0.002583 -0.003236
23.810000 0.002613 -0.003168
23.820000 0.002641 -0.003100
23.830000 0.002668 -0.003033
23.840000 0.002694 -0.002967
23.850000 0.002718 -0.002900
23.860000 0.002741 -0.002835
23.870000 0.002763 -0.002770
23.880000 0.002783 -0.002706
23.890000 0.002803 -0.002642
23.900000 0.002820 -0.002579
23.910000 0.002837 -0.002517
23.920000 0.002852 -0.002456
23.930000 0.002867 -0.002395
23.940000 0.002880 -0.002335
23.950000 0.002892 -0.002276
23.960000 0.002902 -0.002218
23.970000 0.002912 -0.002160
23.980000 0.002920 -0.002104
23.990000 0.002928 -0.002048
24.000000 0.002934 -0.001993
24.010000 0.002939 -0.001939
24.020000 0.002944 -0.001886
24.030000 0.002947 -0.001834
24.040000 0.002949 -0.001783
24.050000 0.002951 -0.001733
24.060000 0.002951 -0.001684
24.070000 0.002951 -0.001635
24.080000 0.002949 -0.001588
24.090000 0.002947 -0.001542
24.100000 0.002944 -0.001497
24.110000 0.002941 -0.001453
24.120000 0.002936 -0.001410
24.130000 0.002931 -0.001368
24.140000 0.002925 -0.001327
24.150000 0.002918 -0.001287
24.160000 0.002911 -0.001248
24.170000 0.002903 -0.001210
24.180000 0.002895 -0.001174
24.190000 0.002886 -0.001138
24.200000 0.002876 -0.001104
24.210000 0.002866 -0.001070
24.220000 0.002855 -0.001038
24.230000 0.002844 -0.001006
24.240000 0.002832 -0.000976
24.250000 0.002820 -0.000947
24.260000 0.002808 -0.000919
24.270000 0.002795 -0.000891
24.280000 0.002782 -0.000865
24.290000 0.002769 -0.000840
24.300000 0.002755 -0.000816
24.310000 0.002741 -0.000793
24.320000 0.002727 -0.000772
24.330000 0.002712 -0.000751
24.340000 0.002697 -0.000731
24.350000 0.002683 -0.000712
24.360000 0.002668 -0.000694
24.370000 0.002653 -0.000677
24.380000 0.002637 -0.000661
24.390000 0.002622 -0.000646
24.400000 0.002607 -0.000632
24.410000 0.002592 -0.000619
24.420000 0.002576 -0.000606
24.430000 0.002561 -0.000595
24.440000 0.002546 -0.000585
24.450000 0.002530 -0.000575
24.460000 0.002515 -0.000566
24.470000 0.002500 -0.000558
24.480000 0.002485 -0.000551
24.490000 0.002471 -0.000545
24.500000 0.002456 -0.000539
24.510000 0.002441 -0.000534
24.520000 0.002427 -0.000530
24.530000 0.002413 -0.000527
24.540000 0.002399 -0.000524
24.550000 0.002386 -0.000523
24.560000 0.002372 -0.000521
24.570000 0.002359 -0.000521
24.580000 0.002347 -0.000521
24.590000 0.002334 -0.000521
24.600000 0.002322 -0.000522
24.610000 0.002310 -0.000524
24.620000 0.002299 -0.000526
24.630000 0.002288 -0.000529
24.640000 0.002277 -0.000532
24.650000 0.002266 -0.000536
24.660000 0.002256 -0.000540
24.670000 0.002247 -0.000545
24.680000 0.002238 -0.000550
24.690000 0.002229 -0.000555
24.700000 0.002221 -0.000561
24.710000 0.002213 -0.000567
24.720000 0.002205 -0.000574
24.730000 0.002198 -0.000580
24.740000 0.002191 -0.000587
24.750000 0.002185 -0.000594
24.760000 0.002179 -0.000602
24.770000 0.002174 -0.000609
24.780000 0.002169 -0.000617
24.790000 0.002165 -0.000625
24.800000 0.002161 -0.000633
24.810000 0.002158 -0.000641
24.820000 0.002155 -0.000650
24.830000 0.002152 -0.000658
24.840000 0.002150 -0.000666
24.850000 0.002149 -0.000675
24.860000 0.002148 -0.000683
24.870000 0.002147 -0.000691
24.880000 0.002147 -0.000700
24.890000 0.002147 -0.000708
24.900000 0.002148 -0.000716
24.910000 0.002149 -0.000724
24.920000 0.002151 -0.000732
24.930000 0.002153 -0.000740
24.940000 0.002155 -0.000747
24.950000 0.002158 -0.000755
24.960000 0.002162 -0.000762
24.970000 0.002165 -0.000769
24.980000 0.002170 -0.000776
24.990000 0.002174 -0.000782
25.000000 0.002179 -0.000789
25.010000 0.002185 -0.000795
25.020000 0.002190 -0.000800
25.030000 0.002196 -0.000806
25.040000 0.002203 -0.000810
25.050000 0.002210 -0.000815
25.060000 0.002217 -0.000819
25.070000 0.002224 -0.000823
25.080000 0.002232 -0.000827
25.090000 0.002240 -0.000830
25.100000 0.002248 -0.000832
25.110000 0.002257 -0.000835
25.120000 0.002266 -0.000836
25.130000 0.002275 -0.000838
25.140000 0.002284 -0.000839
25.150000 0.002294 -0.000839
25.160000 0.002304 -0.000839
25.170000 0.002314 -0.000838
25.180000 0.002324 -0.000837
25.190000 0.002335 -0.000835
25.200000 0.002345 -0.000833
25.210000 0.002356 -0.000830
25.220000 0.002367 -0.000827
25.230000 0.002378 -0.000823
25.240000 0.002389 -0.000819
25.250000 0.002400 -0.000814
25.260000 0.002411 -0.000809
25.270000 0.002422 -0.000803
25.280000 0.002433 -0.000796
25.290000 0.002445 -0.000789
25.300000 0.002456 -0.000781
25.310000 0.002467 -0.000773
25.320000 0.002479 -0.000764
25.330000 0.002490 -0.000755
25.340000 0.002501 -0.000745
25.350000 0.002513 -0.000734
25.360000 0.002524 -0.000723
25.370000 0.002535 -0.000712
25.380000 0.002546 -0.000699
25.390000 0.002556 -0.000686
25.400000 0.002567 -0.000673
25.410000 0.002577 -0.000659
25.420000 0.002588 -0.000644
25.430000 0.002598 -0.000629
25.440000 0.002608 -0.000614
25.450000 0.002618 -0.000597
25.460000 0.002627 -0.000581
25.470000 0.002637 -0.000563
25.480000 0.002646 -0.000546
25.490000 0.002655 -0.000527
25.500000 0.002663 -0.000508
25.510000 0.002671 -0.000489
25.520000 0.002679 -0.000469
25.530000 0.002687 -0.000449
25.540000 0.002694 -0.000428
25.550000 0.002701 -0.000407
25.560000 0.002708 -0.000385
25.570000 0.002714 -0.000363
25.580000 0.002720 -0.000340
25.590000 0.002726 -0.000317
25.600000 0.002731 -0.000294
25.610000 0.002736 -0.000270
25.620000 0.002740 -0.000245
25.630000 0.002744 -0.000221
25.640000 0.002748 -0.000195
25.650000 0.002751 -0.000170
25.660000 0.002753 -0.000144
25.670000 0.002756 -0.000118
25.680000 0.002757 -0.000092
25.690000 0.002759 -0.000065
25.700000 0.002759 -0.000038
25.710000 0.002760 -0.000010
25.720000 0.002760 0.000017
25.730000 0.002759 0.000045
25.740000 0.002758 0.000073
25.750000 0.002756 0.000102
25.760000 0.002754 0.000130
25.770000 0.002751 0.000159
25.780000 0.002748 0.000188
25.790000 0.002744 0.000217
25.800000 0.002740 0.000247
25.810000 0.002735 0.000276
25.820000 0.002730 0.000306
25.830000 0.002724 0.000336
25.840000 0.002718 0.000365
25.850000 0.002711 0.000395
25.860000 0.002704 0.000425
25.870000 0.002696 0.000455
25.880000 0.002687 0.000485
25.890000 0.002678 0.000515
25.900000 0.002668 0.000545
25.910000 0.002658 0.000575
25.920000 0.002647 0.000605
25.930000 0.002636 0.000635
25.940000 0.002624 0.000665
25.950000 0.002612 0.000695
25.960000 0.002599 0.000725
25.970000 0.002586 0.000755
25.980000 0.002572 0.000784
25.990000 0.002558 0.000814
26.000000 0.002543 0.000843
26.010000 0.002527 0.000872
26.020000 0.002511 0.000901
26.030000 0.002495 0.000930
26.040000 0.002478 0.000958
26.050000 0.002460 0.000987
26.060000 0.002442 0.001015
26.070000 0.002424 0.001043
26.080000 0.002405 0.001070
26.090000 0.002385 0.001097
26.100000 0.002365 0.001125
26.110000 0.002345 0.001151
26.120000 0.002324 0.001178
26.130000 0.002303 0.001204
26.140000 0.002281 0.001230
26.150000 0.002259 0.001255
26.160000 0.002237 0.001280
26.170000 0.002214 0.001305
26.180000 0.002190 0.001329
26.190000 0.002166 0.001353
26.200000 0.002142 0.001377
26.210000 0.002118 0.001400
26.220000 0.002093 0.001423
26.230000 0.002068 0.001445
26.240000 0.002042 0.001467
26.250000 0.002016 0.001489
26.260000 0.001990 0.001510
26.270000 0.001963 0.001530
26.280000 0.001936 0.001550
26.290000 0.001909 0.001570
26.300000 0.001881 0.001589
26.310000 0.001853 0.001607
26.320000 0.001825 0.001626
26.330000 0.001797 0.001643
26.340000 0.001769 0.001660
26.350000 0.001740 0.001677
26.360000 0.001711 0.001693
26.370000 0.001681 0.001708
26.380000 0.001652 0.001723
26.390000 0.001622 0.001738
26.400000 0.001593 0.001752
26.410000 0.001563 0.001765
26.420000 0.001532 0.001778
26.430000 0.001502 0.001790
26.440000 0.001472 0.001802
26.450000 0.001441 0.001813
26.460000 0.001411 0.001824
26.470000 0.001380 0.001834
26.480000 0.001349 0.001843
26.490000 0.001318 0.001852
26.500000 0.001287 0.001860
26.510000 0.001256 0.001868
26.520000 0.001225 0.001875
26.530000 0.001194 0.001882
26.540000 0.001163 0.001888
26.550000 0.001132 0.001893
26.560000 0.001101 0.001898
26.570000 0.001070 0.001903
26.580000 0.001039 0.001906
26.590000 0.001008 0.001910
26.600000 0.000977 0.001912
26.610000 0.000946 0.001914
26.620000 0.000916 0.001916
26.630000 0.000885 0.001917
26.640000 0.000854 0.001918
26.650000 0.000824 0.001917
26.660000 0.000794 0.001917
26.670000 0.000763 0.001916
26.680000 0.000733 0.001914
26.690000 0.000703 0.001912
26.700000 0.000674 0.001909
26.710000 0.000644 0.001906
26.720000 0.000615 0.001902
26.730000 0.000585 0.001898
26.740000 0.000556 0.001893
26.750000 0.000527 0.001888
26.760000 0.000499 0.001882
26.770000 0.000470 0.001876
26.780000 0.000442 0.001869
26.790000 0.000414 0.001862
26.800000 0.000387 0.001854
26.810000 0.000359 0.001846
26.820000 0.000332 0.001838
26.830000 0.000305 0.001829
26.840000 0.000279 0.001819
26.850000 0.000252 0.001809
26.860000 0.000226 0.001799
26.870000 0.000201 0.001788
26.880000 0.000175 0.001777
26.890000 0.000150 0.001766
26.900000 0.000126 0.001754
26.910000 0.000101 0.001742
26.920000 0.000077 0.001729
26.930000 0.000053 0.001716
26.940000 0.000030 0.001703
26.950000 0.000007 0.001690
26.960000 -0.000016 0.001676
26.970000 -0.000038 0.001661
26.980000 -0.000060 0.001647
26.990000 -0.000082 0.001632
27.000000 -0.000103 0.001617
27.010000 -0.000124 0.001601
27.020000 -0.000145 0.001586
27.030000 -0.000165 0.001570
27.040000 -0.000184 0.001553
27.050000 -0.000204 0.001537
27.060000 -0.000223 0.001520
27.070000 -0.000241 0.001503
27.080000 -0.000259 0.001486
27.090000 -0.000277 0.001469
27.100000 -0.000295 0.001451
27.110000 -0.000312 0.001433
27.120000 -0.000328 0.001416
27.130000 -0.000344 0.001397
27.140000 -0.000360 0.001379
27.150000 -0.000375 0.001361
27.160000 -0.000390 0.001342
27.170000 -0.000405 0.001324
27.180000 -0.000419 0.001305
27.190000 -0.000433 0.001286
27.200000 -0.000446 0.001267
27.210000 -0.000459 0.001248
27.220000 -0.000472 0.001229
27.230000 -0.000484 0.001210
27.240000 -0.000496 0.001190
27.250000 -0.000507 0.001171
27.260000 -0.000518 0.001152
27.270000 -0.000528 0.001132
27.280000 -0.000538 0.001113
27.290000 -0.000548 0.001093
27.300000 -0.000557 0.001074
27.310000 -0.000566 0.001055
27.320000 -0.000575 0.001035
27.330000 -0.000583 0.001016
27.340000 -0.000591 0.000996
27.350000 -0.000598 0.000977
27.360000 -0.000605 0.000957
27.370000 -0.000612 0.000938
27.380000 -0.000618 0.000919
27.390000 -0.000624 0.000900
27.400000 -0.000630 0.000881
27.410000 -0.000635 0.000862
27.420000 -0.000640 0.000843
27.430000 -0.000644 0.000824
27.440000 -0.000648 0.000805
27.450000 -0.000652 0.000786
27.460000 -0.000656 0.000768
27.470000 -0.000659 0.000749
27.480000 -0.000662 0.000731
27.490000 -0.000664 0.000713
27.500000 -0.000666 0.000695
27.510000 -0.000668 0.000677
27.520000 -0.000670 0.000659
27.530000 -0.000671 0.000641
27.540000 -0.000672 0.000624
27.550000 -0.000672 0.000607
27.560000 -0.000673 0.000590
27.570000 -0.000673 0.000573
27.580000 -0.000673 0.000556
27.590000 -0.000672 0.000539
27.600000 -0.000671 0.000523
27.610000 -0.000670 0.000506
27.620000 -0.000669 0.000490
27.630000 -0.000667 0.000475
27.640000 -0.000666 0.000459
27.650000 -0.000664 0.000443
27.660000 -0.000661 0.000428
27.670000 -0.000659 0.000413
27.680000 -0.000656 0.000398
27.690000 -0.000653 0.000384
27.700000 -0.000650 0.000369
27.710000 -0.000647 0.000355
27.720000 -0.000643 0.000341
27.730000 -0.000639 0.000327
27.740000 -0.000635 0.000314
27.750000 -0.000631 0.000300
27.760000 -0.000627 0.000287
27.770000 -0.000622 0.000274
27.780000 -0.000618 0.000262
27.790000 -0.000613 0.000249
27.800000 -0.000608 0.000237
27.810000 -0.000603 0.000225
27.820000 -0.000598 0.000213
27.830000 -0.000592 0.000202
27.840000 -0.000587 0.000190
27.850000 -0.000581 0.000179
27.860000 -0.000575 0.000169
27.870000 -0.000569 0.000158
27.880000 -0.000563 0.000148
27.890000 -0.000557 0.000138
27.900000 -0.000551 0.000128
27.910000 -0.000545 0.000118
27.920000 -0.000538 0.000109
27.930000 -0.000532 0.000100
27.940000 -0.000525 0.000091
27.950000 -0.000519 0.000082
27.960000 -0.000512 0.000073
27.970000 -0.000505 0.000065
27.980000 -0.000499 0.000057
27.990000 -0.000492 0.000049
28.000000 -0.000485 0.000042
28.010000 -0.000478 0.000034
28.020000 -0.000471 0.000027
28.030000 -0.000464 0.000020
28.040000 -0.000457 0.000013
28.050000 -0.000450 0.000007
28.060000 -0.000443 0.000000
28.070000 -0.000436 -0.000006
28.080000 -0.000428 -0.000012
28.090000 -0.000421 -0.000017
28.100000 -0.000414 -0.000023
28.110000 -0.000407 -0.000028
28.120000 -0.000400 -0.000033
28.130000 -0.000393 -0.000038
28.140000 -0.000386 -0.000043
28.150000 -0.000379 -0.000048
28.160000 -0.000372 -0.000052
28.170000 -0.000365 -0.000056
28.180000 -0.000358 -0.000060
28.190000 -0.000351 -0.000064
28.200000 -0.000344 -0.000068
28.210000 -0.000337 -0.000071
28.220000 -0.000330 -0.000075
28.230000 -0.000323 -0.000078
28.240000 -0.000316 -0.000081
28.250000 -0.000309 -0.000084
28.260000 -0.000303 -0.000086
28.270000 -0.000296 -0.000089
28.280000 -0.000290 -0.000091
28.290000 -0.000283 -0.000094
28.300000 -0.000277 -0.000096
28.310000 -0.000270 -0.000098
28.320000 -0.000264 -0.000100
28.330000 -0.000258 -0.000101
28.340000 -0.000251 -0.000103
28.350000 -0.000245 -0.000104
28.360000 -0.000239 -0.000106
28.370000 -0.000233 -0.000107
28.380000 -0.000227 -0.000108
28.390000 -0.000221 -0.000109
28.400000 -0.000216 -0.000110
28.410000 -0.000210 -0.000111
28.420000 -0.000204 -0.000111
28.430000 -0.000199 -0.000112
28.440000 -0.000193 -0.000112
28.450000 -0.000188 -0.000113
28.460000 -0.000183 -0.000113
28.470000 -0.000177 -0.000113
28.480000 -0.000172 -0.000113
28.490000 -0.000167 -0.000113
28.500000 -0.000162 -0.000113
28.510000 -0.000157 -0.000113
28.520000 -0.000153 -0.000113
28.530000 -0.000148 -0.000113
28.540000 -0.000143 -0.000112
28.550000 -0.000139 -0.000112
28.560000 -0.000134 -0.000111
28.570000 -0.000130 -0.000111
28.580000 -0.000126 -0.000110
28.590000 -0.000122 -0.000110
28.600000 -0.000118 -0.000109
28.610000 -0.000114 -0.000108
28.620000 -0.000110 -0.000107
28.630000 -0.000106 -0.000106
28.640000 -0.000102 -0.000106
28.650000 -0.000098 -0.000105
28.660000 -0.000095 -0.000104
28.670000 -0.000091 -0.000103
28.680000 -0.000088 -0.000102
28.690000 -0.000085 -0.000101
28.700000 -0.000082 -0.000100
28.710000 -0.000078 -0.000098
28.720000 -0.000075 -0.000097
28.730000 -0.000072 -0.000096
28.740000 -0.000069 -0.000095
28.750000 -0.000067 -0.000094
28.760000 -0.000064 -0.000092
28.770000 -0.000061 -0.000091
28.780000 -0.000059 -0.000090
28.790000 -0.000056 -0.000089
28.800000 -0.000054 -0.000087
28.810000 -0.000051 -0.000086
28.820000 -0.000049 -0.000085
28.830000 -0.000047 -0.000083
28.840000 -0.000045 -0.000082
28.850000 -0.000043 -0.000081
28.860000 -0.000041 -0.000079
28.870000 -0.000039 -0.000078
28.880000 -0.000037 -0.000077
28.890000 -0.000035 -0.000075
28.900000 -0.000033 -0.000074
28.910000 -0.000032 -0.000073
28.920000 -0.000030 -0.000071
28.930000 -0.000028 -0.000070
28.940000 -0.000027 -0.000069
28.950000 -0.000025 -0.000067
28.960000 -0.000024 -0.000066
28.970000 -0.000023 -0.000065
28.980000 -0.000021 -0.000064
28.990000 -0.000020 -0.000062
29.000000 -0.000019 -0.000061
29.010000 -0.000018 -0.000060
29.020000 -0.000017 -0.000059
29.030000 -0.000016 -0.000057
29.040000 -0.000015 -0.000056
29.050000 -0.000014 -0.000055
29.060000 -0.000013 -0.000054
29.070000 -0.000012 -0.000052
29.080000 -0.000011 -0.000051
29.090000 -0.000011 -0.000050
29.100000 -0.000010 -0.000049
29.110000 -0.000009 -0.000048
29.120000 -0.000008 -0.000047
29.130000 -0.000008 -0.000046
29.140000 -0.000007 -0.000044
29.150000 -0.000007 -0.000043
29.160000 -0.000006 -0.000042
29.170000 -0.000006 -0.000041
29.180000 -0.000005 -0.000040
29.190000 -0.000005 -0.000039
29.200000 -0.000004 -0.000038
29.210000 -0.000004 -0.000037
29.220000 -0.000003 -0.000036
29.230000 -0.000003 -0.000035
29.240000 -0.000003 -0.000034
29.250000 -0.000003 -0.000033
29.260000 -0.000002 -0.000033
29.270000 -0.000002 -0.000032
29.280000 -0.000002 -0.000031
29.290000 -0.000002 -0.000030
29.300000 -0.000001 -0.000029
29.310000 -0.000001 -0.000028
29.320000 -0.000001 -0.000027
29.330000 -0.000001 -0.000027
29.340000 -0.000001 -0.000026
29.350000 -0.000000 -0.000025
29.360000 -0.000000 -0.000024
29.370000 -0.000000 -0.000024
29.380000 -0.000000 -0.000023
29.390000 -0.000000 -0.000022
29.400000 0.000000 -0.000021
29.410000 0.000000 -0.000021
29.420000 0.000000 -0.000020
29.430000 0.000000 -0.000019
29.440000 0.000000 -0.000019
29.450000 0.000000 -0.000018
29.460000 0.000000 -0.000017
29.470000 0.000000 -0.000017
29.480000 0.000000 -0.000016
29.490000 0.000000 -0.000016
29.500000 0.000000 -0.000015
29.510000 0.000000 -0.000015
29.520000 0.000000 -0.000014
29.530000 0.000000 -0.000013
29.540000 0.000000 -0.000013
29.550000 0.000000 -0.000012
29.560000 0.000000 -0.000012
29.570000 0.000000 -0.000011
29.580000 0.000000 -0.000011
29.590000 0.000000 -0.000010
29.600000 0.000000 -0.000010
29.610000 0.000000 -0.000009
29.620000 0.000000 -0.000009
29.630000 0.000000 -0.000009
29.640000 0.000000 -0.000008
29.650000 0.000000 -0.000008
29.660000 0.000000 -0.000007
29.670000 0.000000 -0.000007
29.680000 0.000000 -0.000007
29.690000 0.000000 -0.000006
29.700000 0.000000 -0.000006
29.710000 0.000000 -0.000005
29.720000 0.000000 -0.000005
29.730000 0.000000 -0.000005
29.740000 0.000000 -0.000004
29.750000 0.000000 -0.000004
29.760000 0.000000 -0.000004
29.770000 0.000000 -0.000004
29.780000 0.000000 -0.000003
29.790000 0.000000 -0.000003
29.800000 0.000000 -0.000003
29.810000 0.000000 -0.000002
29.820000 0.000000 -0.000002
29.830000 0.000000 -0.000002
29.840000 0.000000 -0.000002
29.850000 0.000000 -0.000002
29.860000 0.000000 -0.000001
29.870000 0.000000 -0.000001
29.880000 0.000000 -0.000001
29.890000 0.000000 -0.000001
29.900000 0.000000 -0.000001
29.910000 0.000000 -0.000001
29.920000 0.000000 -0.000000
29.930000 0.000000 -0.000000
29.940000 0.000000 -0.000000
29.950000 0.000000 -0.000000
29.960000 0.000000 -0.000000
29.970000 0.000000 -0.000000
29.980000 0.000000 -0.000000
29.990000 0.000000 -0.000000
