0.000000 2.000000 0.000000
0.010000 1.999266 0.020004
0.020000 1.997732 0.040008
0.030000 1.995399 0.059997
0.040000 1.992269 0.079957
0.050000 1.988344 0.099874
0.060000 1.983628 0.119734
0.070000 1.978124 0.139523
0.080000 1.971838 0.159228
0.090000 1.964773 0.178834
0.100000 1.956935 0.198329
0.110000 1.948331 0.217697
0.120000 1.938969 0.236927
0.130000 1.928854 0.256005
0.140000 1.917995 0.274917
0.150000 1.906401 0.293650
0.160000 1.894081 0.312193
0.170000 1.881045 0.330532
0.180000 1.867303 0.348654
0.190000 1.852866 0.366549
0.200000 1.837745 0.384204
0.210000 1.821951 0.401607
0.220000 1.805498 0.418746
0.230000 1.788398 0.435612
0.240000 1.770664 0.452193
0.250000 1.752310 0.468478
0.260000 1.733350 0.484457
0.270000 1.713799 0.500120
0.280000 1.693672 0.515459
0.290000 1.672983 0.530462
0.300000 1.651749 0.545122
0.310000 1.629986 0.559429
0.320000 1.607710 0.573376
0.330000 1.584937 0.586955
0.340000 1.561685 0.600158
0.350000 1.537972 0.612978
0.360000 1.513813 0.625407
0.370000 1.489229 0.637441
0.380000 1.464235 0.649072
0.390000 1.438851 0.660295
0.400000 1.413094 0.671105
0.410000 1.386984 0.681498
0.420000 1.360540 0.691467
0.430000 1.333779 0.701010
0.440000 1.306720 0.710123
0.450000 1.279384 0.718802
0.460000 1.251789 0.727045
0.470000 1.223953 0.734850
0.480000 1.195897 0.742214
0.490000 1.167639 0.749135
0.500000 1.139199 0.755612
0.510000 1.110595 0.761646
0.520000 1.081847 0.767234
0.530000 1.052974 0.772377
0.540000 1.023995 0.777076
0.550000 0.994928 0.781331
0.560000 0.965793 0.785143
0.570000 0.936608 0.788513
0.580000 0.907391 0.791444
0.590000 0.878161 0.793938
0.600000 0.848936 0.795997
0.610000 0.819733 0.797625
0.620000 0.790571 0.798824
0.630000 0.761468 0.799598
0.640000 0.732439 0.799951
0.650000 0.703503 0.799887
0.660000 0.674676 0.799412
0.670000 0.645975 0.798529
0.680000 0.617415 0.797244
0.690000 0.589013 0.795563
0.700000 0.560784 0.793491
0.710000 0.532743 0.791035
0.720000 0.504906 0.788200
0.730000 0.477286 0.784993
0.740000 0.449898 0.781422
0.750000 0.422756 0.777493
0.760000 0.395873 0.773213
0.770000 0.369262 0.768590
0.780000 0.342936 0.763631
0.790000 0.316907 0.758345
0.800000 0.291187 0.752740
0.810000 0.265787 0.746823
0.820000 0.240719 0.740603
0.830000 0.215993 0.734090
0.840000 0.191619 0.727290
0.850000 0.167607 0.720214
0.860000 0.143967 0.712870
0.870000 0.120706 0.705267
0.880000 0.097835 0.697415
0.890000 0.075360 0.689322
0.900000 0.053289 0.680998
0.910000 0.031630 0.672452
0.920000 0.010388 0.663694
0.930000 -0.010429 0.654733
0.940000 -0.030815 0.645579
0.950000 -0.050767 0.636240
0.960000 -0.070277 0.626728
0.970000 -0.089343 0.617050
0.980000 -0.107959 0.607217
0.990000 -0.126123 0.597238
1.000000 -0.143831 0.587123
1.010000 -0.161080 0.576881
1.020000 -0.177868 0.566522
1.030000 -0.194192 0.556054
1.040000 -0.210051 0.545487
1.050000 -0.225445 0.534831
1.060000 -0.240372 0.524094
1.070000 -0.254831 0.513285
1.080000 -0.268823 0.502414
1.090000 -0.282348 0.491488
1.100000 -0.295407 0.480518
1.110000 -0.308001 0.469511
1.120000 -0.320131 0.458476
1.130000 -0.331799 0.447421
1.140000 -0.343007 0.436355
1.150000 -0.353757 0.425285
1.160000 -0.364053 0.414219
1.170000 -0.373897 0.403166
1.180000 -0.383293 0.392133
1.190000 -0.392243 0.381127
1.200000 -0.400753 0.370155
1.210000 -0.408827 0.359225
1.220000 -0.416468 0.348343
1.230000 -0.423681 0.337517
1.240000 -0.430472 0.326752
1.250000 -0.436846 0.316055
1.260000 -0.442807 0.305433
1.270000 -0.448362 0.294891
1.280000 -0.453517 0.284435
1.290000 -0.458277 0.274071
1.300000 -0.462649 0.263804
1.310000 -0.466639 0.253639
1.320000 -0.470253 0.243581
1.330000 -0.473498 0.233635
1.340000 -0.476382 0.223806
1.350000 -0.478911 0.214098
1.360000 -0.481091 0.204515
1.370000 -0.482931 0.195061
1.380000 -0.484438 0.185741
1.390000 -0.485619 0.176556
1.400000 -0.486481 0.167512
1.410000 -0.487033 0.158611
1.420000 -0.487281 0.149855
1.430000 -0.487234 0.141249
1.440000 -0.486899 0.132794
1.450000 -0.486284 0.124493
1.460000 -0.485397 0.116347
1.470000 -0.484246 0.108360
1.480000 -0.482838 0.100533
1.490000 -0.481181 0.092867
1.500000 -0.479284 0.085364
1.510000 -0.477155 0.078025
1.520000 -0.474800 0.070852
1.530000 -0.472228 0.063845
1.540000 -0.469447 0.057005
1.550000 -0.466465 0.050333
1.560000 -0.463289 0.043828
1.570000 -0.459927 0.037492
1.580000 -0.456386 0.031325
1.590000 -0.452675 0.025326
1.600000 -0.448800 0.019495
1.610000 -0.444769 0.013832
1.620000 -0.440590 0.008336
1.630000 -0.436270 0.003008
1.640000 -0.431816 -0.002155
1.650000 -0.427234 -0.007152
1.660000 -0.422533 -0.011984
1.670000 -0.417719 -0.016654
1.680000 -0.412799 -0.021162
1.690000 -0.407779 -0.025508
1.700000 -0.402667 -0.029696
1.710000 -0.397468 -0.033726
1.720000 -0.392189 -0.037600
1.730000 -0.386837 -0.041319
1.740000 -0.381416 -0.044886
1.750000 -0.375934 -0.048301
1.760000 -0.370397 -0.051569
1.770000 -0.364809 -0.054689
1.780000 -0.359177 -0.057665
1.790000 -0.353506 -0.060499
1.800000 -0.347801 -0.063192
1.810000 -0.342068 -0.065748
1.820000 -0.336312 -0.068168
1.830000 -0.330537 -0.070455
1.840000 -0.324749 -0.072611
1.850000 -0.318952 -0.074639
1.860000 -0.313151 -0.076542
1.870000 -0.307350 -0.078321
1.880000 -0.301552 -0.079980
1.890000 -0.295764 -0.081522
1.900000 -0.289988 -0.082948
1.910000 -0.284227 -0.084262
1.920000 -0.278487 -0.085466
1.930000 -0.272771 -0.086563
1.940000 -0.267081 -0.087555
1.950000 -0.261421 -0.088447
1.960000 -0.255795 -0.089239
1.970000 -0.250205 -0.089935
1.980000 -0.244655 -0.090538
1.990000 -0.239146 -0.091050
2.000000 -0.233682 -0.091474
2.010000 -0.228266 -0.091813
2.020000 -0.222899 -0.092069
2.030000 -0.217583 -0.092245
2.040000 -0.212322 -0.092345
2.050000 -0.207117 -0.092370
2.060000 -0.201970 -0.092323
2.070000 -0.196882 -0.092206
2.080000 -0.191856 -0.092023
2.090000 -0.186893 -0.091776
2.100000 -0.181994 -0.091468
2.110000 -0.177161 -0.091100
2.120000 -0.172395 -0.090675
2.130000 -0.167697 -0.090197
2.140000 -0.163069 -0.089666
2.150000 -0.158510 -0.089086
2.160000 -0.154023 -0.088459
2.170000 -0.149607 -0.087787
2.180000 -0.145264 -0.087073
2.190000 -0.140994 -0.086318
2.200000 -0.136798 -0.085525
2.210000 -0.132675 -0.084696
2.220000 -0.128627 -0.083833
2.230000 -0.124653 -0.082938
2.240000 -0.120754 -0.082013
2.250000 -0.116930 -0.081059
2.260000 -0.113181 -0.080080
2.270000 -0.109507 -0.079077
2.280000 -0.105908 -0.078051
2.290000 -0.102383 -0.077004
2.300000 -0.098933 -0.075938
2.310000 -0.095558 -0.074855
2.320000 -0.092256 -0.073756
2.330000 -0.089027 -0.072644
2.340000 -0.085872 -0.071518
2.350000 -0.082789 -0.070382
2.360000 -0.079779 -0.069236
2.370000 -0.076840 -0.068081
2.380000 -0.073972 -0.066920
2.390000 -0.071175 -0.065753
2.400000 -0.068447 -0.064581
2.410000 -0.065788 -0.063407
2.420000 -0.063197 -0.062230
2.430000 -0.060674 -0.061053
2.440000 -0.058217 -0.059876
2.450000 -0.055827 -0.058700
2.460000 -0.053501 -0.057526
2.470000 -0.051239 -0.056356
2.480000 -0.049041 -0.055190
2.490000 -0.046905 -0.054028
2.500000 -0.044830 -0.052873
2.510000 -0.042815 -0.051724
2.520000 -0.040860 -0.050582
2.530000 -0.038964 -0.049449
2.540000 -0.037125 -0.048324
2.550000 -0.035342 -0.047208
2.560000 -0.033615 -0.046103
2.570000 -0.031942 -0.045008
2.580000 -0.030323 -0.043924
2.590000 -0.028756 -0.042852
2.600000 -0.027241 -0.041792
2.610000 -0.025775 -0.040745
2.620000 -0.024359 -0.039710
2.630000 -0.022992 -0.038689
2.640000 -0.021671 -0.037681
2.650000 -0.020397 -0.036687
2.660000 -0.019168 -0.035707
2.670000 -0.017983 -0.034743
2.680000 -0.016841 -0.033792
2.690000 -0.015741 -0.032857
2.700000 -0.014682 -0.031937
2.710000 -0.013664 -0.031032
2.720000 -0.012684 -0.030143
2.730000 -0.011743 -0.029269
2.740000 -0.010838 -0.028412
2.750000 -0.009970 -0.027570
2.760000 -0.009137 -0.026743
2.770000 -0.008339 -0.025933
2.780000 -0.007573 -0.025139
2.790000 -0.006840 -0.024360
2.800000 -0.006139 -0.023598
2.810000 -0.005468 -0.022851
2.820000 -0.004826 -0.022120
2.830000 -0.004214 -0.021406
2.840000 -0.003630 -0.020706
2.850000 -0.003072 -0.020023
2.860000 -0.002541 -0.019355
2.870000 -0.002035 -0.018703
2.880000 -0.001554 -0.018066
2.890000 -0.001097 -0.017444
2.900000 -0.000663 -0.016837
2.910000 -0.000252 -0.016246
2.920000 0.000138 -0.015669
2.930000 0.000508 -0.015107
2.940000 0.000857 -0.014559
2.950000 0.001186 -0.014026
2.960000 0.001497 -0.013507
2.970000 0.001790 -0.013001
2.980000 0.002065 -0.012510
2.990000 0.002324 -0.012032
3.000000 0.002566 -0.011568
3.010000 0.002793 -0.011116
3.020000 0.003005 -0.010678
3.030000 0.003202 -0.010252
3.040000 0.003386 -0.009839
3.050000 0.003556 -0.009438
3.060000 0.003714 -0.009049
3.070000 0.003859 -0.008672
3.080000 0.003993 -0.008307
3.090000 0.004115 -0.007953
3.100000 0.004227 -0.007611
3.110000 0.004329 -0.007279
3.120000 0.004420 -0.006958
3.130000 0.004503 -0.006647
3.140000 0.004576 -0.006347
3.150000 0.004641 -0.006057
3.160000 0.004697 -0.005777
3.170000 0.004746 -0.005506
3.180000 0.004788 -0.005244
3.190000 0.004822 -0.004992
3.200000 0.004850 -0.004749
3.210000 0.004872 -0.004514
3.220000 0.004887 -0.004288
3.230000 0.004897 -0.004071
3.240000 0.004902 -0.003861
3.250000 0.004901 -0.003659
3.260000 0.004896 -0.003465
3.270000 0.004886 -0.003278
3.280000 0.004872 -0.003099
3.290000 0.004854 -0.002926
3.300000 0.004832 -0.002761
3.310000 0.004807 -0.002602
3.320000 0.004778 -0.002450
3.330000 0.004747 -0.002304
3.340000 0.004712 -0.002164
3.350000 0.004675 -0.002029
3.360000 0.004635 -0.001901
3.370000 0.004594 -0.001778
3.380000 0.004550 -0.001661
3.390000 0.004504 -0.001549
3.400000 0.004456 -0.001442
3.410000 0.004407 -0.001339
3.420000 0.004356 -0.001242
3.430000 0.004304 -0.001149
3.440000 0.004251 -0.001061
3.450000 0.004197 -0.000977
3.460000 0.004141 -0.000897
3.470000 0.004085 -0.000821
3.480000 0.004029 -0.000749
3.490000 0.003971 -0.000680
3.500000 0.003913 -0.000616
3.510000 0.003855 -0.000555
3.520000 0.003797 -0.000497
3.530000 0.003738 -0.000442
3.540000 0.003679 -0.000391
3.550000 0.003620 -0.000343
3.560000 0.003561 -0.000297
3.570000 0.003502 -0.000255
3.580000 0.003443 -0.000215
3.590000 0.003384 -0.000178
3.600000 0.003326 -0.000143
3.610000 0.003268 -0.000111
3.620000 0.003210 -0.000081
3.630000 0.003153 -0.000053
3.640000 0.003096 -0.000027
3.650000 0.003039 -0.000004
3.660000 0.002983 0.000017
3.670000 0.002928 0.000037
3.680000 0.002873 0.000054
3.690000 0.002818 0.000070
3.700000 0.002765 0.000084
3.710000 0.002712 0.000096
3.720000 0.002659 0.000107
3.730000 0.002608 0.000116
3.740000 0.002557 0.000124
3.750000 0.002506 0.000130
3.760000 0.002457 0.000135
3.770000 0.002408 0.000138
3.780000 0.002360 0.000140
3.790000 0.002313 0.000141
3.800000 0.002266 0.000141
3.810000 0.002220 0.000139
3.820000 0.002176 0.000137
3.830000 0.002131 0.000133
3.840000 0.002088 0.000128
3.850000 0.002046 0.000122
3.860000 0.002004 0.000115
3.870000 0.001963 0.000107
3.880000 0.001923 0.000098
3.890000 0.001883 0.000088
3.900000 0.001845 0.000077
3.910000 0.001807 0.000066
3.920000 0.001770 0.000053
3.930000 0.001734 0.000040
3.940000 0.001699 0.000026
3.950000 0.001665 0.000011
3.960000 0.001631 -0.000005
3.970000 0.001598 -0.000022
3.980000 0.001566 -0.000039
3.990000 0.001535 -0.000057
4.000000 0.001504 -0.000076
4.010000 0.001475 -0.000095
4.020000 0.001446 -0.000116
4.030000 0.001418 -0.000136
4.040000 0.001391 -0.000158
4.050000 0.001364 -0.000180
4.060000 0.001338 -0.000203
4.070000 0.001313 -0.000227
4.080000 0.001289 -0.000251
4.090000 0.001266 -0.000276
4.100000 0.001243 -0.000302
4.110000 0.001222 -0.000328
4.120000 0.001201 -0.000355
4.130000 0.001180 -0.000382
4.140000 0.001161 -0.000410
4.150000 0.001142 -0.000439
4.160000 0.001124 -0.000468
4.170000 0.001107 -0.000498
4.180000 0.001091 -0.000528
4.190000 0.001076 -0.000559
4.200000 0.001061 -0.000590
4.210000 0.001047 -0.000622
4.220000 0.001034 -0.000654
4.230000 0.001022 -0.000687
4.240000 0.001011 -0.000720
4.250000 0.001000 -0.000754
4.260000 0.000990 -0.000788
4.270000 0.000981 -0.000823
4.280000 0.000973 -0.000858
4.290000 0.000966 -0.000893
4.300000 0.000960 -0.000929
4.310000 0.000954 -0.000965
4.320000 0.000950 -0.001001
4.330000 0.000946 -0.001038
4.340000 0.000943 -0.001075
4.350000 0.000941 -0.001112
4.360000 0.000940 -0.001149
4.370000 0.000940 -0.001187
4.380000 0.000941 -0.001224
4.390000 0.000943 -0.001262
4.400000 0.000946 -0.001299
4.410000 0.000949 -0.001337
4.420000 0.000954 -0.001375
4.430000 0.000959 -0.001412
4.440000 0.000965 -0.001450
4.450000 0.000973 -0.001487
4.460000 0.000981 -0.001524
4.470000 0.000990 -0.001560
4.480000 0.001001 -0.001597
4.490000 0.001012 -0.001633
4.500000 0.001024 -0.001668
4.510000 0.001037 -0.001703
4.520000 0.001051 -0.001738
4.530000 0.001066 -0.001771
4.540000 0.001082 -0.001805
4.550000 0.001098 -0.001837
4.560000 0.001116 -0.001868
4.570000 0.001135 -0.001899
4.580000 0.001154 -0.001929
4.590000 0.001175 -0.001957
4.600000 0.001196 -0.001985
4.610000 0.001218 -0.002011
4.620000 0.001241 -0.002036
4.630000 0.001265 -0.002059
4.640000 0.001290 -0.002081
4.650000 0.001315 -0.002102
4.660000 0.001341 -0.002121
4.670000 0.001368 -0.002138
4.680000 0.001395 -0.002153
4.690000 0.001423 -0.002167
4.700000 0.001452 -0.002178
4.710000 0.001481 -0.002187
4.720000 0.001511 -0.002195
4.730000 0.001541 -0.002200
4.740000 0.001572 -0.002202
4.750000 0.001603 -0.002202
4.760000 0.001635 -0.002200
4.770000 0.001666 -0.002195
4.780000 0.001698 -0.002187
4.790000 0.001730 -0.002176
4.800000 0.001762 -0.002163
4.810000 0.001794 -0.002146
4.820000 0.001826 -0.002126
4.830000 0.001858 -0.002103
4.840000 0.001890 -0.002077
4.850000 0.001921 -0.002047
4.860000 0.001952 -0.002014
4.870000 0.001982 -0.001977
4.880000 0.002012 -0.001936
4.890000 0.002042 -0.001892
4.900000 0.002070 -0.001843
4.910000 0.002098 -0.001791
4.920000 0.002124 -0.001735
4.930000 0.002150 -0.001674
4.940000 0.002174 -0.001610
4.950000 0.002197 -0.001541
4.960000 0.002219 -0.001468
4.970000 0.002239 -0.001390
4.980000 0.002258 -0.001308
4.990000 0.002274 -0.001221
5.000000 0.002289 -0.001130
5.010000 0.002302 -0.001034
5.020000 0.002312 -0.000933
5.030000 0.002321 -0.000827
5.040000 0.002327 -0.000717
5.050000 0.002330 -0.000602
5.060000 0.002330 -0.000482
5.070000 0.002328 -0.000357
5.080000 0.002323 -0.000227
5.090000 0.002314 -0.000092
5.100000 0.002302 0.000048
5.110000 0.002287 0.000193
5.120000 0.002268 0.000343
5.130000 0.002245 0.000498
5.140000 0.002219 0.000658
5.150000 0.002188 0.000823
5.160000 0.002153 0.000993
5.170000 0.002114 0.001168
5.180000 0.002070 0.001348
5.190000 0.002022 0.001533
5.200000 0.001969 0.001722
5.210000 0.001910 0.001917
5.220000 0.001847 0.002116
5.230000 0.001778 0.002319
5.240000 0.001704 0.002528
5.250000 0.001625 0.002740
5.260000 0.001539 0.002958
5.270000 0.001448 0.003179
5.280000 0.001351 0.003405
5.290000 0.001247 0.003635
5.300000 0.001138 0.003869
5.310000 0.001022 0.004107
5.320000 0.000899 0.004348
5.330000 0.000770 0.004593
5.340000 0.000634 0.004842
5.350000 0.000491 0.005094
5.360000 0.000341 0.005349
5.370000 0.000184 0.005607
5.380000 0.000020 0.005868
5.390000 -0.000152 0.006131
5.400000 -0.000331 0.006397
5.410000 -0.000517 0.006665
5.420000 -0.000711 0.006936
5.430000 -0.000913 0.007208
5.440000 -0.001122 0.007481
5.450000 -0.001339 0.007757
5.460000 -0.001564 0.008033
5.470000 -0.001797 0.008310
5.480000 -0.002038 0.008588
5.490000 -0.002286 0.008867
5.500000 -0.002543 0.009145
5.510000 -0.002807 0.009424
5.520000 -0.003080 0.009702
5.530000 -0.003360 0.009980
5.540000 -0.003649 0.010257
5.550000 -0.003945 0.010533
5.560000 -0.004249 0.010808
5.570000 -0.004562 0.011081
5.580000 -0.004882 0.011352
5.590000 -0.005209 0.011620
5.600000 -0.005545 0.011887
5.610000 -0.005888 0.012150
5.620000 -0.006239 0.012410
5.630000 -0.006597 0.012667
5.640000 -0.006962 0.012921
5.650000 -0.007335 0.013170
5.660000 -0.007714 0.013415
5.670000 -0.008101 0.013655
5.680000 -0.008495 0.013891
5.690000 -0.008895 0.014121
5.700000 -0.009302 0.014346
5.710000 -0.009715 0.014565
5.720000 -0.010134 0.014778
5.730000 -0.010559 0.014985
5.740000 -0.010990 0.015185
5.750000 -0.011427 0.015378
5.760000 -0.011868 0.015564
5.770000 -0.012315 0.015742
5.780000 -0.012767 0.015913
5.790000 -0.013223 0.016075
5.800000 -0.013684 0.016229
5.810000 -0.014148 0.016375
5.820000 -0.014617 0.016511
5.830000 -0.015089 0.016639
5.840000 -0.015564 0.016757
5.850000 -0.016042 0.016865
5.860000 -0.016522 0.016964
5.870000 -0.017005 0.017052
5.880000 -0.017490 0.017131
5.890000 -0.017976 0.017198
5.900000 -0.018463 0.017255
5.910000 -0.018951 0.017301
5.920000 -0.019440 0.017336
5.930000 -0.019929 0.017359
5.940000 -0.020418 0.017371
5.950000 -0.020906 0.017372
5.960000 -0.021394 0.017361
5.970000 -0.021879 0.017337
5.980000 -0.022364 0.017302
5.990000 -0.022846 0.017254
6.000000 -0.023325 0.017194
6.010000 -0.023802 0.017122
6.020000 -0.024275 0.017037
6.030000 -0.024745 0.016940
6.040000 -0.025210 0.016830
6.050000 -0.025671 0.016708
6.060000 -0.026127 0.016572
6.070000 -0.026578 0.016424
6.080000 -0.027023 0.016263
6.090000 -0.027462 0.016090
6.100000 -0.027894 0.015904
6.110000 -0.028319 0.015705
6.120000 -0.028737 0.015493
6.130000 -0.029147 0.015268
6.140000 -0.029549 0.015032
6.150000 -0.029943 0.014782
6.160000 -0.030327 0.014520
6.170000 -0.030702 0.014246
6.180000 -0.031067 0.013960
6.190000 -0.031423 0.013661
6.200000 -0.031767 0.013351
6.210000 -0.032101 0.013028
6.220000 -0.032424 0.012695
6.230000 -0.032735 0.012349
6.240000 -0.033034 0.011993
6.250000 -0.033321 0.011625
6.260000 -0.033596 0.011246
6.270000 -0.033857 0.010857
6.280000 -0.034105 0.010458
6.290000 -0.034340 0.010048
6.300000 -0.034561 0.009628
6.310000 -0.034768 0.009199
6.320000 -0.034960 0.008760
6.330000 -0.035138 0.008313
6.340000 -0.035301 0.007856
6.350000 -0.035448 0.007391
6.360000 -0.035581 0.006918
6.370000 -0.035697 0.006437
6.380000 -0.035798 0.005949
6.390000 -0.035883 0.005454
6.400000 -0.035952 0.004951
6.410000 -0.036005 0.004443
6.420000 -0.036041 0.003928
6.430000 -0.036060 0.003407
6.440000 -0.036063 0.002882
6.450000 -0.036048 0.002351
6.460000 -0.036017 0.001816
6.470000 -0.035969 0.001277
6.480000 -0.035904 0.000734
6.490000 -0.035821 0.000188
6.500000 -0.035721 -0.000362
6.510000 -0.035604 -0.000913
6.520000 -0.035470 -0.001467
6.530000 -0.035319 -0.002022
6.540000 -0.035150 -0.002579
6.550000 -0.034964 -0.003136
6.560000 -0.034761 -0.003694
6.570000 -0.034541 -0.004251
6.580000 -0.034304 -0.004808
6.590000 -0.034050 -0.005364
6.600000 -0.033779 -0.005919
6.610000 -0.033492 -0.006472
6.620000 -0.033188 -0.007023
6.630000 -0.032868 -0.007571
6.640000 -0.032531 -0.008116
6.650000 -0.032179 -0.008658
6.660000 -0.031810 -0.009196
6.670000 -0.031426 -0.009729
6.680000 -0.031027 -0.010258
6.690000 -0.030612 -0.010781
6.700000 -0.030183 -0.011300
6.710000 -0.029738 -0.011812
6.720000 -0.029280 -0.012318
6.730000 -0.028807 -0.012817
6.740000 -0.028321 -0.013309
6.750000 -0.027821 -0.013794
6.760000 -0.027307 -0.014271
6.770000 -0.026781 -0.014740
6.780000 -0.026243 -0.015200
6.790000 -0.025692 -0.015652
6.800000 -0.025130 -0.016094
6.810000 -0.024556 -0.016527
6.820000 -0.023971 -0.016950
6.830000 -0.023376 -0.017364
6.840000 -0.022770 -0.017766
6.850000 -0.022154 -0.018159
6.860000 -0.021529 -0.018540
6.870000 -0.020895 -0.018910
6.880000 -0.020252 -0.019269
6.890000 -0.019602 -0.019616
6.900000 -0.018943 -0.019951
6.910000 -0.018277 -0.020275
6.920000 -0.017605 -0.020586
6.930000 -0.016926 -0.020884
6.940000 -0.016241 -0.021170
6.950000 -0.015551 -0.021443
6.960000 -0.014856 -0.021703
6.970000 -0.014156 -0.021950
6.980000 -0.013452 -0.022184
6.990000 -0.012745 -0.022404
7.000000 -0.012035 -0.022611
7.010000 -0.011322 -0.022805
7.020000 -0.010607 -0.022984
7.030000 -0.009890 -0.023151
7.040000 -0.009172 -0.023303
7.050000 -0.008453 -0.023442
7.060000 -0.007734 -0.023566
7.070000 -0.007015 -0.023677
7.080000 -0.006297 -0.023774
7.090000 -0.005580 -0.023858
7.100000 -0.004864 -0.023927
7.110000 -0.004151 -0.023983
7.120000 -0.003440 -0.024025
7.130000 -0.002732 -0.024053
7.140000 -0.002027 -0.024068
7.150000 -0.001327 -0.024069
7.160000 -0.000630 -0.024057
7.170000 0.000062 -0.024032
7.180000 0.000749 -0.023993
7.190000 0.001430 -0.023941
7.200000 0.002106 -0.023876
7.210000 0.002775 -0.023799
7.220000 0.003438 -0.023708
7.230000 0.004093 -0.023606
7.240000 0.004741 -0.023491
7.250000 0.005382 -0.023363
7.260000 0.006014 -0.023224
7.270000 0.006638 -0.023073
7.280000 0.007253 -0.022911
7.290000 0.007859 -0.022737
7.300000 0.008455 -0.022552
7.310000 0.009042 -0.022356
7.320000 0.009619 -0.022150
7.330000 0.010185 -0.021933
7.340000 0.010741 -0.021706
7.350000 0.011286 -0.021469
7.360000 0.011820 -0.021223
7.370000 0.012343 -0.020967
7.380000 0.012854 -0.020703
7.390000 0.013353 -0.020429
7.400000 0.013841 -0.020147
7.410000 0.014316 -0.019857
7.420000 0.014779 -0.019559
7.430000 0.015229 -0.019253
7.440000 0.015667 -0.018940
7.450000 0.016092 -0.018620
7.460000 0.016504 -0.018293
7.470000 0.016903 -0.017960
7.480000 0.017289 -0.017621
7.490000 0.017662 -0.017276
7.500000 0.018021 -0.016925
7.510000 0.018367 -0.016570
7.520000 0.018699 -0.016209
7.530000 0.019018 -0.015845
7.540000 0.019323 -0.015475
7.550000 0.019615 -0.015102
7.560000 0.019893 -0.014726
7.570000 0.020158 -0.014346
7.580000 0.020408 -0.013963
7.590000 0.020646 -0.013578
7.600000 0.020869 -0.013190
7.610000 0.021079 -0.012800
7.620000 0.021276 -0.012409
7.630000 0.021459 -0.012016
7.640000 0.021629 -0.011622
7.650000 0.021786 -0.011227
7.660000 0.021929 -0.010832
7.670000 0.022059 -0.010436
7.680000 0.022176 -0.010040
7.690000 0.022280 -0.009645
7.700000 0.022372 -0.009250
7.710000 0.022451 -0.008856
7.720000 0.022517 -0.008464
7.730000 0.022571 -0.008072
7.740000 0.022613 -0.007683
7.750000 0.022643 -0.007295
7.760000 0.022660 -0.006909
7.770000 0.022666 -0.006526
7.780000 0.022661 -0.006145
7.790000 0.022644 -0.005767
7.800000 0.022616 -0.005392
7.810000 0.022577 -0.005021
7.820000 0.022528 -0.004653
7.830000 0.022467 -0.004288
7.840000 0.022397 -0.003928
7.850000 0.022316 -0.003572
7.860000 0.022226 -0.003219
7.870000 0.022125 -0.002872
7.880000 0.022016 -0.002529
7.890000 0.021897 -0.002190
7.900000 0.021769 -0.001857
7.910000 0.021633 -0.001528
7.920000 0.021488 -0.001205
7.930000 0.021335 -0.000887
7.940000 0.021173 -0.000575
7.950000 0.021005 -0.000268
7.960000 0.020828 0.000033
7.970000 0.020645 0.000328
7.980000 0.020454 0.000617
7.990000 0.020257 0.000900
8.000000 0.020053 0.001178
8.010000 0.019843 0.001449
8.020000 0.019627 0.001713
8.030000 0.019405 0.001972
8.040000 0.019178 0.002224
8.050000 0.018946 0.002469
8.060000 0.018709 0.002708
8.070000 0.018467 0.002941
8.080000 0.018221 0.003167
8.090000 0.017970 0.003386
8.100000 0.017716 0.003599
8.110000 0.017458 0.003805
8.120000 0.017196 0.004005
8.130000 0.016932 0.004198
8.140000 0.016664 0.004384
8.150000 0.016393 0.004563
8.160000 0.016121 0.004736
8.170000 0.015845 0.004903
8.180000 0.015568 0.005062
8.190000 0.015289 0.005215
8.200000 0.015009 0.005362
8.210000 0.014727 0.005502
8.220000 0.014444 0.005636
8.230000 0.014160 0.005763
8.240000 0.013875 0.005884
8.250000 0.013590 0.005999
8.260000 0.013304 0.006107
8.270000 0.013018 0.006209
8.280000 0.012733 0.006305
8.290000 0.012447 0.006395
8.300000 0.012162 0.006480
8.310000 0.011878 0.006558
8.320000 0.011594 0.006630
8.330000 0.011312 0.006697
8.340000 0.011030 0.006758
8.350000 0.010750 0.006813
8.360000 0.010471 0.006863
8.370000 0.010194 0.006908
8.380000 0.009918 0.006947
8.390000 0.009644 0.006981
8.400000 0.009373 0.007011
8.410000 0.009103 0.007035
8.420000 0.008836 0.007054
8.430000 0.008571 0.007069
8.440000 0.008308 0.007078
8.450000 0.008048 0.007084
8.460000 0.007791 0.007085
8.470000 0.007537 0.007081
8.480000 0.007285 0.007074
8.490000 0.007037 0.007062
8.500000 0.006791 0.007046
8.510000 0.006549 0.007027
8.520000 0.006310 0.007003
8.530000 0.006074 0.006976
8.540000 0.005842 0.006946
8.550000 0.005613 0.006912
8.560000 0.005388 0.006875
8.570000 0.005166 0.006834
8.580000 0.004948 0.006791
8.590000 0.004733 0.006744
8.600000 0.004522 0.006695
8.610000 0.004315 0.006643
8.620000 0.004112 0.006589
8.630000 0.003912 0.006532
8.640000 0.003717 0.006472
8.650000 0.003525 0.006410
8.660000 0.003337 0.006346
8.670000 0.003153 0.006280
8.680000 0.002973 0.006212
8.690000 0.002797 0.006142
8.700000 0.002624 0.006071
8.710000 0.002456 0.005997
8.720000 0.002292 0.005923
8.730000 0.002131 0.005846
8.740000 0.001974 0.005769
8.750000 0.001822 0.005690
8.760000 0.001673 0.005610
8.770000 0.001528 0.005529
8.780000 0.001387 0.005447
8.790000 0.001249 0.005364
8.800000 0.001116 0.005280
8.810000 0.000986 0.005195
8.820000 0.000860 0.005110
8.830000 0.000738 0.005024
8.840000 0.000619 0.004938
8.850000 0.000505 0.004852
8.860000 0.000393 0.004765
8.870000 0.000285 0.004678
8.880000 0.000181 0.004590
8.890000 0.000081 0.004503
8.900000 -0.000017 0.004415
8.910000 -0.000110 0.004328
8.920000 -0.000201 0.004241
8.930000 -0.000288 0.004154
8.940000 -0.000372 0.004067
8.950000 -0.000453 0.003980
8.960000 -0.000530 0.003894
8.970000 -0.000605 0.003808
8.980000 -0.000676 0.003722
8.990000 -0.000744 0.003637
9.000000 -0.000810 0.003553
9.010000 -0.000872 0.003469
9.020000 -0.000932 0.003386
9.030000 -0.000989 0.003303
9.040000 -0.001043 0.003221
9.050000 -0.001094 0.003140
9.060000 -0.001143 0.003060
9.070000 -0.001190 0.002980
9.080000 -0.001233 0.002901
9.090000 -0.001275 0.002823
9.100000 -0.001314 0.002746
9.110000 -0.001350 0.002671
9.120000 -0.001385 0.002595
9.130000 -0.001417 0.002521
9.140000 -0.001447 0.002448
9.150000 -0.001475 0.002376
9.160000 -0.001501 0.002305
9.170000 -0.001525 0.002236
9.180000 -0.001547 0.002167
9.190000 -0.001567 0.002099
9.200000 -0.001585 0.002032
9.210000 -0.001602 0.001967
9.220000 -0.001617 0.001902
9.230000 -0.001630 0.001839
9.240000 -0.001642 0.001777
9.250000 -0.001652 0.001716
9.260000 -0.001660 0.001656
9.270000 -0.001667 0.001598
9.280000 -0.001673 0.001540
9.290000 -0.001678 0.001484
9.300000 -0.001681 0.001429
9.310000 -0.001683 0.001375
9.320000 -0.001683 0.001322
9.330000 -0.001683 0.001271
9.340000 -0.001681 0.001220
9.350000 -0.001679 0.001171
9.360000 -0.001675 0.001122
9.370000 -0.001671 0.001075
9.380000 -0.001665 0.001030
9.390000 -0.001659 0.000985
9.400000 -0.001652 0.000941
9.410000 -0.001644 0.000898
9.420000 -0.001635 0.000857
9.430000 -0.001626 0.000817
9.440000 -0.001616 0.000777
9.450000 -0.001605 0.000739
9.460000 -0.001594 0.000702
9.470000 -0.001582 0.000666
9.480000 -0.001569 0.000630
9.490000 -0.001556 0.000596
9.500000 -0.001543 0.000563
9.510000 -0.001529 0.000531
9.520000 -0.001514 0.000500
9.530000 -0.001500 0.000470
9.540000 -0.001485 0.000440
9.550000 -0.001469 0.000412
9.560000 -0.001454 0.000384
9.570000 -0.001438 0.000358
9.580000 -0.001421 0.000332
9.590000 -0.001405 0.000307
9.600000 -0.001388 0.000283
9.610000 -0.001372 0.000260
9.620000 -0.001355 0.000238
9.630000 -0.001337 0.000216
9.640000 -0.001320 0.000195
9.650000 -0.001303 0.000175
9.660000 -0.001285 0.000156
9.670000 -0.001268 0.000137
9.680000 -0.001250 0.000120
9.690000 -0.001233 0.000102
9.700000 -0.001215 0.000086
9.710000 -0.001198 0.000070
9.720000 -0.001180 0.000055
9.730000 -0.001162 0.000040
9.740000 -0.001145 0.000026
9.750000 -0.001127 0.000013
9.760000 -0.001110 -0.000000
9.770000 -0.001093 -0.000012
9.780000 -0.001075 -0.000024
9.790000 -0.001058 -0.000035
9.800000 -0.001041 -0.000046
9.810000 -0.001024 -0.000056
9.820000 -0.001007 -0.000066
9.830000 -0.000991 -0.000075
9.840000 -0.000974 -0.000084
9.850000 -0.000958 -0.000093
9.860000 -0.000941 -0.000101
9.870000 -0.000925 -0.000108
9.880000 -0.000909 -0.000115
9.890000 -0.000893 -0.000122
9.900000 -0.000877 -0.000129
9.910000 -0.000862 -0.000135
9.920000 -0.000847 -0.000140
9.930000 -0.000831 -0.000146
9.940000 -0.000816 -0.000151
9.950000 -0.000802 -0.000156
9.960000 -0.000787 -0.000160
9.970000 -0.000772 -0.000165
9.980000 -0.000758 -0.000169
9.990000 -0.000744 -0.000172
10.000000 -0.000730 -0.000176
10.010000 -0.000716 -0.000179
10.020000 -0.000703 -0.000182
10.030000 -0.000689 -0.000185
10.040000 -0.000676 -0.000187
10.050000 -0.000663 -0.000190
10.060000 -0.000650 -0.000192
10.070000 -0.000637 -0.000194
10.080000 -0.000625 -0.000196
10.090000 -0.000612 -0.000198
10.100000 -0.000600 -0.000199
10.110000 -0.000588 -0.000201
10.120000 -0.000576 -0.000202
10.130000 -0.000565 -0.000203
10.140000 -0.000553 -0.000205
10.150000 -0.000542 -0.000206
10.160000 -0.000531 -0.000206
10.170000 -0.000520 -0.000207
10.180000 -0.000509 -0.000208
10.190000 -0.000498 -0.000208
10.200000 -0.000488 -0.000209
10.210000 -0.000477 -0.000209
10.220000 -0.000467 -0.000210
10.230000 -0.000457 -0.000210
10.240000 -0.000447 -0.000210
10.250000 -0.000437 -0.000210
10.260000 -0.000427 -0.000210
10.270000 -0.000418 -0.000211
10.280000 -0.000408 -0.000211
10.290000 -0.000399 -0.000211
10.300000 -0.000390 -0.000210
10.310000 -0.000381 -0.000210
10.320000 -0.000372 -0.000210
10.330000 -0.000363 -0.000210
10.340000 -0.000354 -0.000210
10.350000 -0.000346 -0.000210
10.360000 -0.000337 -0.000210
10.370000 -0.000329 -0.000209
10.380000 -0.000321 -0.000209
10.390000 -0.000312 -0.000209
10.400000 -0.000304 -0.000209
10.410000 -0.000296 -0.000208
10.420000 -0.000288 -0.000208
10.430000 -0.000280 -0.000208
10.440000 -0.000273 -0.000207
10.450000 -0.000265 -0.000207
10.460000 -0.000257 -0.000207
10.470000 -0.000250 -0.000206
10.480000 -0.000242 -0.000206
10.490000 -0.000235 -0.000206
10.500000 -0.000228 -0.000205
10.510000 -0.000220 -0.000205
10.520000 -0.000213 -0.000205
10.530000 -0.000206 -0.000204
10.540000 -0.000199 -0.000204
10.550000 -0.000192 -0.000204
10.560000 -0.000185 -0.000203
10.570000 -0.000178 -0.000203
10.580000 -0.000171 -0.000202
10.590000 -0.000164 -0.000202
10.600000 -0.000158 -0.000202
10.610000 -0.000151 -0.000201
10.620000 -0.000144 -0.000201
10.630000 -0.000138 -0.000200
10.640000 -0.000131 -0.000200
10.650000 -0.000124 -0.000200
10.660000 -0.000118 -0.000199
10.670000 -0.000112 -0.000199
10.680000 -0.000105 -0.000198
10.690000 -0.000099 -0.000198
10.700000 -0.000092 -0.000197
10.710000 -0.000086 -0.000197
10.720000 -0.000080 -0.000196
10.730000 -0.000074 -0.000195
10.740000 -0.000067 -0.000195
10.750000 -0.000061 -0.000194
10.760000 -0.000055 -0.000194
10.770000 -0.000049 -0.000193
10.780000 -0.000043 -0.000192
10.790000 -0.000037 -0.000192
10.800000 -0.000031 -0.000191
10.810000 -0.000025 -0.000190
10.820000 -0.000019 -0.000189
10.830000 -0.000013 -0.000188
10.840000 -0.000008 -0.000187
10.850000 -0.000002 -0.000186
10.860000 0.000004 -0.000185
10.870000 0.000010 -0.000184
10.880000 0.000015 -0.000183
10.890000 0.000021 -0.000182
10.900000 0.000026 -0.000181
10.910000 0.000032 -0.000180
10.920000 0.000037 -0.000179
10.930000 0.000043 -0.000177
10.940000 0.000048 -0.000176
10.950000 0.000053 -0.000175
10.960000 0.000058 -0.000173
10.970000 0.000064 -0.000172
10.980000 0.000069 -0.000170
10.990000 0.000074 -0.000169
11.000000 0.000079 -0.000167
11.010000 0.000084 -0.000165
11.020000 0.000088 -0.000164
11.030000 0.000093 -0.000162
11.040000 0.000098 -0.000160
11.050000 0.000103 -0.000158
11.060000 0.000107 -0.000156
11.070000 0.000112 -0.000154
11.080000 0.000116 -0.000152
11.090000 0.000120 -0.000150
11.100000 0.000125 -0.000148
11.110000 0.000129 -0.000146
11.120000 0.000133 -0.000144
11.130000 0.000137 -0.000141
11.140000 0.000141 -0.000139
11.150000 0.000145 -0.000137
11.160000 0.000148 -0.000134
11.170000 0.000152 -0.000132
11.180000 0.000155 -0.000129
11.190000 0.000159 -0.000127
11.200000 0.000162 -0.000124
11.210000 0.000165 -0.000122
11.220000 0.000168 -0.000119
11.230000 0.000171 -0.000116
11.240000 0.000174 -0.000114
11.250000 0.000177 -0.000111
11.260000 0.000180 -0.000108
11.270000 0.000182 -0.000105
11.280000 0.000185 -0.000103
11.290000 0.000187 -0.000100
11.300000 0.000189 -0.000097
11.310000 0.000191 -0.000094
11.320000 0.000193 -0.000091
11.330000 0.000195 -0.000088
11.340000 0.000197 -0.000085
11.350000 0.000198 -0.000082
11.360000 0.000200 -0.000080
11.370000 0.000201 -0.000077
11.380000 0.000202 -0.000074
11.390000 0.000203 -0.000071
11.400000 0.000204 -0.000068
11.410000 0.000205 -0.000065
11.420000 0.000206 -0.000062
11.430000 0.000206 -0.000060
11.440000 0.000207 -0.000057
11.450000 0.000207 -0.000054
11.460000 0.000207 -0.000052
11.470000 0.000207 -0.000049
11.480000 0.000207 -0.000046
11.490000 0.000207 -0.000044
11.500000 0.000207 -0.000041
11.510000 0.000207 -0.000039
11.520000 0.000206 -0.000036
11.530000 0.000205 -0.000034
11.540000 0.000205 -0.000032
11.550000 0.000204 -0.000029
11.560000 0.000203 -0.000027
11.570000 0.000202 -0.000025
11.580000 0.000200 -0.000023
11.590000 0.000199 -0.000021
11.600000 0.000198 -0.000020
11.610000 0.000196 -0.000018
11.620000 0.000195 -0.000016
11.630000 0.000193 -0.000015
11.640000 0.000191 -0.000013
11.650000 0.000189 -0.000012
11.660000 0.000187 -0.000011
11.670000 0.000185 -0.000010
11.680000 0.000183 -0.000009
11.690000 0.000181 -0.000008
11.700000 0.000179 -0.000007
11.710000 0.000177 -0.000006
11.720000 0.000174 -0.000006
11.730000 0.000172 -0.000005
11.740000 0.000169 -0.000005
11.750000 0.000167 -0.000005
11.760000 0.000164 -0.000005
11.770000 0.000162 -0.000005
11.780000 0.000159 -0.000005
11.790000 0.000157 -0.000005
11.800000 0.000154 -0.000006
11.810000 0.000151 -0.000006
11.820000 0.000149 -0.000007
11.830000 0.000146 -0.000008
11.840000 0.000143 -0.000009
11.850000 0.000141 -0.000010
11.860000 0.000138 -0.000012
11.870000 0.000135 -0.000013
11.880000 0.000133 -0.000015
11.890000 0.000130 -0.000016
11.900000 0.000127 -0.000018
11.910000 0.000125 -0.000020
11.920000 0.000122 -0.000022
11.930000 0.000120 -0.000024
11.940000 0.000118 -0.000027
11.950000 0.000115 -0.000029
11.960000 0.000113 -0.000032
11.970000 0.000111 -0.000034
11.980000 0.000109 -0.000037
11.990000 0.000107 -0.000040
12.000000 0.000105 -0.000043
12.010000 0.000103 -0.000047
12.020000 0.000101 -0.000050
12.030000 0.000100 -0.000053
12.040000 0.000098 -0.000057
12.050000 0.000097 -0.000060
12.060000 0.000095 -0.000064
12.070000 0.000094 -0.000068
12.080000 0.000093 -0.000071
12.090000 0.000092 -0.000075
12.100000 0.000091 -0.000079
12.110000 0.000091 -0.000083
12.120000 0.000090 -0.000088
12.130000 0.000090 -0.000092
12.140000 0.000089 -0.000096
12.150000 0.000089 -0.000100
12.160000 0.000089 -0.000104
12.170000 0.000090 -0.000109
12.180000 0.000090 -0.000113
12.190000 0.000090 -0.000118
12.200000 0.000091 -0.000122
12.210000 0.000092 -0.000126
12.220000 0.000093 -0.000131
12.230000 0.000094 -0.000135
12.240000 0.000095 -0.000140
12.250000 0.000097 -0.000144
12.260000 0.000098 -0.000148
12.270000 0.000100 -0.000153
12.280000 0.000102 -0.000157
12.290000 0.000104 -0.000161
12.300000 0.000106 -0.000165
12.310000 0.000109 -0.000169
12.320000 0.000111 -0.000174
12.330000 0.000114 -0.000178
12.340000 0.000117 -0.000181
12.350000 0.000120 -0.000185
12.360000 0.000123 -0.000189
12.370000 0.000127 -0.000193
12.380000 0.000130 -0.000196
12.390000 0.000134 -0.000200
12.400000 0.000138 -0.000203
12.410000 0.000142 -0.000206
12.420000 0.000146 -0.000209
12.430000 0.000150 -0.000212
12.440000 0.000154 -0.000215
12.450000 0.000159 -0.000217
12.460000 0.000164 -0.000220
12.470000 0.000168 -0.000222
12.480000 0.000173 -0.000224
12.490000 0.000178 -0.000226
12.500000 0.000183 -0.000228
12.510000 0.000188 -0.000229
12.520000 0.000194 -0.000230
12.530000 0.000199 -0.000232
12.540000 0.000204 -0.000233
12.550000 0.000210 -0.000233
12.560000 0.000215 -0.000234
12.570000 0.000221 -0.000234
12.580000 0.000227 -0.000234
12.590000 0.000232 -0.000234
12.600000 0.000238 -0.000234
12.610000 0.000244 -0.000233
12.620000 0.000250 -0.000232
12.630000 0.000255 -0.000231
12.640000 0.000261 -0.000230
12.650000 0.000267 -0.000228
12.660000 0.000273 -0.000227
12.670000 0.000279 -0.000225
12.680000 0.000284 -0.000222
12.690000 0.000290 -0.000220
12.700000 0.000296 -0.000217
12.710000 0.000301 -0.000214
12.720000 0.000307 -0.000211
12.730000 0.000313 -0.000207
12.740000 0.000318 -0.000204
12.750000 0.000323 -0.000200
12.760000 0.000329 -0.000196
12.770000 0.000334 -0.000191
12.780000 0.000339 -0.000186
12.790000 0.000344 -0.000181
12.800000 0.000349 -0.000176
12.810000 0.000353 -0.000171
12.820000 0.000358 -0.000165
12.830000 0.000363 -0.000159
12.840000 0.000367 -0.000153
12.850000 0.000371 -0.000147
12.860000 0.000375 -0.000140
12.870000 0.000379 -0.000134
12.880000 0.000382 -0.000127
12.890000 0.000386 -0.000119
12.900000 0.000389 -0.000112
12.910000 0.000392 -0.000105
12.920000 0.000395 -0.000097
12.930000 0.000398 -0.000089
12.940000 0.000400 -0.000081
12.950000 0.000402 -0.000072
12.960000 0.000404 -0.000064
12.970000 0.000406 -0.000055
12.980000 0.000408 -0.000047
12.990000 0.000409 -0.000038
13.000000 0.000410 -0.000029
13.010000 0.000411 -0.000020
13.020000 0.000411 -0.000010
13.030000 0.000411 -0.000001
13.040000 0.000411 0.000009
13.050000 0.000411 0.000018
13.060000 0.000410 0.000028
13.070000 0.000409 0.000038
13.080000 0.000408 0.000048
13.090000 0.000407 0.000058
13.100000 0.000405 0.000068
13.110000 0.000403 0.000078
13.120000 0.000401 0.000088
13.130000 0.000399 0.000098
13.140000 0.000396 0.000108
13.150000 0.000393 0.000118
13.160000 0.000389 0.000128
13.170000 0.000385 0.000139
13.180000 0.000382 0.000149
13.190000 0.000377 0.000159
13.200000 0.000373 0.000169
13.210000 0.000368 0.000179
13.220000 0.000363 0.000189
13.230000 0.000357 0.000199
13.240000 0.000352 0.000209
13.250000 0.000346 0.000219
13.260000 0.000340 0.000228
13.270000 0.000333 0.000238
13.280000 0.000326 0.000248
13.290000 0.000319 0.000257
13.300000 0.000312 0.000266
13.310000 0.000305 0.000276
13.320000 0.000297 0.000285
13.330000 0.000289 0.000294
13.340000 0.000281 0.000302
13.350000 0.000272 0.000311
13.360000 0.000263 0.000319
13.370000 0.000254 0.000328
13.380000 0.000245 0.000336
13.390000 0.000236 0.000344
13.400000 0.000226 0.000351
13.410000 0.000216 0.000359
13.420000 0.000207 0.000366
13.430000 0.000196 0.000373
13.440000 0.000186 0.000380
13.450000 0.000176 0.000387
13.460000 0.000165 0.000393
13.470000 0.000154 0.000399
13.480000 0.000143 0.000405
13.490000 0.000132 0.000411
13.500000 0.000121 0.000416
13.510000 0.000109 0.000422
13.520000 0.000098 0.000427
13.530000 0.000086 0.000431
13.540000 0.000075 0.000436
13.550000 0.000063 0.000440
13.560000 0.000051 0.000444
13.570000 0.000039 0.000447
13.580000 0.000027 0.000450
13.590000 0.000015 0.000453
13.600000 0.000003 0.000456
13.610000 -0.000009 0.000459
13.620000 -0.000022 0.000461
13.630000 -0.000034 0.000463
13.640000 -0.000046 0.000464
13.650000 -0.000058 0.000466
13.660000 -0.000070 0.000467
13.670000 -0.000083 0.000467
13.680000 -0.000095 0.000468
13.690000 -0.000107 0.000468
13.700000 -0.000119 0.000468
13.710000 -0.000131 0.000467
13.720000 -0.000143 0.000467
13.730000 -0.000155 0.000466
13.740000 -0.000167 0.000464
13.750000 -0.000178 0.000463
13.760000 -0.000190 0.000461
13.770000 -0.000202 0.000459
13.780000 -0.000213 0.000457
13.790000 -0.000224 0.000454
13.800000 -0.000235 0.000451
13.810000 -0.000247 0.000448
13.820000 -0.000257 0.000444
13.830000 -0.000268 0.000441
13.840000 -0.000279 0.000437
13.850000 -0.000289 0.000433
13.860000 -0.000300 0.000428
13.870000 -0.000310 0.000423
13.880000 -0.000320 0.000419
13.890000 -0.000329 0.000413
13.900000 -0.000339 0.000408
13.910000 -0.000348 0.000402
13.920000 -0.000357 0.000397
13.930000 -0.000366 0.000391
13.940000 -0.000375 0.000384
13.950000 -0.000384 0.000378
13.960000 -0.000392 0.000371
13.970000 -0.000400 0.000365
13.980000 -0.000408 0.000358
13.990000 -0.000415 0.000351
14.000000 -0.000423 0.000343
14.010000 -0.000430 0.000336
14.020000 -0.000437 0.000328
14.030000 -0.000443 0.000321
14.040000 -0.000449 0.000313
14.050000 -0.000456 0.000305
14.060000 -0.000461 0.000297
14.070000 -0.000467 0.000288
14.080000 -0.000472 0.000280
14.090000 -0.000477 0.000272
14.100000 -0.000482 0.000263
14.110000 -0.000486 0.000254
14.120000 -0.000491 0.000246
14.130000 -0.000495 0.000237
14.140000 -0.000498 0.000228
14.150000 -0.000502 0.000219
14.160000 -0.000505 0.000210
14.170000 -0.000508 0.000201
14.180000 -0.000510 0.000192
14.190000 -0.000512 0.000183
14.200000 -0.000514 0.000174
14.210000 -0.000516 0.000165
14.220000 -0.000518 0.000155
14.230000 -0.000519 0.000146
14.240000 -0.000520 0.000137
14.250000 -0.000520 0.000128
14.260000 -0.000521 0.000119
14.270000 -0.000521 0.000110
14.280000 -0.000521 0.000101
14.290000 -0.000521 0.000092
14.300000 -0.000520 0.000083
14.310000 -0.000519 0.000074
14.320000 -0.000518 0.000065
14.330000 -0.000517 0.000056
14.340000 -0.000515 0.000047
14.350000 -0.000513 0.000038
14.360000 -0.000511 0.000030
14.370000 -0.000509 0.000021
14.380000 -0.000506 0.000013
14.390000 -0.000504 0.000004
14.400000 -0.000501 -0.000004
14.410000 -0.000498 -0.000012
14.420000 -0.000494 -0.000020
14.430000 -0.000491 -0.000028
14.440000 -0.000487 -0.000036
14.450000 -0.000483 -0.000044
14.460000 -0.000479 -0.000052
14.470000 -0.000474 -0.000059
14.480000 -0.000470 -0.000067
14.490000 -0.000465 -0.000074
14.500000 -0.000460 -0.000081
14.510000 -0.000455 -0.000088
14.520000 -0.000450 -0.000095
14.530000 -0.000445 -0.000101
14.540000 -0.000439 -0.000108
14.550000 -0.000434 -0.000114
14.560000 -0.000428 -0.000121
14.570000 -0.000422 -0.000127
14.580000 -0.000416 -0.000133
14.590000 -0.000410 -0.000138
14.600000 -0.000404 -0.000144
14.610000 -0.000397 -0.000149
14.620000 -0.000391 -0.000155
14.630000 -0.000384 -0.000160
14.640000 -0.000378 -0.000165
14.650000 -0.000371 -0.000170
14.660000 -0.000364 -0.000174
14.670000 -0.000357 -0.000179
14.680000 -0.000350 -0.000183
14.690000 -0.000343 -0.000187
14.700000 -0.000336 -0.000191
14.710000 -0.000329 -0.000195
14.720000 -0.000322 -0.000198
14.730000 -0.000314 -0.000202
14.740000 -0.000307 -0.000205
14.750000 -0.000300 -0.000208
14.760000 -0.000292 -0.000211
14.770000 -0.000285 -0.000214
14.780000 -0.000277 -0.000217
14.790000 -0.000270 -0.000219
14.800000 -0.000263 -0.000221
14.810000 -0.000255 -0.000223
14.820000 -0.000248 -0.000225
14.830000 -0.000240 -0.000227
14.840000 -0.000233 -0.000229
14.850000 -0.000226 -0.000230
14.860000 -0.000218 -0.000232
14.870000 -0.000211 -0.000233
14.880000 -0.000204 -0.000234
14.890000 -0.000196 -0.000235
14.900000 -0.000189 -0.000235
14.910000 -0.000182 -0.000236
14.920000 -0.000175 -0.000236
14.930000 -0.000167 -0.000237
14.940000 -0.000160 -0.000237
14.950000 -0.000153 -0.000237
14.960000 -0.000146 -0.000237
14.970000 -0.000139 -0.000236
14.980000 -0.000133 -0.000236
14.990000 -0.000126 -0.000236
15.000000 -0.000119 -0.000235
15.010000 -0.000112 -0.000234
15.020000 -0.000106 -0.000233
15.030000 -0.000099 -0.000232
15.040000 -0.000093 -0.000231
15.050000 -0.000087 -0.000230
15.060000 -0.000080 -0.000229
15.070000 -0.000074 -0.000227
15.080000 -0.000068 -0.000226
15.090000 -0.000062 -0.000224
15.100000 -0.000056 -0.000223
15.110000 -0.000051 -0.000221
15.120000 -0.000045 -0.000219
15.130000 -0.000039 -0.000217
15.140000 -0.000034 -0.000215
15.150000 -0.000028 -0.000213
15.160000 -0.000023 -0.000210
15.170000 -0.000018 -0.000208
15.180000 -0.000013 -0.000206
15.190000 -0.000008 -0.000203
15.200000 -0.000003 -0.000201
15.210000 0.000002 -0.000198
15.220000 0.000006 -0.000196
15.230000 0.000011 -0.000193
15.240000 0.000015 -0.000190
15.250000 0.000020 -0.000188
15.260000 0.000024 -0.000185
15.270000 0.000028 -0.000182
15.280000 0.000032 -0.000179
15.290000 0.000036 -0.000176
15.300000 0.000040 -0.000173
15.310000 0.000043 -0.000170
15.320000 0.000047 -0.000167
15.330000 0.000051 -0.000164
15.340000 0.000054 -0.000161
15.350000 0.000057 -0.000158
15.360000 0.000060 -0.000155
15.370000 0.000063 -0.000152
15.380000 0.000066 -0.000149
15.390000 0.000069 -0.000146
15.400000 0.000072 -0.000142
15.410000 0.000074 -0.000139
15.420000 0.000077 -0.000136
15.430000 0.000079 -0.000133
15.440000 0.000082 -0.000130
15.450000 0.000084 -0.000127
15.460000 0.000086 -0.000123
15.470000 0.000088 -0.000120
15.480000 0.000090 -0.000117
15.490000 0.000092 -0.000114
15.500000 0.000093 -0.000111
15.510000 0.000095 -0.000108
15.520000 0.000097 -0.000104
15.530000 0.000098 -0.000101
15.540000 0.000100 -0.000098
15.550000 0.000101 -0.000095
15.560000 0.000102 -0.000092
15.570000 0.000103 -0.000089
15.580000 0.000104 -0.000086
15.590000 0.000105 -0.000083
15.600000 0.000106 -0.000080
15.610000 0.000107 -0.000077
15.620000 0.000107 -0.000075
15.630000 0.000108 -0.000072
15.640000 0.000109 -0.000069
15.650000 0.000109 -0.000066
15.660000 0.000110 -0.000063
15.670000 0.000110 -0.000061
15.680000 0.000110 -0.000058
15.690000 0.000110 -0.000055
15.700000 0.000110 -0.000053
15.710000 0.000111 -0.000050
15.720000 0.000111 -0.000048
15.730000 0.000111 -0.000045
15.740000 0.000110 -0.000043
15.750000 0.000110 -0.000040
15.760000 0.000110 -0.000038
15.770000 0.000110 -0.000035
15.780000 0.000110 -0.000033
15.790000 0.000109 -0.000031
15.800000 0.000109 -0.000029
15.810000 0.000108 -0.000027
15.820000 0.000108 -0.000024
15.830000 0.000107 -0.000022
15.840000 0.000107 -0.000020
15.850000 0.000106 -0.000018
15.860000 0.000105 -0.000016
15.870000 0.000105 -0.000014
15.880000 0.000104 -0.000013
15.890000 0.000103 -0.000011
15.900000 0.000102 -0.000009
15.910000 0.000102 -0.000007
15.920000 0.000101 -0.000006
15.930000 0.000100 -0.000004
15.940000 0.000099 -0.000002
15.950000 0.000098 -0.000001
15.960000 0.000097 0.000001
15.970000 0.000096 0.000002
15.980000 0.000095 0.000004
15.990000 0.000094 0.000005
16.000000 0.000093 0.000006
16.010000 0.000092 0.000008
16.020000 0.000091 0.000009
16.030000 0.000089 0.000010
16.040000 0.000088 0.000011
16.050000 0.000087 0.000013
16.060000 0.000086 0.000014
16.070000 0.000085 0.000015
16.080000 0.000084 0.000016
16.090000 0.000082 0.000017
16.100000 0.000081 0.000018
16.110000 0.000080 0.000019
16.120000 0.000079 0.000020
16.130000 0.000078 0.000021
16.140000 0.000076 0.000021
16.150000 0.000075 0.000022
16.160000 0.000074 0.000023
16.170000 0.000073 0.000024
16.180000 0.000071 0.000024
16.190000 0.000070 0.000025
16.200000 0.000069 0.000026
16.210000 0.000068 0.000026
16.220000 0.000066 0.000027
16.230000 0.000065 0.000027
16.240000 0.000064 0.000028
16.250000 0.000063 0.000028
16.260000 0.000061 0.000029
16.270000 0.000060 0.000029
16.280000 0.000059 0.000029
16.290000 0.000058 0.000030
16.300000 0.000057 0.000030
16.310000 0.000055 0.000030
16.320000 0.000054 0.000031
16.330000 0.000053 0.000031
16.340000 0.000052 0.000031
16.350000 0.000051 0.000031
16.360000 0.000049 0.000032
16.370000 0.000048 0.000032
16.380000 0.000047 0.000032
16.390000 0.000046 0.000032
16.400000 0.000045 0.000032
16.410000 0.000044 0.000032
16.420000 0.000043 0.000032
16.430000 0.000042 0.000032
16.440000 0.000040 0.000032
16.450000 0.000039 0.000032
16.460000 0.000038 0.000032
16.470000 0.000037 0.000032
16.480000 0.000036 0.000032
16.490000 0.000035 0.000032
16.500000 0.000034 0.000032
16.510000 0.000033 0.000032
16.520000 0.000032 0.000032
16.530000 0.000031 0.000032
16.540000 0.000030 0.000032
16.550000 0.000029 0.000032
16.560000 0.000028 0.000032
16.570000 0.000028 0.000031
16.580000 0.000027 0.000031
16.590000 0.000026 0.000031
16.600000 0.000025 0.000031
16.610000 0.000024 0.000031
16.620000 0.000023 0.000030
16.630000 0.000022 0.000030
16.640000 0.000021 0.000030
16.650000 0.000021 0.000030
16.660000 0.000020 0.000030
16.670000 0.000019 0.000029
16.680000 0.000018 0.000029
16.690000 0.000018 0.000029
16.700000 0.000017 0.000029
16.710000 0.000016 0.000028
16.720000 0.000015 0.000028
16.730000 0.000015 0.000028
16.740000 0.000014 0.000028
16.750000 0.000013 0.000027
16.760000 0.000013 0.000027
16.770000 0.000012 0.000027
16.780000 0.000011 0.000026
16.790000 0.000011 0.000026
16.800000 0.000010 0.000026
16.810000 0.000010 0.000025
16.820000 0.000009 0.000025
16.830000 0.000008 0.000025
16.840000 0.000008 0.000025
16.850000 0.000007 0.000024
16.860000 0.000007 0.000024
16.870000 0.000006 0.000024
16.880000 0.000006 0.000023
16.890000 0.000005 0.000023
16.900000 0.000005 0.000023
16.910000 0.000004 0.000022
16.920000 0.000004 0.000022
16.930000 0.000003 0.000022
16.940000 0.000003 0.000021
16.950000 0.000003 0.000021
16.960000 0.000002 0.000021
16.970000 0.000002 0.000021
16.980000 0.000001 0.000020
16.990000 0.000001 0.000020
17.000000 0.000001 0.000020
17.010000 0.000000 0.000019
17.020000 -0.000000 0.000019
17.030000 -0.000001 0.000019
17.040000 -0.000001 0.000018
17.050000 -0.000001 0.000018
17.060000 -0.000002 0.000018
17.070000 -0.000002 0.000018
17.080000 -0.000002 0.000017
17.090000 -0.000002 0.000017
17.100000 -0.000003 0.000017
17.110000 -0.000003 0.000016
17.120000 -0.000003 0.000016
17.130000 -0.000004 0.000016
17.140000 -0.000004 0.000016
17.150000 -0.000004 0.000015
17.160000 -0.000004 0.000015
17.170000 -0.000005 0.000015
17.180000 -0.000005 0.000015
17.190000 -0.000005 0.000014
17.200000 -0.000005 0.000014
17.210000 -0.000005 0.000014
17.220000 -0.000006 0.000014
17.230000 -0.000006 0.000013
17.240000 -0.000006 0.000013
17.250000 -0.000006 0.000013
17.260000 -0.000006 0.000013
17.270000 -0.000007 0.000012
17.280000 -0.000007 0.000012
17.290000 -0.000007 0.000012
17.300000 -0.000007 0.000012
17.310000 -0.000007 0.000011
17.320000 -0.000007 0.000011
17.330000 -0.000007 0.000011
17.340000 -0.000008 0.000011
17.350000 -0.000008 0.000010
17.360000 -0.000008 0.000010
17.370000 -0.000008 0.000010
17.380000 -0.000008 0.000010
17.390000 -0.000008 0.000010
17.400000 -0.000008 0.000009
17.410000 -0.000008 0.000009
17.420000 -0.000009 0.000009
17.430000 -0.000009 0.000009
17.440000 -0.000009 0.000009
17.450000 -0.000009 0.000008
17.460000 -0.000009 0.000008
17.470000 -0.000009 0.000008
17.480000 -0.000009 0.000008
17.490000 -0.000009 0.000008
17.500000 -0.000009 0.000007
17.510000 -0.000009 0.000007
17.520000 -0.000009 0.000007
17.530000 -0.000009 0.000007
17.540000 -0.000009 0.000007
17.550000 -0.000010 0.000006
17.560000 -0.000010 0.000006
17.570000 -0.000010 0.000006
17.580000 -0.000010 0.000006
17.590000 -0.000010 0.000006
17.600000 -0.000010 0.000006
17.610000 -0.000010 0.000005
17.620000 -0.000010 0.000005
17.630000 -0.000010 0.000005
17.640000 -0.000010 0.000005
17.650000 -0.000010 0.000005
17.660000 -0.000010 0.000004
17.670000 -0.000010 0.000004
17.680000 -0.000010 0.000004
17.690000 -0.000010 0.000004
17.700000 -0.000010 0.000004
17.710000 -0.000010 0.000004
17.720000 -0.000010 0.000003
17.730000 -0.000010 0.000003
17.740000 -0.000010 0.000003
17.750000 -0.000010 0.000003
17.760000 -0.000010 0.000003
17.770000 -0.000010 0.000003
17.780000 -0.000010 0.000002
17.790000 -0.000010 0.000002
17.800000 -0.000010 0.000002
17.810000 -0.000010 0.000002
17.820000 -0.000010 0.000002
17.830000 -0.000010 0.000002
17.840000 -0.000010 0.000001
17.850000 -0.000010 0.000001
17.860000 -0.000010 0.000001
17.870000 -0.000010 0.000001
17.880000 -0.000010 0.000001
17.890000 -0.000009 0.000001
17.900000 -0.000009 0.000000
17.910000 -0.000009 0.000000
17.920000 -0.000009 0.000000
17.930000 -0.000009 0.000000
17.940000 -0.000009 -0.000000
17.950000 -0.000009 -0.000000
17.960000 -0.000009 -0.000000
17.970000 -0.000009 -0.000001
17.980000 -0.000009 -0.000001
17.990000 -0.000009 -0.000001
18.000000 -0.000009 -0.000001
18.010000 -0.000009 -0.000001
18.020000 -0.000008 -0.000001
18.030000 -0.000008 -0.000001
18.040000 -0.000008 -0.000002
18.050000 -0.000008 -0.000002
18.060000 -0.000008 -0.000002
18.070000 -0.000008 -0.000002
18.080000 -0.000008 -0.000002
18.090000 -0.000008 -0.000002
18.100000 -0.000008 -0.000002
18.110000 -0.000008 -0.000002
18.120000 -0.000007 -0.000003
18.130000 -0.000007 -0.000003
18.140000 -0.000007 -0.000003
18.150000 -0.000007 -0.000003
18.160000 -0.000007 -0.000003
18.170000 -0.000007 -0.000003
18.180000 -0.000007 -0.000003
18.190000 -0.000006 -0.000003
18.200000 -0.000006 -0.000003
18.210000 -0.000006 -0.000004
18.220000 -0.000006 -0.000004
18.230000 -0.000006 -0.000004
18.240000 -0.000006 -0.000004
18.250000 -0.000006 -0.000004
18.260000 -0.000005 -0.000004
18.270000 -0.000005 -0.000004
18.280000 -0.000005 -0.000004
18.290000 -0.000005 -0.000004
18.300000 -0.000005 -0.000004
18.310000 -0.000005 -0.000004
18.320000 -0.000005 -0.000004
18.330000 -0.000004 -0.000004
18.340000 -0.000004 -0.000004
18.350000 -0.000004 -0.000005
18.360000 -0.000004 -0.000005
18.370000 -0.000004 -0.000005
18.380000 -0.000004 -0.000005
18.390000 -0.000003 -0.000005
18.400000 -0.000003 -0.000005
18.410000 -0.000003 -0.000005
18.420000 -0.000003 -0.000005
18.430000 -0.000003 -0.000005
18.440000 -0.000003 -0.000005
18.450000 -0.000002 -0.000005
18.460000 -0.000002 -0.000005
18.470000 -0.000002 -0.000005
18.480000 -0.000002 -0.000005
18.490000 -0.000002 -0.000005
18.500000 -0.000002 -0.000005
18.510000 -0.000001 -0.000005
18.520000 -0.000001 -0.000005
18.530000 -0.000001 -0.000005
18.540000 -0.000001 -0.000005
18.550000 -0.000001 -0.000005
18.560000 -0.000001 -0.000004
18.570000 -0.000000 -0.000004
18.580000 -0.000000 -0.000004
18.590000 -0.000000 -0.000004
18.600000 -0.000000 -0.000004
18.610000 0.000000 -0.000004
18.620000 0.000000 -0.000004
18.630000 0.000000 -0.000004
18.640000 0.000000 -0.000004
18.650000 0.000001 -0.000004
18.660000 0.000001 -0.000004
18.670000 0.000001 -0.000004
18.680000 0.000001 -0.000004
18.690000 0.000001 -0.000004
18.700000 0.000001 -0.000004
18.710000 0.000001 -0.000003
18.720000 0.000001 -0.000003
18.730000 0.000002 -0.000003
18.740000 0.000002 -0.000003
18.750000 0.000002 -0.000003
18.760000 0.000002 -0.000003
18.770000 0.000002 -0.000003
18.780000 0.000002 -0.000003
18.790000 0.000002 -0.000003
18.800000 0.000002 -0.000003
18.810000 0.000002 -0.000002
18.820000 0.000002 -0.000002
18.830000 0.000002 -0.000002
18.840000 0.000002 -0.000002
18.850000 0.000002 -0.000002
18.860000 0.000003 -0.000002
18.870000 0.000003 -0.000002
18.880000 0.000003 -0.000002
18.890000 0.000003 -0.000001
18.900000 0.000003 -0.000001
18.910000 0.000003 -0.000001
18.920000 0.000003 -0.000001
18.930000 0.000003 -0.000001
18.940000 0.000003 -0.000001
18.950000 0.000003 -0.000001
18.960000 0.000003 -0.000001
18.970000 0.000003 -0.000000
18.980000 0.000003 -0.000000
18.990000 0.000003 -0.000000
19.000000 0.000003 -0.000000
19.010000 0.000003 0.000000
19.020000 0.000003 0.000000
19.030000 0.000003 0.000000
19.040000 0.000003 0.000000
19.050000 0.000003 0.000000
19.060000 0.000003 0.000001
19.070000 0.000003 0.000001
19.080000 0.000002 0.000001
19.090000 0.000002 0.000001
19.100000 0.000002 0.000001
19.110000 0.000002 0.000001
19.120000 0.000002 0.000001
19.130000 0.000002 0.000001
19.140000 0.000002 0.000001
19.150000 0.000002 0.000001
19.160000 0.000002 0.000002
19.170000 0.000002 0.000002
19.180000 0.000002 0.000002
19.190000 0.000002 0.000002
19.200000 0.000002 0.000002
19.210000 0.000002 0.000002
19.220000 0.000002 0.000002
19.230000 0.000001 0.000002
19.240000 0.000001 0.000002
19.250000 0.000001 0.000002
19.260000 0.000001 0.000002
19.270000 0.000001 0.000002
19.280000 0.000001 0.000002
19.290000 0.000001 0.000002
19.300000 0.000001 0.000002
19.310000 0.000001 0.000002
19.320000 0.000001 0.000002
19.330000 0.000000 0.000002
19.340000 0.000000 0.000002
19.350000 0.000000 0.000002
19.360000 0.000000 0.000002
19.370000 0.000000 0.000002
19.380000 -0.000000 0.000002
19.390000 -0.000000 0.000002
19.400000 -0.000000 0.000002
19.410000 -0.000000 0.000002
19.420000 -0.000000 0.000002
19.430000 -0.000001 0.000002
19.440000 -0.000001 0.000002
19.450000 -0.000001 0.000002
19.460000 -0.000001 0.000002
19.470000 -0.000001 0.000002
19.480000 -0.000001 0.000002
19.490000 -0.000001 0.000002
19.500000 -0.000001 0.000002
19.510000 -0.000001 0.000002
19.520000 -0.000001 0.000002
19.530000 -0.000001 0.000002
19.540000 -0.000002 0.000002
19.550000 -0.000002 0.000002
19.560000 -0.000002 0.000002
19.570000 -0.000002 0.000001
19.580000 -0.000002 0.000001
19.590000 -0.000002 0.000001
19.600000 -0.000002 0.000001
19.610000 -0.000002 0.000001
19.620000 -0.000002 0.000001
19.630000 -0.000002 0.000001
19.640000 -0.000002 0.000001
19.650000 -0.000002 0.000001
19.660000 -0.000002 0.000001
19.670000 -0.000002 0.000001
19.680000 -0.000002 0.000000
19.690000 -0.000002 0.000000
19.700000 -0.000002 0.000000
19.710000 -0.000002 0.000000
19.720000 -0.000002 -0.000000
19.730000 -0.000003 -0.000000
19.740000 -0.000003 -0.000000
19.750000 -0.000003 -0.000000
19.760000 -0.000003 -0.000001
19.770000 -0.000003 -0.000001
19.780000 -0.000003 -0.000001
19.790000 -0.000003 -0.000001
19.800000 -0.000003 -0.000001
19.810000 -0.000003 -0.000001
19.820000 -0.000002 -0.000001
19.830000 -0.000002 -0.000001
19.840000 -0.000002 -0.000002
19.850000 -0.000002 -0.000002
19.860000 -0.000002 -0.000002
19.870000 -0.000002 -0.000002
19.880000 -0.000002 -0.000002
19.890000 -0.000002 -0.000002
19.900000 -0.000002 -0.000002
19.910000 -0.000002 -0.000002
19.920000 -0.000002 -0.000002
19.930000 -0.000002 -0.000003
19.940000 -0.000002 -0.000003
19.950000 -0.000002 -0.000003
19.960000 -0.000002 -0.000003
19.970000 -0.000002 -0.000003
19.980000 -0.000002 -0.000003
19.990000 -0.000002 -0.000003
20.000000 -0.000001 -0.000003
20.010000 -0.000001 -0.000003
20.020000 -0.000001 -0.000004
20.030000 -0.000001 -0.000004
20.040000 -0.000001 -0.000004
20.050000 -0.000001 -0.000004
20.060000 -0.000001 -0.000004
20.070000 -0.000001 -0.000004
20.080000 -0.000001 -0.000004
20.090000 -0.000001 -0.000004
20.100000 -0.000000 -0.000004
20.110000 -0.000000 -0.000004
20.120000 -0.000000 -0.000004
20.130000 -0.000000 -0.000004
20.140000 0.000000 -0.000005
20.150000 0.000000 -0.000005
20.160000 0.000000 -0.000005
20.170000 0.000000 -0.000005
20.180000 0.000001 -0.000005
20.190000 0.000001 -0.000005
20.200000 0.000001 -0.000005
20.210000 0.000001 -0.000005
20.220000 0.000001 -0.000005
20.230000 0.000001 -0.000005
20.240000 0.000001 -0.000005
20.250000 0.000001 -0.000005
20.260000 0.000002 -0.000005
20.270000 0.000002 -0.000005
20.280000 0.000002 -0.000005
20.290000 0.000002 -0.000005
20.300000 0.000002 -0.000005
20.310000 0.000002 -0.000005
20.320000 0.000002 -0.000005
20.330000 0.000003 -0.000005
20.340000 0.000003 -0.000005
20.350000 0.000003 -0.000005
20.360000 0.000003 -0.000005
20.370000 0.000003 -0.000005
20.380000 0.000003 -0.000005
20.390000 0.000003 -0.000005
20.400000 0.000003 -0.000005
20.410000 0.000004 -0.000005
20.420000 0.000004 -0.000005
20.430000 0.000004 -0.000005
20.440000 0.000004 -0.000005
20.450000 0.000004 -0.000005
20.460000 0.000004 -0.000004
20.470000 0.000004 -0.000004
20.480000 0.000004 -0.000004
20.490000 0.000004 -0.000004
20.500000 0.000005 -0.000004
20.510000 0.000005 -0.000004
20.520000 0.000005 -0.000004
20.530000 0.000005 -0.000004
20.540000 0.000005 -0.000004
20.550000 0.000005 -0.000004
20.560000 0.000005 -0.000004
20.570000 0.000005 -0.000004
20.580000 0.000005 -0.000004
20.590000 0.000005 -0.000003
20.600000 0.000006 -0.000003
20.610000 0.000006 -0.000003
20.620000 0.000006 -0.000003
20.630000 0.000006 -0.000003
20.640000 0.000006 -0.000003
20.650000 0.000006 -0.000003
20.660000 0.000006 -0.000003
20.670000 0.000006 -0.000003
20.680000 0.000006 -0.000003
20.690000 0.000006 -0.000002
20.700000 0.000006 -0.000002
20.710000 0.000006 -0.000002
20.720000 0.000006 -0.000002
20.730000 0.000006 -0.000002
20.740000 0.000006 -0.000002
20.750000 0.000006 -0.000002
20.760000 0.000006 -0.000002
20.770000 0.000006 -0.000001
20.780000 0.000006 -0.000001
20.790000 0.000006 -0.000001
20.800000 0.000006 -0.000001
20.810000 0.000006 -0.000001
20.820000 0.000006 -0.000001
20.830000 0.000006 -0.000001
20.840000 0.000006 -0.000001
20.850000 0.000006 -0.000000
20.860000 0.000006 -0.000000
20.870000 0.000006 -0.000000
20.880000 0.000006 -0.000000
20.890000 0.000006 -0.000000
20.900000 0.000006 0.000000
20.910000 0.000006 0.000000
20.920000 0.000006 0.000000
20.930000 0.000006 0.000000
20.940000 0.000006 0.000001
20.950000 0.000006 0.000001
20.960000 0.000006 0.000001
20.970000 0.000006 0.000001
20.980000 0.000006 0.000001
20.990000 0.000006 0.000001
21.000000 0.000006 0.000001
21.010000 0.000006 0.000001
21.020000 0.000006 0.000001
21.030000 0.000006 0.000002
21.040000 0.000006 0.000002
21.050000 0.000005 0.000002
21.060000 0.000005 0.000002
21.070000 0.000005 0.000002
21.080000 0.000005 0.000002
21.090000 0.000005 0.000002
21.100000 0.000005 0.000002
21.110000 0.000005 0.000002
21.120000 0.000005 0.000002
21.130000 0.000005 0.000002
21.140000 0.000005 0.000003
21.150000 0.000005 0.000003
21.160000 0.000005 0.000003
21.170000 0.000004 0.000003
21.180000 0.000004 0.000003
21.190000 0.000004 0.000003
21.200000 0.000004 0.000003
21.210000 0.000004 0.000003
21.220000 0.000004 0.000003
21.230000 0.000004 0.000003
21.240000 0.000004 0.000003
21.250000 0.000004 0.000003
21.260000 0.000003 0.000003
21.270000 0.000003 0.000003
21.280000 0.000003 0.000003
21.290000 0.000003 0.000003
21.300000 0.000003 0.000003
21.310000 0.000003 0.000004
21.320000 0.000003 0.000004
21.330000 0.000003 0.000004
21.340000 0.000003 0.000004
21.350000 0.000003 0.000004
21.360000 0.000002 0.000004
21.370000 0.000002 0.000004
21.380000 0.000002 0.000004
21.390000 0.000002 0.000004
21.400000 0.000002 0.000004
21.410000 0.000002 0.000004
21.420000 0.000002 0.000004
21.430000 0.000002 0.000004
21.440000 0.000002 0.000004
21.450000 0.000001 0.000004
21.460000 0.000001 0.000004
21.470000 0.000001 0.000004
21.480000 0.000001 0.000004
21.490000 0.000001 0.000004
21.500000 0.000001 0.000004
21.510000 0.000001 0.000004
21.520000 0.000001 0.000004
21.530000 0.000001 0.000004
21.540000 0.000000 0.000004
21.550000 0.000000 0.000004
21.560000 0.000000 0.000004
21.570000 0.000000 0.000004
21.580000 0.000000 0.000004
21.590000 0.000000 0.000004
21.600000 -0.000000 0.000004
21.610000 -0.000000 0.000004
21.620000 -0.000000 0.000003
21.630000 -0.000000 0.000003
21.640000 -0.000000 0.000003
21.650000 -0.000001 0.000003
21.660000 -0.000001 0.000003
21.670000 -0.000001 0.000003
21.680000 -0.000001 0.000003
21.690000 -0.000001 0.000003
21.700000 -0.000001 0.000003
21.710000 -0.000001 0.000003
21.720000 -0.000001 0.000003
21.730000 -0.000001 0.000003
21.740000 -0.000001 0.000003
21.750000 -0.000001 0.000003
21.760000 -0.000001 0.000003
21.770000 -0.000001 0.000003
21.780000 -0.000001 0.000003
21.790000 -0.000001 0.000003
21.800000 -0.000002 0.000003
21.810000 -0.000002 0.000003
21.820000 -0.000002 0.000003
21.830000 -0.000002 0.000003
21.840000 -0.000002 0.000002
21.850000 -0.000002 0.000002
21.860000 -0.000002 0.000002
21.870000 -0.000002 0.000002
21.880000 -0.000002 0.000002
21.890000 -0.000002 0.000002
21.900000 -0.000002 0.000002
21.910000 -0.000002 0.000002
21.920000 -0.000002 0.000002
21.930000 -0.000002 0.000002
21.940000 -0.000002 0.000002
21.950000 -0.000002 0.000002
21.960000 -0.000002 0.000002
21.970000 -0.000002 0.000002
21.980000 -0.000002 0.000002
21.990000 -0.000002 0.000002
22.000000 -0.000002 0.000002
22.010000 -0.000002 0.000002
22.020000 -0.000002 0.000001
22.030000 -0.000002 0.000001
22.040000 -0.000002 0.000001
22.050000 -0.000002 0.000001
22.060000 -0.000002 0.000001
22.070000 -0.000002 0.000001
22.080000 -0.000002 0.000001
22.090000 -0.000002 0.000001
22.100000 -0.000002 0.000001
22.110000 -0.000002 0.000001
22.120000 -0.000002 0.000001
22.130000 -0.000002 0.000001
22.140000 -0.000002 0.000001
22.150000 -0.000002 0.000001
22.160000 -0.000002 0.000001
22.170000 -0.000002 0.000001
22.180000 -0.000002 0.000001
22.190000 -0.000002 0.000001
22.200000 -0.000002 0.000000
22.210000 -0.000002 0.000000
22.220000 -0.000002 0.000000
22.230000 -0.000002 0.000000
22.240000 -0.000002 0.000000
22.250000 -0.000002 0.000000
22.260000 -0.000002 0.000000
22.270000 -0.000002 0.000000
22.280000 -0.000002 0.000000
22.290000 -0.000002 0.000000
22.300000 -0.000002 0.000000
22.310000 -0.000002 0.000000
22.320000 -0.000002 -0.000000
22.330000 -0.000002 -0.000000
22.340000 -0.000002 -0.000000
22.350000 -0.000002 -0.000000
22.360000 -0.000002 -0.000000
22.370000 -0.000002 -0.000000
22.380000 -0.000002 -0.000000
22.390000 -0.000002 -0.000000
22.400000 -0.000002 -0.000000
22.410000 -0.000002 -0.000000
22.420000 -0.000002 -0.000000
22.430000 -0.000002 -0.000000
22.440000 -0.000002 -0.000000
22.450000 -0.000002 -0.000000
22.460000 -0.000002 -0.000000
22.470000 -0.000002 -0.000001
22.480000 -0.000002 -0.000001
22.490000 -0.000002 -0.000001
22.500000 -0.000002 -0.000001
22.510000 -0.000002 -0.000001
22.520000 -0.000002 -0.000001
22.530000 -0.000002 -0.000001
22.540000 -0.000002 -0.000001
22.550000 -0.000002 -0.000001
22.560000 -0.000002 -0.000001
22.570000 -0.000002 -0.000001
22.580000 -0.000002 -0.000001
22.590000 -0.000002 -0.000001
22.600000 -0.000001 -0.000001
22.610000 -0.000001 -0.000001
22.620000 -0.000001 -0.000001
22.630000 -0.000001 -0.000001
22.640000 -0.000001 -0.000001
22.650000 -0.000001 -0.000001
22.660000 -0.000001 -0.000001
22.670000 -0.000001 -0.000001
22.680000 -0.000001 -0.000001
22.690000 -0.000001 -0.000001
22.700000 -0.000001 -0.000001
22.710000 -0.000001 -0.000001
22.720000 -0.000001 -0.000001
22.730000 -0.000001 -0.000001
22.740000 -0.000001 -0.000001
22.750000 -0.000001 -0.000001
22.760000 -0.000001 -0.000001
22.770000 -0.000001 -0.000001
22.780000 -0.000001 -0.000001
22.790000 -0.000001 -0.000001
22.800000 -0.000001 -0.000001
22.810000 -0.000001 -0.000001
22.820000 -0.000001 -0.000001
22.830000 -0.000001 -0.000001
22.840000 -0.000001 -0.000001
22.850000 -0.000001 -0.000001
22.860000 -0.000001 -0.000001
22.870000 -0.000001 -0.000001
22.880000 -0.000001 -0.000001
22.890000 -0.000001 -0.000001
22.900000 -0.000001 -0.000001
22.910000 -0.000001 -0.000001
22.920000 -0.000001 -0.000001
22.930000 -0.000001 -0.000001
22.940000 -0.000000 -0.000001
22.950000 -0.000000 -0.000001
22.960000 -0.000000 -0.000001
22.970000 -0.000000 -0.000001
22.980000 -0.000000 -0.000001
22.990000 -0.000000 -0.000001
23.000000 -0.000000 -0.000001
23.010000 -0.000000 -0.000001
23.020000 -0.000000 -0.000001
23.030000 -0.000000 -0.000001
23.040000 -0.000000 -0.000001
23.050000 -0.000000 -0.000001
23.060000 -0.000000 -0.000001
23.070000 -0.000000 -0.000001
23.080000 -0.000000 -0.000001
23.090000 -0.000000 -0.000001
23.100000 -0.000000 -0.000001
23.110000 -0.000000 -0.000001
23.120000 -0.000000 -0.000001
23.130000 -0.000000 -0.000001
23.140000 -0.000000 -0.000001
23.150000 -0.000000 -0.000001
23.160000 -0.000000 -0.000001
23.170000 -0.000000 -0.000001
23.180000 -0.000000 -0.000001
23.190000 -0.000000 -0.000001
23.200000 -0.000000 -0.000001
23.210000 0.000000 -0.000001
23.220000 0.000000 -0.000001
23.230000 0.000000 -0.000001
23.240000 0.000000 -0.000001
23.250000 0.000000 -0.000001
23.260000 0.000000 -0.000001
23.270000 0.000000 -0.000001
23.280000 0.000000 -0.000001
23.290000 0.000000 -0.000001
23.300000 0.000000 -0.000001
23.310000 0.000000 -0.000001
23.320000 0.000000 -0.000001
23.330000 0.000000 -0.000000
23.340000 0.000000 -0.000000
23.350000 0.000000 -0.000000
23.360000 0.000000 -0.000000
23.370000 0.000000 -0.000000
23.380000 0.000000 -0.000000
23.390000 0.000000 -0.000000
23.400000 0.000000 -0.000000
23.410000 0.000000 -0.000000
23.420000 0.000000 -0.000000
23.430000 0.000000 -0.000000
23.440000 0.000000 -0.000000
23.450000 0.000000 -0.000000
23.460000 0.000000 -0.000000
23.470000 0.000000 -0.000000
23.480000 0.000000 -0.000000
23.490000 0.000000 -0.000000
23.500000 0.000000 -0.000000
23.510000 0.000000 -0.000000
23.520000 0.000000 -0.000000
23.530000 0.000000 -0.000000
23.540000 0.000000 -0.000000
23.550000 0.000000 -0.000000
23.560000 0.000000 -0.000000
23.570000 0.000000 -0.000000
23.580000 0.000000 -0.000000
23.590000 0.000000 -0.000000
23.600000 0.000000 -0.000000
23.610000 0.000000 -0.000000
23.620000 0.000000 -0.000000
23.630000 0.000000 -0.000000
23.640000 0.000000 -0.000000
23.650000 0.000000 -0.000000
23.660000 0.000000 -0.000000
23.670000 0.000000 -0.000000
23.680000 0.000000 -0.000000
23.690000 0.000000 -0.000000
23.700000 0.000000 -0.000000
23.710000 0.000000 -0.000000
23.720000 0.000000 -0.000000
23.730000 0.000000 -0.000000
23.740000 0.000000 -0.000000
23.750000 0.000000 -0.000000
23.760000 0.000000 -0.000000
23.770000 0.000000 -0.000000
23.780000 0.000000 -0.000000
23.790000 0.000000 -0.000000
23.800000 0.000000 -0.000000
23.810000 0.000000 -0.000000
23.820000 0.000000 -0.000000
23.830000 0.000000 -0.000000
23.840000 0.000000 -0.000000
23.850000 0.000000 -0.000000
23.860000 0.000000 -0.000000
23.870000 0.000000 -0.000000
23.880000 0.000000 -0.000000
23.890000 0.000000 -0.000000
23.900000 0.000000 -0.000000
23.910000 0.000000 -0.000000
23.920000 0.000000 -0.000000
23.930000 0.000000 -0.000000
23.940000 0.000000 -0.000000
23.950000 0.000000 -0.000000
23.960000 0.000000 -0.000000
23.970000 0.000000 -0.000000
23.980000 0.000000 -0.000000
23.990000 0.000000 -0.000000
24.000000 0.000000 -0.000000
24.010000 0.000000 -0.000000
24.020000 0.000000 0.000000
24.030000 0.000000 0.000000
24.040000 0.000000 0.000000
24.050000 0.000000 0.000000
24.060000 0.000000 0.000000
24.070000 0.000000 0.000000
24.080000 0.000000 0.000000
24.090000 0.000000 0.000000
24.100000 0.000000 0.000000
24.110000 0.000000 0.000000
24.120000 0.000000 0.000000
24.130000 0.000000 0.000000
24.140000 0.000000 0.000000
24.150000 0.000000 0.000000
24.160000 0.000000 0.000000
24.170000 0.000000 0.000000
24.180000 0.000000 0.000000
24.190000 0.000000 0.000000
24.200000 0.000000 0.000000
24.210000 0.000000 0.000000
24.220000 0.000000 0.000000
24.230000 0.000000 0.000000
24.240000 0.000000 0.000000
24.250000 0.000000 0.000000
24.260000 0.000000 0.000000
24.270000 0.000000 0.000000
24.280000 0.000000 0.000000
24.290000 0.000000 0.000000
24.300000 0.000000 0.000000
24.310000 0.000000 0.000000
24.320000 0.000000 0.000000
24.330000 0.000000 0.000000
24.340000 0.000000 0.000000
24.350000 0.000000 0.000000
24.360000 0.000000 0.000000
24.370000 0.000000 0.000000
24.380000 0.000000 0.000000
24.390000 0.000000 0.000000
24.400000 0.000000 0.000000
24.410000 0.000000 0.000000
24.420000 0.000000 0.000000
24.430000 0.000000 0.000000
24.440000 0.000000 0.000000
24.450000 0.000000 0.000000
24.460000 0.000000 0.000000
24.470000 0.000000 0.000000
24.480000 0.000000 0.000000
24.490000 0.000000 0.000000
24.500000 0.000000 0.000000
24.510000 0.000000 0.000000
24.520000 0.000000 0.000000
24.530000 0.000000 0.000000
24.540000 0.000000 0.000000
24.550000 0.000000 0.000000
24.560000 0.000000 0.000000
24.570000 0.000000 0.000000
24.580000 0.000000 0.000000
24.590000 0.000000 0.000000
24.600000 0.000000 0.000000
24.610000 0.000000 0.000000
24.620000 0.000000 0.000000
24.630000 0.000000 0.000000
24.640000 0.000000 0.000000
24.650000 0.000000 0.000000
24.660000 0.000000 0.000000
24.670000 0.000000 0.000000
24.680000 0.000000 0.000000
24.690000 0.000000 0.000000
24.700000 0.000000 0.000000
24.710000 0.000000 0.000000
24.720000 0.000000 0.000000
24.730000 0.000000 0.000000
24.740000 0.000000 0.000000
24.750000 0.000000 0.000000
24.760000 0.000000 0.000000
24.770000 0.000000 0.000000
24.780000 0.000000 0.000000
24.790000 0.000000 0.000000
24.800000 0.000000 0.000000
24.810000 0.000000 0.000000
24.820000 0.000000 0.000000
24.830000 0.000000 0.000000
24.840000 0.000000 0.000000
24.850000 0.000000 0.000000
24.860000 0.000000 0.000000
24.870000 0.000000 0.000000
24.880000 0.000000 0.000000
24.890000 0.000000 0.000000
24.900000 0.000000 0.000000
24.910000 0.000000 0.000000
24.920000 0.000000 0.000000
24.930000 0.000000 0.000000
24.940000 0.000000 0.000000
24.950000 0.000000 0.000000
24.960000 0.000000 0.000000
24.970000 0.000000 0.000000
24.980000 -0.000000 0.000000
24.990000 -0.000000 0.000000
25.000000 -0.000000 0.000000
25.010000 -0.000000 0.000000
25.020000 -0.000000 0.000000
25.030000 -0.000000 0.000000
25.040000 -0.000000 0.000000
25.050000 -0.000000 0.000000
25.060000 -0.000000 0.000000
25.070000 -0.000000 0.000000
25.080000 -0.000000 0.000000
25.090000 -0.000000 0.000000
25.100000 -0.000000 0.000000
25.110000 -0.000000 0.000000
25.120000 -0.000000 0.000000
25.130000 -0.000000 0.000000
25.140000 -0.000000 0.000000
25.150000 -0.000000 0.000000
25.160000 -0.000000 0.000000
25.170000 -0.000000 0.000000
25.180000 -0.000000 0.000000
25.190000 -0.000000 0.000000
25.200000 -0.000000 0.000000
25.210000 -0.000000 0.000000
25.220000 -0.000000 0.000000
25.230000 -0.000000 0.000000
25.240000 -0.000000 0.000000
25.250000 -0.000000 0.000000
25.260000 -0.000000 0.000000
25.270000 -0.000000 0.000000
25.280000 -0.000000 0.000000
25.290000 -0.000000 0.000000
25.300000 -0.000000 0.000000
25.310000 -0.000000 0.000000
25.320000 -0.000000 0.000000
25.330000 -0.000000 0.000000
25.340000 -0.000000 0.000000
25.350000 -0.000000 0.000000
25.360000 -0.000000 0.000000
25.370000 -0.000000 0.000000
25.380000 -0.000000 0.000000
25.390000 -0.000000 0.000000
25.400000 -0.000000 0.000000
25.410000 -0.000000 0.000000
25.420000 -0.000000 0.000000
25.430000 -0.000000 0.000000
25.440000 -0.000000 0.000000
25.450000 -0.000000 0.000000
25.460000 -0.000000 0.000000
25.470000 -0.000000 0.000000
25.480000 -0.000000 0.000000
25.490000 -0.000000 0.000000
25.500000 -0.000000 0.000000
25.510000 -0.000000 0.000000
25.520000 -0.000000 0.000000
25.530000 -0.000000 0.000000
25.540000 -0.000000 0.000000
25.550000 -0.000000 0.000000
25.560000 -0.000000 0.000000
25.570000 -0.000000 0.000000
25.580000 -0.000000 0.000000
25.590000 -0.000000 0.000000
25.600000 -0.000000 0.000000
25.610000 -0.000000 0.000000
25.620000 -0.000000 0.000000
25.630000 -0.000000 0.000000
25.640000 -0.000000 -0.000000
25.650000 -0.000000 -0.000000
25.660000 -0.000000 -0.000000
25.670000 -0.000000 -0.000000
25.680000 -0.000000 -0.000000
25.690000 -0.000000 -0.000000
25.700000 -0.000000 -0.000000
25.710000 -0.000000 -0.000000
25.720000 -0.000000 -0.000000
25.730000 -0.000000 -0.000000
25.740000 -0.000000 -0.000000
25.750000 -0.000000 -0.000000
25.760000 -0.000000 -0.000000
25.770000 -0.000000 -0.000000
25.780000 -0.000000 -0.000000
25.790000 -0.000000 -0.000000
25.800000 -0.000000 -0.000000
25.810000 -0.000000 -0.000000
25.820000 -0.000000 -0.000000
25.830000 -0.000000 -0.000000
25.840000 -0.000000 -0.000000
25.850000 -0.000000 -0.000000
25.860000 -0.000000 -0.000000
25.870000 -0.000000 -0.000000
25.880000 -0.000000 -0.000000
25.890000 -0.000000 -0.000000
25.900000 -0.000000 -0.000000
25.910000 -0.000000 -0.000000
25.920000 -0.000000 -0.000000
25.930000 -0.000000 -0.000000
25.940000 -0.000000 -0.000000
25.950000 -0.000000 -0.000000
25.960000 -0.000000 -0.000000
25.970000 -0.000000 -0.000000
25.980000 -0.000000 -0.000000
25.990000 -0.000000 -0.000000
26.000000 -0.000000 -0.000000
26.010000 -0.000000 -0.000000
26.020000 -0.000000 -0.000000
26.030000 -0.000000 -0.000000
26.040000 -0.000000 -0.000000
26.050000 -0.000000 -0.000000
26.060000 -0.000000 -0.000000
26.070000 -0.000000 -0.000000
26.080000 -0.000000 -0.000000
26.090000 -0.000000 -0.000000
26.100000 -0.000000 -0.000000
26.110000 -0.000000 -0.000000
26.120000 -0.000000 -0.000000
26.130000 -0.000000 -0.000000
26.140000 -0.000000 -0.000000
26.150000 -0.000000 -0.000000
26.160000 -0.000000 -0.000000
26.170000 -0.000000 -0.000000
26.180000 -0.000000 -0.000000
26.190000 -0.000000 -0.000000
26.200000 -0.000000 -0.000000
26.210000 0.000000 -0.000000
26.220000 0.000000 -0.000000
26.230000 0.000000 -0.000000
26.240000 0.000000 -0.000000
26.250000 0.000000 -0.000000
26.260000 0.000000 -0.000000
26.270000 0.000000 -0.000000
26.280000 0.000000 -0.000000
26.290000 0.000000 -0.000000
26.300000 0.000000 -0.000000
26.310000 0.000000 -0.000000
26.320000 0.000000 -0.000000
26.330000 0.000000 -0.000000
26.340000 0.000000 -0.000000
26.350000 0.000000 -0.000000
26.360000 0.000000 -0.000000
26.370000 0.000000 -0.000000
26.380000 0.000000 -0.000000
26.390000 0.000000 -0.000000
26.400000 0.000000 -0.000000
26.410000 0.000000 -0.000000
26.420000 0.000000 -0.000000
26.430000 0.000000 -0.000000
26.440000 0.000000 -0.000000
26.450000 0.000000 -0.000000
26.460000 0.000000 -0.000000
26.470000 0.000000 -0.000000
26.480000 0.000000 -0.000000
26.490000 0.000000 -0.000000
26.500000 0.000000 -0.000000
26.510000 0.000000 -0.000000
26.520000 0.000000 -0.000000
26.530000 0.000000 0.000000
26.540000 0.000000 0.000000
26.550000 0.000000 0.000000
26.560000 0.000000 0.000000
26.570000 0.000000 0.000000
26.580000 0.000000 0.000000
26.590000 0.000000 0.000000
26.600000 0.000000 0.000000
26.610000 0.000000 0.000000
26.620000 0.000000 0.000000
26.630000 0.000000 0.000000
26.640000 0.000000 0.000000
26.650000 0.000000 0.000000
26.660000 0.000000 0.000000
26.670000 0.000000 0.000000
26.680000 0.000000 0.000000
26.690000 0.000000 0.000000
26.700000 0.000000 0.000000
26.710000 0.000000 0.000000
26.720000 0.000000 0.000000
26.730000 0.000000 0.000000
26.740000 0.000000 0.000000
26.750000 0.000000 0.000000
26.760000 0.000000 0.000000
26.770000 0.000000 0.000000
26.780000 0.000000 0.000000
26.790000 0.000000 0.000000
26.800000 0.000000 0.000000
26.810000 0.000000 0.000000
26.820000 0.000000 0.000000
26.830000 0.000000 0.000000
26.840000 0.000000 0.000000
26.850000 0.000000 0.000000
26.860000 -0.000000 0.000000
26.870000 -0.000000 0.000000
26.880000 -0.000000 0.000000
26.890000 -0.000000 0.000000
26.900000 -0.000000 0.000000
26.910000 -0.000000 0.000000
26.920000 -0.000000 0.000000
26.930000 -0.000000 0.000000
26.940000 -0.000000 0.000000
26.950000 -0.000000 0.000000
26.960000 -0.000000 0.000000
26.970000 -0.000000 0.000000
26.980000 -0.000000 0.000000
26.990000 -0.000000 0.000000
27.000000 -0.000000 0.000000
27.010000 -0.000000 0.000000
27.020000 -0.000000 0.000000
27.030000 -0.000000 0.000000
27.040000 -0.000000 0.000000
27.050000 -0.000000 0.000000
27.060000 -0.000000 0.000000
27.070000 -0.000000 0.000000
27.080000 -0.000000 0.000000
27.090000 -0.000000 0.000000
27.100000 -0.000000 0.000000
27.110000 -0.000000 0.000000
27.120000 -0.000000 0.000000
27.130000 -0.000000 0.000000
27.140000 -0.000000 0.000000
27.150000 -0.000000 0.000000
27.160000 -0.000000 0.000000
27.170000 -0.000000 0.000000
27.180000 -0.000000 0.000000
27.190000 -0.000000 0.000000
27.200000 -0.000000 0.000000
27.210000 -0.000000 0.000000
27.220000 -0.000000 0.000000
27.230000 -0.000000 0.000000
27.240000 -0.000000 0.000000
27.250000 -0.000000 0.000000
27.260000 -0.000000 0.000000
27.270000 -0.000000 0.000000
27.280000 -0.000000 0.000000
27.290000 -0.000000 0.000000
27.300000 -0.000000 0.000000
27.310000 -0.000000 0.000000
27.320000 -0.000000 0.000000
27.330000 -0.000000 0.000000
27.340000 -0.000000 0.000000
27.350000 -0.000000 0.000000
27.360000 -0.000000 0.000000
27.370000 -0.000000 0.000000
27.380000 -0.000000 0.000000
27.390000 -0.000000 0.000000
27.400000 -0.000000 0.000000
27.410000 -0.000000 0.000000
27.420000 -0.000000 0.000000
27.430000 -0.000000 0.000000
27.440000 -0.000000 0.000000
27.450000 -0.000000 0.000000
27.460000 -0.000000 -0.000000
27.470000 -0.000000 -0.000000
27.480000 -0.000000 -0.000000
27.490000 -0.000000 -0.000000
27.500000 -0.000000 -0.000000
27.510000 -0.000000 -0.000000
27.520000 -0.000000 -0.000000
27.530000 -0.000000 -0.000000
27.540000 -0.000000 -0.000000
27.550000 -0.000000 -0.000000
27.560000 -0.000000 -0.000000
27.570000 -0.000000 -0.000000
27.580000 -0.000000 -0.000000
27.590000 -0.000000 -0.000000
27.600000 -0.000000 -0.000000
27.610000 -0.000000 -0.000000
27.620000 -0.000000 -0.000000
27.630000 -0.000000 -0.000000
27.640000 -0.000000 -0.000000
27.650000 -0.000000 -0.000000
27.660000 -0.000000 -0.000000
27.670000 -0.000000 -0.000000
27.680000 -0.000000 -0.000000
27.690000 -0.000000 -0.000000
27.700000 -0.000000 -0.000000
27.710000 -0.000000 -0.000000
27.720000 -0.000000 -0.000000
27.730000 -0.000000 -0.000000
27.740000 -0.000000 -0.000000
27.750000 -0.000000 -0.000000
27.760000 -0.000000 -0.000000
27.770000 -0.000000 -0.000000
27.780000 -0.000000 -0.000000
27.790000 -0.000000 -0.000000
27.800000 -0.000000 -0.000000
27.810000 -0.000000 -0.000000
27.820000 -0.000000 -0.000000
27.830000 -0.000000 -0.000000
27.840000 -0.000000 -0.000000
27.850000 -0.000000 -0.000000
27.860000 -0.000000 -0.000000
27.870000 -0.000000 -0.000000
27.880000 -0.000000 -0.000000
27.890000 -0.000000 -0.000000
27.900000 -0.000000 -0.000000
27.910000 -0.000000 -0.000000
27.920000 -0.000000 -0.000000
27.930000 -0.000000 -0.000000
27.940000 -0.000000 -0.000000
27.950000 -0.000000 -0.000000
27.960000 -0.000000 -0.000000
27.970000 -0.000000 -0.000000
27.980000 -0.000000 -0.000000
27.990000 -0.000000 -0.000000
28.000000 -0.000000 -0.000000
28.010000 -0.000000 -0.000000
28.020000 -0.000000 -0.000000
28.030000 -0.000000 -0.000000
28.040000 0.000000 -0.000000
28.050000 0.000000 -0.000000
28.060000 0.000000 -0.000000
28.070000 0.000000 -0.000000
28.080000 0.000000 -0.000000
28.090000 0.000000 -0.000000
28.100000 0.000000 -0.000000
28.110000 0.000000 -0.000000
28.120000 0.000000 -0.000000
28.130000 0.000000 -0.000000
28.140000 0.000000 -0.000000
28.150000 0.000000 -0.000000
28.160000 0.000000 -0.000000
28.170000 0.000000 -0.000000
28.180000 0.000000 -0.000000
28.190000 0.000000 -0.000000
28.200000 0.000000 -0.000000
28.210000 0.000000 -0.000000
28.220000 0.000000 -0.000000
28.230000 0.000000 -0.000000
28.240000 0.000000 -0.000000
28.250000 0.000000 -0.000000
28.260000 0.000000 -0.000000
28.270000 0.000000 -0.000000
28.280000 0.000000 -0.000000
28.290000 0.000000 -0.000000
28.300000 0.000000 -0.000000
28.310000 0.000000 -0.000000
28.320000 0.000000 -0.000000
28.330000 0.000000 -0.000000
28.340000 0.000000 -0.000000
28.350000 0.000000 -0.000000
28.360000 0.000000 -0.000000
28.370000 0.000000 -0.000000
28.380000 0.000000 -0.000000
28.390000 0.000000 -0.000000
28.400000 0.000000 -0.000000
28.410000 0.000000 -0.000000
28.420000 0.000000 -0.000000
28.430000 0.000000 -0.000000
28.440000 0.000000 -0.000000
28.450000 0.000000 -0.000000
28.460000 0.000000 -0.000000
28.470000 0.000000 -0.000000
28.480000 0.000000 -0.000000
28.490000 0.000000 -0.000000
28.500000 0.000000 -0.000000
28.510000 0.000000 -0.000000
28.520000 0.000000 -0.000000
28.530000 0.000000 -0.000000
28.540000 0.000000 -0.000000
28.550000 0.000000 -0.000000
28.560000 0.000000 -0.000000
28.570000 0.000000 -0.000000
28.580000 0.000000 -0.000000
28.590000 0.000000 -0.000000
28.600000 0.000000 -0.000000
28.610000 0.000000 -0.000000
28.620000 0.000000 -0.000000
28.630000 0.000000 -0.000000
28.640000 0.000000 -0.000000
28.650000 0.000000 -0.000000
28.660000 0.000000 -0.000000
28.670000 0.000000 -0.000000
28.680000 0.000000 -0.000000
28.690000 0.000000 -0.000000
28.700000 0.000000 -0.000000
28.710000 0.000000 -0.000000
28.720000 0.000000 -0.000000
28.730000 0.000000 -0.000000
28.740000 0.000000 0.000000
28.750000 0.000000 0.000000
28.760000 0.000000 0.000000
28.770000 0.000000 0.000000
28.780000 0.000000 0.000000
28.790000 0.000000 0.000000
28.800000 0.000000 0.000000
28.810000 0.000000 0.000000
28.820000 0.000000 0.000000
28.830000 0.000000 0.000000
28.840000 0.000000 0.000000
28.850000 0.000000 0.000000
28.860000 0.000000 0.000000
28.870000 0.000000 0.000000
28.880000 0.000000 0.000000
28.890000 0.000000 0.000000
28.900000 0.000000 0.000000
28.910000 0.000000 0.000000
28.920000 0.000000 0.000000
28.930000 0.000000 0.000000
28.940000 0.000000 0.000000
28.950000 0.000000 0.000000
28.960000 0.000000 0.000000
28.970000 0.000000 0.000000
28.980000 0.000000 0.000000
28.990000 0.000000 0.000000
29.000000 0.000000 0.000000
29.010000 0.000000 0.000000
29.020000 0.000000 0.000000
29.030000 0.000000 0.000000
29.040000 0.000000 0.000000
29.050000 0.000000 0.000000
29.060000 0.000000 0.000000
29.070000 0.000000 0.000000
29.080000 0.000000 0.000000
29.090000 0.000000 0.000000
29.100000 0.000000 0.000000
29.110000 0.000000 0.000000
29.120000 0.000000 0.000000
29.130000 0.000000 0.000000
29.140000 0.000000 0.000000
29.150000 0.000000 0.000000
29.160000 0.000000 0.000000
29.170000 0.000000 0.000000
29.180000 0.000000 0.000000
29.190000 0.000000 0.000000
29.200000 0.000000 0.000000
29.210000 0.000000 0.000000
29.220000 0.000000 0.000000
29.230000 0.000000 0.000000
29.240000 0.000000 0.000000
29.250000 0.000000 0.000000
29.260000 0.000000 0.000000
29.270000 0.000000 0.000000
29.280000 0.000000 0.000000
29.290000 0.000000 0.000000
29.300000 0.000000 0.000000
29.310000 0.000000 0.000000
29.320000 0.000000 0.000000
29.330000 0.000000 0.000000
29.340000 0.000000 0.000000
29.350000 0.000000 0.000000
29.360000 0.000000 0.000000
29.370000 0.000000 0.000000
29.380000 0.000000 0.000000
29.390000 0.000000 0.000000
29.400000 0.000000 0.000000
29.410000 0.000000 0.000000
29.420000 0.000000 0.000000
29.430000 0.000000 0.000000
29.440000 0.000000 0.000000
29.450000 0.000000 0.000000
29.460000 0.000000 0.000000
29.470000 0.000000 0.000000
29.480000 0.000000 0.000000
29.490000 0.000000 0.000000
29.500000 0.000000 0.000000
29.510000 0.000000 0.000000
29.520000 0.000000 0.000000
29.530000 -0.000000 0.000000
29.540000 -0.000000 0.000000
29.550000 -0.000000 0.000000
29.560000 -0.000000 0.000000
29.570000 -0.000000 0.000000
29.580000 -0.000000 0.000000
29.590000 -0.000000 0.000000
29.600000 -0.000000 0.000000
29.610000 -0.000000 0.000000
29.620000 -0.000000 0.000000
29.630000 -0.000000 0.000000
29.640000 -0.000000 0.000000
29.650000 -0.000000 0.000000
29.660000 -0.000000 0.000000
29.670000 -0.000000 0.000000
29.680000 -0.000000 0.000000
29.690000 -0.000000 0.000000
29.700000 -0.000000 0.000000
29.710000 -0.000000 0.000000
29.720000 -0.000000 0.000000
29.730000 -0.000000 0.000000
29.740000 -0.000000 0.000000
29.750000 -0.000000 0.000000
29.760000 -0.000000 0.000000
29.770000 -0.000000 0.000000
29.780000 -0.000000 0.000000
29.790000 -0.000000 0.000000
29.800000 -0.000000 0.000000
29.810000 -0.000000 0.000000
29.820000 -0.000000 0.000000
29.830000 -0.000000 0.000000
29.840000 -0.000000 0.000000
29.850000 -0.000000 0.000000
29.860000 -0.000000 0.000000
29.870000 -0.000000 0.000000
29.880000 -0.000000 0.000000
29.890000 -0.000000 0.000000
29.900000 -0.000000 0.000000
29.910000 -0.000000 0.000000
29.920000 -0.000000 0.000000
29.930000 -0.000000 0.000000
29.940000 -0.000000 0.000000
29.950000 -0.000000 0.000000
29.960000 -0.000000 0.000000
29.970000 -0.000000 0.000000
29.980000 -0.000000 0.000000
29.990000 -0.000000 0.000000
