0.000000 2.000000 0.000000
0.010000 1.999783 0.019999
0.020000 1.999164 0.039993
0.030000 1.998145 0.059976
0.040000 1.996725 0.079941
0.050000 1.994904 0.099883
0.060000 1.992685 0.119795
0.070000 1.990067 0.139671
0.080000 1.987053 0.159507
0.090000 1.983641 0.179294
0.100000 1.979836 0.199029
0.110000 1.975637 0.218704
0.120000 1.971046 0.238314
0.130000 1.966066 0.257853
0.140000 1.960699 0.277315
0.150000 1.954946 0.296695
0.160000 1.948809 0.315986
0.170000 1.942292 0.335183
0.180000 1.935397 0.354280
0.190000 1.928126 0.373272
0.200000 1.920483 0.392153
0.210000 1.912471 0.410917
0.220000 1.904092 0.429560
0.230000 1.895351 0.448075
0.240000 1.886250 0.466457
0.250000 1.876793 0.484702
0.260000 1.866984 0.502803
0.270000 1.856827 0.520756
0.280000 1.846325 0.538556
0.290000 1.835484 0.556197
0.300000 1.824306 0.573675
0.310000 1.812797 0.590984
0.320000 1.800962 0.608121
0.330000 1.788804 0.625079
0.340000 1.776328 0.641855
0.350000 1.763539 0.658445
0.360000 1.750443 0.674843
0.370000 1.737044 0.691045
0.380000 1.723348 0.707047
0.390000 1.709359 0.722844
0.400000 1.695084 0.738433
0.410000 1.680527 0.753810
0.420000 1.665694 0.768971
0.430000 1.650591 0.783911
0.440000 1.635224 0.798628
0.450000 1.619598 0.813117
0.460000 1.603719 0.827375
0.470000 1.587594 0.841399
0.480000 1.571228 0.855185
0.490000 1.554628 0.868729
0.500000 1.537799 0.882030
0.510000 1.520748 0.895084
0.520000 1.503482 0.907888
0.530000 1.486006 0.920439
0.540000 1.468327 0.932735
0.550000 1.450452 0.944773
0.560000 1.432387 0.956550
0.570000 1.414138 0.968065
0.580000 1.395713 0.979315
0.590000 1.377118 0.990297
0.600000 1.358360 1.001011
0.610000 1.339445 1.011453
0.620000 1.320380 1.021623
0.630000 1.301173 1.031518
0.640000 1.281828 1.041138
0.650000 1.262355 1.050480
0.660000 1.242759 1.059543
0.670000 1.223047 1.068327
0.680000 1.203226 1.076829
0.690000 1.183302 1.085050
0.700000 1.163284 1.092988
0.710000 1.143177 1.100642
0.720000 1.122989 1.108012
0.730000 1.102725 1.115098
0.740000 1.082394 1.121898
0.750000 1.062001 1.128413
0.760000 1.041554 1.134642
0.770000 1.021060 1.140586
0.780000 1.000524 1.146244
0.790000 0.979954 1.151617
0.800000 0.959357 1.156705
0.810000 0.938738 1.161508
0.820000 0.918105 1.166027
0.830000 0.897464 1.170262
0.840000 0.876822 1.174214
0.850000 0.856185 1.177883
0.860000 0.835559 1.181272
0.870000 0.814951 1.184380
0.880000 0.794367 1.187209
0.890000 0.773814 1.189760
0.900000 0.753296 1.192035
0.910000 0.732822 1.194034
0.920000 0.712396 1.195759
0.930000 0.692025 1.197212
0.940000 0.671715 1.198395
0.950000 0.651470 1.199309
0.960000 0.631298 1.199956
0.970000 0.611204 1.200338
0.980000 0.591193 1.200458
0.990000 0.571271 1.200317
1.000000 0.551443 1.199917
1.010000 0.531715 1.199261
1.020000 0.512092 1.198351
1.030000 0.492579 1.197190
1.040000 0.473181 1.195780
1.050000 0.453903 1.194124
1.060000 0.434751 1.192224
1.070000 0.415728 1.190084
1.080000 0.396840 1.187706
1.090000 0.378091 1.185092
1.100000 0.359485 1.182246
1.110000 0.341028 1.179172
1.120000 0.322723 1.175871
1.130000 0.304575 1.172347
1.140000 0.286587 1.168604
1.150000 0.268764 1.164644
1.160000 0.251109 1.160471
1.170000 0.233626 1.156089
1.180000 0.216320 1.151499
1.190000 0.199193 1.146707
1.200000 0.182249 1.141716
1.210000 0.165491 1.136529
1.220000 0.148922 1.131149
1.230000 0.132546 1.125581
1.240000 0.116366 1.119827
1.250000 0.100384 1.113893
1.260000 0.084604 1.107780
1.270000 0.069027 1.101494
1.280000 0.053657 1.095038
1.290000 0.038495 1.088416
1.300000 0.023545 1.081631
1.310000 0.008809 1.074687
1.320000 -0.005713 1.067589
1.330000 -0.020016 1.060340
1.340000 -0.034100 1.052945
1.350000 -0.047963 1.045406
1.360000 -0.061604 1.037728
1.370000 -0.075019 1.029916
1.380000 -0.088209 1.021972
1.390000 -0.101172 1.013901
1.400000 -0.113907 1.005707
1.410000 -0.126411 0.997394
1.420000 -0.138686 0.988965
1.430000 -0.150729 0.980426
1.440000 -0.162540 0.971779
1.450000 -0.174117 0.963029
1.460000 -0.185462 0.954179
1.470000 -0.196572 0.945234
1.480000 -0.207448 0.936198
1.490000 -0.218089 0.927074
1.500000 -0.228496 0.917867
1.510000 -0.238667 0.908580
1.520000 -0.248604 0.899217
1.530000 -0.258305 0.889782
1.540000 -0.267772 0.880279
1.550000 -0.277005 0.870712
1.560000 -0.286004 0.861084
1.570000 -0.294769 0.851400
1.580000 -0.303301 0.841662
1.590000 -0.311601 0.831875
1.600000 -0.319670 0.822043
1.610000 -0.327507 0.812169
1.620000 -0.335115 0.802257
1.630000 -0.342494 0.792310
1.640000 -0.349645 0.782332
1.650000 -0.356570 0.772326
1.660000 -0.363269 0.762297
1.670000 -0.369743 0.752246
1.680000 -0.375995 0.742179
1.690000 -0.382026 0.732097
1.700000 -0.387837 0.722006
1.710000 -0.393429 0.711907
1.720000 -0.398805 0.701804
1.730000 -0.403966 0.691700
1.740000 -0.408913 0.681599
1.750000 -0.413649 0.671503
1.760000 -0.418176 0.661416
1.770000 -0.422495 0.651340
1.780000 -0.426608 0.641279
1.790000 -0.430518 0.631236
1.800000 -0.434227 0.621213
1.810000 -0.437736 0.611213
1.820000 -0.441048 0.601239
1.830000 -0.444165 0.591294
1.840000 -0.447090 0.581380
1.850000 -0.449824 0.571501
1.860000 -0.452371 0.561657
1.870000 -0.454732 0.551853
1.880000 -0.456910 0.542091
1.890000 -0.458907 0.532372
1.900000 -0.460726 0.522700
1.910000 -0.462370 0.513076
1.920000 -0.463841 0.503503
1.930000 -0.465142 0.493984
1.940000 -0.466275 0.484519
1.950000 -0.467243 0.475112
1.960000 -0.468049 0.465763
1.970000 -0.468695 0.456476
1.980000 -0.469184 0.447253
1.990000 -0.469519 0.438094
2.000000 -0.469703 0.429002
2.010000 -0.469737 0.419978
2.020000 -0.469627 0.411025
2.030000 -0.469372 0.402143
2.040000 -0.468978 0.393335
2.050000 -0.468446 0.384602
2.060000 -0.467780 0.375946
2.070000 -0.466982 0.367367
2.080000 -0.466055 0.358867
2.090000 -0.465002 0.350448
2.100000 -0.463825 0.342110
2.110000 -0.462528 0.333856
2.120000 -0.461113 0.325685
2.130000 -0.459584 0.317600
2.140000 -0.457942 0.309601
2.150000 -0.456192 0.301689
2.160000 -0.454335 0.293865
2.170000 -0.452374 0.286131
2.180000 -0.450313 0.278486
2.190000 -0.448154 0.270931
2.200000 -0.445899 0.263468
2.210000 -0.443552 0.256097
2.220000 -0.441116 0.248819
2.230000 -0.438592 0.241634
2.240000 -0.435984 0.234542
2.250000 -0.433295 0.227545
2.260000 -0.430527 0.220643
2.270000 -0.427682 0.213835
2.280000 -0.424764 0.207124
2.290000 -0.421775 0.200508
2.300000 -0.418718 0.193987
2.310000 -0.415595 0.187564
2.320000 -0.412409 0.181236
2.330000 -0.409162 0.175005
2.340000 -0.405857 0.168871
2.350000 -0.402496 0.162834
2.360000 -0.399082 0.156893
2.370000 -0.395616 0.151049
2.380000 -0.392103 0.145301
2.390000 -0.388543 0.139650
2.400000 -0.384940 0.134096
2.410000 -0.381295 0.128637
2.420000 -0.377611 0.123275
2.430000 -0.373890 0.118008
2.440000 -0.370134 0.112837
2.450000 -0.366346 0.107761
2.460000 -0.362527 0.102780
2.470000 -0.358680 0.097894
2.480000 -0.354807 0.093101
2.490000 -0.350910 0.088402
2.500000 -0.346990 0.083796
2.510000 -0.343050 0.079283
2.520000 -0.339093 0.074862
2.530000 -0.335118 0.070533
2.540000 -0.331130 0.066294
2.550000 -0.327129 0.062147
2.560000 -0.323117 0.058089
2.570000 -0.319096 0.054120
2.580000 -0.315068 0.050239
2.590000 -0.311034 0.046447
2.600000 -0.306996 0.042741
2.610000 -0.302957 0.039122
2.620000 -0.298916 0.035589
2.630000 -0.294876 0.032140
2.640000 -0.290839 0.028776
2.650000 -0.286806 0.025495
2.660000 -0.282778 0.022296
2.670000 -0.278757 0.019179
2.680000 -0.274744 0.016143
2.690000 -0.270741 0.013187
2.700000 -0.266748 0.010309
2.710000 -0.262768 0.007510
2.720000 -0.258801 0.004788
2.730000 -0.254848 0.002143
2.740000 -0.250911 -0.000427
2.750000 -0.246991 -0.002923
2.760000 -0.243089 -0.005345
2.770000 -0.239206 -0.007695
2.780000 -0.235343 -0.009973
2.790000 -0.231502 -0.012180
2.800000 -0.227682 -0.014318
2.810000 -0.223885 -0.016387
2.820000 -0.220112 -0.018388
2.830000 -0.216364 -0.020323
2.840000 -0.212642 -0.022192
2.850000 -0.208946 -0.023996
2.860000 -0.205277 -0.025737
2.870000 -0.201636 -0.027414
2.880000 -0.198023 -0.029031
2.890000 -0.194440 -0.030586
2.900000 -0.190887 -0.032082
2.910000 -0.187365 -0.033520
2.920000 -0.183874 -0.034899
2.930000 -0.180414 -0.036222
2.940000 -0.176987 -0.037490
2.950000 -0.173593 -0.038703
2.960000 -0.170232 -0.039862
2.970000 -0.166904 -0.040969
2.980000 -0.163611 -0.042025
2.990000 -0.160353 -0.043029
3.000000 -0.157129 -0.043985
3.010000 -0.153941 -0.044891
3.020000 -0.150789 -0.045750
3.030000 -0.147672 -0.046563
3.040000 -0.144592 -0.047330
3.050000 -0.141548 -0.048053
3.060000 -0.138541 -0.048731
3.070000 -0.135571 -0.049367
3.080000 -0.132638 -0.049962
3.090000 -0.129742 -0.050516
3.100000 -0.126884 -0.051029
3.110000 -0.124063 -0.051504
3.120000 -0.121280 -0.051941
3.130000 -0.118535 -0.052341
3.140000 -0.115827 -0.052705
3.150000 -0.113157 -0.053034
3.160000 -0.110526 -0.053328
3.170000 -0.107932 -0.053589
3.180000 -0.105376 -0.053818
3.190000 -0.102858 -0.054014
3.200000 -0.100377 -0.054180
3.210000 -0.097935 -0.054316
3.220000 -0.095530 -0.054423
3.230000 -0.093163 -0.054502
3.240000 -0.090833 -0.054553
3.250000 -0.088541 -0.054577
3.260000 -0.086286 -0.054576
3.270000 -0.084068 -0.054550
3.280000 -0.081887 -0.054499
3.290000 -0.079742 -0.054425
3.300000 -0.077635 -0.054328
3.310000 -0.075563 -0.054209
3.320000 -0.073528 -0.054069
3.330000 -0.071529 -0.053908
3.340000 -0.069566 -0.053728
3.350000 -0.067638 -0.053528
3.360000 -0.065745 -0.053310
3.370000 -0.063887 -0.053074
3.380000 -0.062064 -0.052822
3.390000 -0.060276 -0.052552
3.400000 -0.058522 -0.052267
3.410000 -0.056801 -0.051967
3.420000 -0.055115 -0.051653
3.430000 -0.053461 -0.051324
3.440000 -0.051840 -0.050982
3.450000 -0.050252 -0.050628
3.460000 -0.048697 -0.050261
3.470000 -0.047173 -0.049883
3.480000 -0.045681 -0.049494
3.490000 -0.044220 -0.049094
3.500000 -0.042791 -0.048685
3.510000 -0.041392 -0.048266
3.520000 -0.040023 -0.047838
3.530000 -0.038684 -0.047402
3.540000 -0.037374 -0.046958
3.550000 -0.036094 -0.046506
3.560000 -0.034843 -0.046048
3.570000 -0.033620 -0.045583
3.580000 -0.032425 -0.045112
3.590000 -0.031257 -0.044635
3.600000 -0.030117 -0.044154
3.610000 -0.029004 -0.043667
3.620000 -0.027918 -0.043176
3.630000 -0.026857 -0.042681
3.640000 -0.025823 -0.042183
3.650000 -0.024813 -0.041681
3.660000 -0.023829 -0.041177
3.670000 -0.022869 -0.040670
3.680000 -0.021934 -0.040161
3.690000 -0.021022 -0.039650
3.700000 -0.020134 -0.039137
3.710000 -0.019269 -0.038624
3.720000 -0.018427 -0.038109
3.730000 -0.017607 -0.037594
3.740000 -0.016808 -0.037079
3.750000 -0.016032 -0.036563
3.760000 -0.015276 -0.036048
3.770000 -0.014541 -0.035534
3.780000 -0.013827 -0.035020
3.790000 -0.013133 -0.034507
3.800000 -0.012458 -0.033995
3.810000 -0.011802 -0.033485
3.820000 -0.011166 -0.032976
3.830000 -0.010548 -0.032470
3.840000 -0.009948 -0.031965
3.850000 -0.009366 -0.031463
3.860000 -0.008801 -0.030963
3.870000 -0.008253 -0.030466
3.880000 -0.007722 -0.029972
3.890000 -0.007208 -0.029481
3.900000 -0.006709 -0.028992
3.910000 -0.006226 -0.028508
3.920000 -0.005759 -0.028026
3.930000 -0.005306 -0.027548
3.940000 -0.004868 -0.027074
3.950000 -0.004445 -0.026604
3.960000 -0.004035 -0.026138
3.970000 -0.003639 -0.025675
3.980000 -0.003256 -0.025217
3.990000 -0.002887 -0.024763
4.000000 -0.002530 -0.024314
4.010000 -0.002185 -0.023869
4.020000 -0.001852 -0.023428
4.030000 -0.001532 -0.022992
4.040000 -0.001222 -0.022561
4.050000 -0.000924 -0.022134
4.060000 -0.000637 -0.021713
4.070000 -0.000360 -0.021296
4.080000 -0.000093 -0.020884
4.090000 0.000163 -0.020477
4.100000 0.000410 -0.020075
4.110000 0.000648 -0.019678
4.120000 0.000876 -0.019286
4.130000 0.001095 -0.018899
4.140000 0.001306 -0.018518
4.150000 0.001508 -0.018141
4.160000 0.001703 -0.017770
4.170000 0.001889 -0.017404
4.180000 0.002068 -0.017043
4.190000 0.002239 -0.016687
4.200000 0.002404 -0.016336
4.210000 0.002561 -0.015991
4.220000 0.002712 -0.015650
4.230000 0.002857 -0.015315
4.240000 0.002995 -0.014985
4.250000 0.003127 -0.014661
4.260000 0.003254 -0.014341
4.270000 0.003375 -0.014026
4.280000 0.003491 -0.013717
4.290000 0.003602 -0.013412
4.300000 0.003707 -0.013113
4.310000 0.003809 -0.012819
4.320000 0.003905 -0.012529
4.330000 0.003998 -0.012245
4.340000 0.004086 -0.011965
4.350000 0.004170 -0.011690
4.360000 0.004251 -0.011421
4.370000 0.004328 -0.011155
4.380000 0.004402 -0.010895
4.390000 0.004472 -0.010639
4.400000 0.004540 -0.010388
4.410000 0.004605 -0.010141
4.420000 0.004667 -0.009899
4.430000 0.004726 -0.009662
4.440000 0.004783 -0.009429
4.450000 0.004838 -0.009200
4.460000 0.004891 -0.008975
4.470000 0.004942 -0.008755
4.480000 0.004991 -0.008538
4.490000 0.005039 -0.008326
4.500000 0.005085 -0.008118
4.510000 0.005130 -0.007914
4.520000 0.005174 -0.007714
4.530000 0.005216 -0.007517
4.540000 0.005258 -0.007324
4.550000 0.005299 -0.007135
4.560000 0.005339 -0.006950
4.570000 0.005379 -0.006768
4.580000 0.005418 -0.006590
4.590000 0.005457 -0.006414
4.600000 0.005496 -0.006243
4.610000 0.005535 -0.006074
4.620000 0.005573 -0.005909
4.630000 0.005612 -0.005746
4.640000 0.005651 -0.005587
4.650000 0.005691 -0.005430
4.660000 0.005731 -0.005277
4.670000 0.005771 -0.005126
4.680000 0.005812 -0.004978
4.690000 0.005854 -0.004832
4.700000 0.005897 -0.004689
4.710000 0.005941 -0.004548
4.720000 0.005985 -0.004410
4.730000 0.006031 -0.004273
4.740000 0.006078 -0.004139
4.750000 0.006126 -0.004007
4.760000 0.006176 -0.003877
4.770000 0.006227 -0.003749
4.780000 0.006279 -0.003623
4.790000 0.006333 -0.003499
4.800000 0.006389 -0.003376
4.810000 0.006447 -0.003254
4.820000 0.006506 -0.003135
4.830000 0.006567 -0.003016
4.840000 0.006630 -0.002899
4.850000 0.006695 -0.002783
4.860000 0.006762 -0.002668
4.870000 0.006831 -0.002554
4.880000 0.006903 -0.002442
4.890000 0.006976 -0.002330
4.900000 0.007052 -0.002219
4.910000 0.007130 -0.002108
4.920000 0.007211 -0.001998
4.930000 0.007294 -0.001889
4.940000 0.007380 -0.001780
4.950000 0.007468 -0.001671
4.960000 0.007559 -0.001563
4.970000 0.007652 -0.001455
4.980000 0.007748 -0.001347
4.990000 0.007847 -0.001239
5.000000 0.007948 -0.001131
5.010000 0.008053 -0.001022
5.020000 0.008160 -0.000914
5.030000 0.008270 -0.000805
5.040000 0.008383 -0.000696
5.050000 0.008499 -0.000586
5.060000 0.008618 -0.000475
5.070000 0.008739 -0.000364
5.080000 0.008864 -0.000253
5.090000 0.008992 -0.000140
5.100000 0.009123 -0.000026
5.110000 0.009257 0.000088
5.120000 0.009394 0.000204
5.130000 0.009535 0.000321
5.140000 0.009678 0.000439
5.150000 0.009825 0.000558
5.160000 0.009975 0.000679
5.170000 0.010128 0.000801
5.180000 0.010284 0.000925
5.190000 0.010444 0.001050
5.200000 0.010607 0.001177
5.210000 0.010773 0.001306
5.220000 0.010942 0.001437
5.230000 0.011115 0.001570
5.240000 0.011291 0.001704
5.250000 0.011470 0.001841
5.260000 0.011653 0.001980
5.270000 0.011838 0.002121
5.280000 0.012027 0.002264
5.290000 0.012220 0.002410
5.300000 0.012415 0.002558
5.310000 0.012614 0.002708
5.320000 0.012816 0.002862
5.330000 0.013021 0.003017
5.340000 0.013230 0.003176
5.350000 0.013442 0.003337
5.360000 0.013656 0.003500
5.370000 0.013875 0.003667
5.380000 0.014096 0.003837
5.390000 0.014320 0.004009
5.400000 0.014548 0.004185
5.410000 0.014778 0.004363
5.420000 0.015012 0.004545
5.430000 0.015249 0.004730
5.440000 0.015489 0.004918
5.450000 0.015731 0.005109
5.460000 0.015977 0.005304
5.470000 0.016226 0.005502
5.480000 0.016477 0.005704
5.490000 0.016732 0.005908
5.500000 0.016989 0.006117
5.510000 0.017249 0.006329
5.520000 0.017512 0.006544
5.530000 0.017777 0.006763
5.540000 0.018045 0.006985
5.550000 0.018316 0.007212
5.560000 0.018589 0.007442
5.570000 0.018864 0.007675
5.580000 0.019142 0.007912
5.590000 0.019423 0.008154
5.600000 0.019706 0.008398
5.610000 0.019991 0.008647
5.620000 0.020278 0.008899
5.630000 0.020567 0.009156
5.640000 0.020859 0.009416
5.650000 0.021152 0.009680
5.660000 0.021448 0.009948
5.670000 0.021745 0.010219
5.680000 0.022044 0.010495
5.690000 0.022345 0.010774
5.700000 0.022648 0.011058
5.710000 0.022952 0.011345
5.720000 0.023258 0.011636
5.730000 0.023565 0.011931
5.740000 0.023873 0.012230
5.750000 0.024183 0.012532
5.760000 0.024494 0.012839
5.770000 0.024806 0.013149
5.780000 0.025119 0.013463
5.790000 0.025432 0.013781
5.800000 0.025747 0.014102
5.810000 0.026063 0.014428
5.820000 0.026379 0.014757
5.830000 0.026695 0.015089
5.840000 0.027012 0.015426
5.850000 0.027330 0.015765
5.860000 0.027648 0.016109
5.870000 0.027965 0.016456
5.880000 0.028283 0.016806
5.890000 0.028601 0.017160
5.900000 0.028919 0.017517
5.910000 0.029236 0.017878
5.920000 0.029553 0.018242
5.930000 0.029870 0.018609
5.940000 0.030186 0.018979
5.950000 0.030501 0.019353
5.960000 0.030815 0.019729
5.970000 0.031129 0.020108
5.980000 0.031441 0.020491
5.990000 0.031753 0.020876
6.000000 0.032063 0.021264
6.010000 0.032371 0.021654
6.020000 0.032678 0.022047
6.030000 0.032984 0.022443
6.040000 0.033287 0.022841
6.050000 0.033589 0.023242
6.060000 0.033889 0.023645
6.070000 0.034187 0.024049
6.080000 0.034482 0.024456
6.090000 0.034775 0.024865
6.100000 0.035066 0.025276
6.110000 0.035354 0.025689
6.120000 0.035639 0.026103
6.130000 0.035921 0.026519
6.140000 0.036200 0.026937
6.150000 0.036477 0.027355
6.160000 0.036750 0.027775
6.170000 0.037019 0.028196
6.180000 0.037286 0.028618
6.190000 0.037548 0.029041
6.200000 0.037807 0.029465
6.210000 0.038062 0.029890
6.220000 0.038313 0.030314
6.230000 0.038560 0.030740
6.240000 0.038802 0.031165
6.250000 0.039041 0.031591
6.260000 0.039275 0.032017
6.270000 0.039504 0.032442
6.280000 0.039728 0.032868
6.290000 0.039948 0.033293
6.300000 0.040163 0.033717
6.310000 0.040373 0.034140
6.320000 0.040577 0.034563
6.330000 0.040777 0.034985
6.340000 0.040970 0.035406
6.350000 0.041159 0.035825
6.360000 0.041342 0.036243
6.370000 0.041519 0.036660
6.380000 0.041690 0.037074
6.390000 0.041855 0.037487
6.400000 0.042014 0.037898
6.410000 0.042168 0.038306
6.420000 0.042314 0.038713
6.430000 0.042455 0.039116
6.440000 0.042589 0.039518
6.450000 0.042717 0.039916
6.460000 0.042838 0.040311
6.470000 0.042952 0.040703
6.480000 0.043060 0.041092
6.490000 0.043160 0.041478
6.500000 0.043254 0.041860
6.510000 0.043341 0.042238
6.520000 0.043420 0.042612
6.530000 0.043493 0.042982
6.540000 0.043558 0.043348
6.550000 0.043616 0.043709
6.560000 0.043667 0.044066
6.570000 0.043710 0.044419
6.580000 0.043746 0.044766
6.590000 0.043774 0.045108
6.600000 0.043795 0.045445
6.610000 0.043808 0.045777
6.620000 0.043814 0.046103
6.630000 0.043811 0.046424
6.640000 0.043801 0.046739
6.650000 0.043784 0.047048
6.660000 0.043758 0.047351
6.670000 0.043725 0.047647
6.680000 0.043684 0.047937
6.690000 0.043636 0.048221
6.700000 0.043579 0.048498
6.710000 0.043515 0.048768
6.720000 0.043442 0.049031
6.730000 0.043362 0.049287
6.740000 0.043275 0.049536
6.750000 0.043179 0.049777
6.760000 0.043075 0.050011
6.770000 0.042964 0.050237
6.780000 0.042845 0.050455
6.790000 0.042719 0.050666
6.800000 0.042585 0.050868
6.810000 0.042443 0.051063
6.820000 0.042293 0.051249
6.830000 0.042137 0.051426
6.840000 0.041972 0.051596
6.850000 0.041800 0.051756
6.860000 0.041621 0.051908
6.870000 0.041435 0.052051
6.880000 0.041241 0.052186
6.890000 0.041041 0.052311
6.900000 0.040833 0.052427
6.910000 0.040618 0.052534
6.920000 0.040397 0.052632
6.930000 0.040169 0.052720
6.940000 0.039934 0.052799
6.950000 0.039693 0.052869
6.960000 0.039445 0.052929
6.970000 0.039191 0.052979
6.980000 0.038930 0.053020
6.990000 0.038664 0.053051
7.000000 0.038392 0.053072
7.010000 0.038114 0.053083
7.020000 0.037830 0.053085
7.030000 0.037541 0.053076
7.040000 0.037247 0.053058
7.050000 0.036947 0.053030
7.060000 0.036643 0.052992
7.070000 0.036333 0.052943
7.080000 0.036019 0.052885
7.090000 0.035700 0.052817
7.100000 0.035377 0.052739
7.110000 0.035050 0.052651
7.120000 0.034719 0.052552
7.130000 0.034384 0.052444
7.140000 0.034046 0.052326
7.150000 0.033704 0.052198
7.160000 0.033359 0.052060
7.170000 0.033011 0.051912
7.180000 0.032660 0.051754
7.190000 0.032307 0.051587
7.200000 0.031951 0.051410
7.210000 0.031593 0.051223
7.220000 0.031233 0.051026
7.230000 0.030871 0.050820
7.240000 0.030508 0.050604
7.250000 0.030144 0.050379
7.260000 0.029779 0.050145
7.270000 0.029413 0.049902
7.280000 0.029046 0.049649
7.290000 0.028679 0.049388
7.300000 0.028312 0.049117
7.310000 0.027945 0.048838
7.320000 0.027579 0.048550
7.330000 0.027213 0.048253
7.340000 0.026848 0.047948
7.350000 0.026484 0.047635
7.360000 0.026121 0.047314
7.370000 0.025760 0.046984
7.380000 0.025401 0.046647
7.390000 0.025044 0.046302
7.400000 0.024690 0.045950
7.410000 0.024338 0.045590
7.420000 0.023989 0.045223
7.430000 0.023643 0.044849
7.440000 0.023300 0.044468
7.450000 0.022960 0.044081
7.460000 0.022625 0.043687
7.470000 0.022294 0.043286
7.480000 0.021967 0.042880
7.490000 0.021644 0.042468
7.500000 0.021326 0.042050
7.510000 0.021013 0.041627
7.520000 0.020706 0.041199
7.530000 0.020403 0.040766
7.540000 0.020107 0.040328
7.550000 0.019816 0.039885
7.560000 0.019532 0.039438
7.570000 0.019253 0.038987
7.580000 0.018982 0.038533
7.590000 0.018717 0.038075
7.600000 0.018458 0.037613
7.610000 0.018208 0.037149
7.620000 0.017964 0.036681
7.630000 0.017728 0.036211
7.640000 0.017500 0.035739
7.650000 0.017279 0.035265
7.660000 0.017067 0.034789
7.670000 0.016862 0.034312
7.680000 0.016667 0.033834
7.690000 0.016479 0.033354
7.700000 0.016301 0.032875
7.710000 0.016131 0.032394
7.720000 0.015970 0.031914
7.730000 0.015819 0.031434
7.740000 0.015676 0.030954
7.750000 0.015543 0.030475
7.760000 0.015420 0.029997
7.770000 0.015306 0.029521
7.780000 0.015201 0.029046
7.790000 0.015107 0.028573
7.800000 0.015022 0.028103
7.810000 0.014947 0.027634
7.820000 0.014882 0.027169
7.830000 0.014827 0.026707
7.840000 0.014782 0.026248
7.850000 0.014748 0.025793
7.860000 0.014723 0.025341
7.870000 0.014709 0.024894
7.880000 0.014704 0.024451
7.890000 0.014710 0.024013
7.900000 0.014727 0.023580
7.910000 0.014753 0.023153
7.920000 0.014789 0.022731
7.930000 0.014836 0.022315
7.940000 0.014892 0.021905
7.950000 0.014959 0.021501
7.960000 0.015036 0.021104
7.970000 0.015122 0.020714
7.980000 0.015218 0.020331
7.990000 0.015324 0.019956
8.000000 0.015440 0.019588
8.010000 0.015565 0.019228
8.020000 0.015700 0.018876
8.030000 0.015844 0.018533
8.040000 0.015996 0.018198
8.050000 0.016158 0.017872
8.060000 0.016329 0.017555
8.070000 0.016508 0.017247
8.080000 0.016696 0.016949
8.090000 0.016892 0.016660
8.100000 0.017097 0.016381
8.110000 0.017309 0.016113
8.120000 0.017529 0.015854
8.130000 0.017756 0.015606
8.140000 0.017991 0.015368
8.150000 0.018232 0.015142
8.160000 0.018481 0.014926
8.170000 0.018735 0.014721
8.180000 0.018997 0.014527
8.190000 0.019264 0.014344
8.200000 0.019536 0.014173
8.210000 0.019814 0.014014
8.220000 0.020098 0.013866
8.230000 0.020386 0.013730
8.240000 0.020678 0.013606
8.250000 0.020975 0.013494
8.260000 0.021275 0.013393
8.270000 0.021579 0.013305
8.280000 0.021886 0.013229
8.290000 0.022196 0.013165
8.300000 0.022509 0.013114
8.310000 0.022823 0.013075
8.320000 0.023140 0.013048
8.330000 0.023457 0.013033
8.340000 0.023776 0.013030
8.350000 0.024095 0.013040
8.360000 0.024415 0.013063
8.370000 0.024734 0.013097
8.380000 0.025053 0.013144
8.390000 0.025371 0.013203
8.400000 0.025687 0.013274
8.410000 0.026002 0.013357
8.420000 0.026315 0.013452
8.430000 0.026625 0.013559
8.440000 0.026932 0.013678
8.450000 0.027236 0.013809
8.460000 0.027536 0.013952
8.470000 0.027832 0.014105
8.480000 0.028124 0.014271
8.490000 0.028410 0.014447
8.500000 0.028691 0.014635
8.510000 0.028966 0.014834
8.520000 0.029235 0.015044
8.530000 0.029497 0.015264
8.540000 0.029752 0.015494
8.550000 0.030000 0.015735
8.560000 0.030240 0.015986
8.570000 0.030472 0.016247
8.580000 0.030695 0.016518
8.590000 0.030909 0.016798
8.600000 0.031113 0.017087
8.610000 0.031308 0.017385
8.620000 0.031492 0.017691
8.630000 0.031666 0.018007
8.640000 0.031829 0.018330
8.650000 0.031981 0.018661
8.660000 0.032121 0.019000
8.670000 0.032249 0.019347
8.680000 0.032364 0.019700
8.690000 0.032467 0.020060
8.700000 0.032557 0.020426
8.710000 0.032633 0.020799
8.720000 0.032696 0.021177
8.730000 0.032745 0.021561
8.740000 0.032780 0.021950
8.750000 0.032800 0.022344
8.760000 0.032805 0.022743
8.770000 0.032795 0.023145
8.780000 0.032770 0.023552
8.790000 0.032729 0.023961
8.800000 0.032672 0.024374
8.810000 0.032600 0.024790
8.820000 0.032511 0.025208
8.830000 0.032405 0.025627
8.840000 0.032283 0.026049
8.850000 0.032144 0.026472
8.860000 0.031989 0.026895
8.870000 0.031816 0.027319
8.880000 0.031625 0.027743
8.890000 0.031418 0.028167
8.900000 0.031193 0.028590
8.910000 0.030950 0.029012
8.920000 0.030690 0.029433
8.930000 0.030412 0.029852
8.940000 0.030116 0.030269
8.950000 0.029802 0.030683
8.960000 0.029471 0.031094
8.970000 0.029121 0.031502
8.980000 0.028754 0.031906
8.990000 0.028369 0.032306
9.000000 0.027966 0.032701
9.010000 0.027546 0.033092
9.020000 0.027107 0.033477
9.030000 0.026652 0.033857
9.040000 0.026178 0.034231
9.050000 0.025688 0.034599
9.060000 0.025180 0.034960
9.070000 0.024655 0.035314
9.080000 0.024113 0.035661
9.090000 0.023554 0.036000
9.100000 0.022979 0.036331
9.110000 0.022387 0.036654
9.120000 0.021779 0.036968
9.130000 0.021156 0.037273
9.140000 0.020516 0.037569
9.150000 0.019862 0.037856
9.160000 0.019192 0.038132
9.170000 0.018507 0.038399
9.180000 0.017808 0.038655
9.190000 0.017095 0.038900
9.200000 0.016368 0.039135
9.210000 0.015627 0.039358
9.220000 0.014873 0.039570
9.230000 0.014107 0.039771
9.240000 0.013328 0.039959
9.250000 0.012537 0.040136
9.260000 0.011735 0.040300
9.270000 0.010921 0.040452
9.280000 0.010097 0.040592
9.290000 0.009263 0.040718
9.300000 0.008419 0.040832
9.310000 0.007566 0.040933
9.320000 0.006704 0.041020
9.330000 0.005834 0.041094
9.340000 0.004956 0.041155
9.350000 0.004071 0.041203
9.360000 0.003179 0.041236
9.370000 0.002281 0.041257
9.380000 0.001377 0.041263
9.390000 0.000468 0.041256
9.400000 -0.000445 0.041235
9.410000 -0.001362 0.041201
9.420000 -0.002283 0.041152
9.430000 -0.003206 0.041090
9.440000 -0.004132 0.041014
9.450000 -0.005059 0.040925
9.460000 -0.005987 0.040822
9.470000 -0.006916 0.040705
9.480000 -0.007844 0.040575
9.490000 -0.008771 0.040432
9.500000 -0.009698 0.040275
9.510000 -0.010622 0.040105
9.520000 -0.011543 0.039923
9.530000 -0.012461 0.039727
9.540000 -0.013376 0.039519
9.550000 -0.014285 0.039298
9.560000 -0.015190 0.039065
9.570000 -0.016089 0.038820
9.580000 -0.016981 0.038562
9.590000 -0.017867 0.038294
9.600000 -0.018745 0.038014
9.610000 -0.019615 0.037722
9.620000 -0.020476 0.037420
9.630000 -0.021328 0.037107
9.640000 -0.022170 0.036784
9.650000 -0.023001 0.036451
9.660000 -0.023821 0.036108
9.670000 -0.024629 0.035756
9.680000 -0.025425 0.035395
9.690000 -0.026208 0.035025
9.700000 -0.026978 0.034647
9.710000 -0.027734 0.034261
9.720000 -0.028475 0.033868
9.730000 -0.029202 0.033467
9.740000 -0.029912 0.033060
9.750000 -0.030607 0.032646
9.760000 -0.031285 0.032227
9.770000 -0.031947 0.031802
9.780000 -0.032590 0.031372
9.790000 -0.033216 0.030937
9.800000 -0.033823 0.030499
9.810000 -0.034412 0.030057
9.820000 -0.034981 0.029611
9.830000 -0.035531 0.029163
9.840000 -0.036061 0.028713
9.850000 -0.036570 0.028262
9.860000 -0.037058 0.027809
9.870000 -0.037526 0.027355
9.880000 -0.037972 0.026902
9.890000 -0.038396 0.026449
9.900000 -0.038798 0.025996
9.910000 -0.039178 0.025546
9.920000 -0.039535 0.025097
9.930000 -0.039869 0.024651
9.940000 -0.040181 0.024207
9.950000 -0.040469 0.023768
9.960000 -0.040733 0.023332
9.970000 -0.040974 0.022902
9.980000 -0.041192 0.022476
9.990000 -0.041385 0.022056
10.000000 -0.041555 0.021643
10.010000 -0.041700 0.021236
10.020000 -0.041822 0.020837
10.030000 -0.041919 0.020446
10.040000 -0.041992 0.020063
10.050000 -0.042041 0.019689
10.060000 -0.042065 0.019325
10.070000 -0.042066 0.018970
10.080000 -0.042042 0.018627
10.090000 -0.041994 0.018294
10.100000 -0.041923 0.017974
10.110000 -0.041827 0.017665
10.120000 -0.041708 0.017369
10.130000 -0.041566 0.017086
10.140000 -0.041400 0.016817
10.150000 -0.041211 0.016562
10.160000 -0.040999 0.016321
10.170000 -0.040764 0.016096
10.180000 -0.040508 0.015886
10.190000 -0.040228 0.015692
10.200000 -0.039928 0.015514
10.210000 -0.039605 0.015353
10.220000 -0.039262 0.015210
10.230000 -0.038898 0.015084
10.240000 -0.038513 0.014977
10.250000 -0.038108 0.014888
10.260000 -0.037684 0.014817
10.270000 -0.037241 0.014766
10.280000 -0.036779 0.014735
10.290000 -0.036299 0.014723
10.300000 -0.035801 0.014732
10.310000 -0.035286 0.014761
10.320000 -0.034754 0.014811
10.330000 -0.034206 0.014882
10.340000 -0.033642 0.014974
10.350000 -0.033064 0.015088
10.360000 -0.032471 0.015224
10.370000 -0.031864 0.015382
10.380000 -0.031244 0.015562
10.390000 -0.030612 0.015765
10.400000 -0.029968 0.015990
10.410000 -0.029312 0.016238
10.420000 -0.028646 0.016509
10.430000 -0.027970 0.016803
10.440000 -0.027285 0.017121
10.450000 -0.026591 0.017461
10.460000 -0.025889 0.017825
10.470000 -0.025181 0.018212
10.480000 -0.024466 0.018623
10.490000 -0.023746 0.019057
10.500000 -0.023020 0.019514
10.510000 -0.022291 0.019995
10.520000 -0.021559 0.020499
10.530000 -0.020824 0.021026
10.540000 -0.020087 0.021576
10.550000 -0.019349 0.022150
10.560000 -0.018612 0.022746
10.570000 -0.017875 0.023365
10.580000 -0.017139 0.024007
10.590000 -0.016406 0.024672
10.600000 -0.015675 0.025358
10.610000 -0.014949 0.026067
10.620000 -0.014227 0.026797
10.630000 -0.013511 0.027550
10.640000 -0.012801 0.028323
10.650000 -0.012098 0.029117
10.660000 -0.011404 0.029933
10.670000 -0.010717 0.030768
10.680000 -0.010041 0.031624
10.690000 -0.009374 0.032499
10.700000 -0.008719 0.033394
10.710000 -0.008076 0.034307
10.720000 -0.007445 0.035239
10.730000 -0.006828 0.036189
10.740000 -0.006225 0.037157
10.750000 -0.005637 0.038141
10.760000 -0.005065 0.039143
10.770000 -0.004509 0.040160
10.780000 -0.003970 0.041194
10.790000 -0.003450 0.042242
10.800000 -0.002948 0.043305
10.810000 -0.002465 0.044382
10.820000 -0.002003 0.045472
10.830000 -0.001561 0.046575
10.840000 -0.001140 0.047690
10.850000 -0.000742 0.048817
10.860000 -0.000366 0.049955
10.870000 -0.000014 0.051104
10.880000 0.000314 0.052262
10.890000 0.000618 0.053429
10.900000 0.000897 0.054604
10.910000 0.001150 0.055787
10.920000 0.001376 0.056977
10.930000 0.001576 0.058173
10.940000 0.001749 0.059374
10.950000 0.001894 0.060581
10.960000 0.002010 0.061791
10.970000 0.002098 0.063005
10.980000 0.002157 0.064221
10.990000 0.002186 0.065438
11.000000 0.002185 0.066657
11.010000 0.002153 0.067876
11.020000 0.002091 0.069095
11.030000 0.001998 0.070312
11.040000 0.001873 0.071526
11.050000 0.001717 0.072738
11.060000 0.001528 0.073946
11.070000 0.001307 0.075149
11.080000 0.001054 0.076347
11.090000 0.000768 0.077539
11.100000 0.000450 0.078724
11.110000 0.000098 0.079901
11.120000 -0.000287 0.081069
11.130000 -0.000706 0.082227
11.140000 -0.001158 0.083376
11.150000 -0.001643 0.084513
11.160000 -0.002162 0.085638
11.170000 -0.002714 0.086751
11.180000 -0.003300 0.087850
11.190000 -0.003920 0.088934
11.200000 -0.004573 0.090003
11.210000 -0.005259 0.091057
11.220000 -0.005979 0.092093
11.230000 -0.006733 0.093112
11.240000 -0.007519 0.094113
11.250000 -0.008338 0.095095
11.260000 -0.009190 0.096056
11.270000 -0.010075 0.096998
11.280000 -0.010992 0.097917
11.290000 -0.011941 0.098815
11.300000 -0.012922 0.099689
11.310000 -0.013935 0.100540
11.320000 -0.014979 0.101367
11.330000 -0.016053 0.102169
11.340000 -0.017158 0.102945
11.350000 -0.018294 0.103694
11.360000 -0.019459 0.104417
11.370000 -0.020653 0.105112
11.380000 -0.021877 0.105778
11.390000 -0.023128 0.106415
11.400000 -0.024408 0.107023
11.410000 -0.025715 0.107600
11.420000 -0.027049 0.108147
11.430000 -0.028409 0.108662
11.440000 -0.029795 0.109146
11.450000 -0.031206 0.109596
11.460000 -0.032642 0.110014
11.470000 -0.034102 0.110398
11.480000 -0.035585 0.110748
11.490000 -0.037091 0.111064
11.500000 -0.038619 0.111344
11.510000 -0.040168 0.111590
11.520000 -0.041738 0.111799
11.530000 -0.043328 0.111972
11.540000 -0.044938 0.112108
11.550000 -0.046565 0.112208
11.560000 -0.048211 0.112270
11.570000 -0.049873 0.112294
11.580000 -0.051551 0.112280
11.590000 -0.053245 0.112228
11.600000 -0.054954 0.112138
11.610000 -0.056676 0.112008
11.620000 -0.058411 0.111840
11.630000 -0.060159 0.111632
11.640000 -0.061917 0.111385
11.650000 -0.063686 0.111098
11.660000 -0.065465 0.110771
11.670000 -0.067252 0.110405
11.680000 -0.069047 0.109998
11.690000 -0.070849 0.109551
11.700000 -0.072657 0.109065
11.710000 -0.074471 0.108538
11.720000 -0.076288 0.107970
11.730000 -0.078109 0.107363
11.740000 -0.079933 0.106715
11.750000 -0.081758 0.106028
11.760000 -0.083583 0.105300
11.770000 -0.085409 0.104532
11.780000 -0.087233 0.103724
11.790000 -0.089055 0.102876
11.800000 -0.090874 0.101989
11.810000 -0.092690 0.101062
11.820000 -0.094500 0.100096
11.830000 -0.096305 0.099091
11.840000 -0.098103 0.098047
11.850000 -0.099894 0.096965
11.860000 -0.101677 0.095844
11.870000 -0.103450 0.094685
11.880000 -0.105212 0.093488
11.890000 -0.106964 0.092255
11.900000 -0.108704 0.090984
11.910000 -0.110431 0.089676
11.920000 -0.112145 0.088332
11.930000 -0.113843 0.086952
11.940000 -0.115527 0.085537
11.950000 -0.117194 0.084086
11.960000 -0.118844 0.082602
11.970000 -0.120476 0.081083
11.980000 -0.122090 0.079530
11.990000 -0.123684 0.077945
12.000000 -0.125258 0.076326
12.010000 -0.126811 0.074676
12.020000 -0.128342 0.072995
12.030000 -0.129850 0.071282
12.040000 -0.131335 0.069540
12.050000 -0.132796 0.067767
12.060000 -0.134232 0.065966
12.070000 -0.135643 0.064136
12.080000 -0.137027 0.062279
12.090000 -0.138385 0.060394
12.100000 -0.139715 0.058483
12.110000 -0.141017 0.056546
12.120000 -0.142290 0.054584
12.130000 -0.143534 0.052598
12.140000 -0.144748 0.050588
12.150000 -0.145931 0.048556
12.160000 -0.147084 0.046501
12.170000 -0.148204 0.044425
12.180000 -0.149292 0.042328
12.190000 -0.150348 0.040212
12.200000 -0.151370 0.038076
12.210000 -0.152359 0.035922
12.220000 -0.153313 0.033751
12.230000 -0.154233 0.031563
12.240000 -0.155118 0.029359
12.250000 -0.155967 0.027140
12.260000 -0.156781 0.024907
12.270000 -0.157559 0.022660
12.280000 -0.158300 0.020401
12.290000 -0.159004 0.018131
12.300000 -0.159671 0.015849
12.310000 -0.160301 0.013557
12.320000 -0.160893 0.011256
12.330000 -0.161447 0.008947
12.340000 -0.161963 0.006630
12.350000 -0.162440 0.004307
12.360000 -0.162879 0.001977
12.370000 -0.163280 -0.000357
12.380000 -0.163641 -0.002695
12.390000 -0.163964 -0.005037
12.400000 -0.164247 -0.007381
12.410000 -0.164491 -0.009726
12.420000 -0.164696 -0.012072
12.430000 -0.164862 -0.014418
12.440000 -0.164988 -0.016763
12.450000 -0.165075 -0.019107
12.460000 -0.165123 -0.021447
12.470000 -0.165132 -0.023784
12.480000 -0.165101 -0.026117
12.490000 -0.165031 -0.028444
12.500000 -0.164922 -0.030766
12.510000 -0.164774 -0.033080
12.520000 -0.164587 -0.035388
12.530000 -0.164362 -0.037686
12.540000 -0.164098 -0.039976
12.550000 -0.163795 -0.042255
12.560000 -0.163454 -0.044524
12.570000 -0.163076 -0.046782
12.580000 -0.162660 -0.049027
12.590000 -0.162206 -0.051259
12.600000 -0.161715 -0.053477
12.610000 -0.161187 -0.055681
12.620000 -0.160622 -0.057869
12.630000 -0.160021 -0.060042
12.640000 -0.159384 -0.062198
12.650000 -0.158712 -0.064337
12.660000 -0.158004 -0.066457
12.670000 -0.157261 -0.068559
12.680000 -0.156484 -0.070642
12.690000 -0.155673 -0.072705
12.700000 -0.154828 -0.074747
12.710000 -0.153949 -0.076768
12.720000 -0.153038 -0.078767
12.730000 -0.152095 -0.080743
12.740000 -0.151119 -0.082697
12.750000 -0.150112 -0.084627
12.760000 -0.149074 -0.086533
12.770000 -0.148006 -0.088414
12.780000 -0.146908 -0.090270
12.790000 -0.145781 -0.092100
12.800000 -0.144624 -0.093904
12.810000 -0.143440 -0.095681
12.820000 -0.142227 -0.097432
12.830000 -0.140988 -0.099154
12.840000 -0.139722 -0.100849
12.850000 -0.138430 -0.102515
12.860000 -0.137112 -0.104152
12.870000 -0.135770 -0.105760
12.880000 -0.134403 -0.107338
12.890000 -0.133013 -0.108887
12.900000 -0.131600 -0.110405
12.910000 -0.130164 -0.111892
12.920000 -0.128707 -0.113348
12.930000 -0.127229 -0.114773
12.940000 -0.125730 -0.116166
12.950000 -0.124211 -0.117528
12.960000 -0.122673 -0.118857
12.970000 -0.121117 -0.120155
12.980000 -0.119543 -0.121419
12.990000 -0.117951 -0.122651
13.000000 -0.116343 -0.123850
13.010000 -0.114719 -0.125016
13.020000 -0.113080 -0.126148
13.030000 -0.111427 -0.127247
13.040000 -0.109759 -0.128313
13.050000 -0.108078 -0.129345
13.060000 -0.106385 -0.130343
13.070000 -0.104680 -0.131307
13.080000 -0.102964 -0.132238
13.090000 -0.101237 -0.133134
13.100000 -0.099500 -0.133997
13.110000 -0.097754 -0.134826
13.120000 -0.095999 -0.135620
13.130000 -0.094236 -0.136381
13.140000 -0.092466 -0.137108
13.150000 -0.090690 -0.137800
13.160000 -0.088908 -0.138459
13.170000 -0.087120 -0.139084
13.180000 -0.085327 -0.139676
13.190000 -0.083531 -0.140234
13.200000 -0.081731 -0.140758
13.210000 -0.079928 -0.141249
13.220000 -0.078124 -0.141707
13.230000 -0.076317 -0.142131
13.240000 -0.074510 -0.142523
13.250000 -0.072702 -0.142882
13.260000 -0.070895 -0.143208
13.270000 -0.069088 -0.143502
13.280000 -0.067283 -0.143764
13.290000 -0.065480 -0.143993
13.300000 -0.063679 -0.144191
13.310000 -0.061882 -0.144358
13.320000 -0.060088 -0.144493
13.330000 -0.058299 -0.144597
13.340000 -0.056514 -0.144671
13.350000 -0.054735 -0.144714
13.360000 -0.052961 -0.144727
13.370000 -0.051194 -0.144710
13.380000 -0.049433 -0.144664
13.390000 -0.047680 -0.144589
13.400000 -0.045935 -0.144484
13.410000 -0.044198 -0.144351
13.420000 -0.042470 -0.144190
13.430000 -0.040751 -0.144002
13.440000 -0.039041 -0.143785
13.450000 -0.037342 -0.143542
13.460000 -0.035653 -0.143272
13.470000 -0.033975 -0.142975
13.480000 -0.032309 -0.142653
13.490000 -0.030654 -0.142305
13.500000 -0.029011 -0.141931
13.510000 -0.027381 -0.141534
13.520000 -0.025763 -0.141111
13.530000 -0.024159 -0.140665
13.540000 -0.022568 -0.140195
13.550000 -0.020992 -0.139703
13.560000 -0.019429 -0.139187
13.570000 -0.017881 -0.138649
13.580000 -0.016347 -0.138090
13.590000 -0.014829 -0.137509
13.600000 -0.013326 -0.136907
13.610000 -0.011838 -0.136285
13.620000 -0.010367 -0.135643
13.630000 -0.008911 -0.134981
13.640000 -0.007472 -0.134300
13.650000 -0.006049 -0.133601
13.660000 -0.004643 -0.132883
13.670000 -0.003254 -0.132147
13.680000 -0.001882 -0.131394
13.690000 -0.000528 -0.130625
13.700000 0.000809 -0.129838
13.710000 0.002129 -0.129036
13.720000 0.003430 -0.128219
13.730000 0.004714 -0.127386
13.740000 0.005980 -0.126539
13.750000 0.007228 -0.125677
13.760000 0.008457 -0.124802
13.770000 0.009668 -0.123914
13.780000 0.010861 -0.123013
13.790000 0.012035 -0.122100
13.800000 0.013191 -0.121174
13.810000 0.014328 -0.120237
13.820000 0.015446 -0.119290
13.830000 0.016546 -0.118331
13.840000 0.017627 -0.117363
13.850000 0.018689 -0.116384
13.860000 0.019733 -0.115397
13.870000 0.020757 -0.114400
13.880000 0.021764 -0.113395
13.890000 0.022751 -0.112382
13.900000 0.023720 -0.111362
13.910000 0.024670 -0.110334
13.920000 0.025602 -0.109299
13.930000 0.026515 -0.108258
13.940000 0.027409 -0.107210
13.950000 0.028285 -0.106158
13.960000 0.029143 -0.105099
13.970000 0.029983 -0.104036
13.980000 0.030804 -0.102969
13.990000 0.031608 -0.101897
14.000000 0.032393 -0.100821
14.010000 0.033161 -0.099742
14.020000 0.033911 -0.098660
14.030000 0.034643 -0.097575
14.040000 0.035358 -0.096487
14.050000 0.036055 -0.095398
14.060000 0.036735 -0.094306
14.070000 0.037399 -0.093213
14.080000 0.038045 -0.092119
14.090000 0.038674 -0.091024
14.100000 0.039287 -0.089929
14.110000 0.039884 -0.088833
14.120000 0.040464 -0.087737
14.130000 0.041028 -0.086642
14.140000 0.041576 -0.085547
14.150000 0.042108 -0.084453
14.160000 0.042625 -0.083360
14.170000 0.043126 -0.082268
14.180000 0.043612 -0.081178
14.190000 0.044084 -0.080089
14.200000 0.044540 -0.079003
14.210000 0.044982 -0.077919
14.220000 0.045409 -0.076837
14.230000 0.045822 -0.075758
14.240000 0.046221 -0.074682
14.250000 0.046607 -0.073609
14.260000 0.046978 -0.072539
14.270000 0.047337 -0.071473
14.280000 0.047682 -0.070410
14.290000 0.048014 -0.069351
14.300000 0.048333 -0.068296
14.310000 0.048640 -0.067245
14.320000 0.048935 -0.066198
14.330000 0.049217 -0.065156
14.340000 0.049488 -0.064118
14.350000 0.049746 -0.063085
14.360000 0.049994 -0.062056
14.370000 0.050230 -0.061033
14.380000 0.050455 -0.060014
14.390000 0.050669 -0.059001
14.400000 0.050872 -0.057993
14.410000 0.051065 -0.056990
14.420000 0.051248 -0.055992
14.430000 0.051421 -0.055000
14.440000 0.051584 -0.054013
14.450000 0.051737 -0.053032
14.460000 0.051881 -0.052057
14.470000 0.052016 -0.051087
14.480000 0.052141 -0.050123
14.490000 0.052258 -0.049165
14.500000 0.052367 -0.048213
14.510000 0.052466 -0.047266
14.520000 0.052558 -0.046326
14.530000 0.052642 -0.045391
14.540000 0.052717 -0.044463
14.550000 0.052785 -0.043540
14.560000 0.052846 -0.042623
14.570000 0.052899 -0.041713
14.580000 0.052945 -0.040808
14.590000 0.052984 -0.039910
14.600000 0.053016 -0.039017
14.610000 0.053042 -0.038131
14.620000 0.053061 -0.037250
14.630000 0.053074 -0.036376
14.640000 0.053080 -0.035507
14.650000 0.053081 -0.034644
14.660000 0.053076 -0.033788
14.670000 0.053065 -0.032937
14.680000 0.053048 -0.032092
14.690000 0.053026 -0.031253
14.700000 0.052998 -0.030420
14.710000 0.052965 -0.029592
14.720000 0.052928 -0.028771
14.730000 0.052885 -0.027955
14.740000 0.052837 -0.027144
14.750000 0.052785 -0.026340
14.760000 0.052728 -0.025540
14.770000 0.052666 -0.024747
14.780000 0.052600 -0.023959
14.790000 0.052530 -0.023176
14.800000 0.052456 -0.022399
14.810000 0.052377 -0.021627
14.820000 0.052294 -0.020860
14.830000 0.052208 -0.020098
14.840000 0.052117 -0.019342
14.850000 0.052023 -0.018591
14.860000 0.051924 -0.017845
14.870000 0.051823 -0.017103
14.880000 0.051717 -0.016367
14.890000 0.051608 -0.015636
14.900000 0.051496 -0.014909
14.910000 0.051380 -0.014188
14.920000 0.051260 -0.013471
14.930000 0.051137 -0.012759
14.940000 0.051011 -0.012051
14.950000 0.050882 -0.011348
14.960000 0.050749 -0.010649
14.970000 0.050613 -0.009955
14.980000 0.050474 -0.009266
14.990000 0.050331 -0.008581
15.000000 0.050186 -0.007900
15.010000 0.050037 -0.007223
15.020000 0.049885 -0.006551
15.030000 0.049730 -0.005882
15.040000 0.049572 -0.005218
15.050000 0.049411 -0.004559
15.060000 0.049247 -0.003903
15.070000 0.049079 -0.003251
15.080000 0.048909 -0.002603
15.090000 0.048735 -0.001959
15.100000 0.048558 -0.001320
15.110000 0.048378 -0.000684
15.120000 0.048195 -0.000052
15.130000 0.048008 0.000577
15.140000 0.047819 0.001201
15.150000 0.047626 0.001821
15.160000 0.047430 0.002438
15.170000 0.047230 0.003051
15.180000 0.047027 0.003660
15.190000 0.046821 0.004265
15.200000 0.046612 0.004867
15.210000 0.046399 0.005464
15.220000 0.046183 0.006058
15.230000 0.045963 0.006649
15.240000 0.045740 0.007235
15.250000 0.045513 0.007818
15.260000 0.045282 0.008397
15.270000 0.045048 0.008972
15.280000 0.044811 0.009543
15.290000 0.044569 0.010110
15.300000 0.044324 0.010674
15.310000 0.044075 0.011234
15.320000 0.043822 0.011790
15.330000 0.043565 0.012342
15.340000 0.043305 0.012889
15.350000 0.043040 0.013433
15.360000 0.042771 0.013973
15.370000 0.042499 0.014509
15.380000 0.042222 0.015041
15.390000 0.041941 0.015569
15.400000 0.041656 0.016092
15.410000 0.041366 0.016611
15.420000 0.041073 0.017126
15.430000 0.040775 0.017637
15.440000 0.040472 0.018143
15.450000 0.040165 0.018644
15.460000 0.039854 0.019141
15.470000 0.039538 0.019634
15.480000 0.039218 0.020122
15.490000 0.038893 0.020605
15.500000 0.038564 0.021083
15.510000 0.038229 0.021557
15.520000 0.037891 0.022025
15.530000 0.037547 0.022489
15.540000 0.037199 0.022947
15.550000 0.036846 0.023400
15.560000 0.036488 0.023848
15.570000 0.036125 0.024291
15.580000 0.035758 0.024728
15.590000 0.035385 0.025159
15.600000 0.035008 0.025585
15.610000 0.034626 0.026005
15.620000 0.034239 0.026420
15.630000 0.033847 0.026828
15.640000 0.033450 0.027231
15.650000 0.033048 0.027627
15.660000 0.032641 0.028018
15.670000 0.032230 0.028402
15.680000 0.031813 0.028779
15.690000 0.031391 0.029150
15.700000 0.030964 0.029515
15.710000 0.030533 0.029873
15.720000 0.030096 0.030224
15.730000 0.029654 0.030568
15.740000 0.029208 0.030905
15.750000 0.028756 0.031235
15.760000 0.028300 0.031558
15.770000 0.027839 0.031874
15.780000 0.027373 0.032182
15.790000 0.026902 0.032483
15.800000 0.026427 0.032776
15.810000 0.025946 0.033061
15.820000 0.025461 0.033339
15.830000 0.024972 0.033608
15.840000 0.024477 0.033870
15.850000 0.023979 0.034123
15.860000 0.023475 0.034368
15.870000 0.022967 0.034605
15.880000 0.022455 0.034834
15.890000 0.021938 0.035054
15.900000 0.021417 0.035265
15.910000 0.020892 0.035468
15.920000 0.020363 0.035662
15.930000 0.019830 0.035847
15.940000 0.019292 0.036022
15.950000 0.018751 0.036189
15.960000 0.018206 0.036347
15.970000 0.017657 0.036495
15.980000 0.017104 0.036635
15.990000 0.016548 0.036764
16.000000 0.015989 0.036885
16.010000 0.015426 0.036995
16.020000 0.014859 0.037096
16.030000 0.014290 0.037187
16.040000 0.013717 0.037269
16.050000 0.013142 0.037340
16.060000 0.012563 0.037402
16.070000 0.011982 0.037454
16.080000 0.011398 0.037495
16.090000 0.010812 0.037527
16.100000 0.010223 0.037548
16.110000 0.009632 0.037559
16.120000 0.009039 0.037560
16.130000 0.008444 0.037551
16.140000 0.007847 0.037531
16.150000 0.007249 0.037501
16.160000 0.006649 0.037460
16.170000 0.006047 0.037409
16.180000 0.005444 0.037348
16.190000 0.004840 0.037275
16.200000 0.004235 0.037193
16.210000 0.003629 0.037100
16.220000 0.003022 0.036996
16.230000 0.002415 0.036881
16.240000 0.001808 0.036756
16.250000 0.001200 0.036621
16.260000 0.000592 0.036474
16.270000 -0.000015 0.036318
16.280000 -0.000623 0.036150
16.290000 -0.001229 0.035972
16.300000 -0.001836 0.035784
16.310000 -0.002441 0.035584
16.320000 -0.003046 0.035375
16.330000 -0.003649 0.035154
16.340000 -0.004251 0.034924
16.350000 -0.004852 0.034683
16.360000 -0.005451 0.034431
16.370000 -0.006048 0.034169
16.380000 -0.006643 0.033897
16.390000 -0.007236 0.033614
16.400000 -0.007826 0.033321
16.410000 -0.008414 0.033019
16.420000 -0.008999 0.032706
16.430000 -0.009582 0.032382
16.440000 -0.010161 0.032049
16.450000 -0.010737 0.031707
16.460000 -0.011309 0.031354
16.470000 -0.011878 0.030991
16.480000 -0.012442 0.030619
16.490000 -0.013003 0.030238
16.500000 -0.013560 0.029846
16.510000 -0.014112 0.029446
16.520000 -0.014659 0.029036
16.530000 -0.015202 0.028617
16.540000 -0.015740 0.028189
16.550000 -0.016272 0.027753
16.560000 -0.016799 0.027307
16.570000 -0.017321 0.026852
16.580000 -0.017837 0.026390
16.590000 -0.018347 0.025918
16.600000 -0.018851 0.025439
16.610000 -0.019349 0.024951
16.620000 -0.019840 0.024455
16.630000 -0.020325 0.023951
16.640000 -0.020803 0.023440
16.650000 -0.021274 0.022921
16.660000 -0.021738 0.022394
16.670000 -0.022194 0.021860
16.680000 -0.022644 0.021319
16.690000 -0.023085 0.020772
16.700000 -0.023519 0.020217
16.710000 -0.023944 0.019656
16.720000 -0.024362 0.019088
16.730000 -0.024771 0.018514
16.740000 -0.025172 0.017934
16.750000 -0.025564 0.017349
16.760000 -0.025948 0.016757
16.770000 -0.026322 0.016160
16.780000 -0.026688 0.015557
16.790000 -0.027044 0.014950
16.800000 -0.027391 0.014337
16.810000 -0.027728 0.013720
16.820000 -0.028056 0.013098
16.830000 -0.028374 0.012472
16.840000 -0.028682 0.011842
16.850000 -0.028980 0.011208
16.860000 -0.029268 0.010570
16.870000 -0.029546 0.009928
16.880000 -0.029813 0.009284
16.890000 -0.030070 0.008636
16.900000 -0.030316 0.007985
16.910000 -0.030552 0.007332
16.920000 -0.030776 0.006676
16.930000 -0.030990 0.006018
16.940000 -0.031193 0.005358
16.950000 -0.031384 0.004696
16.960000 -0.031564 0.004033
16.970000 -0.031733 0.003368
16.980000 -0.031891 0.002702
16.990000 -0.032037 0.002036
17.000000 -0.032172 0.001368
17.010000 -0.032295 0.000701
17.020000 -0.032406 0.000033
17.030000 -0.032506 -0.000635
17.040000 -0.032594 -0.001303
17.050000 -0.032670 -0.001970
17.060000 -0.032734 -0.002636
17.070000 -0.032786 -0.003301
17.080000 -0.032826 -0.003966
17.090000 -0.032854 -0.004628
17.100000 -0.032870 -0.005290
17.110000 -0.032874 -0.005949
17.120000 -0.032866 -0.006606
17.130000 -0.032846 -0.007261
17.140000 -0.032814 -0.007913
17.150000 -0.032769 -0.008563
17.160000 -0.032713 -0.009209
17.170000 -0.032644 -0.009853
17.180000 -0.032563 -0.010493
17.190000 -0.032470 -0.011129
17.200000 -0.032365 -0.011761
17.210000 -0.032248 -0.012390
17.220000 -0.032119 -0.013013
17.230000 -0.031977 -0.013633
17.240000 -0.031824 -0.014248
17.250000 -0.031659 -0.014857
17.260000 -0.031482 -0.015462
17.270000 -0.031293 -0.016061
17.280000 -0.031092 -0.016655
17.290000 -0.030879 -0.017243
17.300000 -0.030655 -0.017825
17.310000 -0.030419 -0.018400
17.320000 -0.030172 -0.018970
17.330000 -0.029913 -0.019532
17.340000 -0.029642 -0.020088
17.350000 -0.029361 -0.020637
17.360000 -0.029068 -0.021179
17.370000 -0.028764 -0.021714
17.380000 -0.028448 -0.022241
17.390000 -0.028122 -0.022761
17.400000 -0.027786 -0.023272
17.410000 -0.027438 -0.023776
17.420000 -0.027080 -0.024271
17.430000 -0.026711 -0.024758
17.440000 -0.026332 -0.025237
17.450000 -0.025943 -0.025707
17.460000 -0.025543 -0.026168
17.470000 -0.025134 -0.026620
17.480000 -0.024715 -0.027063
17.490000 -0.024286 -0.027497
17.500000 -0.023848 -0.027921
17.510000 -0.023400 -0.028336
17.520000 -0.022943 -0.028741
17.530000 -0.022477 -0.029136
17.540000 -0.022002 -0.029522
17.550000 -0.021518 -0.029897
17.560000 -0.021026 -0.030263
17.570000 -0.020526 -0.030618
17.580000 -0.020017 -0.030962
17.590000 -0.019500 -0.031296
17.600000 -0.018975 -0.031620
17.610000 -0.018443 -0.031933
17.620000 -0.017903 -0.032235
17.630000 -0.017356 -0.032527
17.640000 -0.016802 -0.032807
17.650000 -0.016241 -0.033076
17.660000 -0.015673 -0.033335
17.670000 -0.015099 -0.033582
17.680000 -0.014519 -0.033818
17.690000 -0.013932 -0.034043
17.700000 -0.013340 -0.034256
17.710000 -0.012742 -0.034458
17.720000 -0.012138 -0.034649
17.730000 -0.011530 -0.034828
17.740000 -0.010916 -0.034996
17.750000 -0.010298 -0.035152
17.760000 -0.009675 -0.035297
17.770000 -0.009047 -0.035430
17.780000 -0.008416 -0.035551
17.790000 -0.007781 -0.035661
17.800000 -0.007142 -0.035760
17.810000 -0.006499 -0.035846
17.820000 -0.005854 -0.035921
17.830000 -0.005205 -0.035984
17.840000 -0.004554 -0.036036
17.850000 -0.003900 -0.036076
17.860000 -0.003244 -0.036105
17.870000 -0.002586 -0.036122
17.880000 -0.001927 -0.036127
17.890000 -0.001265 -0.036121
17.900000 -0.000602 -0.036104
17.910000 0.000061 -0.036075
17.920000 0.000726 -0.036034
17.930000 0.001391 -0.035983
17.940000 0.002057 -0.035920
17.950000 0.002723 -0.035845
17.960000 0.003389 -0.035760
17.970000 0.004054 -0.035663
17.980000 0.004719 -0.035556
17.990000 0.005383 -0.035437
18.000000 0.006047 -0.035307
18.010000 0.006709 -0.035167
18.020000 0.007369 -0.035016
18.030000 0.008028 -0.034854
18.040000 0.008685 -0.034682
18.050000 0.009340 -0.034499
18.060000 0.009993 -0.034306
18.070000 0.010643 -0.034102
18.080000 0.011290 -0.033888
18.090000 0.011935 -0.033664
18.100000 0.012576 -0.033431
18.110000 0.013213 -0.033187
18.120000 0.013848 -0.032934
18.130000 0.014478 -0.032671
18.140000 0.015104 -0.032398
18.150000 0.015726 -0.032116
18.160000 0.016344 -0.031825
18.170000 0.016957 -0.031525
18.180000 0.017565 -0.031216
18.190000 0.018168 -0.030898
18.200000 0.018766 -0.030571
18.210000 0.019359 -0.030235
18.220000 0.019946 -0.029892
18.230000 0.020527 -0.029540
18.240000 0.021103 -0.029179
18.250000 0.021672 -0.028811
18.260000 0.022235 -0.028435
18.270000 0.022792 -0.028052
18.280000 0.023342 -0.027660
18.290000 0.023886 -0.027262
18.300000 0.024422 -0.026856
18.310000 0.024952 -0.026443
18.320000 0.025474 -0.026023
18.330000 0.025989 -0.025597
18.340000 0.026496 -0.025164
18.350000 0.026996 -0.024725
18.360000 0.027488 -0.024279
18.370000 0.027973 -0.023827
18.380000 0.028449 -0.023370
18.390000 0.028917 -0.022906
18.400000 0.029377 -0.022438
18.410000 0.029828 -0.021963
18.420000 0.030272 -0.021484
18.430000 0.030706 -0.020999
18.440000 0.031132 -0.020510
18.450000 0.031549 -0.020016
18.460000 0.031958 -0.019518
18.470000 0.032357 -0.019015
18.480000 0.032747 -0.018508
18.490000 0.033129 -0.017996
18.500000 0.033501 -0.017482
18.510000 0.033864 -0.016963
18.520000 0.034217 -0.016441
18.530000 0.034561 -0.015916
18.540000 0.034896 -0.015387
18.550000 0.035221 -0.014856
18.560000 0.035537 -0.014321
18.570000 0.035843 -0.013785
18.580000 0.036140 -0.013245
18.590000 0.036427 -0.012704
18.600000 0.036704 -0.012160
18.610000 0.036972 -0.011614
18.620000 0.037230 -0.011067
18.630000 0.037478 -0.010518
18.640000 0.037716 -0.009967
18.650000 0.037944 -0.009415
18.660000 0.038163 -0.008862
18.670000 0.038372 -0.008308
18.680000 0.038571 -0.007753
18.690000 0.038760 -0.007198
18.700000 0.038939 -0.006642
18.710000 0.039109 -0.006086
18.720000 0.039269 -0.005529
18.730000 0.039419 -0.004973
18.740000 0.039559 -0.004417
18.750000 0.039690 -0.003860
18.760000 0.039811 -0.003305
18.770000 0.039922 -0.002749
18.780000 0.040024 -0.002195
18.790000 0.040116 -0.001641
18.800000 0.040198 -0.001089
18.810000 0.040271 -0.000537
18.820000 0.040335 0.000013
18.830000 0.040389 0.000562
18.840000 0.040434 0.001110
18.850000 0.040469 0.001656
18.860000 0.040495 0.002200
18.870000 0.040512 0.002742
18.880000 0.040520 0.003282
18.890000 0.040519 0.003821
18.900000 0.040509 0.004356
18.910000 0.040490 0.004890
18.920000 0.040462 0.005421
18.930000 0.040425 0.005950
18.940000 0.040380 0.006475
18.950000 0.040326 0.006999
18.960000 0.040264 0.007519
18.970000 0.040193 0.008036
18.980000 0.040114 0.008550
18.990000 0.040026 0.009061
19.000000 0.039930 0.009568
19.010000 0.039826 0.010073
19.020000 0.039715 0.010573
19.030000 0.039595 0.011071
19.040000 0.039467 0.011564
19.050000 0.039332 0.012054
19.060000 0.039189 0.012540
19.070000 0.039039 0.013022
19.080000 0.038881 0.013500
19.090000 0.038716 0.013975
19.100000 0.038544 0.014445
19.110000 0.038364 0.014911
19.120000 0.038178 0.015372
19.130000 0.037985 0.015830
19.140000 0.037785 0.016283
19.150000 0.037578 0.016732
19.160000 0.037364 0.017176
19.170000 0.037145 0.017615
19.180000 0.036918 0.018050
19.190000 0.036686 0.018481
19.200000 0.036447 0.018906
19.210000 0.036203 0.019327
19.220000 0.035952 0.019743
19.230000 0.035696 0.020155
19.240000 0.035434 0.020561
19.250000 0.035166 0.020963
19.260000 0.034893 0.021359
19.270000 0.034614 0.021751
19.280000 0.034330 0.022137
19.290000 0.034041 0.022519
19.300000 0.033747 0.022895
19.310000 0.033448 0.023267
19.320000 0.033144 0.023633
19.330000 0.032836 0.023994
19.340000 0.032522 0.024349
19.350000 0.032204 0.024700
19.360000 0.031882 0.025045
19.370000 0.031556 0.025385
19.380000 0.031225 0.025720
19.390000 0.030890 0.026049
19.400000 0.030551 0.026373
19.410000 0.030208 0.026692
19.420000 0.029862 0.027005
19.430000 0.029511 0.027313
19.440000 0.029157 0.027616
19.450000 0.028800 0.027913
19.460000 0.028439 0.028205
19.470000 0.028075 0.028491
19.480000 0.027707 0.028772
19.490000 0.027337 0.029048
19.500000 0.026963 0.029318
19.510000 0.026586 0.029583
19.520000 0.026207 0.029842
19.530000 0.025825 0.030095
19.540000 0.025440 0.030344
19.550000 0.025052 0.030587
19.560000 0.024662 0.030824
19.570000 0.024270 0.031056
19.580000 0.023875 0.031282
19.590000 0.023478 0.031503
19.600000 0.023079 0.031719
19.610000 0.022678 0.031929
19.620000 0.022275 0.032133
19.630000 0.021870 0.032332
19.640000 0.021463 0.032526
19.650000 0.021054 0.032714
19.660000 0.020644 0.032897
19.670000 0.020232 0.033074
19.680000 0.019819 0.033246
19.690000 0.019404 0.033413
19.700000 0.018987 0.033574
19.710000 0.018570 0.033729
19.720000 0.018151 0.033880
19.730000 0.017731 0.034024
19.740000 0.017310 0.034164
19.750000 0.016888 0.034298
19.760000 0.016465 0.034426
19.770000 0.016041 0.034549
19.780000 0.015616 0.034667
19.790000 0.015190 0.034780
19.800000 0.014764 0.034887
19.810000 0.014337 0.034988
19.820000 0.013910 0.035085
19.830000 0.013482 0.035176
19.840000 0.013054 0.035261
19.850000 0.012625 0.035342
19.860000 0.012196 0.035417
19.870000 0.011767 0.035486
19.880000 0.011337 0.035551
19.890000 0.010908 0.035610
19.900000 0.010478 0.035663
19.910000 0.010048 0.035712
19.920000 0.009619 0.035755
19.930000 0.009189 0.035793
19.940000 0.008760 0.035826
19.950000 0.008331 0.035853
19.960000 0.007902 0.035875
19.970000 0.007474 0.035892
19.980000 0.007046 0.035904
19.990000 0.006618 0.035911
20.000000 0.006191 0.035912
20.010000 0.005764 0.035908
20.020000 0.005338 0.035899
20.030000 0.004913 0.035885
20.040000 0.004489 0.035866
20.050000 0.004065 0.035841
20.060000 0.003642 0.035812
20.070000 0.003220 0.035777
20.080000 0.002799 0.035737
20.090000 0.002379 0.035692
20.100000 0.001960 0.035642
20.110000 0.001542 0.035587
20.120000 0.001126 0.035527
20.130000 0.000710 0.035462
20.140000 0.000296 0.035392
20.150000 -0.000116 0.035316
20.160000 -0.000528 0.035236
20.170000 -0.000938 0.035151
20.180000 -0.001346 0.035061
20.190000 -0.001753 0.034966
20.200000 -0.002158 0.034866
20.210000 -0.002561 0.034761
20.220000 -0.002963 0.034651
20.230000 -0.003363 0.034537
20.240000 -0.003761 0.034417
20.250000 -0.004157 0.034293
20.260000 -0.004551 0.034164
20.270000 -0.004943 0.034030
20.280000 -0.005333 0.033892
20.290000 -0.005721 0.033748
20.300000 -0.006107 0.033600
20.310000 -0.006490 0.033448
20.320000 -0.006871 0.033290
20.330000 -0.007250 0.033128
20.340000 -0.007626 0.032962
20.350000 -0.008000 0.032791
20.360000 -0.008371 0.032615
20.370000 -0.008739 0.032435
20.380000 -0.009105 0.032251
20.390000 -0.009468 0.032062
20.400000 -0.009829 0.031868
20.410000 -0.010186 0.031671
20.420000 -0.010540 0.031469
20.430000 -0.010892 0.031262
20.440000 -0.011240 0.031052
20.450000 -0.011586 0.030837
20.460000 -0.011928 0.030618
20.470000 -0.012267 0.030395
20.480000 -0.012603 0.030168
20.490000 -0.012935 0.029937
20.500000 -0.013264 0.029702
20.510000 -0.013589 0.029464
20.520000 -0.013911 0.029221
20.530000 -0.014229 0.028974
20.540000 -0.014544 0.028724
20.550000 -0.014855 0.028470
20.560000 -0.015162 0.028212
20.570000 -0.015466 0.027951
20.580000 -0.015765 0.027686
20.590000 -0.016061 0.027418
20.600000 -0.016353 0.027146
20.610000 -0.016640 0.026871
20.620000 -0.016924 0.026593
20.630000 -0.017203 0.026311
20.640000 -0.017478 0.026026
20.650000 -0.017749 0.025738
20.660000 -0.018016 0.025448
20.670000 -0.018278 0.025154
20.680000 -0.018536 0.024857
20.690000 -0.018789 0.024557
20.700000 -0.019038 0.024255
20.710000 -0.019282 0.023950
20.720000 -0.019522 0.023642
20.730000 -0.019757 0.023332
20.740000 -0.019987 0.023020
20.750000 -0.020213 0.022705
20.760000 -0.020433 0.022387
20.770000 -0.020649 0.022068
20.780000 -0.020860 0.021746
20.790000 -0.021067 0.021423
20.800000 -0.021268 0.021097
20.810000 -0.021464 0.020770
20.820000 -0.021655 0.020440
20.830000 -0.021841 0.020109
20.840000 -0.022022 0.019777
20.850000 -0.022198 0.019443
20.860000 -0.022369 0.019107
20.870000 -0.022534 0.018770
20.880000 -0.022695 0.018432
20.890000 -0.022850 0.018093
20.900000 -0.023000 0.017752
20.910000 -0.023144 0.017411
20.920000 -0.023283 0.017068
20.930000 -0.023417 0.016725
20.940000 -0.023546 0.016382
20.950000 -0.023669 0.016037
20.960000 -0.023787 0.015692
20.970000 -0.023899 0.015347
20.980000 -0.024006 0.015001
20.990000 -0.024108 0.014655
21.000000 -0.024204 0.014309
21.010000 -0.024294 0.013963
21.020000 -0.024380 0.013617
21.030000 -0.024460 0.013271
21.040000 -0.024534 0.012925
21.050000 -0.024603 0.012580
21.060000 -0.024667 0.012235
21.070000 -0.024725 0.011891
21.080000 -0.024778 0.011547
21.090000 -0.024825 0.011204
21.100000 -0.024867 0.010862
21.110000 -0.024903 0.010520
21.120000 -0.024935 0.010180
21.130000 -0.024961 0.009841
21.140000 -0.024981 0.009503
21.150000 -0.024997 0.009167
21.160000 -0.025007 0.008831
21.170000 -0.025011 0.008498
21.180000 -0.025011 0.008165
21.190000 -0.025005 0.007835
21.200000 -0.024994 0.007506
21.210000 -0.024979 0.007179
21.220000 -0.024958 0.006854
21.230000 -0.024932 0.006531
21.240000 -0.024901 0.006210
21.250000 -0.024865 0.005892
21.260000 -0.024824 0.005575
21.270000 -0.024778 0.005261
21.280000 -0.024727 0.004950
21.290000 -0.024672 0.004641
21.300000 -0.024612 0.004334
21.310000 -0.024547 0.004031
21.320000 -0.024477 0.003730
21.330000 -0.024404 0.003431
21.340000 -0.024325 0.003136
21.350000 -0.024242 0.002844
21.360000 -0.024155 0.002555
21.370000 -0.024063 0.002269
21.380000 -0.023967 0.001986
21.390000 -0.023867 0.001706
21.400000 -0.023763 0.001430
21.410000 -0.023655 0.001157
21.420000 -0.023543 0.000887
21.430000 -0.023427 0.000621
21.440000 -0.023307 0.000359
21.450000 -0.023183 0.000100
21.460000 -0.023056 -0.000155
21.470000 -0.022925 -0.000406
21.480000 -0.022791 -0.000654
21.490000 -0.022653 -0.000898
21.500000 -0.022512 -0.001138
21.510000 -0.022367 -0.001374
21.520000 -0.022220 -0.001606
21.530000 -0.022069 -0.001834
21.540000 -0.021915 -0.002058
21.550000 -0.021758 -0.002278
21.560000 -0.021599 -0.002494
21.570000 -0.021437 -0.002706
21.580000 -0.021272 -0.002913
21.590000 -0.021104 -0.003117
21.600000 -0.020934 -0.003316
21.610000 -0.020762 -0.003511
21.620000 -0.020587 -0.003702
21.630000 -0.020410 -0.003888
21.640000 -0.020231 -0.004071
21.650000 -0.020050 -0.004249
21.660000 -0.019867 -0.004422
21.670000 -0.019682 -0.004591
21.680000 -0.019496 -0.004756
21.690000 -0.019307 -0.004917
21.700000 -0.019118 -0.005073
21.710000 -0.018926 -0.005225
21.720000 -0.018734 -0.005373
21.730000 -0.018540 -0.005517
21.740000 -0.018345 -0.005656
21.750000 -0.018149 -0.005790
21.760000 -0.017951 -0.005921
21.770000 -0.017753 -0.006047
21.780000 -0.017554 -0.006169
21.790000 -0.017355 -0.006287
21.800000 -0.017154 -0.006400
21.810000 -0.016953 -0.006509
21.820000 -0.016752 -0.006615
21.830000 -0.016550 -0.006716
21.840000 -0.016349 -0.006812
21.850000 -0.016146 -0.006905
21.860000 -0.015944 -0.006994
21.870000 -0.015742 -0.007079
21.880000 -0.015540 -0.007159
21.890000 -0.015337 -0.007236
21.900000 -0.015136 -0.007309
21.910000 -0.014934 -0.007378
21.920000 -0.014733 -0.007443
21.930000 -0.014532 -0.007504
21.940000 -0.014332 -0.007562
21.950000 -0.014132 -0.007616
21.960000 -0.013934 -0.007666
21.970000 -0.013735 -0.007713
21.980000 -0.013538 -0.007756
21.990000 -0.013342 -0.007796
22.000000 -0.013146 -0.007832
22.010000 -0.012952 -0.007865
22.020000 -0.012759 -0.007895
22.030000 -0.012567 -0.007922
22.040000 -0.012376 -0.007945
22.050000 -0.012187 -0.007965
22.060000 -0.011998 -0.007982
22.070000 -0.011812 -0.007997
22.080000 -0.011627 -0.008008
22.090000 -0.011443 -0.008016
22.100000 -0.011261 -0.008022
22.110000 -0.011080 -0.008025
22.120000 -0.010901 -0.008025
22.130000 -0.010724 -0.008023
22.140000 -0.010549 -0.008018
22.150000 -0.010375 -0.008011
22.160000 -0.010204 -0.008002
22.170000 -0.010034 -0.007990
22.180000 -0.009866 -0.007976
22.190000 -0.009700 -0.007960
22.200000 -0.009537 -0.007942
22.210000 -0.009375 -0.007922
22.220000 -0.009215 -0.007900
22.230000 -0.009057 -0.007876
22.240000 -0.008902 -0.007851
22.250000 -0.008748 -0.007824
22.260000 -0.008597 -0.007795
22.270000 -0.008448 -0.007765
22.280000 -0.008301 -0.007733
22.290000 -0.008157 -0.007700
22.300000 -0.008014 -0.007665
22.310000 -0.007874 -0.007630
22.320000 -0.007736 -0.007593
22.330000 -0.007600 -0.007556
22.340000 -0.007467 -0.007517
22.350000 -0.007336 -0.007477
22.360000 -0.007207 -0.007437
22.370000 -0.007080 -0.007396
22.380000 -0.006956 -0.007354
22.390000 -0.006834 -0.007312
22.400000 -0.006714 -0.007269
22.410000 -0.006596 -0.007225
22.420000 -0.006481 -0.007182
22.430000 -0.006368 -0.007137
22.440000 -0.006257 -0.007093
22.450000 -0.006148 -0.007049
22.460000 -0.006041 -0.007004
22.470000 -0.005937 -0.006959
22.480000 -0.005835 -0.006915
22.490000 -0.005735 -0.006870
22.500000 -0.005637 -0.006826
22.510000 -0.005541 -0.006782
22.520000 -0.005447 -0.006738
22.530000 -0.005355 -0.006694
22.540000 -0.005265 -0.006651
22.550000 -0.005177 -0.006608
22.560000 -0.005091 -0.006566
22.570000 -0.005006 -0.006525
22.580000 -0.004924 -0.006484
22.590000 -0.004844 -0.006443
22.600000 -0.004765 -0.006404
22.610000 -0.004688 -0.006365
22.620000 -0.004613 -0.006327
22.630000 -0.004539 -0.006290
22.640000 -0.004467 -0.006254
22.650000 -0.004397 -0.006219
22.660000 -0.004328 -0.006184
22.670000 -0.004260 -0.006151
22.680000 -0.004195 -0.006119
22.690000 -0.004130 -0.006088
22.700000 -0.004067 -0.006058
22.710000 -0.004005 -0.006030
22.720000 -0.003944 -0.006002
22.730000 -0.003885 -0.005976
22.740000 -0.003827 -0.005951
22.750000 -0.003770 -0.005927
22.760000 -0.003713 -0.005905
22.770000 -0.003658 -0.005884
22.780000 -0.003604 -0.005864
22.790000 -0.003551 -0.005846
22.800000 -0.003499 -0.005829
22.810000 -0.003447 -0.005814
22.820000 -0.003396 -0.005800
22.830000 -0.003346 -0.005788
22.840000 -0.003297 -0.005777
22.850000 -0.003248 -0.005767
22.860000 -0.003199 -0.005759
22.870000 -0.003151 -0.005753
22.880000 -0.003104 -0.005747
22.890000 -0.003057 -0.005744
22.900000 -0.003010 -0.005742
22.910000 -0.002963 -0.005741
22.920000 -0.002917 -0.005742
22.930000 -0.002871 -0.005744
22.940000 -0.002825 -0.005748
22.950000 -0.002779 -0.005754
22.960000 -0.002733 -0.005760
22.970000 -0.002687 -0.005769
22.980000 -0.002641 -0.005778
22.990000 -0.002595 -0.005789
23.000000 -0.002548 -0.005802
23.010000 -0.002501 -0.005816
23.020000 -0.002454 -0.005831
23.030000 -0.002407 -0.005848
23.040000 -0.002360 -0.005866
23.050000 -0.002311 -0.005885
23.060000 -0.002263 -0.005905
23.070000 -0.002214 -0.005927
23.080000 -0.002164 -0.005950
23.090000 -0.002114 -0.005974
23.100000 -0.002063 -0.006000
23.110000 -0.002012 -0.006026
23.120000 -0.001959 -0.006054
23.130000 -0.001906 -0.006082
23.140000 -0.001853 -0.006112
23.150000 -0.001798 -0.006143
23.160000 -0.001743 -0.006175
23.170000 -0.001686 -0.006207
23.180000 -0.001629 -0.006241
23.190000 -0.001571 -0.006275
23.200000 -0.001511 -0.006310
23.210000 -0.001451 -0.006346
23.220000 -0.001390 -0.006383
23.230000 -0.001328 -0.006420
23.240000 -0.001264 -0.006458
23.250000 -0.001200 -0.006497
23.260000 -0.001134 -0.006536
23.270000 -0.001067 -0.006576
23.280000 -0.000999 -0.006616
23.290000 -0.000930 -0.006657
23.300000 -0.000860 -0.006698
23.310000 -0.000788 -0.006739
23.320000 -0.000715 -0.006780
23.330000 -0.000641 -0.006822
23.340000 -0.000566 -0.006864
23.350000 -0.000489 -0.006906
23.360000 -0.000411 -0.006948
23.370000 -0.000332 -0.006990
23.380000 -0.000252 -0.007032
23.390000 -0.000170 -0.007074
23.400000 -0.000087 -0.007116
23.410000 -0.000003 -0.007157
23.420000 0.000083 -0.007199
23.430000 0.000170 -0.007240
23.440000 0.000258 -0.007281
23.450000 0.000348 -0.007321
23.460000 0.000438 -0.007361
23.470000 0.000530 -0.007401
23.480000 0.000624 -0.007440
23.490000 0.000718 -0.007478
23.500000 0.000814 -0.007516
23.510000 0.000911 -0.007553
23.520000 0.001009 -0.007589
23.530000 0.001109 -0.007625
23.540000 0.001209 -0.007659
23.550000 0.001311 -0.007693
23.560000 0.001414 -0.007726
23.570000 0.001518 -0.007758
23.580000 0.001623 -0.007789
23.590000 0.001730 -0.007819
23.600000 0.001837 -0.007848
23.610000 0.001945 -0.007875
23.620000 0.002055 -0.007902
23.630000 0.002165 -0.007927
23.640000 0.002276 -0.007951
23.650000 0.002389 -0.007973
23.660000 0.002502 -0.007995
23.670000 0.002616 -0.008014
23.680000 0.002730 -0.008033
23.690000 0.002846 -0.008050
23.700000 0.002962 -0.008065
23.710000 0.003079 -0.008079
23.720000 0.003197 -0.008091
23.730000 0.003315 -0.008102
23.740000 0.003434 -0.008111
23.750000 0.003554 -0.008118
23.760000 0.003674 -0.008124
23.770000 0.003795 -0.008128
23.780000 0.003916 -0.008130
23.790000 0.004037 -0.008130
23.800000 0.004159 -0.008129
23.810000 0.004281 -0.008125
23.820000 0.004404 -0.008120
23.830000 0.004527 -0.008113
23.840000 0.004649 -0.008104
23.850000 0.004773 -0.008093
23.860000 0.004896 -0.008080
23.870000 0.005019 -0.008065
23.880000 0.005142 -0.008048
23.890000 0.005265 -0.008029
23.900000 0.005389 -0.008008
23.910000 0.005512 -0.007985
23.920000 0.005634 -0.007960
23.930000 0.005757 -0.007933
23.940000 0.005880 -0.007904
23.950000 0.006002 -0.007873
23.960000 0.006123 -0.007840
23.970000 0.006245 -0.007805
23.980000 0.006365 -0.007767
23.990000 0.006486 -0.007728
24.000000 0.006606 -0.007686
24.010000 0.006725 -0.007643
24.020000 0.006843 -0.007597
24.030000 0.006961 -0.007549
24.040000 0.007078 -0.007499
24.050000 0.007195 -0.007447
24.060000 0.007310 -0.007393
24.070000 0.007425 -0.007337
24.080000 0.007539 -0.007279
24.090000 0.007652 -0.007218
24.100000 0.007763 -0.007156
24.110000 0.007874 -0.007092
24.120000 0.007984 -0.007026
24.130000 0.008092 -0.006957
24.140000 0.008200 -0.006887
24.150000 0.008306 -0.006815
24.160000 0.008410 -0.006741
24.170000 0.008514 -0.006664
24.180000 0.008616 -0.006586
24.190000 0.008717 -0.006507
24.200000 0.008816 -0.006425
24.210000 0.008914 -0.006341
24.220000 0.009010 -0.006256
24.230000 0.009105 -0.006169
24.240000 0.009198 -0.006080
24.250000 0.009290 -0.005989
24.260000 0.009379 -0.005897
24.270000 0.009468 -0.005803
24.280000 0.009554 -0.005707
24.290000 0.009639 -0.005610
24.300000 0.009722 -0.005511
24.310000 0.009803 -0.005410
24.320000 0.009882 -0.005308
24.330000 0.009959 -0.005205
24.340000 0.010035 -0.005100
24.350000 0.010108 -0.004994
24.360000 0.010180 -0.004886
24.370000 0.010249 -0.004777
24.380000 0.010316 -0.004667
24.390000 0.010382 -0.004555
24.400000 0.010445 -0.004443
24.410000 0.010506 -0.004329
24.420000 0.010566 -0.004214
24.430000 0.010623 -0.004097
24.440000 0.010677 -0.003980
24.450000 0.010730 -0.003862
24.460000 0.010781 -0.003743
24.470000 0.010829 -0.003622
24.480000 0.010875 -0.003501
24.490000 0.010919 -0.003379
24.500000 0.010960 -0.003257
24.510000 0.011000 -0.003133
24.520000 0.011037 -0.003009
24.530000 0.011071 -0.002884
24.540000 0.011104 -0.002759
24.550000 0.011134 -0.002633
24.560000 0.011162 -0.002506
24.570000 0.011187 -0.002379
24.580000 0.011211 -0.002252
24.590000 0.011232 -0.002124
24.600000 0.011250 -0.001996
24.610000 0.011267 -0.001867
24.620000 0.011281 -0.001738
24.630000 0.011292 -0.001609
24.640000 0.011302 -0.001480
24.650000 0.011309 -0.001351
24.660000 0.011313 -0.001221
24.670000 0.011316 -0.001092
24.680000 0.011316 -0.000963
24.690000 0.011314 -0.000833
24.700000 0.011309 -0.000704
24.710000 0.011303 -0.000575
24.720000 0.011294 -0.000446
24.730000 0.011282 -0.000317
24.740000 0.011269 -0.000189
24.750000 0.011253 -0.000061
24.760000 0.011235 0.000067
24.770000 0.011215 0.000194
24.780000 0.011193 0.000321
24.790000 0.011169 0.000447
24.800000 0.011142 0.000573
24.810000 0.011113 0.000698
24.820000 0.011082 0.000823
24.830000 0.011049 0.000947
24.840000 0.011014 0.001070
24.850000 0.010977 0.001193
24.860000 0.010938 0.001314
24.870000 0.010897 0.001435
24.880000 0.010854 0.001556
24.890000 0.010809 0.001675
24.900000 0.010762 0.001793
24.910000 0.010713 0.001910
24.920000 0.010663 0.002027
24.930000 0.010610 0.002142
24.940000 0.010556 0.002256
24.950000 0.010500 0.002369
24.960000 0.010442 0.002482
24.970000 0.010382 0.002592
24.980000 0.010320 0.002702
24.990000 0.010257 0.002811
25.000000 0.010193 0.002918
25.010000 0.010126 0.003024
25.020000 0.010058 0.003129
25.030000 0.009989 0.003232
25.040000 0.009918 0.003334
25.050000 0.009846 0.003435
25.060000 0.009772 0.003534
25.070000 0.009696 0.003632
25.080000 0.009620 0.003728
25.090000 0.009542 0.003823
25.100000 0.009462 0.003916
25.110000 0.009382 0.004008
25.120000 0.009300 0.004099
25.130000 0.009217 0.004187
25.140000 0.009132 0.004275
25.150000 0.009047 0.004360
25.160000 0.008961 0.004444
25.170000 0.008873 0.004527
25.180000 0.008785 0.004608
25.190000 0.008695 0.004687
25.200000 0.008605 0.004765
25.210000 0.008513 0.004840
25.220000 0.008421 0.004915
25.230000 0.008328 0.004987
25.240000 0.008234 0.005058
25.250000 0.008139 0.005127
25.260000 0.008044 0.005195
25.270000 0.007948 0.005260
25.280000 0.007851 0.005324
25.290000 0.007754 0.005387
25.300000 0.007656 0.005447
25.310000 0.007557 0.005506
25.320000 0.007458 0.005563
25.330000 0.007359 0.005619
25.340000 0.007259 0.005672
25.350000 0.007159 0.005724
25.360000 0.007058 0.005774
25.370000 0.006957 0.005823
25.380000 0.006856 0.005869
25.390000 0.006754 0.005914
25.400000 0.006653 0.005958
25.410000 0.006551 0.005999
25.420000 0.006449 0.006039
25.430000 0.006347 0.006077
25.440000 0.006244 0.006113
25.450000 0.006142 0.006148
25.460000 0.006040 0.006181
25.470000 0.005937 0.006212
25.480000 0.005835 0.006242
25.490000 0.005733 0.006270
25.500000 0.005631 0.006296
25.510000 0.005529 0.006321
25.520000 0.005427 0.006344
25.530000 0.005325 0.006366
25.540000 0.005224 0.006386
25.550000 0.005123 0.006404
25.560000 0.005022 0.006421
25.570000 0.004921 0.006436
25.580000 0.004821 0.006450
25.590000 0.004721 0.006462
25.600000 0.004622 0.006472
25.610000 0.004523 0.006482
25.620000 0.004424 0.006489
25.630000 0.004326 0.006495
25.640000 0.004229 0.006500
25.650000 0.004132 0.006504
25.660000 0.004035 0.006505
25.670000 0.003939 0.006506
25.680000 0.003844 0.006505
25.690000 0.003749 0.006503
25.700000 0.003655 0.006500
25.710000 0.003561 0.006495
25.720000 0.003468 0.006489
25.730000 0.003376 0.006482
25.740000 0.003285 0.006473
25.750000 0.003194 0.006463
25.760000 0.003104 0.006452
25.770000 0.003015 0.006440
25.780000 0.002927 0.006427
25.790000 0.002839 0.006413
25.800000 0.002752 0.006397
25.810000 0.002666 0.006381
25.820000 0.002581 0.006363
25.830000 0.002497 0.006344
25.840000 0.002413 0.006325
25.850000 0.002331 0.006304
25.860000 0.002249 0.006282
25.870000 0.002168 0.006260
25.880000 0.002088 0.006236
25.890000 0.002009 0.006212
25.900000 0.001931 0.006187
25.910000 0.001854 0.006161
25.920000 0.001778 0.006134
25.930000 0.001703 0.006106
25.940000 0.001629 0.006077
25.950000 0.001555 0.006048
25.960000 0.001483 0.006018
25.970000 0.001412 0.005988
25.980000 0.001342 0.005956
25.990000 0.001272 0.005924
26.000000 0.001204 0.005892
26.010000 0.001137 0.005858
26.020000 0.001070 0.005824
26.030000 0.001005 0.005790
26.040000 0.000941 0.005755
26.050000 0.000878 0.005720
26.060000 0.000815 0.005684
26.070000 0.000754 0.005647
26.080000 0.000694 0.005610
26.090000 0.000635 0.005573
26.100000 0.000576 0.005535
26.110000 0.000519 0.005497
26.120000 0.000463 0.005459
26.130000 0.000408 0.005420
26.140000 0.000354 0.005381
26.150000 0.000301 0.005341
26.160000 0.000249 0.005301
26.170000 0.000197 0.005261
26.180000 0.000147 0.005221
26.190000 0.000098 0.005181
26.200000 0.000050 0.005140
26.210000 0.000003 0.005099
26.220000 -0.000044 0.005058
26.230000 -0.000089 0.005017
26.240000 -0.000133 0.004975
26.250000 -0.000176 0.004934
26.260000 -0.000219 0.004892
26.270000 -0.000260 0.004851
26.280000 -0.000301 0.004809
26.290000 -0.000340 0.004767
26.300000 -0.000379 0.004725
26.310000 -0.000417 0.004683
26.320000 -0.000454 0.004642
26.330000 -0.000489 0.004600
26.340000 -0.000524 0.004558
26.350000 -0.000559 0.004516
26.360000 -0.000592 0.004474
26.370000 -0.000624 0.004433
26.380000 -0.000656 0.004391
26.390000 -0.000687 0.004350
26.400000 -0.000717 0.004308
26.410000 -0.000746 0.004267
26.420000 -0.000774 0.004226
26.430000 -0.000801 0.004185
26.440000 -0.000828 0.004144
26.450000 -0.000854 0.004103
26.460000 -0.000879 0.004063
26.470000 -0.000903 0.004022
26.480000 -0.000927 0.003982
26.490000 -0.000950 0.003942
26.500000 -0.000972 0.003902
26.510000 -0.000994 0.003863
26.520000 -0.001014 0.003824
26.530000 -0.001034 0.003784
26.540000 -0.001054 0.003746
26.550000 -0.001072 0.003707
26.560000 -0.001090 0.003668
26.570000 -0.001108 0.003630
26.580000 -0.001125 0.003592
26.590000 -0.001141 0.003555
26.600000 -0.001156 0.003517
26.610000 -0.001171 0.003480
26.620000 -0.001186 0.003444
26.630000 -0.001199 0.003407
26.640000 -0.001212 0.003371
26.650000 -0.001225 0.003335
26.660000 -0.001237 0.003299
26.670000 -0.001249 0.003264
26.680000 -0.001260 0.003229
26.690000 -0.001270 0.003194
26.700000 -0.001280 0.003160
26.710000 -0.001290 0.003126
26.720000 -0.001299 0.003092
26.730000 -0.001308 0.003058
26.740000 -0.001316 0.003025
26.750000 -0.001324 0.002992
26.760000 -0.001331 0.002960
26.770000 -0.001338 0.002927
26.780000 -0.001344 0.002895
26.790000 -0.001351 0.002864
26.800000 -0.001356 0.002832
26.810000 -0.001362 0.002801
26.820000 -0.001367 0.002771
26.830000 -0.001371 0.002740
26.840000 -0.001375 0.002710
26.850000 -0.001379 0.002680
26.860000 -0.001383 0.002651
26.870000 -0.001386 0.002622
26.880000 -0.001389 0.002593
26.890000 -0.001392 0.002564
26.900000 -0.001394 0.002536
26.910000 -0.001396 0.002508
26.920000 -0.001398 0.002480
26.930000 -0.001400 0.002453
26.940000 -0.001401 0.002425
26.950000 -0.001402 0.002399
26.960000 -0.001403 0.002372
26.970000 -0.001404 0.002346
26.980000 -0.001404 0.002320
26.990000 -0.001404 0.002294
27.000000 -0.001404 0.002268
27.010000 -0.001404 0.002243
27.020000 -0.001404 0.002218
27.030000 -0.001403 0.002193
27.040000 -0.001402 0.002169
27.050000 -0.001402 0.002145
27.060000 -0.001400 0.002121
27.070000 -0.001399 0.002097
27.080000 -0.001398 0.002074
27.090000 -0.001396 0.002050
27.100000 -0.001395 0.002027
27.110000 -0.001393 0.002004
27.120000 -0.001391 0.001982
27.130000 -0.001389 0.001959
27.140000 -0.001387 0.001937
27.150000 -0.001384 0.001915
27.160000 -0.001382 0.001893
27.170000 -0.001380 0.001872
27.180000 -0.001377 0.001850
27.190000 -0.001374 0.001829
27.200000 -0.001372 0.001808
27.210000 -0.001369 0.001787
27.220000 -0.001366 0.001767
27.230000 -0.001363 0.001746
27.240000 -0.001360 0.001726
27.250000 -0.001357 0.001706
27.260000 -0.001353 0.001686
27.270000 -0.001350 0.001666
27.280000 -0.001347 0.001646
27.290000 -0.001343 0.001626
27.300000 -0.001340 0.001607
27.310000 -0.001336 0.001588
27.320000 -0.001333 0.001569
27.330000 -0.001329 0.001550
27.340000 -0.001326 0.001531
27.350000 -0.001322 0.001512
27.360000 -0.001318 0.001493
27.370000 -0.001314 0.001475
27.380000 -0.001311 0.001456
27.390000 -0.001307 0.001438
27.400000 -0.001303 0.001420
27.410000 -0.001299 0.001402
27.420000 -0.001295 0.001384
27.430000 -0.001291 0.001366
27.440000 -0.001287 0.001348
27.450000 -0.001283 0.001330
27.460000 -0.001279 0.001313
27.470000 -0.001275 0.001295
27.480000 -0.001271 0.001278
27.490000 -0.001267 0.001261
27.500000 -0.001262 0.001243
27.510000 -0.001258 0.001226
27.520000 -0.001254 0.001209
27.530000 -0.001250 0.001192
27.540000 -0.001245 0.001175
27.550000 -0.001241 0.001158
27.560000 -0.001237 0.001142
27.570000 -0.001232 0.001125
27.580000 -0.001228 0.001108
27.590000 -0.001223 0.001092
27.600000 -0.001219 0.001075
27.610000 -0.001214 0.001059
27.620000 -0.001210 0.001042
27.630000 -0.001205 0.001026
27.640000 -0.001200 0.001010
27.650000 -0.001196 0.000994
27.660000 -0.001191 0.000978
27.670000 -0.001186 0.000962
27.680000 -0.001182 0.000946
27.690000 -0.001177 0.000930
27.700000 -0.001172 0.000914
27.710000 -0.001167 0.000898
27.720000 -0.001162 0.000882
27.730000 -0.001157 0.000867
27.740000 -0.001152 0.000851
27.750000 -0.001147 0.000836
27.760000 -0.001142 0.000820
27.770000 -0.001137 0.000805
27.780000 -0.001131 0.000790
27.790000 -0.001126 0.000774
27.800000 -0.001121 0.000759
27.810000 -0.001116 0.000744
27.820000 -0.001110 0.000729
27.830000 -0.001105 0.000714
27.840000 -0.001099 0.000699
27.850000 -0.001094 0.000685
27.860000 -0.001088 0.000670
27.870000 -0.001082 0.000655
27.880000 -0.001077 0.000641
27.890000 -0.001071 0.000626
27.900000 -0.001065 0.000612
27.910000 -0.001059 0.000597
27.920000 -0.001053 0.000583
27.930000 -0.001047 0.000569
27.940000 -0.001041 0.000555
27.950000 -0.001035 0.000541
27.960000 -0.001029 0.000527
27.970000 -0.001022 0.000514
27.980000 -0.001016 0.000500
27.990000 -0.001010 0.000486
28.000000 -0.001003 0.000473
28.010000 -0.000997 0.000459
28.020000 -0.000990 0.000446
28.030000 -0.000983 0.000433
28.040000 -0.000977 0.000420
28.050000 -0.000970 0.000407
28.060000 -0.000963 0.000394
28.070000 -0.000956 0.000382
28.080000 -0.000949 0.000369
28.090000 -0.000942 0.000357
28.100000 -0.000935 0.000344
28.110000 -0.000928 0.000332
28.120000 -0.000920 0.000320
28.130000 -0.000913 0.000308
28.140000 -0.000906 0.000296
28.150000 -0.000898 0.000284
28.160000 -0.000891 0.000273
28.170000 -0.000883 0.000261
28.180000 -0.000876 0.000250
28.190000 -0.000868 0.000239
28.200000 -0.000860 0.000228
28.210000 -0.000852 0.000217
28.220000 -0.000845 0.000206
28.230000 -0.000837 0.000196
28.240000 -0.000829 0.000185
28.250000 -0.000821 0.000175
28.260000 -0.000813 0.000165
28.270000 -0.000805 0.000155
28.280000 -0.000796 0.000145
28.290000 -0.000788 0.000135
28.300000 -0.000780 0.000126
28.310000 -0.000772 0.000116
28.320000 -0.000763 0.000107
28.330000 -0.000755 0.000098
28.340000 -0.000747 0.000089
28.350000 -0.000738 0.000081
28.360000 -0.000730 0.000072
28.370000 -0.000721 0.000064
28.380000 -0.000712 0.000055
28.390000 -0.000704 0.000047
28.400000 -0.000695 0.000040
28.410000 -0.000687 0.000032
28.420000 -0.000678 0.000024
28.430000 -0.000669 0.000017
28.440000 -0.000660 0.000010
28.450000 -0.000652 0.000003
28.460000 -0.000643 -0.000004
28.470000 -0.000634 -0.000011
28.480000 -0.000625 -0.000017
28.490000 -0.000617 -0.000024
28.500000 -0.000608 -0.000030
28.510000 -0.000599 -0.000036
28.520000 -0.000590 -0.000042
28.530000 -0.000581 -0.000048
28.540000 -0.000573 -0.000053
28.550000 -0.000564 -0.000058
28.560000 -0.000555 -0.000064
28.570000 -0.000546 -0.000069
28.580000 -0.000537 -0.000073
28.590000 -0.000529 -0.000078
28.600000 -0.000520 -0.000083
28.610000 -0.000511 -0.000087
28.620000 -0.000502 -0.000091
28.630000 -0.000494 -0.000095
28.640000 -0.000485 -0.000099
28.650000 -0.000476 -0.000102
28.660000 -0.000468 -0.000106
28.670000 -0.000459 -0.000109
28.680000 -0.000451 -0.000113
28.690000 -0.000442 -0.000116
28.700000 -0.000434 -0.000118
28.710000 -0.000425 -0.000121
28.720000 -0.000417 -0.000124
28.730000 -0.000409 -0.000126
28.740000 -0.000400 -0.000128
28.750000 -0.000392 -0.000131
28.760000 -0.000384 -0.000133
28.770000 -0.000376 -0.000134
28.780000 -0.000368 -0.000136
28.790000 -0.000360 -0.000138
28.800000 -0.000352 -0.000139
28.810000 -0.000344 -0.000140
28.820000 -0.000336 -0.000141
28.830000 -0.000329 -0.000142
28.840000 -0.000321 -0.000143
28.850000 -0.000313 -0.000144
28.860000 -0.000306 -0.000145
28.870000 -0.000298 -0.000145
28.880000 -0.000291 -0.000146
28.890000 -0.000284 -0.000146
28.900000 -0.000277 -0.000146
28.910000 -0.000269 -0.000146
28.920000 -0.000262 -0.000146
28.930000 -0.000256 -0.000146
28.940000 -0.000249 -0.000146
28.950000 -0.000242 -0.000145
28.960000 -0.000235 -0.000145
28.970000 -0.000229 -0.000144
28.980000 -0.000222 -0.000144
28.990000 -0.000216 -0.000143
29.000000 -0.000209 -0.000142
29.010000 -0.000203 -0.000141
29.020000 -0.000197 -0.000140
29.030000 -0.000191 -0.000139
29.040000 -0.000185 -0.000138
29.050000 -0.000179 -0.000137
29.060000 -0.000174 -0.000135
29.070000 -0.000168 -0.000134
29.080000 -0.000163 -0.000133
29.090000 -0.000157 -0.000131
29.100000 -0.000152 -0.000130
29.110000 -0.000147 -0.000128
29.120000 -0.000141 -0.000126
29.130000 -0.000136 -0.000125
29.140000 -0.000132 -0.000123
29.150000 -0.000127 -0.000121
29.160000 -0.000122 -0.000119
29.170000 -0.000117 -0.000117
29.180000 -0.000113 -0.000115
29.190000 -0.000109 -0.000113
29.200000 -0.000104 -0.000111
29.210000 -0.000100 -0.000109
29.220000 -0.000096 -0.000107
29.230000 -0.000092 -0.000105
29.240000 -0.000088 -0.000103
29.250000 -0.000084 -0.000101
29.260000 -0.000081 -0.000099
29.270000 -0.000077 -0.000097
29.280000 -0.000074 -0.000094
29.290000 -0.000070 -0.000092
29.300000 -0.000067 -0.000090
29.310000 -0.000064 -0.000088
29.320000 -0.000061 -0.000086
29.330000 -0.000058 -0.000084
29.340000 -0.000055 -0.000081
29.350000 -0.000052 -0.000079
29.360000 -0.000049 -0.000077
29.370000 -0.000047 -0.000075
29.380000 -0.000044 -0.000073
29.390000 -0.000042 -0.000070
29.400000 -0.000039 -0.000068
29.410000 -0.000037 -0.000066
29.420000 -0.000035 -0.000064
29.430000 -0.000033 -0.000062
29.440000 -0.000031 -0.000060
29.450000 -0.000029 -0.000058
29.460000 -0.000027 -0.000056
29.470000 -0.000025 -0.000054
29.480000 -0.000024 -0.000052
29.490000 -0.000022 -0.000050
29.500000 -0.000021 -0.000048
29.510000 -0.000019 -0.000046
29.520000 -0.000018 -0.000044
29.530000 -0.000016 -0.000042
29.540000 -0.000015 -0.000040
29.550000 -0.000014 -0.000039
29.560000 -0.000013 -0.000037
29.570000 -0.000012 -0.000035
29.580000 -0.000011 -0.000034
29.590000 -0.000010 -0.000032
29.600000 -0.000009 -0.000030
29.610000 -0.000008 -0.000029
29.620000 -0.000007 -0.000027
29.630000 -0.000006 -0.000026
29.640000 -0.000006 -0.000024
29.650000 -0.000005 -0.000023
29.660000 -0.000005 -0.000022
29.670000 -0.000004 -0.000020
29.680000 -0.000003 -0.000019
29.690000 -0.000003 -0.000018
29.700000 -0.000003 -0.000017
29.710000 -0.000002 -0.000015
29.720000 -0.000002 -0.000014
29.730000 -0.000002 -0.000013
29.740000 -0.000001 -0.000012
29.750000 -0.000001 -0.000011
29.760000 -0.000001 -0.000010
29.770000 -0.000001 -0.000009
29.780000 -0.000000 -0.000009
29.790000 -0.000000 -0.000008
29.800000 -0.000000 -0.000007
29.810000 -0.000000 -0.000006
29.820000 0.000000 -0.000006
29.830000 0.000000 -0.000005
29.840000 0.000000 -0.000004
29.850000 0.000000 -0.000004
29.860000 0.000000 -0.000003
29.870000 0.000000 -0.000003
29.880000 0.000000 -0.000002
29.890000 0.000000 -0.000002
29.900000 0.000000 -0.000002
29.910000 0.000000 -0.000001
29.920000 0.000000 -0.000001
29.930000 0.000000 -0.000001
29.940000 0.000000 -0.000001
29.950000 0.000000 -0.000000
29.960000 0.000000 -0.000000
29.970000 0.000000 -0.000000
29.980000 0.000000 -0.000000
29.990000 0.000000 -0.000000
