0.000000 2.000000 0.000000
0.010000 1.997767 0.020020
0.020000 1.993738 0.040050
0.030000 1.987924 0.060049
0.040000 1.980336 0.079975
0.050000 1.970993 0.099785
0.060000 1.959915 0.119437
0.070000 1.947128 0.138890
0.080000 1.932658 0.158104
0.090000 1.916539 0.177040
0.100000 1.898806 0.195657
0.110000 1.879497 0.213919
0.120000 1.858656 0.231789
0.130000 1.836327 0.249230
0.140000 1.812559 0.266211
0.150000 1.787402 0.282697
0.160000 1.760910 0.298658
0.170000 1.733140 0.314065
0.180000 1.704148 0.328890
0.190000 1.673996 0.343108
0.200000 1.642747 0.356695
0.210000 1.610463 0.369629
0.220000 1.577210 0.381891
0.230000 1.543054 0.393463
0.240000 1.508064 0.404328
0.250000 1.472308 0.414475
0.260000 1.435855 0.423891
0.270000 1.398775 0.432567
0.280000 1.361136 0.440496
0.290000 1.323010 0.447674
0.300000 1.284466 0.454097
0.310000 1.245573 0.459764
0.320000 1.206400 0.464677
0.330000 1.167015 0.468840
0.340000 1.127485 0.472257
0.350000 1.087875 0.474935
0.360000 1.048252 0.476884
0.370000 1.008678 0.478114
0.380000 0.969215 0.478638
0.390000 0.929923 0.478470
0.400000 0.890860 0.477626
0.410000 0.852084 0.476122
0.420000 0.813647 0.473977
0.430000 0.775603 0.471211
0.440000 0.738001 0.467845
0.450000 0.700889 0.463900
0.460000 0.664313 0.459401
0.470000 0.628314 0.454369
0.480000 0.592933 0.448832
0.490000 0.558208 0.442812
0.500000 0.524175 0.436337
0.510000 0.490865 0.429433
0.520000 0.458309 0.422127
0.530000 0.426533 0.414445
0.540000 0.395563 0.406414
0.550000 0.365421 0.398063
0.560000 0.336127 0.389418
0.570000 0.307696 0.380506
0.580000 0.280145 0.371355
0.590000 0.253485 0.361991
0.600000 0.227726 0.352440
0.610000 0.202874 0.342730
0.620000 0.178936 0.332884
0.630000 0.155914 0.322928
0.640000 0.133809 0.312886
0.650000 0.112620 0.302782
0.660000 0.092343 0.292640
0.670000 0.072974 0.282480
0.680000 0.054504 0.272325
0.690000 0.036927 0.262195
0.700000 0.020231 0.252110
0.710000 0.004404 0.242088
0.720000 -0.010565 0.232147
0.730000 -0.024693 0.222305
0.740000 -0.037994 0.212577
0.750000 -0.050485 0.202978
0.760000 -0.062185 0.193522
0.770000 -0.073111 0.184222
0.780000 -0.083284 0.175090
0.790000 -0.092723 0.166137
0.800000 -0.101450 0.157373
0.810000 -0.109487 0.148807
0.820000 -0.116855 0.140448
0.830000 -0.123576 0.132303
0.840000 -0.129675 0.124377
0.850000 -0.135172 0.116677
0.860000 -0.140092 0.109207
0.870000 -0.144458 0.101971
0.880000 -0.148293 0.094972
0.890000 -0.151620 0.088212
0.900000 -0.154462 0.081692
0.910000 -0.156842 0.075414
0.920000 -0.158783 0.069377
0.930000 -0.160308 0.063581
0.940000 -0.161437 0.058025
0.950000 -0.162194 0.052707
0.960000 -0.162599 0.047625
0.970000 -0.162674 0.042777
0.980000 -0.162438 0.038158
0.990000 -0.161912 0.033766
1.000000 -0.161115 0.029596
1.010000 -0.160066 0.025645
1.020000 -0.158783 0.021907
1.030000 -0.157284 0.018377
1.040000 -0.155587 0.015051
1.050000 -0.153707 0.011924
1.060000 -0.151660 0.008988
1.070000 -0.149462 0.006239
1.080000 -0.147128 0.003671
1.090000 -0.144672 0.001278
1.100000 -0.142106 -0.000947
1.110000 -0.139444 -0.003009
1.120000 -0.136698 -0.004915
1.130000 -0.133880 -0.006670
1.140000 -0.131000 -0.008282
1.150000 -0.128068 -0.009756
1.160000 -0.125096 -0.011098
1.170000 -0.122091 -0.012315
1.180000 -0.119063 -0.013412
1.190000 -0.116019 -0.014396
1.200000 -0.112968 -0.015272
1.210000 -0.109916 -0.016045
1.220000 -0.106870 -0.016722
1.230000 -0.103836 -0.017308
1.240000 -0.100819 -0.017808
1.250000 -0.097826 -0.018227
1.260000 -0.094860 -0.018571
1.270000 -0.091926 -0.018844
1.280000 -0.089028 -0.019051
1.290000 -0.086170 -0.019196
1.300000 -0.083355 -0.019284
1.310000 -0.080585 -0.019319
1.320000 -0.077864 -0.019305
1.330000 -0.075193 -0.019246
1.340000 -0.072575 -0.019146
1.350000 -0.070012 -0.019007
1.360000 -0.067504 -0.018834
1.370000 -0.065053 -0.018630
1.380000 -0.062660 -0.018397
1.390000 -0.060325 -0.018139
1.400000 -0.058050 -0.017859
1.410000 -0.055835 -0.017558
1.420000 -0.053679 -0.017239
1.430000 -0.051584 -0.016905
1.440000 -0.049548 -0.016558
1.450000 -0.047572 -0.016200
1.460000 -0.045656 -0.015832
1.470000 -0.043798 -0.015456
1.480000 -0.041998 -0.015075
1.490000 -0.040256 -0.014689
1.500000 -0.038571 -0.014300
1.510000 -0.036942 -0.013909
1.520000 -0.035369 -0.013517
1.530000 -0.033849 -0.013127
1.540000 -0.032383 -0.012737
1.550000 -0.030970 -0.012350
1.560000 -0.029607 -0.011967
1.570000 -0.028295 -0.011587
1.580000 -0.027032 -0.011213
1.590000 -0.025816 -0.010843
1.600000 -0.024648 -0.010480
1.610000 -0.023525 -0.010123
1.620000 -0.022446 -0.009773
1.630000 -0.021411 -0.009430
1.640000 -0.020417 -0.009094
1.650000 -0.019465 -0.008767
1.660000 -0.018552 -0.008448
1.670000 -0.017677 -0.008136
1.680000 -0.016841 -0.007834
1.690000 -0.016040 -0.007540
1.700000 -0.015275 -0.007254
1.710000 -0.014543 -0.006978
1.720000 -0.013845 -0.006710
1.730000 -0.013179 -0.006451
1.740000 -0.012543 -0.006200
1.750000 -0.011938 -0.005959
1.760000 -0.011361 -0.005726
1.770000 -0.010813 -0.005502
1.780000 -0.010291 -0.005286
1.790000 -0.009796 -0.005079
1.800000 -0.009326 -0.004881
1.810000 -0.008880 -0.004690
1.820000 -0.008458 -0.004508
1.830000 -0.008058 -0.004334
1.840000 -0.007681 -0.004168
1.850000 -0.007325 -0.004010
1.860000 -0.006989 -0.003859
1.870000 -0.006673 -0.003716
1.880000 -0.006377 -0.003580
1.890000 -0.006099 -0.003452
1.900000 -0.005839 -0.003330
1.910000 -0.005596 -0.003216
1.920000 -0.005370 -0.003108
1.930000 -0.005160 -0.003007
1.940000 -0.004965 -0.002912
1.950000 -0.004786 -0.002824
1.960000 -0.004622 -0.002742
1.970000 -0.004472 -0.002665
1.980000 -0.004335 -0.002595
1.990000 -0.004212 -0.002530
2.000000 -0.004102 -0.002471
2.010000 -0.004005 -0.002418
2.020000 -0.003920 -0.002370
2.030000 -0.003847 -0.002327
2.040000 -0.003785 -0.002288
2.050000 -0.003735 -0.002255
2.060000 -0.003695 -0.002227
2.070000 -0.003666 -0.002203
2.080000 -0.003648 -0.002184
2.090000 -0.003640 -0.002169
2.100000 -0.003642 -0.002159
2.110000 -0.003653 -0.002152
2.120000 -0.003674 -0.002150
2.130000 -0.003704 -0.002152
2.140000 -0.003743 -0.002157
2.150000 -0.003790 -0.002166
2.160000 -0.003847 -0.002179
2.170000 -0.003911 -0.002195
2.180000 -0.003984 -0.002215
2.190000 -0.004065 -0.002238
2.200000 -0.004154 -0.002265
2.210000 -0.004250 -0.002294
2.220000 -0.004353 -0.002327
2.230000 -0.004464 -0.002363
2.240000 -0.004582 -0.002401
2.250000 -0.004707 -0.002443
2.260000 -0.004839 -0.002487
2.270000 -0.004977 -0.002534
2.280000 -0.005121 -0.002584
2.290000 -0.005272 -0.002636
2.300000 -0.005428 -0.002691
2.310000 -0.005590 -0.002748
2.320000 -0.005758 -0.002807
2.330000 -0.005930 -0.002869
2.340000 -0.006108 -0.002933
2.350000 -0.006291 -0.003000
2.360000 -0.006478 -0.003068
2.370000 -0.006670 -0.003139
2.380000 -0.006865 -0.003212
2.390000 -0.007065 -0.003287
2.400000 -0.007268 -0.003364
2.410000 -0.007474 -0.003443
2.420000 -0.007683 -0.003523
2.430000 -0.007895 -0.003606
2.440000 -0.008109 -0.003691
2.450000 -0.008325 -0.003777
2.460000 -0.008543 -0.003865
2.470000 -0.008762 -0.003955
2.480000 -0.008983 -0.004047
2.490000 -0.009203 -0.004141
2.500000 -0.009424 -0.004236
2.510000 -0.009645 -0.004333
2.520000 -0.009866 -0.004431
2.530000 -0.010085 -0.004531
2.540000 -0.010303 -0.004632
2.550000 -0.010519 -0.004735
2.560000 -0.010734 -0.004840
2.570000 -0.010945 -0.004946
2.580000 -0.011154 -0.005053
2.590000 -0.011359 -0.005162
2.600000 -0.011561 -0.005272
2.610000 -0.011758 -0.005383
2.620000 -0.011950 -0.005496
2.630000 -0.012137 -0.005609
2.640000 -0.012318 -0.005724
2.650000 -0.012493 -0.005840
2.660000 -0.012662 -0.005956
2.670000 -0.012824 -0.006074
2.680000 -0.012978 -0.006192
2.690000 -0.013124 -0.006312
2.700000 -0.013262 -0.006432
2.710000 -0.013391 -0.006552
2.720000 -0.013511 -0.006673
2.730000 -0.013621 -0.006794
2.740000 -0.013721 -0.006916
2.750000 -0.013811 -0.007038
2.760000 -0.013890 -0.007160
2.770000 -0.013958 -0.007282
2.780000 -0.014014 -0.007404
2.790000 -0.014058 -0.007525
2.800000 -0.014090 -0.007646
2.810000 -0.014109 -0.007767
2.820000 -0.014116 -0.007887
2.830000 -0.014109 -0.008006
2.840000 -0.014089 -0.008124
2.850000 -0.014055 -0.008241
2.860000 -0.014007 -0.008357
2.870000 -0.013945 -0.008471
2.880000 -0.013869 -0.008584
2.890000 -0.013778 -0.008695
2.900000 -0.013672 -0.008804
2.910000 -0.013552 -0.008911
2.920000 -0.013417 -0.009015
2.930000 -0.013266 -0.009118
2.940000 -0.013101 -0.009217
2.950000 -0.012921 -0.009314
2.960000 -0.012726 -0.009407
2.970000 -0.012516 -0.009498
2.980000 -0.012290 -0.009585
2.990000 -0.012050 -0.009668
3.000000 -0.011796 -0.009748
3.010000 -0.011526 -0.009824
3.020000 -0.011242 -0.009896
3.030000 -0.010943 -0.009964
3.040000 -0.010631 -0.010027
3.050000 -0.010304 -0.010085
3.060000 -0.009964 -0.010139
3.070000 -0.009610 -0.010188
3.080000 -0.009243 -0.010232
3.090000 -0.008864 -0.010270
3.100000 -0.008471 -0.010303
3.110000 -0.008067 -0.010331
3.120000 -0.007651 -0.010353
3.130000 -0.007223 -0.010369
3.140000 -0.006784 -0.010379
3.150000 -0.006334 -0.010383
3.160000 -0.005875 -0.010381
3.170000 -0.005405 -0.010373
3.180000 -0.004926 -0.010359
3.190000 -0.004439 -0.010337
3.200000 -0.003943 -0.010310
3.210000 -0.003439 -0.010276
3.220000 -0.002927 -0.010235
3.230000 -0.002409 -0.010187
3.240000 -0.001884 -0.010132
3.250000 -0.001353 -0.010071
3.260000 -0.000817 -0.010003
3.270000 -0.000277 -0.009927
3.280000 0.000269 -0.009845
3.290000 0.000818 -0.009756
3.300000 0.001370 -0.009659
3.310000 0.001925 -0.009556
3.320000 0.002482 -0.009445
3.330000 0.003041 -0.009328
3.340000 0.003601 -0.009203
3.350000 0.004161 -0.009071
3.360000 0.004722 -0.008933
3.370000 0.005283 -0.008787
3.380000 0.005842 -0.008634
3.390000 0.006400 -0.008474
3.400000 0.006956 -0.008307
3.410000 0.007510 -0.008133
3.420000 0.008061 -0.007953
3.430000 0.008609 -0.007765
3.440000 0.009153 -0.007571
3.450000 0.009692 -0.007370
3.460000 0.010227 -0.007162
3.470000 0.010757 -0.006947
3.480000 0.011280 -0.006726
3.490000 0.011798 -0.006498
3.500000 0.012310 -0.006264
3.510000 0.012814 -0.006023
3.520000 0.013311 -0.005776
3.530000 0.013801 -0.005523
3.540000 0.014282 -0.005263
3.550000 0.014755 -0.004997
3.560000 0.015219 -0.004726
3.570000 0.015674 -0.004448
3.580000 0.016119 -0.004164
3.590000 0.016554 -0.003874
3.600000 0.016978 -0.003579
3.610000 0.017392 -0.003278
3.620000 0.017795 -0.002971
3.630000 0.018186 -0.002659
3.640000 0.018566 -0.002342
3.650000 0.018933 -0.002019
3.660000 0.019288 -0.001692
3.670000 0.019631 -0.001359
3.680000 0.019960 -0.001022
3.690000 0.020276 -0.000680
3.700000 0.020578 -0.000334
3.710000 0.020866 0.000016
3.720000 0.021141 0.000370
3.730000 0.021400 0.000728
3.740000 0.021645 0.001090
3.750000 0.021874 0.001455
3.760000 0.022088 0.001823
3.770000 0.022287 0.002194
3.780000 0.022470 0.002568
3.790000 0.022636 0.002944
3.800000 0.022787 0.003322
3.810000 0.022921 0.003702
3.820000 0.023038 0.004083
3.830000 0.023138 0.004465
3.840000 0.023221 0.004847
3.850000 0.023287 0.005230
3.860000 0.023335 0.005613
3.870000 0.023366 0.005995
3.880000 0.023379 0.006377
3.890000 0.023375 0.006757
3.900000 0.023352 0.007135
3.910000 0.023312 0.007511
3.920000 0.023254 0.007885
3.930000 0.023178 0.008255
3.940000 0.023084 0.008622
3.950000 0.022972 0.008985
3.960000 0.022843 0.009343
3.970000 0.022695 0.009695
3.980000 0.022530 0.010043
3.990000 0.022348 0.010384
4.000000 0.022148 0.010718
4.010000 0.021931 0.011045
4.020000 0.021697 0.011365
4.030000 0.021447 0.011676
4.040000 0.021180 0.011979
4.050000 0.020897 0.012273
4.060000 0.020598 0.012556
4.070000 0.020283 0.012830
4.080000 0.019954 0.013093
4.090000 0.019610 0.013345
4.100000 0.019252 0.013585
4.110000 0.018880 0.013813
4.120000 0.018495 0.014028
4.130000 0.018097 0.014231
4.140000 0.017687 0.014421
4.150000 0.017266 0.014597
4.160000 0.016833 0.014759
4.170000 0.016391 0.014906
4.180000 0.015938 0.015039
4.190000 0.015476 0.015157
4.200000 0.015006 0.015260
4.210000 0.014529 0.015348
4.220000 0.014044 0.015421
4.230000 0.013553 0.015477
4.240000 0.013057 0.015518
4.250000 0.012555 0.015543
4.260000 0.012050 0.015552
4.270000 0.011541 0.015545
4.280000 0.011030 0.015523
4.290000 0.010518 0.015484
4.300000 0.010004 0.015430
4.310000 0.009490 0.015360
4.320000 0.008976 0.015274
4.330000 0.008464 0.015173
4.340000 0.007954 0.015057
4.350000 0.007447 0.014926
4.360000 0.006943 0.014781
4.370000 0.006444 0.014621
4.380000 0.005950 0.014447
4.390000 0.005461 0.014260
4.400000 0.004978 0.014060
4.410000 0.004503 0.013846
4.420000 0.004035 0.013621
4.430000 0.003575 0.013383
4.440000 0.003124 0.013134
4.450000 0.002683 0.012875
4.460000 0.002251 0.012605
4.470000 0.001830 0.012326
4.480000 0.001419 0.012037
4.490000 0.001020 0.011740
4.500000 0.000632 0.011434
4.510000 0.000257 0.011122
4.520000 -0.000106 0.010803
4.530000 -0.000457 0.010477
4.540000 -0.000794 0.010147
4.550000 -0.001118 0.009811
4.560000 -0.001429 0.009472
4.570000 -0.001726 0.009128
4.580000 -0.002009 0.008782
4.590000 -0.002278 0.008434
4.600000 -0.002533 0.008084
4.610000 -0.002775 0.007733
4.620000 -0.003002 0.007382
4.630000 -0.003215 0.007031
4.640000 -0.003414 0.006681
4.650000 -0.003600 0.006333
4.660000 -0.003771 0.005986
4.670000 -0.003929 0.005642
4.680000 -0.004073 0.005301
4.690000 -0.004204 0.004963
4.700000 -0.004321 0.004630
4.710000 -0.004426 0.004301
4.720000 -0.004518 0.003978
4.730000 -0.004598 0.003659
4.740000 -0.004665 0.003347
4.750000 -0.004721 0.003041
4.760000 -0.004765 0.002741
4.770000 -0.004799 0.002449
4.780000 -0.004821 0.002164
4.790000 -0.004833 0.001886
4.800000 -0.004835 0.001616
4.810000 -0.004827 0.001354
4.820000 -0.004810 0.001101
4.830000 -0.004785 0.000855
4.840000 -0.004751 0.000619
4.850000 -0.004708 0.000391
4.860000 -0.004659 0.000172
4.870000 -0.004602 -0.000037
4.880000 -0.004538 -0.000238
4.890000 -0.004468 -0.000430
4.900000 -0.004392 -0.000612
4.910000 -0.004311 -0.000786
4.920000 -0.004224 -0.000950
4.930000 -0.004133 -0.001106
4.940000 -0.004038 -0.001252
4.950000 -0.003938 -0.001389
4.960000 -0.003835 -0.001518
4.970000 -0.003729 -0.001638
4.980000 -0.003620 -0.001749
4.990000 -0.003509 -0.001852
5.000000 -0.003396 -0.001946
5.010000 -0.003281 -0.002033
5.020000 -0.003165 -0.002111
5.030000 -0.003047 -0.002182
5.040000 -0.002929 -0.002245
5.050000 -0.002810 -0.002301
5.060000 -0.002691 -0.002350
5.070000 -0.002572 -0.002391
5.080000 -0.002454 -0.002426
5.090000 -0.002336 -0.002455
5.100000 -0.002218 -0.002478
5.110000 -0.002102 -0.002494
5.120000 -0.001987 -0.002505
5.130000 -0.001873 -0.002510
5.140000 -0.001760 -0.002511
5.150000 -0.001650 -0.002506
5.160000 -0.001541 -0.002497
5.170000 -0.001434 -0.002483
5.180000 -0.001330 -0.002465
5.190000 -0.001227 -0.002443
5.200000 -0.001127 -0.002417
5.210000 -0.001029 -0.002388
5.220000 -0.000934 -0.002356
5.230000 -0.000841 -0.002321
5.240000 -0.000751 -0.002283
5.250000 -0.000663 -0.002242
5.260000 -0.000578 -0.002199
5.270000 -0.000496 -0.002154
5.280000 -0.000417 -0.002108
5.290000 -0.000340 -0.002059
5.300000 -0.000267 -0.002009
5.310000 -0.000195 -0.001958
5.320000 -0.000127 -0.001905
5.330000 -0.000062 -0.001852
5.340000 0.000001 -0.001798
5.350000 0.000061 -0.001743
5.360000 0.000119 -0.001688
5.370000 0.000173 -0.001632
5.380000 0.000226 -0.001576
5.390000 0.000275 -0.001521
5.400000 0.000322 -0.001465
5.410000 0.000367 -0.001409
5.420000 0.000409 -0.001354
5.430000 0.000449 -0.001299
5.440000 0.000486 -0.001244
5.450000 0.000522 -0.001190
5.460000 0.000555 -0.001137
5.470000 0.000586 -0.001084
5.480000 0.000614 -0.001033
5.490000 0.000641 -0.000982
5.500000 0.000666 -0.000932
5.510000 0.000689 -0.000883
5.520000 0.000710 -0.000834
5.530000 0.000729 -0.000787
5.540000 0.000747 -0.000741
5.550000 0.000763 -0.000696
5.560000 0.000777 -0.000653
5.570000 0.000790 -0.000610
5.580000 0.000802 -0.000568
5.590000 0.000812 -0.000528
5.600000 0.000820 -0.000489
5.610000 0.000827 -0.000451
5.620000 0.000833 -0.000414
5.630000 0.000838 -0.000378
5.640000 0.000842 -0.000344
5.650000 0.000844 -0.000311
5.660000 0.000846 -0.000279
5.670000 0.000846 -0.000248
5.680000 0.000845 -0.000218
5.690000 0.000844 -0.000189
5.700000 0.000841 -0.000161
5.710000 0.000838 -0.000135
5.720000 0.000834 -0.000109
5.730000 0.000829 -0.000085
5.740000 0.000823 -0.000061
5.750000 0.000817 -0.000039
5.760000 0.000810 -0.000017
5.770000 0.000802 0.000003
5.780000 0.000793 0.000023
5.790000 0.000784 0.000042
5.800000 0.000774 0.000060
5.810000 0.000764 0.000077
5.820000 0.000753 0.000093
5.830000 0.000742 0.000108
5.840000 0.000730 0.000123
5.850000 0.000717 0.000137
5.860000 0.000704 0.000150
5.870000 0.000690 0.000163
5.880000 0.000676 0.000174
5.890000 0.000662 0.000186
5.900000 0.000647 0.000196
5.910000 0.000632 0.000206
5.920000 0.000616 0.000215
5.930000 0.000600 0.000224
5.940000 0.000583 0.000232
5.950000 0.000566 0.000240
5.960000 0.000549 0.000247
5.970000 0.000531 0.000254
5.980000 0.000513 0.000260
5.990000 0.000494 0.000265
6.000000 0.000475 0.000271
6.010000 0.000456 0.000275
6.020000 0.000436 0.000280
6.030000 0.000417 0.000283
6.040000 0.000396 0.000287
6.050000 0.000376 0.000290
6.060000 0.000355 0.000293
6.070000 0.000334 0.000295
6.080000 0.000313 0.000297
6.090000 0.000291 0.000298
6.100000 0.000269 0.000299
6.110000 0.000247 0.000300
6.120000 0.000225 0.000300
6.130000 0.000203 0.000300
6.140000 0.000180 0.000299
6.150000 0.000157 0.000299
6.160000 0.000134 0.000297
6.170000 0.000111 0.000296
6.180000 0.000088 0.000294
6.190000 0.000064 0.000292
6.200000 0.000041 0.000289
6.210000 0.000017 0.000286
6.220000 -0.000007 0.000283
6.230000 -0.000030 0.000280
6.240000 -0.000054 0.000276
6.250000 -0.000078 0.000271
6.260000 -0.000102 0.000267
6.270000 -0.000125 0.000262
6.280000 -0.000149 0.000257
6.290000 -0.000173 0.000251
6.300000 -0.000196 0.000245
6.310000 -0.000219 0.000239
6.320000 -0.000243 0.000232
6.330000 -0.000266 0.000226
6.340000 -0.000289 0.000219
6.350000 -0.000312 0.000211
6.360000 -0.000334 0.000203
6.370000 -0.000356 0.000195
6.380000 -0.000378 0.000187
6.390000 -0.000400 0.000178
6.400000 -0.000422 0.000170
6.410000 -0.000443 0.000161
6.420000 -0.000463 0.000151
6.430000 -0.000484 0.000142
6.440000 -0.000504 0.000132
6.450000 -0.000524 0.000122
6.460000 -0.000543 0.000112
6.470000 -0.000562 0.000101
6.480000 -0.000580 0.000091
6.490000 -0.000598 0.000080
6.500000 -0.000615 0.000069
6.510000 -0.000632 0.000058
6.520000 -0.000649 0.000047
6.530000 -0.000665 0.000035
6.540000 -0.000680 0.000024
6.550000 -0.000695 0.000012
6.560000 -0.000709 0.000001
6.570000 -0.000722 -0.000011
6.580000 -0.000735 -0.000023
6.590000 -0.000748 -0.000035
6.600000 -0.000760 -0.000046
6.610000 -0.000771 -0.000058
6.620000 -0.000782 -0.000070
6.630000 -0.000791 -0.000082
6.640000 -0.000801 -0.000093
6.650000 -0.000810 -0.000105
6.660000 -0.000818 -0.000117
6.670000 -0.000825 -0.000128
6.680000 -0.000832 -0.000139
6.690000 -0.000838 -0.000151
6.700000 -0.000844 -0.000162
6.710000 -0.000848 -0.000173
6.720000 -0.000853 -0.000183
6.730000 -0.000856 -0.000194
6.740000 -0.000859 -0.000204
6.750000 -0.000862 -0.000215
6.760000 -0.000863 -0.000224
6.770000 -0.000865 -0.000234
6.780000 -0.000865 -0.000244
6.790000 -0.000865 -0.000253
6.800000 -0.000865 -0.000262
6.810000 -0.000863 -0.000271
6.820000 -0.000862 -0.000279
6.830000 -0.000859 -0.000287
6.840000 -0.000857 -0.000295
6.850000 -0.000853 -0.000302
6.860000 -0.000850 -0.000309
6.870000 -0.000845 -0.000316
6.880000 -0.000840 -0.000322
6.890000 -0.000835 -0.000329
6.900000 -0.000830 -0.000334
6.910000 -0.000823 -0.000340
6.920000 -0.000817 -0.000345
6.930000 -0.000810 -0.000349
6.940000 -0.000803 -0.000354
6.950000 -0.000795 -0.000358
6.960000 -0.000787 -0.000361
6.970000 -0.000779 -0.000364
6.980000 -0.000770 -0.000367
6.990000 -0.000761 -0.000370
7.000000 -0.000752 -0.000372
7.010000 -0.000742 -0.000373
7.020000 -0.000732 -0.000375
7.030000 -0.000722 -0.000376
7.040000 -0.000712 -0.000377
7.050000 -0.000702 -0.000377
7.060000 -0.000691 -0.000377
7.070000 -0.000680 -0.000376
7.080000 -0.000669 -0.000376
7.090000 -0.000658 -0.000375
7.100000 -0.000647 -0.000373
7.110000 -0.000636 -0.000372
7.120000 -0.000625 -0.000370
7.130000 -0.000613 -0.000368
7.140000 -0.000602 -0.000365
7.150000 -0.000590 -0.000362
7.160000 -0.000579 -0.000359
7.170000 -0.000567 -0.000356
7.180000 -0.000555 -0.000352
7.190000 -0.000544 -0.000349
7.200000 -0.000532 -0.000345
7.210000 -0.000521 -0.000340
7.220000 -0.000509 -0.000336
7.230000 -0.000498 -0.000331
7.240000 -0.000486 -0.000327
7.250000 -0.000475 -0.000322
7.260000 -0.000464 -0.000316
7.270000 -0.000452 -0.000311
7.280000 -0.000441 -0.000306
7.290000 -0.000430 -0.000300
7.300000 -0.000419 -0.000294
7.310000 -0.000408 -0.000289
7.320000 -0.000398 -0.000283
7.330000 -0.000387 -0.000277
7.340000 -0.000377 -0.000271
7.350000 -0.000366 -0.000265
7.360000 -0.000356 -0.000258
7.370000 -0.000346 -0.000252
7.380000 -0.000336 -0.000246
7.390000 -0.000326 -0.000240
7.400000 -0.000317 -0.000233
7.410000 -0.000307 -0.000227
7.420000 -0.000298 -0.000220
7.430000 -0.000289 -0.000214
7.440000 -0.000280 -0.000208
7.450000 -0.000271 -0.000201
7.460000 -0.000262 -0.000195
7.470000 -0.000254 -0.000189
7.480000 -0.000245 -0.000182
7.490000 -0.000237 -0.000176
7.500000 -0.000229 -0.000170
7.510000 -0.000221 -0.000164
7.520000 -0.000213 -0.000158
7.530000 -0.000205 -0.000151
7.540000 -0.000198 -0.000145
7.550000 -0.000190 -0.000139
7.560000 -0.000183 -0.000134
7.570000 -0.000176 -0.000128
7.580000 -0.000169 -0.000122
7.590000 -0.000162 -0.000116
7.600000 -0.000156 -0.000111
7.610000 -0.000149 -0.000105
7.620000 -0.000143 -0.000099
7.630000 -0.000137 -0.000094
7.640000 -0.000131 -0.000089
7.650000 -0.000125 -0.000083
7.660000 -0.000119 -0.000078
7.670000 -0.000113 -0.000073
7.680000 -0.000108 -0.000068
7.690000 -0.000103 -0.000063
7.700000 -0.000097 -0.000058
7.710000 -0.000092 -0.000053
7.720000 -0.000088 -0.000048
7.730000 -0.000083 -0.000043
7.740000 -0.000078 -0.000039
7.750000 -0.000074 -0.000034
7.760000 -0.000069 -0.000030
7.770000 -0.000065 -0.000025
7.780000 -0.000061 -0.000021
7.790000 -0.000057 -0.000016
7.800000 -0.000054 -0.000012
7.810000 -0.000050 -0.000008
7.820000 -0.000047 -0.000003
7.830000 -0.000044 0.000001
7.840000 -0.000040 0.000005
7.850000 -0.000038 0.000009
7.860000 -0.000035 0.000013
7.870000 -0.000032 0.000017
7.880000 -0.000030 0.000021
7.890000 -0.000027 0.000025
7.900000 -0.000025 0.000029
7.910000 -0.000023 0.000032
7.920000 -0.000022 0.000036
7.930000 -0.000020 0.000040
7.940000 -0.000019 0.000043
7.950000 -0.000017 0.000047
7.960000 -0.000016 0.000050
7.970000 -0.000015 0.000054
7.980000 -0.000015 0.000057
7.990000 -0.000014 0.000060
8.000000 -0.000014 0.000063
8.010000 -0.000014 0.000066
8.020000 -0.000014 0.000069
8.030000 -0.000014 0.000072
8.040000 -0.000014 0.000075
8.050000 -0.000015 0.000078
8.060000 -0.000015 0.000081
8.070000 -0.000016 0.000083
8.080000 -0.000017 0.000086
8.090000 -0.000019 0.000088
8.100000 -0.000020 0.000090
8.110000 -0.000022 0.000092
8.120000 -0.000023 0.000095
8.130000 -0.000025 0.000096
8.140000 -0.000027 0.000098
8.150000 -0.000029 0.000100
8.160000 -0.000032 0.000101
8.170000 -0.000034 0.000103
8.180000 -0.000037 0.000104
8.190000 -0.000039 0.000105
8.200000 -0.000042 0.000106
8.210000 -0.000045 0.000107
8.220000 -0.000048 0.000107
8.230000 -0.000051 0.000108
8.240000 -0.000055 0.000108
8.250000 -0.000058 0.000108
8.260000 -0.000061 0.000108
8.270000 -0.000065 0.000108
8.280000 -0.000068 0.000107
8.290000 -0.000072 0.000107
8.300000 -0.000076 0.000106
8.310000 -0.000079 0.000105
8.320000 -0.000083 0.000104
8.330000 -0.000087 0.000103
8.340000 -0.000090 0.000101
8.350000 -0.000094 0.000099
8.360000 -0.000098 0.000098
8.370000 -0.000101 0.000096
8.380000 -0.000105 0.000093
8.390000 -0.000108 0.000091
8.400000 -0.000112 0.000088
8.410000 -0.000115 0.000086
8.420000 -0.000119 0.000083
8.430000 -0.000122 0.000080
8.440000 -0.000125 0.000077
8.450000 -0.000128 0.000073
8.460000 -0.000131 0.000070
8.470000 -0.000134 0.000066
8.480000 -0.000137 0.000063
8.490000 -0.000139 0.000059
8.500000 -0.000142 0.000055
8.510000 -0.000144 0.000051
8.520000 -0.000146 0.000047
8.530000 -0.000148 0.000042
8.540000 -0.000150 0.000038
8.550000 -0.000152 0.000034
8.560000 -0.000153 0.000029
8.570000 -0.000154 0.000025
8.580000 -0.000156 0.000020
8.590000 -0.000156 0.000016
8.600000 -0.000157 0.000011
8.610000 -0.000158 0.000006
8.620000 -0.000158 0.000002
8.630000 -0.000158 -0.000003
8.640000 -0.000158 -0.000008
8.650000 -0.000158 -0.000012
8.660000 -0.000158 -0.000017
8.670000 -0.000157 -0.000022
8.680000 -0.000156 -0.000026
8.690000 -0.000155 -0.000031
8.700000 -0.000154 -0.000035
8.710000 -0.000153 -0.000039
8.720000 -0.000151 -0.000044
8.730000 -0.000150 -0.000048
8.740000 -0.000148 -0.000052
8.750000 -0.000146 -0.000056
8.760000 -0.000144 -0.000060
8.770000 -0.000141 -0.000064
8.780000 -0.000139 -0.000067
8.790000 -0.000136 -0.000071
8.800000 -0.000134 -0.000074
8.810000 -0.000131 -0.000078
8.820000 -0.000128 -0.000081
8.830000 -0.000125 -0.000084
8.840000 -0.000121 -0.000087
8.850000 -0.000118 -0.000090
8.860000 -0.000114 -0.000092
8.870000 -0.000111 -0.000095
8.880000 -0.000107 -0.000097
8.890000 -0.000104 -0.000099
8.900000 -0.000100 -0.000101
8.910000 -0.000096 -0.000103
8.920000 -0.000092 -0.000104
8.930000 -0.000088 -0.000106
8.940000 -0.000084 -0.000107
8.950000 -0.000080 -0.000108
8.960000 -0.000076 -0.000109
8.970000 -0.000072 -0.000110
8.980000 -0.000068 -0.000111
8.990000 -0.000064 -0.000111
9.000000 -0.000060 -0.000112
9.010000 -0.000056 -0.000112
9.020000 -0.000052 -0.000112
9.030000 -0.000048 -0.000112
9.040000 -0.000044 -0.000112
9.050000 -0.000040 -0.000112
9.060000 -0.000036 -0.000111
9.070000 -0.000032 -0.000110
9.080000 -0.000028 -0.000110
9.090000 -0.000024 -0.000109
9.100000 -0.000021 -0.000108
9.110000 -0.000017 -0.000107
9.120000 -0.000013 -0.000106
9.130000 -0.000010 -0.000105
9.140000 -0.000006 -0.000103
9.150000 -0.000003 -0.000102
9.160000 0.000001 -0.000100
9.170000 0.000004 -0.000099
9.180000 0.000007 -0.000097
9.190000 0.000010 -0.000095
9.200000 0.000013 -0.000093
9.210000 0.000016 -0.000091
9.220000 0.000019 -0.000089
9.230000 0.000022 -0.000087
9.240000 0.000025 -0.000085
9.250000 0.000027 -0.000083
9.260000 0.000030 -0.000081
9.270000 0.000032 -0.000079
9.280000 0.000034 -0.000077
9.290000 0.000037 -0.000075
9.300000 0.000039 -0.000072
9.310000 0.000041 -0.000070
9.320000 0.000043 -0.000068
9.330000 0.000045 -0.000066
9.340000 0.000047 -0.000063
9.350000 0.000049 -0.000061
9.360000 0.000050 -0.000059
9.370000 0.000052 -0.000056
9.380000 0.000053 -0.000054
9.390000 0.000055 -0.000052
9.400000 0.000056 -0.000050
9.410000 0.000057 -0.000047
9.420000 0.000059 -0.000045
9.430000 0.000060 -0.000043
9.440000 0.000061 -0.000041
9.450000 0.000062 -0.000039
9.460000 0.000063 -0.000037
9.470000 0.000064 -0.000034
9.480000 0.000064 -0.000032
9.490000 0.000065 -0.000030
9.500000 0.000066 -0.000028
9.510000 0.000066 -0.000026
9.520000 0.000067 -0.000024
9.530000 0.000067 -0.000022
9.540000 0.000068 -0.000021
9.550000 0.000068 -0.000019
9.560000 0.000069 -0.000017
9.570000 0.000069 -0.000015
9.580000 0.000069 -0.000013
9.590000 0.000069 -0.000012
9.600000 0.000069 -0.000010
9.610000 0.000070 -0.000008
9.620000 0.000070 -0.000007
9.630000 0.000070 -0.000005
9.640000 0.000070 -0.000004
9.650000 0.000070 -0.000002
9.660000 0.000070 -0.000001
9.670000 0.000069 0.000000
9.680000 0.000069 0.000002
9.690000 0.000069 0.000003
9.700000 0.000069 0.000004
9.710000 0.000069 0.000005
9.720000 0.000068 0.000006
9.730000 0.000068 0.000008
9.740000 0.000068 0.000009
9.750000 0.000067 0.000010
9.760000 0.000067 0.000011
9.770000 0.000066 0.000012
9.780000 0.000066 0.000012
9.790000 0.000066 0.000013
9.800000 0.000065 0.000014
9.810000 0.000065 0.000015
9.820000 0.000064 0.000016
9.830000 0.000063 0.000016
9.840000 0.000063 0.000017
9.850000 0.000062 0.000018
9.860000 0.000062 0.000018
9.870000 0.000061 0.000019
9.880000 0.000060 0.000019
9.890000 0.000060 0.000020
9.900000 0.000059 0.000020
9.910000 0.000058 0.000021
9.920000 0.000058 0.000021
9.930000 0.000057 0.000022
9.940000 0.000056 0.000022
9.950000 0.000056 0.000022
9.960000 0.000055 0.000022
9.970000 0.000054 0.000023
9.980000 0.000053 0.000023
9.990000 0.000053 0.000023
10.000000 0.000052 0.000023
10.010000 0.000051 0.000023
10.020000 0.000050 0.000023
10.030000 0.000050 0.000024
10.040000 0.000049 0.000024
10.050000 0.000048 0.000024
10.060000 0.000047 0.000024
10.070000 0.000047 0.000023
10.080000 0.000046 0.000023
10.090000 0.000045 0.000023
10.100000 0.000044 0.000023
10.110000 0.000044 0.000023
10.120000 0.000043 0.000023
10.130000 0.000042 0.000023
10.140000 0.000041 0.000023
10.150000 0.000041 0.000022
10.160000 0.000040 0.000022
10.170000 0.000039 0.000022
10.180000 0.000038 0.000022
10.190000 0.000038 0.000021
10.200000 0.000037 0.000021
10.210000 0.000036 0.000021
10.220000 0.000035 0.000020
10.230000 0.000035 0.000020
10.240000 0.000034 0.000020
10.250000 0.000033 0.000019
10.260000 0.000033 0.000019
10.270000 0.000032 0.000019
10.280000 0.000031 0.000018
10.290000 0.000031 0.000018
10.300000 0.000030 0.000017
10.310000 0.000030 0.000017
10.320000 0.000029 0.000017
10.330000 0.000028 0.000016
10.340000 0.000028 0.000016
10.350000 0.000027 0.000015
10.360000 0.000027 0.000015
10.370000 0.000026 0.000015
10.380000 0.000026 0.000014
10.390000 0.000025 0.000014
10.400000 0.000025 0.000013
10.410000 0.000024 0.000013
10.420000 0.000024 0.000012
10.430000 0.000023 0.000012
10.440000 0.000023 0.000012
10.450000 0.000022 0.000011
10.460000 0.000022 0.000011
10.470000 0.000021 0.000010
10.480000 0.000021 0.000010
10.490000 0.000021 0.000010
10.500000 0.000020 0.000009
10.510000 0.000020 0.000009
10.520000 0.000019 0.000008
10.530000 0.000019 0.000008
10.540000 0.000019 0.000008
10.550000 0.000018 0.000007
10.560000 0.000018 0.000007
10.570000 0.000018 0.000007
10.580000 0.000017 0.000006
10.590000 0.000017 0.000006
10.600000 0.000017 0.000006
10.610000 0.000016 0.000005
10.620000 0.000016 0.000005
10.630000 0.000016 0.000005
10.640000 0.000016 0.000005
10.650000 0.000015 0.000004
10.660000 0.000015 0.000004
10.670000 0.000015 0.000004
10.680000 0.000015 0.000004
10.690000 0.000014 0.000003
10.700000 0.000014 0.000003
10.710000 0.000014 0.000003
10.720000 0.000014 0.000003
10.730000 0.000013 0.000002
10.740000 0.000013 0.000002
10.750000 0.000013 0.000002
10.760000 0.000013 0.000002
10.770000 0.000013 0.000002
10.780000 0.000012 0.000002
10.790000 0.000012 0.000001
10.800000 0.000012 0.000001
10.810000 0.000012 0.000001
10.820000 0.000012 0.000001
10.830000 0.000012 0.000001
10.840000 0.000011 0.000001
10.850000 0.000011 0.000001
10.860000 0.000011 0.000001
10.870000 0.000011 0.000001
10.880000 0.000011 0.000000
10.890000 0.000011 0.000000
10.900000 0.000011 0.000000
10.910000 0.000010 0.000000
10.920000 0.000010 0.000000
10.930000 0.000010 0.000000
10.940000 0.000010 0.000000
10.950000 0.000010 0.000000
10.960000 0.000010 0.000000
10.970000 0.000010 0.000000
10.980000 0.000009 0.000000
10.990000 0.000009 0.000000
11.000000 0.000009 0.000000
11.010000 0.000009 0.000000
11.020000 0.000009 -0.000000
11.030000 0.000009 -0.000000
11.040000 0.000009 0.000000
11.050000 0.000009 0.000000
11.060000 0.000009 0.000000
11.070000 0.000008 0.000000
11.080000 0.000008 0.000000
11.090000 0.000008 0.000000
11.100000 0.000008 0.000000
11.110000 0.000008 0.000000
11.120000 0.000008 0.000000
11.130000 0.000008 0.000000
11.140000 0.000008 0.000000
11.150000 0.000008 0.000000
11.160000 0.000008 0.000000
11.170000 0.000008 0.000000
11.180000 0.000007 0.000000
11.190000 0.000007 0.000000
11.200000 0.000007 0.000000
11.210000 0.000007 0.000000
11.220000 0.000007 0.000001
11.230000 0.000007 0.000001
11.240000 0.000007 0.000001
11.250000 0.000007 0.000001
11.260000 0.000007 0.000001
11.270000 0.000007 0.000001
11.280000 0.000007 0.000001
11.290000 0.000007 0.000001
11.300000 0.000007 0.000001
11.310000 0.000007 0.000001
11.320000 0.000006 0.000001
11.330000 0.000006 0.000001
11.340000 0.000006 0.000001
11.350000 0.000006 0.000001
11.360000 0.000006 0.000001
11.370000 0.000006 0.000001
11.380000 0.000006 0.000001
11.390000 0.000006 0.000001
11.400000 0.000006 0.000001
11.410000 0.000006 0.000001
11.420000 0.000006 0.000001
11.430000 0.000006 0.000002
11.440000 0.000006 0.000002
11.450000 0.000006 0.000002
11.460000 0.000006 0.000002
11.470000 0.000006 0.000002
11.480000 0.000006 0.000002
11.490000 0.000006 0.000002
11.500000 0.000006 0.000002
11.510000 0.000006 0.000002
11.520000 0.000005 0.000002
11.530000 0.000005 0.000002
11.540000 0.000005 0.000002
11.550000 0.000005 0.000002
11.560000 0.000005 0.000002
11.570000 0.000005 0.000002
11.580000 0.000005 0.000002
11.590000 0.000005 0.000002
11.600000 0.000005 0.000002
11.610000 0.000005 0.000002
11.620000 0.000005 0.000002
11.630000 0.000005 0.000002
11.640000 0.000005 0.000003
11.650000 0.000005 0.000003
11.660000 0.000005 0.000003
11.670000 0.000005 0.000003
11.680000 0.000005 0.000003
11.690000 0.000005 0.000003
11.700000 0.000005 0.000003
11.710000 0.000005 0.000003
11.720000 0.000005 0.000003
11.730000 0.000005 0.000003
11.740000 0.000005 0.000003
11.750000 0.000005 0.000003
11.760000 0.000005 0.000003
11.770000 0.000004 0.000003
11.780000 0.000004 0.000003
11.790000 0.000004 0.000003
11.800000 0.000004 0.000003
11.810000 0.000004 0.000003
11.820000 0.000004 0.000003
11.830000 0.000004 0.000003
11.840000 0.000004 0.000003
11.850000 0.000004 0.000003
11.860000 0.000004 0.000003
11.870000 0.000004 0.000003
11.880000 0.000004 0.000003
11.890000 0.000004 0.000003
11.900000 0.000004 0.000003
11.910000 0.000004 0.000003
11.920000 0.000004 0.000003
11.930000 0.000004 0.000003
11.940000 0.000004 0.000003
11.950000 0.000003 0.000004
11.960000 0.000003 0.000004
11.970000 0.000003 0.000004
11.980000 0.000003 0.000004
11.990000 0.000003 0.000004
12.000000 0.000003 0.000004
12.010000 0.000003 0.000004
12.020000 0.000003 0.000004
12.030000 0.000003 0.000004
12.040000 0.000003 0.000004
12.050000 0.000003 0.000004
12.060000 0.000003 0.000004
12.070000 0.000003 0.000004
12.080000 0.000002 0.000004
12.090000 0.000002 0.000004
12.100000 0.000002 0.000004
12.110000 0.000002 0.000004
12.120000 0.000002 0.000004
12.130000 0.000002 0.000004
12.140000 0.000002 0.000004
12.150000 0.000002 0.000004
12.160000 0.000002 0.000004
12.170000 0.000002 0.000004
12.180000 0.000002 0.000004
12.190000 0.000001 0.000004
12.200000 0.000001 0.000004
12.210000 0.000001 0.000004
12.220000 0.000001 0.000004
12.230000 0.000001 0.000004
12.240000 0.000001 0.000004
12.250000 0.000001 0.000004
12.260000 0.000001 0.000004
12.270000 0.000001 0.000003
12.280000 0.000000 0.000003
12.290000 0.000000 0.000003
12.300000 0.000000 0.000003
12.310000 0.000000 0.000003
12.320000 0.000000 0.000003
12.330000 -0.000000 0.000003
12.340000 -0.000000 0.000003
12.350000 -0.000000 0.000003
12.360000 -0.000000 0.000003
12.370000 -0.000000 0.000003
12.380000 -0.000001 0.000003
12.390000 -0.000001 0.000003
12.400000 -0.000001 0.000003
12.410000 -0.000001 0.000003
12.420000 -0.000001 0.000003
12.430000 -0.000001 0.000003
12.440000 -0.000001 0.000003
12.450000 -0.000001 0.000003
12.460000 -0.000001 0.000002
12.470000 -0.000001 0.000002
12.480000 -0.000001 0.000002
12.490000 -0.000002 0.000002
12.500000 -0.000002 0.000002
12.510000 -0.000002 0.000002
12.520000 -0.000002 0.000002
12.530000 -0.000002 0.000002
12.540000 -0.000002 0.000002
12.550000 -0.000002 0.000002
12.560000 -0.000002 0.000002
12.570000 -0.000002 0.000002
12.580000 -0.000002 0.000002
12.590000 -0.000002 0.000001
12.600000 -0.000002 0.000001
12.610000 -0.000002 0.000001
12.620000 -0.000002 0.000001
12.630000 -0.000002 0.000001
12.640000 -0.000002 0.000001
12.650000 -0.000003 0.000001
12.660000 -0.000003 0.000001
12.670000 -0.000003 0.000001
12.680000 -0.000003 0.000001
12.690000 -0.000003 0.000001
12.700000 -0.000003 0.000000
12.710000 -0.000003 0.000000
12.720000 -0.000003 0.000000
12.730000 -0.000003 0.000000
12.740000 -0.000003 0.000000
12.750000 -0.000003 0.000000
12.760000 -0.000003 0.000000
12.770000 -0.000003 -0.000000
12.780000 -0.000003 -0.000000
12.790000 -0.000003 -0.000000
12.800000 -0.000003 -0.000000
12.810000 -0.000003 -0.000000
12.820000 -0.000003 -0.000000
12.830000 -0.000003 -0.000000
12.840000 -0.000003 -0.000001
12.850000 -0.000003 -0.000001
12.860000 -0.000003 -0.000001
12.870000 -0.000002 -0.000001
12.880000 -0.000002 -0.000001
12.890000 -0.000002 -0.000001
12.900000 -0.000002 -0.000001
12.910000 -0.000002 -0.000001
12.920000 -0.000002 -0.000001
12.930000 -0.000002 -0.000001
12.940000 -0.000002 -0.000001
12.950000 -0.000002 -0.000001
12.960000 -0.000002 -0.000001
12.970000 -0.000002 -0.000001
12.980000 -0.000002 -0.000001
12.990000 -0.000002 -0.000001
13.000000 -0.000002 -0.000001
13.010000 -0.000002 -0.000001
13.020000 -0.000002 -0.000001
13.030000 -0.000002 -0.000001
13.040000 -0.000002 -0.000001
13.050000 -0.000002 -0.000001
13.060000 -0.000002 -0.000001
13.070000 -0.000002 -0.000001
13.080000 -0.000002 -0.000001
13.090000 -0.000002 -0.000001
13.100000 -0.000001 -0.000001
13.110000 -0.000001 -0.000001
13.120000 -0.000001 -0.000001
13.130000 -0.000001 -0.000001
13.140000 -0.000001 -0.000001
13.150000 -0.000001 -0.000001
13.160000 -0.000001 -0.000001
13.170000 -0.000001 -0.000001
13.180000 -0.000001 -0.000001
13.190000 -0.000001 -0.000001
13.200000 -0.000001 -0.000001
13.210000 -0.000001 -0.000001
13.220000 -0.000001 -0.000001
13.230000 -0.000001 -0.000001
13.240000 -0.000001 -0.000001
13.250000 -0.000001 -0.000001
13.260000 -0.000001 -0.000001
13.270000 -0.000001 -0.000001
13.280000 -0.000001 -0.000001
13.290000 -0.000001 -0.000001
13.300000 -0.000001 -0.000001
13.310000 -0.000001 -0.000001
13.320000 -0.000001 -0.000001
13.330000 -0.000001 -0.000001
13.340000 -0.000001 -0.000001
13.350000 -0.000001 -0.000001
13.360000 -0.000001 -0.000001
13.370000 -0.000001 -0.000000
13.380000 -0.000001 -0.000000
13.390000 -0.000000 -0.000000
13.400000 -0.000000 -0.000000
13.410000 -0.000000 -0.000000
13.420000 -0.000000 -0.000000
13.430000 -0.000000 -0.000000
13.440000 -0.000000 -0.000000
13.450000 -0.000000 -0.000000
13.460000 -0.000000 -0.000000
13.470000 -0.000000 -0.000000
13.480000 -0.000000 -0.000000
13.490000 -0.000000 -0.000000
13.500000 -0.000000 -0.000000
13.510000 -0.000000 -0.000000
13.520000 -0.000000 -0.000000
13.530000 -0.000000 0.000000
13.540000 -0.000000 0.000000
13.550000 -0.000000 0.000000
13.560000 -0.000000 0.000000
13.570000 -0.000000 0.000000
13.580000 -0.000000 0.000000
13.590000 -0.000000 0.000000
13.600000 -0.000000 0.000000
13.610000 -0.000000 0.000000
13.620000 -0.000000 0.000000
13.630000 -0.000000 0.000000
13.640000 -0.000000 0.000000
13.650000 -0.000000 0.000000
13.660000 -0.000000 0.000000
13.670000 -0.000000 0.000000
13.680000 -0.000000 0.000000
13.690000 -0.000000 0.000000
13.700000 -0.000000 0.000000
13.710000 -0.000000 0.000000
13.720000 -0.000000 0.000000
13.730000 -0.000000 0.000000
13.740000 -0.000000 0.000000
13.750000 -0.000000 0.000000
13.760000 -0.000000 0.000000
13.770000 -0.000000 0.000000
13.780000 -0.000000 0.000000
13.790000 -0.000000 0.000000
13.800000 -0.000000 0.000000
13.810000 -0.000000 0.000000
13.820000 -0.000000 0.000000
13.830000 -0.000000 0.000000
13.840000 -0.000000 0.000000
13.850000 -0.000000 0.000000
13.860000 -0.000000 0.000000
13.870000 -0.000000 0.000000
13.880000 -0.000000 0.000000
13.890000 -0.000000 0.000000
13.900000 -0.000000 0.000000
13.910000 -0.000000 0.000000
13.920000 -0.000000 0.000000
13.930000 -0.000000 0.000000
13.940000 -0.000000 0.000000
13.950000 -0.000000 0.000000
13.960000 -0.000000 0.000000
13.970000 -0.000000 0.000000
13.980000 -0.000000 0.000000
13.990000 -0.000000 0.000000
14.000000 -0.000000 0.000000
14.010000 -0.000000 0.000000
14.020000 -0.000000 0.000000
14.030000 -0.000000 0.000000
14.040000 -0.000000 0.000000
14.050000 -0.000000 0.000000
14.060000 -0.000000 0.000000
14.070000 -0.000000 0.000000
14.080000 -0.000000 0.000000
14.090000 -0.000000 0.000000
14.100000 -0.000000 0.000000
14.110000 -0.000000 0.000000
14.120000 -0.000000 0.000000
14.130000 -0.000000 0.000000
14.140000 -0.000000 0.000000
14.150000 -0.000000 0.000000
14.160000 -0.000000 0.000000
14.170000 -0.000000 0.000000
14.180000 -0.000000 0.000000
14.190000 -0.000000 0.000000
14.200000 -0.000000 0.000000
14.210000 -0.000000 0.000000
14.220000 -0.000000 0.000000
14.230000 -0.000000 0.000000
14.240000 -0.000000 0.000000
14.250000 -0.000000 0.000000
14.260000 -0.000000 0.000000
14.270000 -0.000000 0.000000
14.280000 -0.000000 0.000000
14.290000 -0.000000 0.000000
14.300000 -0.000000 0.000000
14.310000 -0.000000 0.000000
14.320000 -0.000000 0.000000
14.330000 -0.000000 0.000000
14.340000 -0.000000 0.000000
14.350000 -0.000000 0.000000
14.360000 -0.000000 0.000000
14.370000 -0.000000 0.000000
14.380000 -0.000000 0.000000
14.390000 -0.000000 0.000000
14.400000 -0.000000 0.000000
14.410000 -0.000000 0.000000
14.420000 -0.000000 0.000000
14.430000 -0.000000 0.000000
14.440000 -0.000000 0.000000
14.450000 -0.000000 0.000000
14.460000 -0.000000 0.000000
14.470000 -0.000000 0.000000
14.480000 -0.000000 0.000000
14.490000 -0.000000 0.000000
14.500000 -0.000000 0.000000
14.510000 -0.000000 0.000000
14.520000 -0.000000 0.000000
14.530000 -0.000000 0.000000
14.540000 -0.000000 0.000000
14.550000 -0.000000 0.000000
14.560000 -0.000000 0.000000
14.570000 -0.000000 -0.000000
14.580000 -0.000000 -0.000000
14.590000 -0.000000 -0.000000
14.600000 -0.000000 -0.000000
14.610000 -0.000000 -0.000000
14.620000 -0.000000 -0.000000
14.630000 -0.000000 -0.000000
14.640000 -0.000000 -0.000000
14.650000 -0.000000 -0.000000
14.660000 -0.000000 -0.000000
14.670000 -0.000000 -0.000000
14.680000 -0.000000 -0.000000
14.690000 -0.000000 -0.000000
14.700000 -0.000000 -0.000000
14.710000 -0.000000 -0.000000
14.720000 -0.000000 -0.000000
14.730000 -0.000000 -0.000000
14.740000 -0.000000 -0.000000
14.750000 -0.000000 -0.000000
14.760000 -0.000000 -0.000000
14.770000 -0.000000 -0.000000
14.780000 -0.000000 -0.000000
14.790000 -0.000000 -0.000000
14.800000 -0.000000 -0.000000
14.810000 -0.000000 -0.000000
14.820000 -0.000000 -0.000000
14.830000 -0.000000 -0.000000
14.840000 -0.000000 -0.000000
14.850000 -0.000000 -0.000000
14.860000 -0.000000 -0.000000
14.870000 -0.000000 -0.000000
14.880000 -0.000000 -0.000000
14.890000 -0.000000 -0.000000
14.900000 -0.000000 -0.000000
14.910000 -0.000000 -0.000000
14.920000 -0.000000 -0.000000
14.930000 -0.000000 -0.000000
14.940000 -0.000000 -0.000000
14.950000 -0.000000 -0.000000
14.960000 -0.000000 -0.000000
14.970000 -0.000000 -0.000000
14.980000 -0.000000 -0.000000
14.990000 -0.000000 -0.000000
15.000000 -0.000000 -0.000000
15.010000 -0.000000 -0.000000
15.020000 -0.000000 -0.000000
15.030000 -0.000000 -0.000000
15.040000 -0.000000 -0.000000
15.050000 -0.000000 -0.000000
15.060000 -0.000000 -0.000000
15.070000 -0.000000 -0.000000
15.080000 -0.000000 -0.000000
15.090000 -0.000000 -0.000000
15.100000 -0.000000 -0.000000
15.110000 -0.000000 -0.000000
15.120000 -0.000000 -0.000000
15.130000 -0.000000 -0.000000
15.140000 -0.000000 -0.000000
15.150000 -0.000000 -0.000000
15.160000 -0.000000 -0.000000
15.170000 -0.000000 -0.000000
15.180000 -0.000000 -0.000000
15.190000 -0.000000 -0.000000
15.200000 -0.000000 -0.000000
15.210000 -0.000000 -0.000000
15.220000 -0.000000 -0.000000
15.230000 -0.000000 -0.000000
15.240000 -0.000000 -0.000000
15.250000 -0.000000 -0.000000
15.260000 -0.000000 -0.000000
15.270000 -0.000000 -0.000000
15.280000 -0.000000 -0.000000
15.290000 -0.000000 -0.000000
15.300000 -0.000000 -0.000000
15.310000 -0.000000 -0.000000
15.320000 -0.000000 -0.000000
15.330000 -0.000000 -0.000000
15.340000 -0.000000 -0.000000
15.350000 -0.000000 -0.000000
15.360000 -0.000000 -0.000000
15.370000 -0.000000 -0.000000
15.380000 -0.000000 -0.000000
15.390000 -0.000000 -0.000000
15.400000 -0.000000 -0.000000
15.410000 -0.000000 -0.000000
15.420000 -0.000000 -0.000000
15.430000 -0.000000 -0.000000
15.440000 -0.000000 -0.000000
15.450000 -0.000000 -0.000000
15.460000 -0.000000 -0.000000
15.470000 -0.000000 -0.000000
15.480000 -0.000000 -0.000000
15.490000 -0.000000 -0.000000
15.500000 0.000000 -0.000000
15.510000 0.000000 -0.000000
15.520000 0.000000 -0.000000
15.530000 0.000000 -0.000000
15.540000 0.000000 -0.000000
15.550000 0.000000 -0.000000
15.560000 0.000000 -0.000000
15.570000 0.000000 -0.000000
15.580000 0.000000 -0.000000
15.590000 0.000000 -0.000000
15.600000 0.000000 -0.000000
15.610000 0.000000 -0.000000
15.620000 0.000000 -0.000000
15.630000 0.000000 -0.000000
15.640000 0.000000 -0.000000
15.650000 0.000000 -0.000000
15.660000 0.000000 -0.000000
15.670000 0.000000 -0.000000
15.680000 0.000000 -0.000000
15.690000 0.000000 -0.000000
15.700000 0.000000 -0.000000
15.710000 0.000000 -0.000000
15.720000 0.000000 -0.000000
15.730000 0.000000 -0.000000
15.740000 0.000000 -0.000000
15.750000 0.000000 -0.000000
15.760000 0.000000 -0.000000
15.770000 0.000000 -0.000000
15.780000 0.000000 -0.000000
15.790000 0.000000 -0.000000
15.800000 0.000000 -0.000000
15.810000 0.000000 -0.000000
15.820000 0.000000 -0.000000
15.830000 0.000000 -0.000000
15.840000 0.000000 0.000000
15.850000 0.000000 0.000000
15.860000 0.000000 0.000000
15.870000 0.000000 0.000000
15.880000 0.000000 0.000000
15.890000 0.000000 0.000000
15.900000 0.000000 0.000000
15.910000 0.000000 0.000000
15.920000 0.000000 0.000000
15.930000 0.000000 0.000000
15.940000 0.000000 0.000000
15.950000 0.000000 0.000000
15.960000 0.000000 0.000000
15.970000 0.000000 0.000000
15.980000 0.000000 0.000000
15.990000 0.000000 0.000000
16.000000 0.000000 0.000000
16.010000 0.000000 0.000000
16.020000 0.000000 0.000000
16.030000 0.000000 0.000000
16.040000 0.000000 0.000000
16.050000 0.000000 0.000000
16.060000 0.000000 0.000000
16.070000 0.000000 0.000000
16.080000 0.000000 0.000000
16.090000 0.000000 0.000000
16.100000 0.000000 0.000000
16.110000 0.000000 0.000000
16.120000 0.000000 0.000000
16.130000 0.000000 0.000000
16.140000 0.000000 0.000000
16.150000 0.000000 0.000000
16.160000 0.000000 0.000000
16.170000 0.000000 0.000000
16.180000 0.000000 0.000000
16.190000 0.000000 0.000000
16.200000 0.000000 0.000000
16.210000 0.000000 0.000000
16.220000 0.000000 0.000000
16.230000 0.000000 0.000000
16.240000 0.000000 0.000000
16.250000 0.000000 0.000000
16.260000 0.000000 0.000000
16.270000 0.000000 0.000000
16.280000 0.000000 0.000000
16.290000 0.000000 0.000000
16.300000 0.000000 0.000000
16.310000 0.000000 0.000000
16.320000 0.000000 0.000000
16.330000 0.000000 0.000000
16.340000 0.000000 0.000000
16.350000 0.000000 0.000000
16.360000 0.000000 0.000000
16.370000 0.000000 0.000000
16.380000 0.000000 0.000000
16.390000 0.000000 0.000000
16.400000 0.000000 0.000000
16.410000 0.000000 0.000000
16.420000 0.000000 0.000000
16.430000 0.000000 0.000000
16.440000 0.000000 0.000000
16.450000 0.000000 0.000000
16.460000 0.000000 0.000000
16.470000 0.000000 0.000000
16.480000 0.000000 0.000000
16.490000 0.000000 0.000000
16.500000 0.000000 0.000000
16.510000 0.000000 0.000000
16.520000 0.000000 0.000000
16.530000 0.000000 0.000000
16.540000 0.000000 0.000000
16.550000 0.000000 0.000000
16.560000 0.000000 0.000000
16.570000 0.000000 0.000000
16.580000 -0.000000 0.000000
16.590000 -0.000000 0.000000
16.600000 -0.000000 0.000000
16.610000 -0.000000 0.000000
16.620000 -0.000000 0.000000
16.630000 -0.000000 0.000000
16.640000 -0.000000 0.000000
16.650000 -0.000000 0.000000
16.660000 -0.000000 0.000000
16.670000 -0.000000 0.000000
16.680000 -0.000000 0.000000
16.690000 -0.000000 0.000000
16.700000 -0.000000 -0.000000
16.710000 -0.000000 -0.000000
16.720000 -0.000000 -0.000000
16.730000 -0.000000 -0.000000
16.740000 -0.000000 -0.000000
16.750000 -0.000000 -0.000000
16.760000 -0.000000 -0.000000
16.770000 -0.000000 -0.000000
16.780000 -0.000000 -0.000000
16.790000 -0.000000 -0.000000
16.800000 -0.000000 -0.000000
16.810000 -0.000000 -0.000000
16.820000 -0.000000 -0.000000
16.830000 -0.000000 -0.000000
16.840000 -0.000000 -0.000000
16.850000 -0.000000 -0.000000
16.860000 -0.000000 -0.000000
16.870000 -0.000000 -0.000000
16.880000 -0.000000 -0.000000
16.890000 -0.000000 -0.000000
16.900000 -0.000000 -0.000000
16.910000 -0.000000 -0.000000
16.920000 -0.000000 -0.000000
16.930000 -0.000000 -0.000000
16.940000 -0.000000 -0.000000
16.950000 -0.000000 -0.000000
16.960000 -0.000000 -0.000000
16.970000 -0.000000 -0.000000
16.980000 -0.000000 -0.000000
16.990000 -0.000000 -0.000000
17.000000 -0.000000 -0.000000
17.010000 -0.000000 -0.000000
17.020000 -0.000000 -0.000000
17.030000 -0.000000 -0.000000
17.040000 -0.000000 -0.000000
17.050000 -0.000000 -0.000000
17.060000 -0.000000 -0.000000
17.070000 -0.000000 -0.000000
17.080000 -0.000000 -0.000000
17.090000 -0.000000 -0.000000
17.100000 -0.000000 -0.000000
17.110000 -0.000000 -0.000000
17.120000 -0.000000 -0.000000
17.130000 -0.000000 -0.000000
17.140000 -0.000000 -0.000000
17.150000 -0.000000 -0.000000
17.160000 -0.000000 -0.000000
17.170000 -0.000000 -0.000000
17.180000 -0.000000 -0.000000
17.190000 -0.000000 -0.000000
17.200000 -0.000000 -0.000000
17.210000 -0.000000 -0.000000
17.220000 -0.000000 -0.000000
17.230000 -0.000000 -0.000000
17.240000 -0.000000 -0.000000
17.250000 -0.000000 -0.000000
17.260000 -0.000000 -0.000000
17.270000 -0.000000 -0.000000
17.280000 -0.000000 -0.000000
17.290000 -0.000000 -0.000000
17.300000 -0.000000 -0.000000
17.310000 -0.000000 -0.000000
17.320000 -0.000000 -0.000000
17.330000 -0.000000 -0.000000
17.340000 -0.000000 -0.000000
17.350000 -0.000000 -0.000000
17.360000 -0.000000 -0.000000
17.370000 -0.000000 -0.000000
17.380000 -0.000000 -0.000000
17.390000 -0.000000 -0.000000
17.400000 -0.000000 -0.000000
17.410000 -0.000000 -0.000000
17.420000 -0.000000 -0.000000
17.430000 -0.000000 -0.000000
17.440000 -0.000000 -0.000000
17.450000 -0.000000 -0.000000
17.460000 -0.000000 -0.000000
17.470000 -0.000000 -0.000000
17.480000 -0.000000 -0.000000
17.490000 -0.000000 -0.000000
17.500000 -0.000000 -0.000000
17.510000 -0.000000 -0.000000
17.520000 -0.000000 -0.000000
17.530000 -0.000000 -0.000000
17.540000 -0.000000 -0.000000
17.550000 -0.000000 -0.000000
17.560000 -0.000000 -0.000000
17.570000 -0.000000 -0.000000
17.580000 -0.000000 -0.000000
17.590000 -0.000000 -0.000000
17.600000 -0.000000 -0.000000
17.610000 -0.000000 -0.000000
17.620000 -0.000000 -0.000000
17.630000 -0.000000 -0.000000
17.640000 -0.000000 -0.000000
17.650000 -0.000000 -0.000000
17.660000 -0.000000 -0.000000
17.670000 -0.000000 -0.000000
17.680000 -0.000000 -0.000000
17.690000 -0.000000 -0.000000
17.700000 -0.000000 -0.000000
17.710000 -0.000000 -0.000000
17.720000 -0.000000 -0.000000
17.730000 -0.000000 -0.000000
17.740000 -0.000000 -0.000000
17.750000 -0.000000 -0.000000
17.760000 -0.000000 -0.000000
17.770000 -0.000000 -0.000000
17.780000 -0.000000 -0.000000
17.790000 -0.000000 -0.000000
17.800000 -0.000000 -0.000000
17.810000 -0.000000 -0.000000
17.820000 -0.000000 -0.000000
17.830000 -0.000000 -0.000000
17.840000 -0.000000 -0.000000
17.850000 -0.000000 -0.000000
17.860000 -0.000000 -0.000000
17.870000 -0.000000 -0.000000
17.880000 -0.000000 -0.000000
17.890000 -0.000000 -0.000000
17.900000 -0.000000 -0.000000
17.910000 -0.000000 -0.000000
17.920000 -0.000000 -0.000000
17.930000 -0.000000 -0.000000
17.940000 -0.000000 -0.000000
17.950000 -0.000000 -0.000000
17.960000 -0.000000 -0.000000
17.970000 -0.000000 -0.000000
17.980000 -0.000000 -0.000000
17.990000 -0.000000 -0.000000
18.000000 -0.000000 -0.000000
18.010000 -0.000000 -0.000000
18.020000 -0.000000 -0.000000
18.030000 -0.000000 -0.000000
18.040000 -0.000000 -0.000000
18.050000 -0.000000 -0.000000
18.060000 -0.000000 -0.000000
18.070000 -0.000000 -0.000000
18.080000 -0.000000 -0.000000
18.090000 -0.000000 -0.000000
18.100000 -0.000000 -0.000000
18.110000 0.000000 -0.000000
18.120000 0.000000 -0.000000
18.130000 0.000000 -0.000000
18.140000 0.000000 -0.000000
18.150000 0.000000 -0.000000
18.160000 0.000000 -0.000000
18.170000 0.000000 -0.000000
18.180000 0.000000 0.000000
18.190000 0.000000 0.000000
18.200000 0.000000 0.000000
18.210000 0.000000 0.000000
18.220000 0.000000 0.000000
18.230000 0.000000 0.000000
18.240000 0.000000 0.000000
18.250000 0.000000 0.000000
18.260000 0.000000 0.000000
18.270000 0.000000 0.000000
18.280000 0.000000 0.000000
18.290000 0.000000 0.000000
18.300000 0.000000 0.000000
18.310000 0.000000 0.000000
18.320000 0.000000 0.000000
18.330000 0.000000 0.000000
18.340000 0.000000 0.000000
18.350000 0.000000 0.000000
18.360000 0.000000 0.000000
18.370000 0.000000 0.000000
18.380000 0.000000 0.000000
18.390000 0.000000 0.000000
18.400000 -0.000000 0.000000
18.410000 -0.000000 0.000000
18.420000 -0.000000 0.000000
18.430000 -0.000000 0.000000
18.440000 -0.000000 0.000000
18.450000 -0.000000 0.000000
18.460000 -0.000000 0.000000
18.470000 -0.000000 0.000000
18.480000 -0.000000 0.000000
18.490000 -0.000000 0.000000
18.500000 -0.000000 0.000000
18.510000 -0.000000 0.000000
18.520000 -0.000000 0.000000
18.530000 -0.000000 0.000000
18.540000 -0.000000 0.000000
18.550000 -0.000000 0.000000
18.560000 -0.000000 0.000000
18.570000 -0.000000 0.000000
18.580000 -0.000000 0.000000
18.590000 -0.000000 0.000000
18.600000 -0.000000 0.000000
18.610000 -0.000000 0.000000
18.620000 -0.000000 0.000000
18.630000 -0.000000 0.000000
18.640000 -0.000000 0.000000
18.650000 -0.000000 0.000000
18.660000 -0.000000 0.000000
18.670000 -0.000000 0.000000
18.680000 -0.000000 0.000000
18.690000 -0.000000 -0.000000
18.700000 -0.000000 -0.000000
18.710000 -0.000000 -0.000000
18.720000 -0.000000 -0.000000
18.730000 -0.000000 -0.000000
18.740000 -0.000000 -0.000000
18.750000 -0.000000 -0.000000
18.760000 -0.000000 -0.000000
18.770000 -0.000000 -0.000000
18.780000 -0.000000 -0.000000
18.790000 -0.000000 -0.000000
18.800000 -0.000000 -0.000000
18.810000 -0.000000 -0.000000
18.820000 -0.000000 -0.000000
18.830000 -0.000000 -0.000000
18.840000 -0.000000 -0.000000
18.850000 -0.000000 -0.000000
18.860000 -0.000000 -0.000000
18.870000 -0.000000 -0.000000
18.880000 -0.000000 -0.000000
18.890000 -0.000000 -0.000000
18.900000 -0.000000 -0.000000
18.910000 -0.000000 -0.000000
18.920000 -0.000000 -0.000000
18.930000 -0.000000 -0.000000
18.940000 -0.000000 -0.000000
18.950000 -0.000000 -0.000000
18.960000 -0.000000 -0.000000
18.970000 -0.000000 -0.000000
18.980000 -0.000000 -0.000000
18.990000 -0.000000 -0.000000
19.000000 -0.000000 -0.000000
19.010000 -0.000000 -0.000000
19.020000 -0.000000 -0.000000
19.030000 -0.000000 -0.000000
19.040000 -0.000000 -0.000000
19.050000 -0.000000 -0.000000
19.060000 -0.000000 -0.000000
19.070000 -0.000000 -0.000000
19.080000 -0.000000 -0.000000
19.090000 -0.000000 -0.000000
19.100000 -0.000000 -0.000000
19.110000 -0.000000 -0.000000
19.120000 -0.000000 -0.000000
19.130000 -0.000000 -0.000000
19.140000 -0.000000 -0.000000
19.150000 -0.000000 -0.000000
19.160000 -0.000000 -0.000000
19.170000 -0.000000 -0.000000
19.180000 -0.000000 -0.000000
19.190000 -0.000000 -0.000000
19.200000 -0.000000 -0.000000
19.210000 -0.000000 -0.000000
19.220000 -0.000000 -0.000000
19.230000 -0.000000 -0.000000
19.240000 -0.000000 -0.000000
19.250000 -0.000000 -0.000000
19.260000 -0.000000 -0.000000
19.270000 -0.000000 -0.000000
19.280000 -0.000000 -0.000000
19.290000 -0.000000 -0.000000
19.300000 -0.000000 -0.000000
19.310000 -0.000000 -0.000000
19.320000 -0.000000 -0.000000
19.330000 -0.000000 -0.000000
19.340000 -0.000000 -0.000000
19.350000 -0.000000 -0.000000
19.360000 -0.000000 -0.000000
19.370000 -0.000000 -0.000000
19.380000 -0.000000 -0.000000
19.390000 -0.000000 -0.000000
19.400000 -0.000000 -0.000000
19.410000 -0.000000 -0.000000
19.420000 -0.000000 -0.000000
19.430000 -0.000000 -0.000000
19.440000 -0.000000 -0.000000
19.450000 -0.000000 -0.000000
19.460000 -0.000000 -0.000000
19.470000 0.000000 -0.000000
19.480000 0.000000 -0.000000
19.490000 0.000000 -0.000000
19.500000 0.000000 -0.000000
19.510000 0.000000 -0.000000
19.520000 0.000000 -0.000000
19.530000 0.000000 -0.000000
19.540000 0.000000 -0.000000
19.550000 0.000000 -0.000000
19.560000 0.000000 -0.000000
19.570000 0.000000 -0.000000
19.580000 0.000000 -0.000000
19.590000 0.000000 -0.000000
19.600000 0.000000 -0.000000
19.610000 0.000000 -0.000000
19.620000 0.000000 -0.000000
19.630000 0.000000 -0.000000
19.640000 0.000000 -0.000000
19.650000 0.000000 -0.000000
19.660000 0.000000 -0.000000
19.670000 0.000000 -0.000000
19.680000 0.000000 -0.000000
19.690000 0.000000 -0.000000
19.700000 0.000000 -0.000000
19.710000 0.000000 -0.000000
19.720000 0.000000 -0.000000
19.730000 0.000000 -0.000000
19.740000 0.000000 -0.000000
19.750000 0.000000 -0.000000
19.760000 0.000000 -0.000000
19.770000 0.000000 -0.000000
19.780000 0.000000 -0.000000
19.790000 0.000000 -0.000000
19.800000 0.000000 -0.000000
19.810000 0.000000 -0.000000
19.820000 0.000000 -0.000000
19.830000 0.000000 -0.000000
19.840000 0.000000 -0.000000
19.850000 0.000000 -0.000000
19.860000 0.000000 -0.000000
19.870000 0.000000 -0.000000
19.880000 0.000000 -0.000000
19.890000 0.000000 -0.000000
19.900000 0.000000 -0.000000
19.910000 0.000000 -0.000000
19.920000 0.000000 -0.000000
19.930000 0.000000 -0.000000
19.940000 0.000000 0.000000
19.950000 0.000000 0.000000
19.960000 0.000000 0.000000
19.970000 0.000000 0.000000
19.980000 0.000000 0.000000
19.990000 0.000000 0.000000
