0.000000 2.000000 0.000000
0.010000 1.999300 0.020009
0.020000 1.998202 0.040032
0.030000 1.996707 0.060063
0.040000 1.994815 0.080095
0.050000 1.992527 0.100123
0.060000 1.989844 0.120140
0.070000 1.986767 0.140141
0.080000 1.983298 0.160120
0.090000 1.979438 0.180069
0.100000 1.975188 0.199984
0.110000 1.970550 0.219858
0.120000 1.965527 0.239684
0.130000 1.960120 0.259458
0.140000 1.954332 0.279173
0.150000 1.948164 0.298823
0.160000 1.941620 0.318402
0.170000 1.934701 0.337905
0.180000 1.927411 0.357325
0.190000 1.919753 0.376656
0.200000 1.911729 0.395893
0.210000 1.903342 0.415030
0.220000 1.894597 0.434062
0.230000 1.885496 0.452982
0.240000 1.876043 0.471785
0.250000 1.866242 0.490466
0.260000 1.856096 0.509018
0.270000 1.845609 0.527437
0.280000 1.834785 0.545718
0.290000 1.823629 0.563854
0.300000 1.812145 0.581841
0.310000 1.800336 0.599673
0.320000 1.788209 0.617345
0.330000 1.775766 0.634853
0.340000 1.763013 0.652191
0.350000 1.749954 0.669355
0.360000 1.736595 0.686339
0.370000 1.722941 0.703139
0.380000 1.708995 0.719750
0.390000 1.694765 0.736169
0.400000 1.680254 0.752389
0.410000 1.665468 0.768407
0.420000 1.650413 0.784218
0.430000 1.635094 0.799819
0.440000 1.619516 0.815206
0.450000 1.603685 0.830373
0.460000 1.587608 0.845318
0.470000 1.571288 0.860036
0.480000 1.554734 0.874524
0.490000 1.537949 0.888778
0.500000 1.520941 0.902794
0.510000 1.503715 0.916570
0.520000 1.486277 0.930102
0.530000 1.468634 0.943386
0.540000 1.450790 0.956420
0.550000 1.432754 0.969201
0.560000 1.414530 0.981725
0.570000 1.396126 0.993990
0.580000 1.377546 1.005993
0.590000 1.358799 1.017732
0.600000 1.339889 1.029205
0.610000 1.320823 1.040408
0.620000 1.301609 1.051340
0.630000 1.282251 1.061998
0.640000 1.262757 1.072381
0.650000 1.243132 1.082487
0.660000 1.223384 1.092313
0.670000 1.203519 1.101859
0.680000 1.183542 1.111123
0.690000 1.163462 1.120102
0.700000 1.143283 1.128797
0.710000 1.123013 1.137206
0.720000 1.102658 1.145327
0.730000 1.082224 1.153160
0.740000 1.061717 1.160704
0.750000 1.041145 1.167957
0.760000 1.020513 1.174921
0.770000 0.999827 1.181593
0.780000 0.979095 1.187973
0.790000 0.958322 1.194062
0.800000 0.937514 1.199859
0.810000 0.916678 1.205364
0.820000 0.895820 1.210576
0.830000 0.874946 1.215497
0.840000 0.854063 1.220126
0.850000 0.833175 1.224464
0.860000 0.812290 1.228511
0.870000 0.791412 1.232267
0.880000 0.770549 1.235734
0.890000 0.749706 1.238912
0.900000 0.728889 1.241802
0.910000 0.708103 1.244405
0.920000 0.687355 1.246722
0.930000 0.666649 1.248754
0.940000 0.645992 1.250502
0.950000 0.625389 1.251968
0.960000 0.604845 1.253154
0.970000 0.584366 1.254060
0.980000 0.563958 1.254689
0.990000 0.543624 1.255042
1.000000 0.523372 1.255121
1.010000 0.503205 1.254928
1.020000 0.483129 1.254464
1.030000 0.463148 1.253733
1.040000 0.443268 1.252736
1.050000 0.423494 1.251475
1.060000 0.403829 1.249952
1.070000 0.384280 1.248171
1.080000 0.364849 1.246134
1.090000 0.345542 1.243842
1.100000 0.326364 1.241299
1.110000 0.307318 1.238507
1.120000 0.288408 1.235470
1.130000 0.269640 1.232190
1.140000 0.251016 1.228669
1.150000 0.232541 1.224911
1.160000 0.214218 1.220919
1.170000 0.196052 1.216696
1.180000 0.178046 1.212245
1.190000 0.160204 1.207569
1.200000 0.142529 1.202671
1.210000 0.125024 1.197556
1.220000 0.107693 1.192225
1.230000 0.090540 1.186683
1.240000 0.073566 1.180932
1.250000 0.056776 1.174977
1.260000 0.040171 1.168821
1.270000 0.023756 1.162468
1.280000 0.007532 1.155921
1.290000 -0.008497 1.149183
1.300000 -0.024329 1.142259
1.310000 -0.039963 1.135151
1.320000 -0.055394 1.127865
1.330000 -0.070622 1.120403
1.340000 -0.085643 1.112770
1.350000 -0.100457 1.104969
1.360000 -0.115060 1.097004
1.370000 -0.129451 1.088879
1.380000 -0.143629 1.080598
1.390000 -0.157591 1.072165
1.400000 -0.171336 1.063583
1.410000 -0.184862 1.054857
1.420000 -0.198169 1.045990
1.430000 -0.211254 1.036987
1.440000 -0.224117 1.027852
1.450000 -0.236756 1.018587
1.460000 -0.249170 1.009199
1.470000 -0.261359 0.999689
1.480000 -0.273322 0.990063
1.490000 -0.285057 0.980324
1.500000 -0.296564 0.970477
1.510000 -0.307843 0.960525
1.520000 -0.318892 0.950472
1.530000 -0.329713 0.940323
1.540000 -0.340303 0.930080
1.550000 -0.350664 0.919749
1.560000 -0.360794 0.909333
1.570000 -0.370694 0.898836
1.580000 -0.380363 0.888262
1.590000 -0.389803 0.877615
1.600000 -0.399012 0.866898
1.610000 -0.407991 0.856116
1.620000 -0.416741 0.845272
1.630000 -0.425262 0.834371
1.640000 -0.433554 0.823415
1.650000 -0.441618 0.812409
1.660000 -0.449454 0.801357
1.670000 -0.457063 0.790262
1.680000 -0.464446 0.779128
1.690000 -0.471604 0.767958
1.700000 -0.478537 0.756757
1.710000 -0.485247 0.745527
1.720000 -0.491734 0.734273
1.730000 -0.497999 0.722998
1.740000 -0.504045 0.711705
1.750000 -0.509871 0.700397
1.760000 -0.515479 0.689080
1.770000 -0.520871 0.677754
1.780000 -0.526047 0.666425
1.790000 -0.531010 0.655095
1.800000 -0.535761 0.643768
1.810000 -0.540301 0.632446
1.820000 -0.544631 0.621133
1.830000 -0.548755 0.609833
1.840000 -0.552672 0.598548
1.850000 -0.556385 0.587281
1.860000 -0.559896 0.576035
1.870000 -0.563207 0.564814
1.880000 -0.566319 0.553620
1.890000 -0.569234 0.542455
1.900000 -0.571955 0.531324
1.910000 -0.574483 0.520228
1.920000 -0.576820 0.509171
1.930000 -0.578969 0.498155
1.940000 -0.580931 0.487183
1.950000 -0.582709 0.476256
1.960000 -0.584305 0.465379
1.970000 -0.585720 0.454553
1.980000 -0.586958 0.443780
1.990000 -0.588021 0.433064
2.000000 -0.588910 0.422406
2.010000 -0.589629 0.411809
2.020000 -0.590179 0.401274
2.030000 -0.590563 0.390805
2.040000 -0.590783 0.380403
2.050000 -0.590842 0.370071
2.060000 -0.590743 0.359809
2.070000 -0.590486 0.349621
2.080000 -0.590076 0.339508
2.090000 -0.589515 0.329472
2.100000 -0.588804 0.319515
2.110000 -0.587947 0.309639
2.120000 -0.586946 0.299844
2.130000 -0.585804 0.290134
2.140000 -0.584523 0.280509
2.150000 -0.583105 0.270972
2.160000 -0.581554 0.261523
2.170000 -0.579872 0.252164
2.180000 -0.578061 0.242896
2.190000 -0.576125 0.233722
2.200000 -0.574065 0.224641
2.210000 -0.571884 0.215655
2.220000 -0.569585 0.206766
2.230000 -0.567171 0.197975
2.240000 -0.564644 0.189282
2.250000 -0.562006 0.180689
2.260000 -0.559260 0.172197
2.270000 -0.556410 0.163806
2.280000 -0.553456 0.155518
2.290000 -0.550403 0.147333
2.300000 -0.547252 0.139253
2.310000 -0.544006 0.131277
2.320000 -0.540668 0.123407
2.330000 -0.537240 0.115643
2.340000 -0.533724 0.107986
2.350000 -0.530124 0.100436
2.360000 -0.526442 0.092995
2.370000 -0.522680 0.085661
2.380000 -0.518841 0.078437
2.390000 -0.514926 0.071322
2.400000 -0.510940 0.064316
2.410000 -0.506883 0.057420
2.420000 -0.502760 0.050634
2.430000 -0.498571 0.043958
2.440000 -0.494319 0.037393
2.450000 -0.490007 0.030939
2.460000 -0.485637 0.024595
2.470000 -0.481212 0.018362
2.480000 -0.476733 0.012239
2.490000 -0.472203 0.006227
2.500000 -0.467625 0.000326
2.510000 -0.463000 -0.005464
2.520000 -0.458331 -0.011145
2.530000 -0.453620 -0.016715
2.540000 -0.448869 -0.022175
2.550000 -0.444080 -0.027525
2.560000 -0.439256 -0.032765
2.570000 -0.434399 -0.037897
2.580000 -0.429510 -0.042920
2.590000 -0.424592 -0.047834
2.600000 -0.419646 -0.052640
2.610000 -0.414676 -0.057339
2.620000 -0.409682 -0.061930
2.630000 -0.404667 -0.066415
2.640000 -0.399632 -0.070793
2.650000 -0.394580 -0.075066
2.660000 -0.389513 -0.079234
2.670000 -0.384432 -0.083297
2.680000 -0.379339 -0.087257
2.690000 -0.374236 -0.091114
2.700000 -0.369125 -0.094868
2.710000 -0.364007 -0.098520
2.720000 -0.358884 -0.102071
2.730000 -0.353758 -0.105522
2.740000 -0.348631 -0.108873
2.750000 -0.343504 -0.112126
2.760000 -0.338378 -0.115281
2.770000 -0.333256 -0.118338
2.780000 -0.328138 -0.121300
2.790000 -0.323027 -0.124165
2.800000 -0.317923 -0.126937
2.810000 -0.312829 -0.129614
2.820000 -0.307746 -0.132199
2.830000 -0.302674 -0.134693
2.840000 -0.297616 -0.137095
2.850000 -0.292573 -0.139407
2.860000 -0.287545 -0.141631
2.870000 -0.282535 -0.143766
2.880000 -0.277544 -0.145815
2.890000 -0.272572 -0.147778
2.900000 -0.267622 -0.149656
2.910000 -0.262693 -0.151449
2.920000 -0.257787 -0.153161
2.930000 -0.252906 -0.154790
2.940000 -0.248051 -0.156339
2.950000 -0.243221 -0.157808
2.960000 -0.238419 -0.159198
2.970000 -0.233646 -0.160511
2.980000 -0.228902 -0.161748
2.990000 -0.224188 -0.162909
3.000000 -0.219505 -0.163996
3.010000 -0.214855 -0.165010
3.020000 -0.210237 -0.165952
3.030000 -0.205653 -0.166823
3.040000 -0.201104 -0.167624
3.050000 -0.196589 -0.168357
3.060000 -0.192111 -0.169022
3.070000 -0.187670 -0.169621
3.080000 -0.183266 -0.170155
3.090000 -0.178900 -0.170624
3.100000 -0.174572 -0.171031
3.110000 -0.170284 -0.171376
3.120000 -0.166036 -0.171660
3.130000 -0.161828 -0.171884
3.140000 -0.157661 -0.172050
3.150000 -0.153535 -0.172159
3.160000 -0.149451 -0.172211
3.170000 -0.145410 -0.172209
3.180000 -0.141412 -0.172152
3.190000 -0.137456 -0.172042
3.200000 -0.133544 -0.171881
3.210000 -0.129677 -0.171669
3.220000 -0.125853 -0.171408
3.230000 -0.122074 -0.171098
3.240000 -0.118340 -0.170741
3.250000 -0.114651 -0.170338
3.260000 -0.111008 -0.169890
3.270000 -0.107410 -0.169397
3.280000 -0.103858 -0.168862
3.290000 -0.100352 -0.168285
3.300000 -0.096892 -0.167666
3.310000 -0.093479 -0.167008
3.320000 -0.090112 -0.166312
3.330000 -0.086792 -0.165577
3.340000 -0.083519 -0.164806
3.350000 -0.080292 -0.163999
3.360000 -0.077112 -0.163158
3.370000 -0.073979 -0.162283
3.380000 -0.070893 -0.161375
3.390000 -0.067854 -0.160436
3.400000 -0.064862 -0.159466
3.410000 -0.061917 -0.158466
3.420000 -0.059019 -0.157438
3.430000 -0.056167 -0.156381
3.440000 -0.053362 -0.155298
3.450000 -0.050604 -0.154189
3.460000 -0.047892 -0.153055
3.470000 -0.045227 -0.151897
3.480000 -0.042608 -0.150716
3.490000 -0.040035 -0.149513
3.500000 -0.037509 -0.148288
3.510000 -0.035028 -0.147043
3.520000 -0.032592 -0.145778
3.530000 -0.030202 -0.144494
3.540000 -0.027858 -0.143192
3.550000 -0.025558 -0.141873
3.560000 -0.023303 -0.140538
3.570000 -0.021093 -0.139187
3.580000 -0.018927 -0.137821
3.590000 -0.016805 -0.136442
3.600000 -0.014727 -0.135049
3.610000 -0.012692 -0.133644
3.620000 -0.010701 -0.132227
3.630000 -0.008753 -0.130799
3.640000 -0.006847 -0.129360
3.650000 -0.004983 -0.127913
3.660000 -0.003161 -0.126456
3.670000 -0.001382 -0.124992
3.680000 0.000357 -0.123519
3.690000 0.002055 -0.122040
3.700000 0.003712 -0.120555
3.710000 0.005329 -0.119065
3.720000 0.006906 -0.117569
3.730000 0.008443 -0.116069
3.740000 0.009941 -0.114565
3.750000 0.011401 -0.113059
3.760000 0.012822 -0.111550
3.770000 0.014205 -0.110038
3.780000 0.015551 -0.108526
3.790000 0.016859 -0.107013
3.800000 0.018131 -0.105499
3.810000 0.019366 -0.103985
3.820000 0.020566 -0.102472
3.830000 0.021730 -0.100961
3.840000 0.022858 -0.099451
3.850000 0.023953 -0.097943
3.860000 0.025012 -0.096438
3.870000 0.026038 -0.094936
3.880000 0.027031 -0.093438
3.890000 0.027990 -0.091943
3.900000 0.028918 -0.090453
3.910000 0.029813 -0.088967
3.920000 0.030676 -0.087487
3.930000 0.031508 -0.086013
3.940000 0.032309 -0.084544
3.950000 0.033080 -0.083082
3.960000 0.033822 -0.081626
3.970000 0.034533 -0.080177
3.980000 0.035216 -0.078736
3.990000 0.035870 -0.077302
4.000000 0.036496 -0.075876
4.010000 0.037095 -0.074459
4.020000 0.037666 -0.073050
4.030000 0.038210 -0.071650
4.040000 0.038728 -0.070259
4.050000 0.039220 -0.068877
4.060000 0.039687 -0.067505
4.070000 0.040128 -0.066143
4.080000 0.040545 -0.064791
4.090000 0.040938 -0.063450
4.100000 0.041307 -0.062119
4.110000 0.041653 -0.060799
4.120000 0.041976 -0.059489
4.130000 0.042277 -0.058192
4.140000 0.042556 -0.056905
4.150000 0.042813 -0.055630
4.160000 0.043049 -0.054366
4.170000 0.043264 -0.053115
4.180000 0.043459 -0.051876
4.190000 0.043634 -0.050648
4.200000 0.043789 -0.049433
4.210000 0.043926 -0.048231
4.220000 0.044044 -0.047041
4.230000 0.044143 -0.045863
4.240000 0.044225 -0.044699
4.250000 0.044289 -0.043547
4.260000 0.044336 -0.042408
4.270000 0.044367 -0.041283
4.280000 0.044381 -0.040170
4.290000 0.044379 -0.039071
4.300000 0.044362 -0.037984
4.310000 0.044330 -0.036912
4.320000 0.044283 -0.035852
4.330000 0.044221 -0.034806
4.340000 0.044146 -0.033774
4.350000 0.044056 -0.032755
4.360000 0.043954 -0.031749
4.370000 0.043838 -0.030757
4.380000 0.043710 -0.029779
4.390000 0.043570 -0.028814
4.400000 0.043418 -0.027863
4.410000 0.043254 -0.026926
4.420000 0.043079 -0.026002
4.430000 0.042893 -0.025091
4.440000 0.042697 -0.024194
4.450000 0.042490 -0.023311
4.460000 0.042273 -0.022442
4.470000 0.042047 -0.021585
4.480000 0.041811 -0.020743
4.490000 0.041567 -0.019914
4.500000 0.041313 -0.019098
4.510000 0.041051 -0.018296
4.520000 0.040782 -0.017507
4.530000 0.040504 -0.016731
4.540000 0.040219 -0.015968
4.550000 0.039926 -0.015219
4.560000 0.039627 -0.014483
4.570000 0.039320 -0.013760
4.580000 0.039008 -0.013050
4.590000 0.038689 -0.012353
4.600000 0.038364 -0.011668
4.610000 0.038034 -0.010997
4.620000 0.037698 -0.010338
4.630000 0.037357 -0.009692
4.640000 0.037011 -0.009059
4.650000 0.036660 -0.008438
4.660000 0.036305 -0.007829
4.670000 0.035946 -0.007232
4.680000 0.035582 -0.006648
4.690000 0.035215 -0.006076
4.700000 0.034845 -0.005516
4.710000 0.034471 -0.004968
4.720000 0.034094 -0.004432
4.730000 0.033713 -0.003907
4.740000 0.033331 -0.003394
4.750000 0.032945 -0.002893
4.760000 0.032558 -0.002403
4.770000 0.032168 -0.001924
4.780000 0.031776 -0.001457
4.790000 0.031382 -0.001000
4.800000 0.030987 -0.000555
4.810000 0.030590 -0.000120
4.820000 0.030192 0.000303
4.830000 0.029793 0.000716
4.840000 0.029393 0.001119
4.850000 0.028993 0.001511
4.860000 0.028591 0.001893
4.870000 0.028190 0.002264
4.880000 0.027787 0.002626
4.890000 0.027385 0.002978
4.900000 0.026983 0.003319
4.910000 0.026580 0.003651
4.920000 0.026178 0.003974
4.930000 0.025777 0.004287
4.940000 0.025376 0.004590
4.950000 0.024975 0.004884
4.960000 0.024575 0.005170
4.970000 0.024176 0.005446
4.980000 0.023779 0.005713
4.990000 0.023382 0.005972
5.000000 0.022986 0.006222
5.010000 0.022592 0.006463
5.020000 0.022199 0.006696
5.030000 0.021807 0.006921
5.040000 0.021417 0.007137
5.050000 0.021029 0.007345
5.060000 0.020643 0.007546
5.070000 0.020258 0.007739
5.080000 0.019876 0.007924
5.090000 0.019495 0.008101
5.100000 0.019117 0.008271
5.110000 0.018741 0.008434
5.120000 0.018367 0.008589
5.130000 0.017996 0.008738
5.140000 0.017627 0.008879
5.150000 0.017260 0.009014
5.160000 0.016896 0.009141
5.170000 0.016535 0.009263
5.180000 0.016176 0.009377
5.190000 0.015820 0.009485
5.200000 0.015467 0.009587
5.210000 0.015116 0.009683
5.220000 0.014769 0.009773
5.230000 0.014424 0.009856
5.240000 0.014083 0.009934
5.250000 0.013744 0.010006
5.260000 0.013409 0.010073
5.270000 0.013077 0.010134
5.280000 0.012748 0.010189
5.290000 0.012422 0.010239
5.300000 0.012099 0.010284
5.310000 0.011780 0.010324
5.320000 0.011464 0.010359
5.330000 0.011151 0.010389
5.340000 0.010842 0.010414
5.350000 0.010536 0.010435
5.360000 0.010233 0.010451
5.370000 0.009934 0.010462
5.380000 0.009638 0.010469
5.390000 0.009346 0.010472
5.400000 0.009058 0.010471
5.410000 0.008772 0.010465
5.420000 0.008491 0.010456
5.430000 0.008213 0.010442
5.440000 0.007938 0.010425
5.450000 0.007667 0.010404
5.460000 0.007400 0.010379
5.470000 0.007136 0.010351
5.480000 0.006876 0.010319
5.490000 0.006620 0.010284
5.500000 0.006367 0.010246
5.510000 0.006118 0.010205
5.520000 0.005872 0.010160
5.530000 0.005630 0.010112
5.540000 0.005392 0.010062
5.550000 0.005157 0.010008
5.560000 0.004926 0.009952
5.570000 0.004698 0.009893
5.580000 0.004474 0.009832
5.590000 0.004254 0.009768
5.600000 0.004038 0.009701
5.610000 0.003824 0.009632
5.620000 0.003615 0.009561
5.630000 0.003409 0.009488
5.640000 0.003207 0.009412
5.650000 0.003008 0.009334
5.660000 0.002813 0.009255
5.670000 0.002622 0.009173
5.680000 0.002434 0.009089
5.690000 0.002249 0.009004
5.700000 0.002068 0.008917
5.710000 0.001891 0.008828
5.720000 0.001717 0.008738
5.730000 0.001546 0.008646
5.740000 0.001379 0.008553
5.750000 0.001215 0.008458
5.760000 0.001055 0.008362
5.770000 0.000898 0.008264
5.780000 0.000745 0.008166
5.790000 0.000595 0.008066
5.800000 0.000448 0.007965
5.810000 0.000305 0.007863
5.820000 0.000165 0.007760
5.830000 0.000028 0.007657
5.840000 -0.000106 0.007552
5.850000 -0.000236 0.007446
5.860000 -0.000363 0.007340
5.870000 -0.000487 0.007233
5.880000 -0.000608 0.007125
5.890000 -0.000725 0.007017
5.900000 -0.000840 0.006908
5.910000 -0.000951 0.006799
5.920000 -0.001059 0.006689
5.930000 -0.001165 0.006579
5.940000 -0.001267 0.006468
5.950000 -0.001366 0.006358
5.960000 -0.001462 0.006246
5.970000 -0.001556 0.006135
5.980000 -0.001646 0.006023
5.990000 -0.001734 0.005912
6.000000 -0.001818 0.005800
6.010000 -0.001900 0.005688
6.020000 -0.001979 0.005576
6.030000 -0.002056 0.005464
6.040000 -0.002129 0.005353
6.050000 -0.002200 0.005241
6.060000 -0.002268 0.005129
6.070000 -0.002333 0.005018
6.080000 -0.002396 0.004907
6.090000 -0.002457 0.004796
6.100000 -0.002514 0.004685
6.110000 -0.002569 0.004575
6.120000 -0.002622 0.004465
6.130000 -0.002672 0.004356
6.140000 -0.002720 0.004247
6.150000 -0.002765 0.004138
6.160000 -0.002808 0.004030
6.170000 -0.002849 0.003922
6.180000 -0.002887 0.003815
6.190000 -0.002923 0.003709
6.200000 -0.002957 0.003603
6.210000 -0.002988 0.003498
6.220000 -0.003018 0.003393
6.230000 -0.003045 0.003289
6.240000 -0.003070 0.003186
6.250000 -0.003093 0.003084
6.260000 -0.003114 0.002982
6.270000 -0.003132 0.002881
6.280000 -0.003149 0.002781
6.290000 -0.003164 0.002682
6.300000 -0.003177 0.002583
6.310000 -0.003188 0.002486
6.320000 -0.003197 0.002389
6.330000 -0.003205 0.002293
6.340000 -0.003210 0.002199
6.350000 -0.003214 0.002105
6.360000 -0.003216 0.002012
6.370000 -0.003216 0.001920
6.380000 -0.003215 0.001829
6.390000 -0.003212 0.001739
6.400000 -0.003207 0.001650
6.410000 -0.003201 0.001563
6.420000 -0.003193 0.001476
6.430000 -0.003184 0.001390
6.440000 -0.003173 0.001306
6.450000 -0.003161 0.001222
6.460000 -0.003147 0.001140
6.470000 -0.003132 0.001059
6.480000 -0.003116 0.000979
6.490000 -0.003098 0.000900
6.500000 -0.003079 0.000823
6.510000 -0.003059 0.000746
6.520000 -0.003037 0.000671
6.530000 -0.003014 0.000597
6.540000 -0.002991 0.000524
6.550000 -0.002965 0.000452
6.560000 -0.002939 0.000382
6.570000 -0.002912 0.000313
6.580000 -0.002884 0.000245
6.590000 -0.002855 0.000178
6.600000 -0.002824 0.000112
6.610000 -0.002793 0.000048
6.620000 -0.002761 -0.000015
6.630000 -0.002728 -0.000077
6.640000 -0.002694 -0.000137
6.650000 -0.002660 -0.000196
6.660000 -0.002624 -0.000254
6.670000 -0.002588 -0.000311
6.680000 -0.002551 -0.000366
6.690000 -0.002513 -0.000420
6.700000 -0.002475 -0.000473
6.710000 -0.002436 -0.000525
6.720000 -0.002396 -0.000575
6.730000 -0.002356 -0.000624
6.740000 -0.002315 -0.000672
6.750000 -0.002273 -0.000719
6.760000 -0.002231 -0.000764
6.770000 -0.002189 -0.000808
6.780000 -0.002146 -0.000850
6.790000 -0.002102 -0.000892
6.800000 -0.002059 -0.000932
6.810000 -0.002014 -0.000971
6.820000 -0.001970 -0.001009
6.830000 -0.001925 -0.001045
6.840000 -0.001880 -0.001080
6.850000 -0.001834 -0.001114
6.860000 -0.001789 -0.001147
6.870000 -0.001743 -0.001178
6.880000 -0.001697 -0.001209
6.890000 -0.001650 -0.001238
6.900000 -0.001604 -0.001265
6.910000 -0.001557 -0.001292
6.920000 -0.001510 -0.001318
6.930000 -0.001463 -0.001342
6.940000 -0.001416 -0.001365
6.950000 -0.001369 -0.001387
6.960000 -0.001322 -0.001408
6.970000 -0.001275 -0.001427
6.980000 -0.001228 -0.001446
6.990000 -0.001181 -0.001463
7.000000 -0.001134 -0.001480
7.010000 -0.001088 -0.001495
7.020000 -0.001041 -0.001509
7.030000 -0.000994 -0.001522
7.040000 -0.000948 -0.001534
7.050000 -0.000901 -0.001545
7.060000 -0.000855 -0.001554
7.070000 -0.000809 -0.001563
7.080000 -0.000764 -0.001571
7.090000 -0.000718 -0.001578
7.100000 -0.000673 -0.001583
7.110000 -0.000628 -0.001588
7.120000 -0.000583 -0.001592
7.130000 -0.000539 -0.001595
7.140000 -0.000495 -0.001596
7.150000 -0.000451 -0.001597
7.160000 -0.000407 -0.001597
7.170000 -0.000364 -0.001596
7.180000 -0.000322 -0.001595
7.190000 -0.000279 -0.001592
7.200000 -0.000238 -0.001588
7.210000 -0.000196 -0.001584
7.220000 -0.000155 -0.001579
7.230000 -0.000114 -0.001572
7.240000 -0.000074 -0.001566
7.250000 -0.000035 -0.001558
7.260000 0.000005 -0.001549
7.270000 0.000043 -0.001540
7.280000 0.000081 -0.001530
7.290000 0.000119 -0.001519
7.300000 0.000156 -0.001508
7.310000 0.000193 -0.001496
7.320000 0.000229 -0.001483
7.330000 0.000265 -0.001470
7.340000 0.000300 -0.001455
7.350000 0.000334 -0.001441
7.360000 0.000368 -0.001425
7.370000 0.000401 -0.001409
7.380000 0.000434 -0.001393
7.390000 0.000466 -0.001376
7.400000 0.000497 -0.001358
7.410000 0.000528 -0.001340
7.420000 0.000558 -0.001321
7.430000 0.000587 -0.001301
7.440000 0.000616 -0.001282
7.450000 0.000645 -0.001261
7.460000 0.000672 -0.001241
7.470000 0.000699 -0.001219
7.480000 0.000726 -0.001198
7.490000 0.000751 -0.001176
7.500000 0.000776 -0.001153
7.510000 0.000801 -0.001131
7.520000 0.000824 -0.001107
7.530000 0.000847 -0.001084
7.540000 0.000870 -0.001060
7.550000 0.000891 -0.001036
7.560000 0.000912 -0.001011
7.570000 0.000932 -0.000986
7.580000 0.000952 -0.000961
7.590000 0.000971 -0.000936
7.600000 0.000989 -0.000911
7.610000 0.001007 -0.000885
7.620000 0.001024 -0.000859
7.630000 0.001040 -0.000833
7.640000 0.001055 -0.000806
7.650000 0.001070 -0.000780
7.660000 0.001085 -0.000753
7.670000 0.001098 -0.000726
7.680000 0.001111 -0.000699
7.690000 0.001123 -0.000672
7.700000 0.001135 -0.000645
7.710000 0.001145 -0.000618
7.720000 0.001156 -0.000591
7.730000 0.001165 -0.000563
7.740000 0.001174 -0.000536
7.750000 0.001182 -0.000508
7.760000 0.001190 -0.000481
7.770000 0.001197 -0.000454
7.780000 0.001203 -0.000426
7.790000 0.001209 -0.000399
7.800000 0.001214 -0.000371
7.810000 0.001218 -0.000344
7.820000 0.001222 -0.000317
7.830000 0.001225 -0.000290
7.840000 0.001227 -0.000263
7.850000 0.001229 -0.000236
7.860000 0.001231 -0.000209
7.870000 0.001231 -0.000182
7.880000 0.001232 -0.000155
7.890000 0.001231 -0.000129
7.900000 0.001230 -0.000103
7.910000 0.001229 -0.000076
7.920000 0.001226 -0.000050
7.930000 0.001224 -0.000025
7.940000 0.001221 0.000001
7.950000 0.001217 0.000026
7.960000 0.001213 0.000051
7.970000 0.001208 0.000076
7.980000 0.001202 0.000101
7.990000 0.001197 0.000126
8.000000 0.001190 0.000150
8.010000 0.001184 0.000174
8.020000 0.001176 0.000198
8.030000 0.001169 0.000221
8.040000 0.001160 0.000244
8.050000 0.001152 0.000267
8.060000 0.001143 0.000289
8.070000 0.001133 0.000312
8.080000 0.001123 0.000334
8.090000 0.001113 0.000355
8.100000 0.001102 0.000377
8.110000 0.001091 0.000397
8.120000 0.001079 0.000418
8.130000 0.001067 0.000438
8.140000 0.001055 0.000458
8.150000 0.001042 0.000478
8.160000 0.001029 0.000497
8.170000 0.001016 0.000516
8.180000 0.001002 0.000534
8.190000 0.000988 0.000553
8.200000 0.000974 0.000570
8.210000 0.000959 0.000588
8.220000 0.000944 0.000605
8.230000 0.000929 0.000621
8.240000 0.000914 0.000637
8.250000 0.000898 0.000653
8.260000 0.000882 0.000669
8.270000 0.000866 0.000683
8.280000 0.000849 0.000698
8.290000 0.000832 0.000712
8.300000 0.000816 0.000726
8.310000 0.000798 0.000739
8.320000 0.000781 0.000752
8.330000 0.000764 0.000765
8.340000 0.000746 0.000777
8.350000 0.000728 0.000789
8.360000 0.000710 0.000800
8.370000 0.000692 0.000811
8.380000 0.000674 0.000821
8.390000 0.000655 0.000831
8.400000 0.000637 0.000841
8.410000 0.000618 0.000850
8.420000 0.000599 0.000859
8.430000 0.000581 0.000867
8.440000 0.000562 0.000875
8.450000 0.000543 0.000883
8.460000 0.000524 0.000890
8.470000 0.000504 0.000897
8.480000 0.000485 0.000903
8.490000 0.000466 0.000909
8.500000 0.000447 0.000914
8.510000 0.000428 0.000919
8.520000 0.000408 0.000924
8.530000 0.000389 0.000928
8.540000 0.000370 0.000932
8.550000 0.000351 0.000935
8.560000 0.000331 0.000938
8.570000 0.000312 0.000941
8.580000 0.000293 0.000943
8.590000 0.000274 0.000945
8.600000 0.000255 0.000947
8.610000 0.000236 0.000948
8.620000 0.000217 0.000949
8.630000 0.000198 0.000949
8.640000 0.000179 0.000949
8.650000 0.000161 0.000949
8.660000 0.000142 0.000948
8.670000 0.000124 0.000947
8.680000 0.000105 0.000945
8.690000 0.000087 0.000944
8.700000 0.000069 0.000941
8.710000 0.000051 0.000939
8.720000 0.000033 0.000936
8.730000 0.000015 0.000933
8.740000 -0.000002 0.000929
8.750000 -0.000020 0.000926
8.760000 -0.000037 0.000921
8.770000 -0.000054 0.000917
8.780000 -0.000071 0.000912
8.790000 -0.000088 0.000907
8.800000 -0.000104 0.000902
8.810000 -0.000121 0.000896
8.820000 -0.000137 0.000890
8.830000 -0.000153 0.000884
8.840000 -0.000169 0.000878
8.850000 -0.000184 0.000871
8.860000 -0.000200 0.000864
8.870000 -0.000215 0.000857
8.880000 -0.000230 0.000849
8.890000 -0.000245 0.000841
8.900000 -0.000259 0.000833
8.910000 -0.000273 0.000825
8.920000 -0.000287 0.000816
8.930000 -0.000301 0.000808
8.940000 -0.000315 0.000799
8.950000 -0.000328 0.000790
8.960000 -0.000341 0.000780
8.970000 -0.000354 0.000771
8.980000 -0.000367 0.000761
8.990000 -0.000379 0.000751
9.000000 -0.000391 0.000741
9.010000 -0.000403 0.000731
9.020000 -0.000415 0.000720
9.030000 -0.000426 0.000709
9.040000 -0.000437 0.000699
9.050000 -0.000448 0.000688
9.060000 -0.000459 0.000677
9.070000 -0.000469 0.000665
9.080000 -0.000479 0.000654
9.090000 -0.000489 0.000642
9.100000 -0.000498 0.000631
9.110000 -0.000508 0.000619
9.120000 -0.000516 0.000607
9.130000 -0.000525 0.000595
9.140000 -0.000534 0.000583
9.150000 -0.000542 0.000571
9.160000 -0.000550 0.000559
9.170000 -0.000557 0.000546
9.180000 -0.000564 0.000534
9.190000 -0.000572 0.000521
9.200000 -0.000578 0.000509
9.210000 -0.000585 0.000496
9.220000 -0.000591 0.000484
9.230000 -0.000597 0.000471
9.240000 -0.000603 0.000458
9.250000 -0.000608 0.000445
9.260000 -0.000613 0.000433
9.270000 -0.000618 0.000420
9.280000 -0.000623 0.000407
9.290000 -0.000627 0.000394
9.300000 -0.000631 0.000381
9.310000 -0.000635 0.000368
9.320000 -0.000639 0.000355
9.330000 -0.000642 0.000342
9.340000 -0.000645 0.000329
9.350000 -0.000648 0.000317
9.360000 -0.000650 0.000304
9.370000 -0.000653 0.000291
9.380000 -0.000655 0.000278
9.390000 -0.000656 0.000265
9.400000 -0.000658 0.000253
9.410000 -0.000659 0.000240
9.420000 -0.000660 0.000227
9.430000 -0.000661 0.000215
9.440000 -0.000662 0.000202
9.450000 -0.000662 0.000190
9.460000 -0.000662 0.000177
9.470000 -0.000662 0.000165
9.480000 -0.000662 0.000153
9.490000 -0.000661 0.000140
9.500000 -0.000660 0.000128
9.510000 -0.000659 0.000116
9.520000 -0.000658 0.000104
9.530000 -0.000657 0.000092
9.540000 -0.000655 0.000081
9.550000 -0.000653 0.000069
9.560000 -0.000651 0.000057
9.570000 -0.000649 0.000046
9.580000 -0.000646 0.000035
9.590000 -0.000644 0.000023
9.600000 -0.000641 0.000012
9.610000 -0.000638 0.000001
9.620000 -0.000635 -0.000010
9.630000 -0.000631 -0.000021
9.640000 -0.000628 -0.000031
9.650000 -0.000624 -0.000042
9.660000 -0.000620 -0.000052
9.670000 -0.000616 -0.000062
9.680000 -0.000612 -0.000073
9.690000 -0.000607 -0.000083
9.700000 -0.000603 -0.000092
9.710000 -0.000598 -0.000102
9.720000 -0.000593 -0.000112
9.730000 -0.000588 -0.000121
9.740000 -0.000583 -0.000131
9.750000 -0.000578 -0.000140
9.760000 -0.000572 -0.000149
9.770000 -0.000567 -0.000158
9.780000 -0.000561 -0.000166
9.790000 -0.000555 -0.000175
9.800000 -0.000549 -0.000183
9.810000 -0.000543 -0.000191
9.820000 -0.000537 -0.000199
9.830000 -0.000531 -0.000207
9.840000 -0.000524 -0.000215
9.850000 -0.000518 -0.000223
9.860000 -0.000511 -0.000230
9.870000 -0.000504 -0.000237
9.880000 -0.000498 -0.000245
9.890000 -0.000491 -0.000252
9.900000 -0.000484 -0.000258
9.910000 -0.000477 -0.000265
9.920000 -0.000470 -0.000271
9.930000 -0.000463 -0.000278
9.940000 -0.000455 -0.000284
9.950000 -0.000448 -0.000290
9.960000 -0.000441 -0.000296
9.970000 -0.000433 -0.000301
9.980000 -0.000426 -0.000307
9.990000 -0.000418 -0.000312
10.000000 -0.000411 -0.000317
10.010000 -0.000403 -0.000322
10.020000 -0.000395 -0.000327
10.030000 -0.000388 -0.000332
10.040000 -0.000380 -0.000336
10.050000 -0.000372 -0.000340
10.060000 -0.000364 -0.000345
10.070000 -0.000357 -0.000349
10.080000 -0.000349 -0.000352
10.090000 -0.000341 -0.000356
10.100000 -0.000333 -0.000360
10.110000 -0.000325 -0.000363
10.120000 -0.000317 -0.000366
10.130000 -0.000309 -0.000369
10.140000 -0.000301 -0.000372
10.150000 -0.000293 -0.000375
10.160000 -0.000286 -0.000377
10.170000 -0.000278 -0.000380
10.180000 -0.000270 -0.000382
10.190000 -0.000262 -0.000384
10.200000 -0.000254 -0.000386
10.210000 -0.000246 -0.000388
10.220000 -0.000238 -0.000389
10.230000 -0.000230 -0.000391
10.240000 -0.000223 -0.000392
10.250000 -0.000215 -0.000393
10.260000 -0.000207 -0.000395
10.270000 -0.000199 -0.000395
10.280000 -0.000192 -0.000396
10.290000 -0.000184 -0.000397
10.300000 -0.000176 -0.000397
10.310000 -0.000169 -0.000398
10.320000 -0.000161 -0.000398
10.330000 -0.000154 -0.000398
10.340000 -0.000146 -0.000398
10.350000 -0.000139 -0.000398
10.360000 -0.000132 -0.000398
10.370000 -0.000124 -0.000397
10.380000 -0.000117 -0.000397
10.390000 -0.000110 -0.000396
10.400000 -0.000103 -0.000395
10.410000 -0.000096 -0.000395
10.420000 -0.000089 -0.000394
10.430000 -0.000082 -0.000392
10.440000 -0.000075 -0.000391
10.450000 -0.000068 -0.000390
10.460000 -0.000061 -0.000388
10.470000 -0.000055 -0.000387
10.480000 -0.000048 -0.000385
10.490000 -0.000042 -0.000384
10.500000 -0.000035 -0.000382
10.510000 -0.000029 -0.000380
10.520000 -0.000023 -0.000378
10.530000 -0.000016 -0.000376
10.540000 -0.000010 -0.000373
10.550000 -0.000004 -0.000371
10.560000 0.000002 -0.000369
10.570000 0.000008 -0.000366
10.580000 0.000014 -0.000364
10.590000 0.000019 -0.000361
10.600000 0.000025 -0.000358
10.610000 0.000031 -0.000355
10.620000 0.000036 -0.000353
10.630000 0.000041 -0.000350
10.640000 0.000047 -0.000347
10.650000 0.000052 -0.000344
10.660000 0.000057 -0.000340
10.670000 0.000062 -0.000337
10.680000 0.000067 -0.000334
10.690000 0.000072 -0.000331
10.700000 0.000077 -0.000327
10.710000 0.000081 -0.000324
10.720000 0.000086 -0.000320
10.730000 0.000090 -0.000317
10.740000 0.000095 -0.000313
10.750000 0.000099 -0.000309
10.760000 0.000103 -0.000306
10.770000 0.000108 -0.000302
10.780000 0.000112 -0.000298
10.790000 0.000116 -0.000294
10.800000 0.000119 -0.000290
10.810000 0.000123 -0.000286
10.820000 0.000127 -0.000282
10.830000 0.000130 -0.000278
10.840000 0.000134 -0.000274
10.850000 0.000137 -0.000270
10.860000 0.000141 -0.000266
10.870000 0.000144 -0.000262
10.880000 0.000147 -0.000258
10.890000 0.000150 -0.000254
10.900000 0.000153 -0.000250
10.910000 0.000156 -0.000246
10.920000 0.000159 -0.000241
10.930000 0.000161 -0.000237
10.940000 0.000164 -0.000233
10.950000 0.000166 -0.000229
10.960000 0.000169 -0.000224
10.970000 0.000171 -0.000220
10.980000 0.000173 -0.000216
10.990000 0.000175 -0.000212
11.000000 0.000177 -0.000207
11.010000 0.000179 -0.000203
11.020000 0.000181 -0.000199
11.030000 0.000183 -0.000195
11.040000 0.000185 -0.000190
11.050000 0.000186 -0.000186
11.060000 0.000188 -0.000182
11.070000 0.000189 -0.000177
11.080000 0.000191 -0.000173
11.090000 0.000192 -0.000169
11.100000 0.000193 -0.000165
11.110000 0.000194 -0.000160
11.120000 0.000196 -0.000156
11.130000 0.000196 -0.000152
11.140000 0.000197 -0.000148
11.150000 0.000198 -0.000144
11.160000 0.000199 -0.000140
11.170000 0.000200 -0.000135
11.180000 0.000200 -0.000131
11.190000 0.000201 -0.000127
11.200000 0.000201 -0.000123
11.210000 0.000202 -0.000119
11.220000 0.000202 -0.000115
11.230000 0.000202 -0.000111
11.240000 0.000203 -0.000107
11.250000 0.000203 -0.000103
11.260000 0.000203 -0.000099
11.270000 0.000203 -0.000095
11.280000 0.000203 -0.000092
11.290000 0.000203 -0.000088
11.300000 0.000202 -0.000084
11.310000 0.000202 -0.000080
11.320000 0.000202 -0.000077
11.330000 0.000201 -0.000073
11.340000 0.000201 -0.000069
11.350000 0.000201 -0.000066
11.360000 0.000200 -0.000062
11.370000 0.000199 -0.000058
11.380000 0.000199 -0.000055
11.390000 0.000198 -0.000051
11.400000 0.000197 -0.000048
11.410000 0.000197 -0.000045
11.420000 0.000196 -0.000041
11.430000 0.000195 -0.000038
11.440000 0.000194 -0.000035
11.450000 0.000193 -0.000031
11.460000 0.000192 -0.000028
11.470000 0.000191 -0.000025
11.480000 0.000190 -0.000022
11.490000 0.000189 -0.000019
11.500000 0.000187 -0.000016
11.510000 0.000186 -0.000013
11.520000 0.000185 -0.000010
11.530000 0.000184 -0.000007
11.540000 0.000182 -0.000004
11.550000 0.000181 -0.000001
11.560000 0.000179 0.000001
11.570000 0.000178 0.000004
11.580000 0.000176 0.000007
11.590000 0.000175 0.000009
11.600000 0.000173 0.000012
11.610000 0.000172 0.000015
11.620000 0.000170 0.000017
11.630000 0.000169 0.000019
11.640000 0.000167 0.000022
11.650000 0.000165 0.000024
11.660000 0.000164 0.000027
11.670000 0.000162 0.000029
11.680000 0.000160 0.000031
11.690000 0.000158 0.000033
11.700000 0.000157 0.000035
11.710000 0.000155 0.000037
11.720000 0.000153 0.000039
11.730000 0.000151 0.000041
11.740000 0.000149 0.000043
11.750000 0.000147 0.000045
11.760000 0.000146 0.000047
11.770000 0.000144 0.000049
11.780000 0.000142 0.000051
11.790000 0.000140 0.000052
11.800000 0.000138 0.000054
11.810000 0.000136 0.000056
11.820000 0.000134 0.000057
11.830000 0.000132 0.000059
11.840000 0.000130 0.000060
11.850000 0.000128 0.000062
11.860000 0.000126 0.000063
11.870000 0.000124 0.000065
11.880000 0.000122 0.000066
11.890000 0.000120 0.000067
11.900000 0.000118 0.000068
11.910000 0.000116 0.000070
11.920000 0.000114 0.000071
11.930000 0.000112 0.000072
11.940000 0.000110 0.000073
11.950000 0.000108 0.000074
11.960000 0.000106 0.000075
11.970000 0.000104 0.000076
11.980000 0.000102 0.000077
11.990000 0.000100 0.000078
12.000000 0.000098 0.000079
12.010000 0.000096 0.000079
12.020000 0.000094 0.000080
12.030000 0.000092 0.000081
12.040000 0.000090 0.000082
12.050000 0.000088 0.000082
12.060000 0.000086 0.000083
12.070000 0.000084 0.000083
12.080000 0.000082 0.000084
12.090000 0.000080 0.000084
12.100000 0.000078 0.000085
12.110000 0.000076 0.000085
12.120000 0.000074 0.000086
12.130000 0.000072 0.000086
12.140000 0.000071 0.000086
12.150000 0.000069 0.000087
12.160000 0.000067 0.000087
12.170000 0.000065 0.000087
12.180000 0.000063 0.000088
12.190000 0.000061 0.000088
12.200000 0.000059 0.000088
12.210000 0.000058 0.000088
12.220000 0.000056 0.000088
12.230000 0.000054 0.000088
12.240000 0.000052 0.000088
12.250000 0.000050 0.000088
12.260000 0.000049 0.000088
12.270000 0.000047 0.000088
12.280000 0.000045 0.000088
12.290000 0.000044 0.000088
12.300000 0.000042 0.000088
12.310000 0.000040 0.000088
12.320000 0.000039 0.000087
12.330000 0.000037 0.000087
12.340000 0.000035 0.000087
12.350000 0.000034 0.000087
12.360000 0.000032 0.000087
12.370000 0.000031 0.000086
12.380000 0.000029 0.000086
12.390000 0.000028 0.000086
12.400000 0.000026 0.000085
12.410000 0.000025 0.000085
12.420000 0.000023 0.000085
12.430000 0.000022 0.000084
12.440000 0.000020 0.000084
12.450000 0.000019 0.000083
12.460000 0.000017 0.000083
12.470000 0.000016 0.000082
12.480000 0.000015 0.000082
12.490000 0.000013 0.000081
12.500000 0.000012 0.000081
12.510000 0.000011 0.000080
12.520000 0.000009 0.000080
12.530000 0.000008 0.000079
12.540000 0.000007 0.000079
12.550000 0.000006 0.000078
12.560000 0.000004 0.000077
12.570000 0.000003 0.000077
12.580000 0.000002 0.000076
12.590000 0.000001 0.000075
12.600000 -0.000000 0.000075
12.610000 -0.000001 0.000074
12.620000 -0.000002 0.000073
12.630000 -0.000003 0.000073
12.640000 -0.000004 0.000072
12.650000 -0.000005 0.000071
12.660000 -0.000006 0.000071
12.670000 -0.000007 0.000070
12.680000 -0.000008 0.000069
12.690000 -0.000009 0.000068
12.700000 -0.000010 0.000068
12.710000 -0.000011 0.000067
12.720000 -0.000012 0.000066
12.730000 -0.000013 0.000065
12.740000 -0.000014 0.000065
12.750000 -0.000015 0.000064
12.760000 -0.000015 0.000063
12.770000 -0.000016 0.000062
12.780000 -0.000017 0.000061
12.790000 -0.000018 0.000061
12.800000 -0.000018 0.000060
12.810000 -0.000019 0.000059
12.820000 -0.000020 0.000058
12.830000 -0.000020 0.000057
12.840000 -0.000021 0.000056
12.850000 -0.000022 0.000056
12.860000 -0.000022 0.000055
12.870000 -0.000023 0.000054
12.880000 -0.000024 0.000053
12.890000 -0.000024 0.000052
12.900000 -0.000025 0.000051
12.910000 -0.000025 0.000051
12.920000 -0.000026 0.000050
12.930000 -0.000026 0.000049
12.940000 -0.000027 0.000048
12.950000 -0.000027 0.000047
12.960000 -0.000028 0.000046
12.970000 -0.000028 0.000046
12.980000 -0.000028 0.000045
12.990000 -0.000029 0.000044
13.000000 -0.000029 0.000043
13.010000 -0.000030 0.000042
13.020000 -0.000030 0.000042
13.030000 -0.000030 0.000041
13.040000 -0.000031 0.000040
13.050000 -0.000031 0.000039
13.060000 -0.000031 0.000038
13.070000 -0.000031 0.000037
13.080000 -0.000032 0.000037
13.090000 -0.000032 0.000036
13.100000 -0.000032 0.000035
13.110000 -0.000032 0.000034
13.120000 -0.000033 0.000033
13.130000 -0.000033 0.000033
13.140000 -0.000033 0.000032
13.150000 -0.000033 0.000031
13.160000 -0.000033 0.000030
13.170000 -0.000033 0.000030
13.180000 -0.000034 0.000029
13.190000 -0.000034 0.000028
13.200000 -0.000034 0.000027
13.210000 -0.000034 0.000027
13.220000 -0.000034 0.000026
13.230000 -0.000034 0.000025
13.240000 -0.000034 0.000024
13.250000 -0.000034 0.000024
13.260000 -0.000034 0.000023
13.270000 -0.000034 0.000022
13.280000 -0.000034 0.000021
13.290000 -0.000034 0.000021
13.300000 -0.000034 0.000020
13.310000 -0.000034 0.000019
13.320000 -0.000034 0.000019
13.330000 -0.000034 0.000018
13.340000 -0.000034 0.000017
13.350000 -0.000034 0.000017
13.360000 -0.000034 0.000016
13.370000 -0.000034 0.000015
13.380000 -0.000034 0.000015
13.390000 -0.000034 0.000014
13.400000 -0.000033 0.000013
13.410000 -0.000033 0.000013
13.420000 -0.000033 0.000012
13.430000 -0.000033 0.000012
13.440000 -0.000033 0.000011
13.450000 -0.000033 0.000010
13.460000 -0.000033 0.000010
13.470000 -0.000032 0.000009
13.480000 -0.000032 0.000009
13.490000 -0.000032 0.000008
13.500000 -0.000032 0.000008
13.510000 -0.000032 0.000007
13.520000 -0.000032 0.000007
13.530000 -0.000031 0.000006
13.540000 -0.000031 0.000005
13.550000 -0.000031 0.000005
13.560000 -0.000031 0.000004
13.570000 -0.000031 0.000004
13.580000 -0.000030 0.000003
13.590000 -0.000030 0.000003
13.600000 -0.000030 0.000002
13.610000 -0.000030 0.000002
13.620000 -0.000029 0.000002
13.630000 -0.000029 0.000001
13.640000 -0.000029 0.000001
13.650000 -0.000029 0.000000
13.660000 -0.000028 -0.000000
13.670000 -0.000028 -0.000001
13.680000 -0.000028 -0.000001
13.690000 -0.000027 -0.000001
13.700000 -0.000027 -0.000002
13.710000 -0.000027 -0.000002
13.720000 -0.000027 -0.000003
13.730000 -0.000026 -0.000003
13.740000 -0.000026 -0.000003
13.750000 -0.000026 -0.000004
13.760000 -0.000025 -0.000004
13.770000 -0.000025 -0.000004
13.780000 -0.000025 -0.000005
13.790000 -0.000025 -0.000005
13.800000 -0.000024 -0.000005
13.810000 -0.000024 -0.000006
13.820000 -0.000024 -0.000006
13.830000 -0.000023 -0.000006
13.840000 -0.000023 -0.000007
13.850000 -0.000023 -0.000007
13.860000 -0.000022 -0.000007
13.870000 -0.000022 -0.000007
13.880000 -0.000022 -0.000008
13.890000 -0.000021 -0.000008
13.900000 -0.000021 -0.000008
13.910000 -0.000021 -0.000008
13.920000 -0.000020 -0.000009
13.930000 -0.000020 -0.000009
13.940000 -0.000020 -0.000009
13.950000 -0.000019 -0.000009
13.960000 -0.000019 -0.000009
13.970000 -0.000019 -0.000010
13.980000 -0.000018 -0.000010
13.990000 -0.000018 -0.000010
14.000000 -0.000018 -0.000010
14.010000 -0.000018 -0.000010
14.020000 -0.000017 -0.000011
14.030000 -0.000017 -0.000011
14.040000 -0.000017 -0.000011
14.050000 -0.000016 -0.000011
14.060000 -0.000016 -0.000011
14.070000 -0.000016 -0.000011
14.080000 -0.000015 -0.000011
14.090000 -0.000015 -0.000012
14.100000 -0.000015 -0.000012
14.110000 -0.000014 -0.000012
14.120000 -0.000014 -0.000012
14.130000 -0.000014 -0.000012
14.140000 -0.000013 -0.000012
14.150000 -0.000013 -0.000012
14.160000 -0.000013 -0.000012
14.170000 -0.000012 -0.000012
14.180000 -0.000012 -0.000012
14.190000 -0.000012 -0.000012
14.200000 -0.000012 -0.000013
14.210000 -0.000011 -0.000013
14.220000 -0.000011 -0.000013
14.230000 -0.000011 -0.000013
14.240000 -0.000010 -0.000013
14.250000 -0.000010 -0.000013
14.260000 -0.000010 -0.000013
14.270000 -0.000009 -0.000013
14.280000 -0.000009 -0.000013
14.290000 -0.000009 -0.000013
14.300000 -0.000009 -0.000013
14.310000 -0.000008 -0.000013
14.320000 -0.000008 -0.000013
14.330000 -0.000008 -0.000013
14.340000 -0.000007 -0.000013
14.350000 -0.000007 -0.000013
14.360000 -0.000007 -0.000013
14.370000 -0.000007 -0.000013
14.380000 -0.000006 -0.000013
14.390000 -0.000006 -0.000013
14.400000 -0.000006 -0.000013
14.410000 -0.000006 -0.000013
14.420000 -0.000005 -0.000013
14.430000 -0.000005 -0.000013
14.440000 -0.000005 -0.000013
14.450000 -0.000005 -0.000013
14.460000 -0.000004 -0.000013
14.470000 -0.000004 -0.000012
14.480000 -0.000004 -0.000012
14.490000 -0.000004 -0.000012
14.500000 -0.000003 -0.000012
14.510000 -0.000003 -0.000012
14.520000 -0.000003 -0.000012
14.530000 -0.000003 -0.000012
14.540000 -0.000003 -0.000012
14.550000 -0.000002 -0.000012
14.560000 -0.000002 -0.000012
14.570000 -0.000002 -0.000012
14.580000 -0.000002 -0.000012
14.590000 -0.000002 -0.000012
14.600000 -0.000001 -0.000012
14.610000 -0.000001 -0.000011
14.620000 -0.000001 -0.000011
14.630000 -0.000001 -0.000011
14.640000 -0.000001 -0.000011
14.650000 -0.000000 -0.000011
14.660000 -0.000000 -0.000011
14.670000 -0.000000 -0.000011
14.680000 0.000000 -0.000011
14.690000 0.000000 -0.000011
14.700000 0.000000 -0.000011
14.710000 0.000001 -0.000010
14.720000 0.000001 -0.000010
14.730000 0.000001 -0.000010
14.740000 0.000001 -0.000010
14.750000 0.000001 -0.000010
14.760000 0.000001 -0.000010
14.770000 0.000002 -0.000010
14.780000 0.000002 -0.000010
14.790000 0.000002 -0.000010
14.800000 0.000002 -0.000009
14.810000 0.000002 -0.000009
14.820000 0.000002 -0.000009
14.830000 0.000002 -0.000009
14.840000 0.000002 -0.000009
14.850000 0.000003 -0.000009
14.860000 0.000003 -0.000009
14.870000 0.000003 -0.000009
14.880000 0.000003 -0.000008
14.890000 0.000003 -0.000008
14.900000 0.000003 -0.000008
14.910000 0.000003 -0.000008
14.920000 0.000003 -0.000008
14.930000 0.000003 -0.000008
14.940000 0.000004 -0.000008
14.950000 0.000004 -0.000007
14.960000 0.000004 -0.000007
14.970000 0.000004 -0.000007
14.980000 0.000004 -0.000007
14.990000 0.000004 -0.000007
15.000000 0.000004 -0.000007
15.010000 0.000004 -0.000007
15.020000 0.000004 -0.000007
15.030000 0.000004 -0.000006
15.040000 0.000004 -0.000006
15.050000 0.000004 -0.000006
15.060000 0.000004 -0.000006
15.070000 0.000004 -0.000006
15.080000 0.000005 -0.000006
15.090000 0.000005 -0.000006
15.100000 0.000005 -0.000006
15.110000 0.000005 -0.000005
15.120000 0.000005 -0.000005
15.130000 0.000005 -0.000005
15.140000 0.000005 -0.000005
15.150000 0.000005 -0.000005
15.160000 0.000005 -0.000005
15.170000 0.000005 -0.000005
15.180000 0.000005 -0.000004
15.190000 0.000005 -0.000004
15.200000 0.000005 -0.000004
15.210000 0.000005 -0.000004
15.220000 0.000005 -0.000004
15.230000 0.000005 -0.000004
15.240000 0.000005 -0.000004
15.250000 0.000005 -0.000004
15.260000 0.000005 -0.000004
15.270000 0.000005 -0.000003
15.280000 0.000005 -0.000003
15.290000 0.000005 -0.000003
15.300000 0.000005 -0.000003
15.310000 0.000005 -0.000003
15.320000 0.000005 -0.000003
15.330000 0.000005 -0.000003
15.340000 0.000005 -0.000003
15.350000 0.000005 -0.000002
15.360000 0.000005 -0.000002
15.370000 0.000005 -0.000002
15.380000 0.000005 -0.000002
15.390000 0.000005 -0.000002
15.400000 0.000005 -0.000002
15.410000 0.000005 -0.000002
15.420000 0.000005 -0.000002
15.430000 0.000005 -0.000002
15.440000 0.000005 -0.000001
15.450000 0.000005 -0.000001
15.460000 0.000005 -0.000001
15.470000 0.000005 -0.000001
15.480000 0.000005 -0.000001
15.490000 0.000005 -0.000001
15.500000 0.000005 -0.000001
15.510000 0.000005 -0.000001
15.520000 0.000005 -0.000001
15.530000 0.000005 -0.000001
15.540000 0.000005 -0.000001
15.550000 0.000005 -0.000000
15.560000 0.000005 -0.000000
15.570000 0.000005 -0.000000
15.580000 0.000005 -0.000000
15.590000 0.000005 -0.000000
15.600000 0.000005 -0.000000
15.610000 0.000004 0.000000
15.620000 0.000004 0.000000
15.630000 0.000004 0.000000
15.640000 0.000004 0.000000
15.650000 0.000004 0.000000
15.660000 0.000004 0.000000
15.670000 0.000004 0.000000
15.680000 0.000004 0.000001
15.690000 0.000004 0.000001
15.700000 0.000004 0.000001
15.710000 0.000004 0.000001
15.720000 0.000004 0.000001
15.730000 0.000004 0.000001
15.740000 0.000004 0.000001
15.750000 0.000004 0.000001
15.760000 0.000004 0.000001
15.770000 0.000004 0.000001
15.780000 0.000004 0.000001
15.790000 0.000004 0.000001
15.800000 0.000004 0.000001
15.810000 0.000003 0.000001
15.820000 0.000003 0.000001
15.830000 0.000003 0.000001
15.840000 0.000003 0.000001
15.850000 0.000003 0.000002
15.860000 0.000003 0.000002
15.870000 0.000003 0.000002
15.880000 0.000003 0.000002
15.890000 0.000003 0.000002
15.900000 0.000003 0.000002
15.910000 0.000003 0.000002
15.920000 0.000003 0.000002
15.930000 0.000003 0.000002
15.940000 0.000003 0.000002
15.950000 0.000003 0.000002
15.960000 0.000003 0.000002
15.970000 0.000003 0.000002
15.980000 0.000002 0.000002
15.990000 0.000002 0.000002
16.000000 0.000002 0.000002
16.010000 0.000002 0.000002
16.020000 0.000002 0.000002
16.030000 0.000002 0.000002
16.040000 0.000002 0.000002
16.050000 0.000002 0.000002
16.060000 0.000002 0.000002
16.070000 0.000002 0.000002
16.080000 0.000002 0.000002
16.090000 0.000002 0.000002
16.100000 0.000002 0.000002
16.110000 0.000002 0.000002
16.120000 0.000002 0.000002
16.130000 0.000002 0.000002
16.140000 0.000002 0.000002
16.150000 0.000001 0.000002
16.160000 0.000001 0.000002
16.170000 0.000001 0.000002
16.180000 0.000001 0.000002
16.190000 0.000001 0.000002
16.200000 0.000001 0.000002
16.210000 0.000001 0.000002
16.220000 0.000001 0.000002
16.230000 0.000001 0.000002
16.240000 0.000001 0.000002
16.250000 0.000001 0.000002
16.260000 0.000001 0.000002
16.270000 0.000001 0.000002
16.280000 0.000001 0.000002
16.290000 0.000001 0.000002
16.300000 0.000001 0.000002
16.310000 0.000001 0.000002
16.320000 0.000001 0.000002
16.330000 0.000001 0.000002
16.340000 0.000001 0.000002
16.350000 0.000000 0.000002
16.360000 0.000000 0.000002
16.370000 0.000000 0.000002
16.380000 0.000000 0.000002
16.390000 0.000000 0.000002
16.400000 0.000000 0.000002
16.410000 0.000000 0.000002
16.420000 0.000000 0.000002
16.430000 0.000000 0.000002
16.440000 0.000000 0.000002
16.450000 0.000000 0.000002
16.460000 0.000000 0.000002
16.470000 -0.000000 0.000002
16.480000 -0.000000 0.000002
16.490000 -0.000000 0.000002
16.500000 -0.000000 0.000002
16.510000 -0.000000 0.000002
16.520000 -0.000000 0.000002
16.530000 -0.000000 0.000002
16.540000 -0.000000 0.000002
16.550000 -0.000000 0.000002
16.560000 -0.000000 0.000002
16.570000 -0.000000 0.000002
16.580000 -0.000000 0.000002
16.590000 -0.000000 0.000002
16.600000 -0.000000 0.000002
16.610000 -0.000001 0.000002
16.620000 -0.000001 0.000002
16.630000 -0.000001 0.000002
16.640000 -0.000001 0.000002
16.650000 -0.000001 0.000002
16.660000 -0.000001 0.000002
16.670000 -0.000001 0.000002
16.680000 -0.000001 0.000002
16.690000 -0.000001 0.000002
16.700000 -0.000001 0.000002
16.710000 -0.000001 0.000001
16.720000 -0.000001 0.000001
16.730000 -0.000001 0.000001
16.740000 -0.000001 0.000001
16.750000 -0.000001 0.000001
16.760000 -0.000001 0.000001
16.770000 -0.000001 0.000001
16.780000 -0.000001 0.000001
16.790000 -0.000001 0.000001
16.800000 -0.000001 0.000001
16.810000 -0.000001 0.000001
16.820000 -0.000001 0.000001
16.830000 -0.000001 0.000001
16.840000 -0.000001 0.000001
16.850000 -0.000001 0.000001
16.860000 -0.000001 0.000001
16.870000 -0.000001 0.000001
16.880000 -0.000001 0.000001
16.890000 -0.000001 0.000001
16.900000 -0.000001 0.000001
16.910000 -0.000001 0.000001
16.920000 -0.000001 0.000001
16.930000 -0.000001 0.000001
16.940000 -0.000001 0.000001
16.950000 -0.000001 0.000001
16.960000 -0.000001 0.000001
16.970000 -0.000001 0.000001
16.980000 -0.000001 0.000001
16.990000 -0.000001 0.000001
17.000000 -0.000001 0.000001
17.010000 -0.000001 0.000001
17.020000 -0.000001 0.000001
17.030000 -0.000001 0.000001
17.040000 -0.000001 0.000001
17.050000 -0.000001 0.000001
17.060000 -0.000001 0.000001
17.070000 -0.000001 0.000000
17.080000 -0.000001 0.000000
17.090000 -0.000001 0.000000
17.100000 -0.000001 0.000000
17.110000 -0.000001 0.000000
17.120000 -0.000001 0.000000
17.130000 -0.000001 0.000000
17.140000 -0.000001 0.000000
17.150000 -0.000001 0.000000
17.160000 -0.000001 0.000000
17.170000 -0.000001 0.000000
17.180000 -0.000001 0.000000
17.190000 -0.000001 0.000000
17.200000 -0.000001 0.000000
17.210000 -0.000001 0.000000
17.220000 -0.000001 0.000000
17.230000 -0.000001 0.000000
17.240000 -0.000001 0.000000
17.250000 -0.000001 0.000000
17.260000 -0.000001 0.000000
17.270000 -0.000001 0.000000
17.280000 -0.000001 -0.000000
17.290000 -0.000001 -0.000000
17.300000 -0.000001 -0.000000
17.310000 -0.000001 -0.000000
17.320000 -0.000001 -0.000000
17.330000 -0.000001 -0.000000
17.340000 -0.000001 -0.000000
17.350000 -0.000001 -0.000000
17.360000 -0.000001 -0.000000
17.370000 -0.000001 -0.000000
17.380000 -0.000001 -0.000000
17.390000 -0.000001 -0.000000
17.400000 -0.000001 -0.000000
17.410000 -0.000001 -0.000000
17.420000 -0.000001 -0.000000
17.430000 -0.000001 -0.000000
17.440000 -0.000001 -0.000000
17.450000 -0.000001 -0.000000
17.460000 -0.000001 -0.000000
17.470000 -0.000001 -0.000000
17.480000 -0.000001 -0.000000
17.490000 -0.000001 -0.000000
17.500000 -0.000001 -0.000000
17.510000 -0.000001 -0.000000
17.520000 -0.000001 -0.000000
17.530000 -0.000001 -0.000000
17.540000 -0.000001 -0.000000
17.550000 -0.000001 -0.000000
17.560000 -0.000001 -0.000000
17.570000 -0.000001 -0.000000
17.580000 -0.000001 -0.000000
17.590000 -0.000001 -0.000000
17.600000 -0.000001 -0.000000
17.610000 -0.000001 -0.000000
17.620000 -0.000001 -0.000001
17.630000 -0.000001 -0.000001
17.640000 -0.000001 -0.000001
17.650000 -0.000001 -0.000001
17.660000 -0.000001 -0.000001
17.670000 -0.000001 -0.000001
17.680000 -0.000001 -0.000001
17.690000 -0.000001 -0.000001
17.700000 -0.000001 -0.000001
17.710000 -0.000001 -0.000001
17.720000 -0.000001 -0.000001
17.730000 -0.000000 -0.000001
17.740000 -0.000000 -0.000001
17.750000 -0.000000 -0.000001
17.760000 -0.000000 -0.000001
17.770000 -0.000000 -0.000001
17.780000 -0.000000 -0.000001
17.790000 -0.000000 -0.000001
17.800000 -0.000000 -0.000001
17.810000 -0.000000 -0.000001
17.820000 -0.000000 -0.000001
17.830000 -0.000000 -0.000001
17.840000 -0.000000 -0.000001
17.850000 -0.000000 -0.000001
17.860000 -0.000000 -0.000001
17.870000 -0.000000 -0.000001
17.880000 -0.000000 -0.000001
17.890000 -0.000000 -0.000001
17.900000 -0.000000 -0.000001
17.910000 -0.000000 -0.000001
17.920000 -0.000000 -0.000001
17.930000 -0.000000 -0.000001
17.940000 -0.000000 -0.000001
17.950000 -0.000000 -0.000001
17.960000 -0.000000 -0.000001
17.970000 -0.000000 -0.000001
17.980000 -0.000000 -0.000001
17.990000 -0.000000 -0.000001
18.000000 -0.000000 -0.000001
18.010000 -0.000000 -0.000001
18.020000 -0.000000 -0.000001
18.030000 -0.000000 -0.000001
18.040000 -0.000000 -0.000001
18.050000 -0.000000 -0.000001
18.060000 -0.000000 -0.000001
18.070000 -0.000000 -0.000001
18.080000 -0.000000 -0.000001
18.090000 -0.000000 -0.000001
18.100000 0.000000 -0.000001
18.110000 0.000000 -0.000001
18.120000 0.000000 -0.000001
18.130000 0.000000 -0.000001
18.140000 0.000000 -0.000001
18.150000 0.000000 -0.000001
18.160000 0.000000 -0.000001
18.170000 0.000000 -0.000001
18.180000 0.000000 -0.000001
18.190000 0.000000 -0.000001
18.200000 0.000000 -0.000001
18.210000 0.000000 -0.000001
18.220000 0.000000 -0.000001
18.230000 0.000000 -0.000001
18.240000 0.000000 -0.000001
18.250000 0.000000 -0.000001
18.260000 0.000000 -0.000000
18.270000 0.000000 -0.000000
18.280000 0.000000 -0.000000
18.290000 0.000000 -0.000000
18.300000 0.000000 -0.000000
18.310000 0.000000 -0.000000
18.320000 0.000000 -0.000000
18.330000 0.000000 -0.000000
18.340000 0.000000 -0.000000
18.350000 0.000000 -0.000000
18.360000 0.000000 -0.000000
18.370000 0.000000 -0.000000
18.380000 0.000000 -0.000000
18.390000 0.000000 -0.000000
18.400000 0.000000 -0.000000
18.410000 0.000000 -0.000000
18.420000 0.000000 -0.000000
18.430000 0.000000 -0.000000
18.440000 0.000000 -0.000000
18.450000 0.000000 -0.000000
18.460000 0.000000 -0.000000
18.470000 0.000000 -0.000000
18.480000 0.000000 -0.000000
18.490000 0.000000 -0.000000
18.500000 0.000000 -0.000000
18.510000 0.000000 -0.000000
18.520000 0.000000 -0.000000
18.530000 0.000000 -0.000000
18.540000 0.000000 -0.000000
18.550000 0.000000 -0.000000
18.560000 0.000000 -0.000000
18.570000 0.000000 -0.000000
18.580000 0.000000 -0.000000
18.590000 0.000000 -0.000000
18.600000 0.000000 -0.000000
18.610000 0.000000 -0.000000
18.620000 0.000000 -0.000000
18.630000 0.000000 -0.000000
18.640000 0.000000 -0.000000
18.650000 0.000000 -0.000000
18.660000 0.000000 -0.000000
18.670000 0.000000 -0.000000
18.680000 0.000000 -0.000000
18.690000 0.000000 -0.000000
18.700000 0.000000 -0.000000
18.710000 0.000000 -0.000000
18.720000 0.000000 -0.000000
18.730000 0.000000 -0.000000
18.740000 0.000000 -0.000000
18.750000 0.000000 -0.000000
18.760000 0.000000 -0.000000
18.770000 0.000000 -0.000000
18.780000 0.000000 -0.000000
18.790000 0.000000 -0.000000
18.800000 0.000000 -0.000000
18.810000 0.000000 -0.000000
18.820000 0.000000 -0.000000
18.830000 0.000000 -0.000000
18.840000 0.000000 -0.000000
18.850000 0.000000 -0.000000
18.860000 0.000000 -0.000000
18.870000 0.000000 -0.000000
18.880000 0.000000 -0.000000
18.890000 0.000000 -0.000000
18.900000 0.000000 -0.000000
18.910000 0.000000 -0.000000
18.920000 0.000000 -0.000000
18.930000 0.000000 -0.000000
18.940000 0.000000 -0.000000
18.950000 0.000000 -0.000000
18.960000 0.000000 0.000000
18.970000 0.000000 0.000000
18.980000 0.000000 0.000000
18.990000 0.000000 0.000000
19.000000 0.000000 0.000000
19.010000 0.000000 0.000000
19.020000 0.000000 0.000000
19.030000 0.000000 0.000000
19.040000 0.000000 0.000000
19.050000 0.000000 0.000000
19.060000 0.000000 0.000000
19.070000 0.000000 0.000000
19.080000 0.000000 0.000000
19.090000 0.000000 0.000000
19.100000 0.000000 0.000000
19.110000 0.000000 0.000000
19.120000 0.000000 0.000000
19.130000 0.000000 0.000000
19.140000 0.000000 0.000000
19.150000 0.000000 0.000000
19.160000 0.000000 0.000000
19.170000 0.000000 0.000000
19.180000 0.000000 0.000000
19.190000 0.000000 0.000000
19.200000 0.000000 0.000000
19.210000 0.000000 0.000000
19.220000 0.000000 0.000000
19.230000 0.000000 0.000000
19.240000 0.000000 0.000000
19.250000 0.000000 0.000000
19.260000 0.000000 0.000000
19.270000 0.000000 0.000000
19.280000 0.000000 0.000000
19.290000 0.000000 0.000000
19.300000 0.000000 0.000000
19.310000 0.000000 0.000000
19.320000 0.000000 0.000000
19.330000 0.000000 0.000000
19.340000 0.000000 0.000000
19.350000 0.000000 0.000000
19.360000 0.000000 0.000000
19.370000 0.000000 0.000000
19.380000 0.000000 0.000000
19.390000 0.000000 0.000000
19.400000 0.000000 0.000000
19.410000 0.000000 0.000000
19.420000 0.000000 0.000000
19.430000 0.000000 0.000000
19.440000 0.000000 0.000000
19.450000 0.000000 0.000000
19.460000 0.000000 0.000000
19.470000 0.000000 0.000000
19.480000 0.000000 0.000000
19.490000 0.000000 0.000000
19.500000 0.000000 0.000000
19.510000 0.000000 0.000000
19.520000 0.000000 0.000000
19.530000 0.000000 0.000000
19.540000 0.000000 0.000000
19.550000 0.000000 0.000000
19.560000 0.000000 0.000000
19.570000 0.000000 0.000000
19.580000 0.000000 0.000000
19.590000 0.000000 0.000000
19.600000 0.000000 0.000000
19.610000 0.000000 0.000000
19.620000 0.000000 0.000000
19.630000 0.000000 0.000000
19.640000 0.000000 0.000000
19.650000 0.000000 0.000000
19.660000 0.000000 0.000000
19.670000 0.000000 0.000000
19.680000 0.000000 0.000000
19.690000 0.000000 0.000000
19.700000 0.000000 0.000000
19.710000 0.000000 0.000000
19.720000 0.000000 0.000000
19.730000 0.000000 0.000000
19.740000 0.000000 0.000000
19.750000 0.000000 0.000000
19.760000 0.000000 0.000000
19.770000 0.000000 0.000000
19.780000 0.000000 0.000000
19.790000 0.000000 0.000000
19.800000 0.000000 0.000000
19.810000 0.000000 0.000000
19.820000 0.000000 0.000000
19.830000 0.000000 0.000000
19.840000 0.000000 0.000000
19.850000 0.000000 0.000000
19.860000 0.000000 0.000000
19.870000 -0.000000 0.000000
19.880000 -0.000000 0.000000
19.890000 -0.000000 0.000000
19.900000 -0.000000 0.000000
19.910000 -0.000000 0.000000
19.920000 -0.000000 0.000000
19.930000 -0.000000 0.000000
19.940000 -0.000000 0.000000
19.950000 -0.000000 0.000000
19.960000 -0.000000 0.000000
19.970000 -0.000000 0.000000
19.980000 -0.000000 0.000000
19.990000 -0.000000 0.000000
20.000000 -0.000000 0.000000
20.010000 -0.000000 0.000000
20.020000 -0.000000 0.000000
20.030000 -0.000000 0.000000
20.040000 -0.000000 0.000000
20.050000 -0.000000 0.000000
20.060000 -0.000000 0.000000
20.070000 -0.000000 0.000000
20.080000 -0.000000 0.000000
20.090000 -0.000000 0.000000
20.100000 -0.000000 0.000000
20.110000 -0.000000 0.000000
20.120000 -0.000000 0.000000
20.130000 -0.000000 0.000000
20.140000 -0.000000 0.000000
20.150000 -0.000000 0.000000
20.160000 -0.000000 0.000000
20.170000 -0.000000 0.000000
20.180000 -0.000000 0.000000
20.190000 -0.000000 0.000000
20.200000 -0.000000 0.000000
20.210000 -0.000000 0.000000
20.220000 -0.000000 0.000000
20.230000 -0.000000 0.000000
20.240000 -0.000000 0.000000
20.250000 -0.000000 0.000000
20.260000 -0.000000 0.000000
20.270000 -0.000000 0.000000
20.280000 -0.000000 0.000000
20.290000 -0.000000 0.000000
20.300000 -0.000000 0.000000
20.310000 -0.000000 0.000000
20.320000 -0.000000 0.000000
20.330000 -0.000000 0.000000
20.340000 -0.000000 0.000000
20.350000 -0.000000 0.000000
20.360000 -0.000000 0.000000
20.370000 -0.000000 0.000000
20.380000 -0.000000 0.000000
20.390000 -0.000000 0.000000
20.400000 -0.000000 0.000000
20.410000 -0.000000 0.000000
20.420000 -0.000000 0.000000
20.430000 -0.000000 0.000000
20.440000 -0.000000 0.000000
20.450000 -0.000000 0.000000
20.460000 -0.000000 0.000000
20.470000 -0.000000 0.000000
20.480000 -0.000000 0.000000
20.490000 -0.000000 0.000000
20.500000 -0.000000 0.000000
20.510000 -0.000000 0.000000
20.520000 -0.000000 0.000000
20.530000 -0.000000 0.000000
20.540000 -0.000000 0.000000
20.550000 -0.000000 0.000000
20.560000 -0.000000 0.000000
20.570000 -0.000000 0.000000
20.580000 -0.000000 0.000000
20.590000 -0.000000 0.000000
20.600000 -0.000000 0.000000
20.610000 -0.000000 0.000000
20.620000 -0.000000 0.000000
20.630000 -0.000000 0.000000
20.640000 -0.000000 0.000000
20.650000 -0.000000 0.000000
20.660000 -0.000000 0.000000
20.670000 -0.000000 0.000000
20.680000 -0.000000 0.000000
20.690000 -0.000000 0.000000
20.700000 -0.000000 0.000000
20.710000 -0.000000 0.000000
20.720000 -0.000000 0.000000
20.730000 -0.000000 0.000000
20.740000 -0.000000 0.000000
20.750000 -0.000000 0.000000
20.760000 -0.000000 0.000000
20.770000 -0.000000 0.000000
20.780000 -0.000000 0.000000
20.790000 -0.000000 0.000000
20.800000 -0.000000 0.000000
20.810000 -0.000000 -0.000000
20.820000 -0.000000 -0.000000
20.830000 -0.000000 -0.000000
20.840000 -0.000000 -0.000000
20.850000 -0.000000 -0.000000
20.860000 -0.000000 -0.000000
20.870000 -0.000000 -0.000000
20.880000 -0.000000 -0.000000
20.890000 -0.000000 -0.000000
20.900000 -0.000000 -0.000000
20.910000 -0.000000 -0.000000
20.920000 -0.000000 -0.000000
20.930000 -0.000000 -0.000000
20.940000 -0.000000 -0.000000
20.950000 -0.000000 -0.000000
20.960000 -0.000000 -0.000000
20.970000 -0.000000 -0.000000
20.980000 -0.000000 -0.000000
20.990000 -0.000000 -0.000000
21.000000 -0.000000 -0.000000
21.010000 -0.000000 -0.000000
21.020000 -0.000000 -0.000000
21.030000 -0.000000 -0.000000
21.040000 -0.000000 -0.000000
21.050000 -0.000000 -0.000000
21.060000 -0.000000 -0.000000
21.070000 -0.000000 -0.000000
21.080000 -0.000000 -0.000000
21.090000 -0.000000 -0.000000
21.100000 -0.000000 -0.000000
21.110000 -0.000000 -0.000000
21.120000 -0.000000 -0.000000
21.130000 -0.000000 -0.000000
21.140000 -0.000000 -0.000000
21.150000 -0.000000 -0.000000
21.160000 -0.000000 -0.000000
21.170000 -0.000000 -0.000000
21.180000 -0.000000 -0.000000
21.190000 -0.000000 -0.000000
21.200000 -0.000000 -0.000000
21.210000 -0.000000 -0.000000
21.220000 -0.000000 -0.000000
21.230000 -0.000000 -0.000000
21.240000 -0.000000 -0.000000
21.250000 -0.000000 -0.000000
21.260000 -0.000000 -0.000000
21.270000 -0.000000 -0.000000
21.280000 -0.000000 -0.000000
21.290000 -0.000000 -0.000000
21.300000 -0.000000 -0.000000
21.310000 -0.000000 -0.000000
21.320000 -0.000000 -0.000000
21.330000 -0.000000 -0.000000
21.340000 -0.000000 -0.000000
21.350000 -0.000000 -0.000000
21.360000 -0.000000 -0.000000
21.370000 -0.000000 -0.000000
21.380000 -0.000000 -0.000000
21.390000 -0.000000 -0.000000
21.400000 -0.000000 -0.000000
21.410000 -0.000000 -0.000000
21.420000 -0.000000 -0.000000
21.430000 -0.000000 -0.000000
21.440000 -0.000000 -0.000000
21.450000 -0.000000 -0.000000
21.460000 -0.000000 -0.000000
21.470000 -0.000000 -0.000000
21.480000 -0.000000 -0.000000
21.490000 -0.000000 -0.000000
21.500000 -0.000000 -0.000000
21.510000 -0.000000 -0.000000
21.520000 -0.000000 -0.000000
21.530000 -0.000000 -0.000000
21.540000 -0.000000 -0.000000
21.550000 -0.000000 -0.000000
21.560000 -0.000000 -0.000000
21.570000 -0.000000 -0.000000
21.580000 -0.000000 -0.000000
21.590000 -0.000000 -0.000000
21.600000 -0.000000 -0.000000
21.610000 -0.000000 -0.000000
21.620000 -0.000000 -0.000000
21.630000 -0.000000 -0.000000
21.640000 -0.000000 -0.000000
21.650000 -0.000000 -0.000000
21.660000 -0.000000 -0.000000
21.670000 -0.000000 -0.000000
21.680000 -0.000000 -0.000000
21.690000 -0.000000 -0.000000
21.700000 -0.000000 -0.000000
21.710000 -0.000000 -0.000000
21.720000 -0.000000 -0.000000
21.730000 -0.000000 -0.000000
21.740000 -0.000000 -0.000000
21.750000 -0.000000 -0.000000
21.760000 -0.000000 -0.000000
21.770000 -0.000000 -0.000000
21.780000 -0.000000 -0.000000
21.790000 0.000000 -0.000000
21.800000 0.000000 -0.000000
21.810000 0.000000 -0.000000
21.820000 0.000000 -0.000000
21.830000 0.000000 -0.000000
21.840000 0.000000 -0.000000
21.850000 0.000000 -0.000000
21.860000 0.000000 -0.000000
21.870000 0.000000 -0.000000
21.880000 0.000000 -0.000000
21.890000 0.000000 -0.000000
21.900000 0.000000 -0.000000
21.910000 0.000000 -0.000000
21.920000 0.000000 -0.000000
21.930000 0.000000 -0.000000
21.940000 0.000000 -0.000000
21.950000 0.000000 -0.000000
21.960000 0.000000 -0.000000
21.970000 0.000000 -0.000000
21.980000 0.000000 -0.000000
21.990000 0.000000 -0.000000
22.000000 0.000000 -0.000000
22.010000 0.000000 -0.000000
22.020000 0.000000 -0.000000
22.030000 0.000000 -0.000000
22.040000 0.000000 -0.000000
22.050000 0.000000 -0.000000
22.060000 0.000000 -0.000000
22.070000 0.000000 -0.000000
22.080000 0.000000 -0.000000
22.090000 0.000000 -0.000000
22.100000 0.000000 -0.000000
22.110000 0.000000 -0.000000
22.120000 0.000000 -0.000000
22.130000 0.000000 -0.000000
22.140000 0.000000 -0.000000
22.150000 0.000000 -0.000000
22.160000 0.000000 -0.000000
22.170000 0.000000 -0.000000
22.180000 0.000000 -0.000000
22.190000 0.000000 -0.000000
22.200000 0.000000 -0.000000
22.210000 0.000000 -0.000000
22.220000 0.000000 -0.000000
22.230000 0.000000 -0.000000
22.240000 0.000000 -0.000000
22.250000 0.000000 -0.000000
22.260000 0.000000 -0.000000
22.270000 0.000000 -0.000000
22.280000 0.000000 -0.000000
22.290000 0.000000 -0.000000
22.300000 0.000000 -0.000000
22.310000 0.000000 -0.000000
22.320000 0.000000 -0.000000
22.330000 0.000000 -0.000000
22.340000 0.000000 -0.000000
22.350000 0.000000 -0.000000
22.360000 0.000000 -0.000000
22.370000 0.000000 -0.000000
22.380000 0.000000 -0.000000
22.390000 0.000000 -0.000000
22.400000 0.000000 -0.000000
22.410000 0.000000 -0.000000
22.420000 0.000000 -0.000000
22.430000 0.000000 -0.000000
22.440000 0.000000 -0.000000
22.450000 0.000000 -0.000000
22.460000 0.000000 -0.000000
22.470000 0.000000 -0.000000
22.480000 0.000000 -0.000000
22.490000 0.000000 -0.000000
22.500000 0.000000 -0.000000
22.510000 0.000000 -0.000000
22.520000 0.000000 -0.000000
22.530000 0.000000 -0.000000
22.540000 0.000000 -0.000000
22.550000 0.000000 -0.000000
22.560000 0.000000 -0.000000
22.570000 0.000000 -0.000000
22.580000 0.000000 -0.000000
22.590000 0.000000 -0.000000
22.600000 0.000000 -0.000000
22.610000 0.000000 -0.000000
22.620000 0.000000 -0.000000
22.630000 0.000000 -0.000000
22.640000 0.000000 -0.000000
22.650000 0.000000 -0.000000
22.660000 0.000000 -0.000000
22.670000 0.000000 -0.000000
22.680000 0.000000 -0.000000
22.690000 0.000000 -0.000000
22.700000 0.000000 -0.000000
22.710000 0.000000 -0.000000
22.720000 0.000000 -0.000000
22.730000 0.000000 -0.000000
22.740000 0.000000 -0.000000
22.750000 0.000000 -0.000000
22.760000 0.000000 -0.000000
22.770000 0.000000 -0.000000
22.780000 0.000000 0.000000
22.790000 0.000000 0.000000
22.800000 0.000000 0.000000
22.810000 0.000000 0.000000
22.820000 0.000000 0.000000
22.830000 0.000000 0.000000
22.840000 0.000000 0.000000
22.850000 0.000000 0.000000
22.860000 0.000000 0.000000
22.870000 0.000000 0.000000
22.880000 0.000000 0.000000
22.890000 0.000000 0.000000
22.900000 0.000000 0.000000
22.910000 0.000000 0.000000
22.920000 0.000000 0.000000
22.930000 0.000000 0.000000
22.940000 0.000000 0.000000
22.950000 0.000000 0.000000
22.960000 0.000000 0.000000
22.970000 0.000000 0.000000
22.980000 0.000000 0.000000
22.990000 0.000000 0.000000
23.000000 0.000000 0.000000
23.010000 0.000000 0.000000
23.020000 0.000000 0.000000
23.030000 0.000000 0.000000
23.040000 0.000000 0.000000
23.050000 0.000000 0.000000
23.060000 0.000000 0.000000
23.070000 0.000000 0.000000
23.080000 0.000000 0.000000
23.090000 0.000000 0.000000
23.100000 0.000000 0.000000
23.110000 0.000000 0.000000
23.120000 0.000000 0.000000
23.130000 0.000000 0.000000
23.140000 0.000000 0.000000
23.150000 0.000000 0.000000
23.160000 0.000000 0.000000
23.170000 0.000000 0.000000
23.180000 0.000000 0.000000
23.190000 0.000000 0.000000
23.200000 0.000000 0.000000
23.210000 0.000000 0.000000
23.220000 0.000000 0.000000
23.230000 0.000000 0.000000
23.240000 0.000000 0.000000
23.250000 0.000000 0.000000
23.260000 0.000000 0.000000
23.270000 0.000000 0.000000
23.280000 0.000000 0.000000
23.290000 0.000000 0.000000
23.300000 0.000000 0.000000
23.310000 0.000000 0.000000
23.320000 0.000000 0.000000
23.330000 0.000000 0.000000
23.340000 0.000000 0.000000
23.350000 0.000000 0.000000
23.360000 0.000000 0.000000
23.370000 0.000000 0.000000
23.380000 0.000000 0.000000
23.390000 0.000000 0.000000
23.400000 0.000000 0.000000
23.410000 0.000000 0.000000
23.420000 0.000000 0.000000
23.430000 0.000000 0.000000
23.440000 0.000000 0.000000
23.450000 0.000000 0.000000
23.460000 0.000000 0.000000
23.470000 0.000000 0.000000
23.480000 0.000000 0.000000
23.490000 0.000000 0.000000
23.500000 0.000000 0.000000
23.510000 0.000000 0.000000
23.520000 0.000000 0.000000
23.530000 0.000000 0.000000
23.540000 0.000000 0.000000
23.550000 0.000000 0.000000
23.560000 0.000000 0.000000
23.570000 0.000000 0.000000
23.580000 0.000000 0.000000
23.590000 0.000000 0.000000
23.600000 0.000000 0.000000
23.610000 0.000000 0.000000
23.620000 0.000000 0.000000
23.630000 0.000000 0.000000
23.640000 0.000000 0.000000
23.650000 0.000000 0.000000
23.660000 0.000000 0.000000
23.670000 0.000000 0.000000
23.680000 0.000000 0.000000
23.690000 0.000000 0.000000
23.700000 0.000000 0.000000
23.710000 0.000000 0.000000
23.720000 0.000000 0.000000
23.730000 0.000000 0.000000
23.740000 0.000000 0.000000
23.750000 -0.000000 0.000000
23.760000 -0.000000 0.000000
23.770000 -0.000000 0.000000
23.780000 -0.000000 0.000000
23.790000 -0.000000 0.000000
23.800000 -0.000000 0.000000
23.810000 -0.000000 0.000000
23.820000 -0.000000 0.000000
23.830000 -0.000000 0.000000
23.840000 -0.000000 0.000000
23.850000 -0.000000 0.000000
23.860000 -0.000000 0.000000
23.870000 -0.000000 0.000000
23.880000 -0.000000 0.000000
23.890000 -0.000000 0.000000
23.900000 -0.000000 0.000000
23.910000 -0.000000 0.000000
23.920000 -0.000000 0.000000
23.930000 -0.000000 0.000000
23.940000 -0.000000 0.000000
23.950000 -0.000000 0.000000
23.960000 -0.000000 0.000000
23.970000 -0.000000 0.000000
23.980000 -0.000000 0.000000
23.990000 -0.000000 0.000000
24.000000 -0.000000 0.000000
24.010000 -0.000000 0.000000
24.020000 -0.000000 0.000000
24.030000 -0.000000 0.000000
24.040000 -0.000000 0.000000
24.050000 -0.000000 0.000000
24.060000 -0.000000 0.000000
24.070000 -0.000000 0.000000
24.080000 -0.000000 0.000000
24.090000 -0.000000 0.000000
24.100000 -0.000000 0.000000
24.110000 -0.000000 0.000000
24.120000 -0.000000 0.000000
24.130000 -0.000000 0.000000
24.140000 -0.000000 0.000000
24.150000 -0.000000 0.000000
24.160000 -0.000000 0.000000
24.170000 -0.000000 0.000000
24.180000 -0.000000 0.000000
24.190000 -0.000000 0.000000
24.200000 -0.000000 0.000000
24.210000 -0.000000 0.000000
24.220000 -0.000000 0.000000
24.230000 -0.000000 0.000000
24.240000 -0.000000 0.000000
24.250000 -0.000000 0.000000
24.260000 -0.000000 0.000000
24.270000 -0.000000 0.000000
24.280000 -0.000000 0.000000
24.290000 -0.000000 0.000000
24.300000 -0.000000 0.000000
24.310000 -0.000000 0.000000
24.320000 -0.000000 0.000000
24.330000 -0.000000 0.000000
24.340000 -0.000000 0.000000
24.350000 -0.000000 0.000000
24.360000 -0.000000 0.000000
24.370000 -0.000000 0.000000
24.380000 -0.000000 0.000000
24.390000 -0.000000 0.000000
24.400000 -0.000000 0.000000
24.410000 -0.000000 0.000000
24.420000 -0.000000 0.000000
24.430000 -0.000000 0.000000
24.440000 -0.000000 0.000000
24.450000 -0.000000 0.000000
24.460000 -0.000000 0.000000
24.470000 -0.000000 0.000000
24.480000 -0.000000 0.000000
24.490000 -0.000000 0.000000
24.500000 -0.000000 0.000000
24.510000 -0.000000 0.000000
24.520000 -0.000000 0.000000
24.530000 -0.000000 0.000000
24.540000 -0.000000 0.000000
24.550000 -0.000000 0.000000
24.560000 -0.000000 0.000000
24.570000 -0.000000 0.000000
24.580000 -0.000000 0.000000
24.590000 -0.000000 0.000000
24.600000 -0.000000 0.000000
24.610000 -0.000000 0.000000
24.620000 -0.000000 0.000000
24.630000 -0.000000 0.000000
24.640000 -0.000000 0.000000
24.650000 -0.000000 0.000000
24.660000 -0.000000 0.000000
24.670000 -0.000000 0.000000
24.680000 -0.000000 0.000000
24.690000 -0.000000 -0.000000
24.700000 -0.000000 -0.000000
24.710000 -0.000000 -0.000000
24.720000 -0.000000 -0.000000
24.730000 -0.000000 -0.000000
24.740000 -0.000000 -0.000000
24.750000 -0.000000 -0.000000
24.760000 -0.000000 -0.000000
24.770000 -0.000000 -0.000000
24.780000 -0.000000 -0.000000
24.790000 -0.000000 -0.000000
24.800000 -0.000000 -0.000000
24.810000 -0.000000 -0.000000
24.820000 -0.000000 -0.000000
24.830000 -0.000000 -0.000000
24.840000 -0.000000 -0.000000
24.850000 -0.000000 -0.000000
24.860000 -0.000000 -0.000000
24.870000 -0.000000 -0.000000
24.880000 -0.000000 -0.000000
24.890000 -0.000000 -0.000000
24.900000 -0.000000 -0.000000
24.910000 -0.000000 -0.000000
24.920000 -0.000000 -0.000000
24.930000 -0.000000 -0.000000
24.940000 -0.000000 -0.000000
24.950000 -0.000000 -0.000000
24.960000 -0.000000 -0.000000
24.970000 -0.000000 -0.000000
24.980000 -0.000000 -0.000000
24.990000 -0.000000 -0.000000
25.000000 -0.000000 -0.000000
25.010000 -0.000000 -0.000000
25.020000 -0.000000 -0.000000
25.030000 -0.000000 -0.000000
25.040000 -0.000000 -0.000000
25.050000 -0.000000 -0.000000
25.060000 -0.000000 -0.000000
25.070000 -0.000000 -0.000000
25.080000 -0.000000 -0.000000
25.090000 -0.000000 -0.000000
25.100000 -0.000000 -0.000000
25.110000 -0.000000 -0.000000
25.120000 -0.000000 -0.000000
25.130000 -0.000000 -0.000000
25.140000 -0.000000 -0.000000
25.150000 -0.000000 -0.000000
25.160000 -0.000000 -0.000000
25.170000 -0.000000 -0.000000
25.180000 -0.000000 -0.000000
25.190000 -0.000000 -0.000000
25.200000 -0.000000 -0.000000
25.210000 -0.000000 -0.000000
25.220000 -0.000000 -0.000000
25.230000 -0.000000 -0.000000
25.240000 -0.000000 -0.000000
25.250000 -0.000000 -0.000000
25.260000 -0.000000 -0.000000
25.270000 -0.000000 -0.000000
25.280000 -0.000000 -0.000000
25.290000 -0.000000 -0.000000
25.300000 -0.000000 -0.000000
25.310000 -0.000000 -0.000000
25.320000 -0.000000 -0.000000
25.330000 -0.000000 -0.000000
25.340000 -0.000000 -0.000000
25.350000 -0.000000 -0.000000
25.360000 -0.000000 -0.000000
25.370000 -0.000000 -0.000000
25.380000 -0.000000 -0.000000
25.390000 -0.000000 -0.000000
25.400000 -0.000000 -0.000000
25.410000 -0.000000 -0.000000
25.420000 -0.000000 -0.000000
25.430000 -0.000000 -0.000000
25.440000 -0.000000 -0.000000
25.450000 -0.000000 -0.000000
25.460000 -0.000000 -0.000000
25.470000 -0.000000 -0.000000
25.480000 -0.000000 -0.000000
25.490000 -0.000000 -0.000000
25.500000 -0.000000 -0.000000
25.510000 -0.000000 -0.000000
25.520000 -0.000000 -0.000000
25.530000 -0.000000 -0.000000
25.540000 -0.000000 -0.000000
25.550000 -0.000000 -0.000000
25.560000 -0.000000 -0.000000
25.570000 -0.000000 -0.000000
25.580000 -0.000000 -0.000000
25.590000 -0.000000 -0.000000
25.600000 0.000000 -0.000000
25.610000 0.000000 -0.000000
25.620000 0.000000 -0.000000
25.630000 0.000000 -0.000000
25.640000 0.000000 -0.000000
25.650000 0.000000 -0.000000
25.660000 0.000000 -0.000000
25.670000 0.000000 -0.000000
25.680000 0.000000 -0.000000
25.690000 0.000000 -0.000000
25.700000 0.000000 -0.000000
25.710000 0.000000 -0.000000
25.720000 0.000000 -0.000000
25.730000 0.000000 -0.000000
25.740000 0.000000 -0.000000
25.750000 0.000000 -0.000000
25.760000 0.000000 -0.000000
25.770000 0.000000 -0.000000
25.780000 0.000000 -0.000000
25.790000 0.000000 -0.000000
25.800000 0.000000 -0.000000
25.810000 0.000000 -0.000000
25.820000 0.000000 -0.000000
25.830000 0.000000 -0.000000
25.840000 0.000000 -0.000000
25.850000 0.000000 -0.000000
25.860000 0.000000 -0.000000
25.870000 0.000000 -0.000000
25.880000 0.000000 -0.000000
25.890000 0.000000 -0.000000
25.900000 0.000000 -0.000000
25.910000 0.000000 -0.000000
25.920000 0.000000 -0.000000
25.930000 0.000000 -0.000000
25.940000 0.000000 -0.000000
25.950000 0.000000 -0.000000
25.960000 0.000000 -0.000000
25.970000 0.000000 -0.000000
25.980000 0.000000 -0.000000
25.990000 0.000000 -0.000000
26.000000 0.000000 -0.000000
26.010000 0.000000 -0.000000
26.020000 0.000000 -0.000000
26.030000 0.000000 -0.000000
26.040000 0.000000 -0.000000
26.050000 0.000000 -0.000000
26.060000 0.000000 -0.000000
26.070000 0.000000 -0.000000
26.080000 0.000000 -0.000000
26.090000 0.000000 -0.000000
26.100000 0.000000 -0.000000
26.110000 0.000000 -0.000000
26.120000 0.000000 -0.000000
26.130000 0.000000 -0.000000
26.140000 0.000000 -0.000000
26.150000 0.000000 -0.000000
26.160000 0.000000 -0.000000
26.170000 0.000000 -0.000000
26.180000 0.000000 -0.000000
26.190000 0.000000 -0.000000
26.200000 0.000000 -0.000000
26.210000 0.000000 -0.000000
26.220000 0.000000 -0.000000
26.230000 0.000000 -0.000000
26.240000 0.000000 -0.000000
26.250000 0.000000 -0.000000
26.260000 0.000000 -0.000000
26.270000 0.000000 -0.000000
26.280000 0.000000 -0.000000
26.290000 0.000000 -0.000000
26.300000 0.000000 -0.000000
26.310000 0.000000 -0.000000
26.320000 0.000000 -0.000000
26.330000 0.000000 -0.000000
26.340000 0.000000 -0.000000
26.350000 0.000000 -0.000000
26.360000 0.000000 -0.000000
26.370000 0.000000 -0.000000
26.380000 0.000000 -0.000000
26.390000 0.000000 -0.000000
26.400000 0.000000 -0.000000
26.410000 0.000000 -0.000000
26.420000 0.000000 -0.000000
26.430000 0.000000 -0.000000
26.440000 0.000000 -0.000000
26.450000 0.000000 -0.000000
26.460000 0.000000 -0.000000
26.470000 0.000000 -0.000000
26.480000 0.000000 -0.000000
26.490000 0.000000 0.000000
26.500000 0.000000 0.000000
26.510000 0.000000 0.000000
26.520000 0.000000 0.000000
26.530000 0.000000 0.000000
26.540000 0.000000 0.000000
26.550000 0.000000 0.000000
26.560000 0.000000 0.000000
26.570000 0.000000 0.000000
26.580000 0.000000 0.000000
26.590000 0.000000 0.000000
26.600000 0.000000 0.000000
26.610000 0.000000 0.000000
26.620000 0.000000 0.000000
26.630000 0.000000 0.000000
26.640000 0.000000 0.000000
26.650000 0.000000 0.000000
26.660000 0.000000 0.000000
26.670000 0.000000 0.000000
26.680000 0.000000 0.000000
26.690000 0.000000 0.000000
26.700000 0.000000 0.000000
26.710000 0.000000 0.000000
26.720000 0.000000 0.000000
26.730000 0.000000 0.000000
26.740000 0.000000 0.000000
26.750000 0.000000 0.000000
26.760000 0.000000 0.000000
26.770000 0.000000 0.000000
26.780000 0.000000 0.000000
26.790000 0.000000 0.000000
26.800000 0.000000 0.000000
26.810000 0.000000 0.000000
26.820000 0.000000 0.000000
26.830000 0.000000 0.000000
26.840000 0.000000 0.000000
26.850000 0.000000 0.000000
26.860000 0.000000 0.000000
26.870000 0.000000 0.000000
26.880000 0.000000 0.000000
26.890000 0.000000 0.000000
26.900000 0.000000 0.000000
26.910000 0.000000 0.000000
26.920000 0.000000 0.000000
26.930000 0.000000 0.000000
26.940000 0.000000 0.000000
26.950000 0.000000 0.000000
26.960000 0.000000 0.000000
26.970000 0.000000 0.000000
26.980000 0.000000 0.000000
26.990000 0.000000 0.000000
27.000000 0.000000 0.000000
27.010000 0.000000 0.000000
27.020000 0.000000 0.000000
27.030000 0.000000 0.000000
27.040000 0.000000 0.000000
27.050000 0.000000 0.000000
27.060000 0.000000 0.000000
27.070000 0.000000 0.000000
27.080000 0.000000 0.000000
27.090000 0.000000 0.000000
27.100000 0.000000 0.000000
27.110000 0.000000 0.000000
27.120000 0.000000 0.000000
27.130000 0.000000 0.000000
27.140000 0.000000 0.000000
27.150000 0.000000 0.000000
27.160000 0.000000 0.000000
27.170000 0.000000 0.000000
27.180000 0.000000 0.000000
27.190000 0.000000 0.000000
27.200000 0.000000 0.000000
27.210000 0.000000 0.000000
27.220000 0.000000 0.000000
27.230000 0.000000 0.000000
27.240000 0.000000 0.000000
27.250000 0.000000 0.000000
27.260000 0.000000 0.000000
27.270000 0.000000 0.000000
27.280000 0.000000 0.000000
27.290000 0.000000 0.000000
27.300000 0.000000 0.000000
27.310000 0.000000 0.000000
27.320000 0.000000 0.000000
27.330000 0.000000 0.000000
27.340000 0.000000 0.000000
27.350000 0.000000 0.000000
27.360000 -0.000000 0.000000
27.370000 -0.000000 0.000000
27.380000 -0.000000 0.000000
27.390000 -0.000000 0.000000
27.400000 -0.000000 0.000000
27.410000 -0.000000 0.000000
27.420000 -0.000000 0.000000
27.430000 -0.000000 0.000000
27.440000 -0.000000 0.000000
27.450000 -0.000000 0.000000
27.460000 -0.000000 0.000000
27.470000 -0.000000 0.000000
27.480000 -0.000000 0.000000
27.490000 -0.000000 0.000000
27.500000 -0.000000 0.000000
27.510000 -0.000000 0.000000
27.520000 -0.000000 0.000000
27.530000 -0.000000 0.000000
27.540000 -0.000000 0.000000
27.550000 -0.000000 0.000000
27.560000 -0.000000 0.000000
27.570000 -0.000000 0.000000
27.580000 -0.000000 0.000000
27.590000 -0.000000 0.000000
27.600000 -0.000000 0.000000
27.610000 -0.000000 0.000000
27.620000 -0.000000 0.000000
27.630000 -0.000000 0.000000
27.640000 -0.000000 0.000000
27.650000 -0.000000 0.000000
27.660000 -0.000000 0.000000
27.670000 -0.000000 0.000000
27.680000 -0.000000 0.000000
27.690000 -0.000000 0.000000
27.700000 -0.000000 0.000000
27.710000 -0.000000 0.000000
27.720000 -0.000000 0.000000
27.730000 -0.000000 0.000000
27.740000 -0.000000 0.000000
27.750000 -0.000000 0.000000
27.760000 -0.000000 0.000000
27.770000 -0.000000 0.000000
27.780000 -0.000000 0.000000
27.790000 -0.000000 0.000000
27.800000 -0.000000 0.000000
27.810000 -0.000000 0.000000
27.820000 -0.000000 0.000000
27.830000 -0.000000 0.000000
27.840000 -0.000000 0.000000
27.850000 -0.000000 0.000000
27.860000 -0.000000 0.000000
27.870000 -0.000000 0.000000
27.880000 -0.000000 0.000000
27.890000 -0.000000 0.000000
27.900000 -0.000000 0.000000
27.910000 -0.000000 0.000000
27.920000 -0.000000 0.000000
27.930000 -0.000000 0.000000
27.940000 -0.000000 0.000000
27.950000 -0.000000 0.000000
27.960000 -0.000000 0.000000
27.970000 -0.000000 0.000000
27.980000 -0.000000 0.000000
27.990000 -0.000000 0.000000
28.000000 -0.000000 0.000000
28.010000 -0.000000 0.000000
28.020000 -0.000000 0.000000
28.030000 -0.000000 0.000000
28.040000 -0.000000 0.000000
28.050000 -0.000000 0.000000
28.060000 -0.000000 0.000000
28.070000 -0.000000 0.000000
28.080000 -0.000000 0.000000
28.090000 -0.000000 0.000000
28.100000 -0.000000 0.000000
28.110000 -0.000000 0.000000
28.120000 -0.000000 0.000000
28.130000 -0.000000 0.000000
28.140000 -0.000000 0.000000
28.150000 -0.000000 0.000000
28.160000 -0.000000 0.000000
28.170000 -0.000000 0.000000
28.180000 -0.000000 0.000000
28.190000 -0.000000 0.000000
28.200000 -0.000000 0.000000
28.210000 -0.000000 0.000000
28.220000 -0.000000 0.000000
28.230000 -0.000000 0.000000
28.240000 -0.000000 0.000000
28.250000 -0.000000 -0.000000
28.260000 -0.000000 -0.000000
28.270000 -0.000000 -0.000000
28.280000 -0.000000 -0.000000
28.290000 -0.000000 -0.000000
28.300000 -0.000000 -0.000000
28.310000 -0.000000 -0.000000
28.320000 -0.000000 -0.000000
28.330000 -0.000000 -0.000000
28.340000 -0.000000 -0.000000
28.350000 -0.000000 -0.000000
28.360000 -0.000000 -0.000000
28.370000 -0.000000 -0.000000
28.380000 -0.000000 -0.000000
28.390000 -0.000000 -0.000000
28.400000 -0.000000 -0.000000
28.410000 -0.000000 -0.000000
28.420000 -0.000000 -0.000000
28.430000 -0.000000 -0.000000
28.440000 -0.000000 -0.000000
28.450000 -0.000000 -0.000000
28.460000 -0.000000 -0.000000
28.470000 -0.000000 -0.000000
28.480000 -0.000000 -0.000000
28.490000 -0.000000 -0.000000
28.500000 -0.000000 -0.000000
28.510000 -0.000000 -0.000000
28.520000 -0.000000 -0.000000
28.530000 -0.000000 -0.000000
28.540000 -0.000000 -0.000000
28.550000 -0.000000 -0.000000
28.560000 -0.000000 -0.000000
28.570000 -0.000000 -0.000000
28.580000 -0.000000 -0.000000
28.590000 -0.000000 -0.000000
28.600000 -0.000000 -0.000000
28.610000 -0.000000 -0.000000
28.620000 -0.000000 -0.000000
28.630000 -0.000000 -0.000000
28.640000 -0.000000 -0.000000
28.650000 -0.000000 -0.000000
28.660000 -0.000000 -0.000000
28.670000 -0.000000 -0.000000
28.680000 -0.000000 -0.000000
28.690000 -0.000000 -0.000000
28.700000 -0.000000 -0.000000
28.710000 -0.000000 -0.000000
28.720000 -0.000000 -0.000000
28.730000 -0.000000 -0.000000
28.740000 -0.000000 -0.000000
28.750000 -0.000000 -0.000000
28.760000 -0.000000 -0.000000
28.770000 -0.000000 -0.000000
28.780000 -0.000000 -0.000000
28.790000 -0.000000 -0.000000
28.800000 -0.000000 -0.000000
28.810000 -0.000000 -0.000000
28.820000 -0.000000 -0.000000
28.830000 -0.000000 -0.000000
28.840000 -0.000000 -0.000000
28.850000 -0.000000 -0.000000
28.860000 -0.000000 -0.000000
28.870000 -0.000000 -0.000000
28.880000 -0.000000 -0.000000
28.890000 -0.000000 -0.000000
28.900000 -0.000000 -0.000000
28.910000 -0.000000 -0.000000
28.920000 -0.000000 -0.000000
28.930000 -0.000000 -0.000000
28.940000 -0.000000 -0.000000
28.950000 -0.000000 -0.000000
28.960000 -0.000000 -0.000000
28.970000 -0.000000 -0.000000
28.980000 -0.000000 -0.000000
28.990000 -0.000000 -0.000000
29.000000 -0.000000 -0.000000
29.010000 -0.000000 -0.000000
29.020000 -0.000000 -0.000000
29.030000 -0.000000 -0.000000
29.040000 -0.000000 -0.000000
29.050000 -0.000000 -0.000000
29.060000 -0.000000 -0.000000
29.070000 -0.000000 -0.000000
29.080000 -0.000000 -0.000000
29.090000 -0.000000 -0.000000
29.100000 -0.000000 -0.000000
29.110000 -0.000000 -0.000000
29.120000 -0.000000 -0.000000
29.130000 -0.000000 -0.000000
29.140000 -0.000000 -0.000000
29.150000 -0.000000 -0.000000
29.160000 0.000000 -0.000000
29.170000 0.000000 -0.000000
29.180000 0.000000 -0.000000
29.190000 0.000000 -0.000000
29.200000 0.000000 -0.000000
29.210000 0.000000 -0.000000
29.220000 0.000000 -0.000000
29.230000 0.000000 -0.000000
29.240000 0.000000 -0.000000
29.250000 0.000000 -0.000000
29.260000 0.000000 -0.000000
29.270000 0.000000 -0.000000
29.280000 0.000000 -0.000000
29.290000 0.000000 -0.000000
29.300000 0.000000 -0.000000
29.310000 0.000000 -0.000000
29.320000 0.000000 -0.000000
29.330000 0.000000 -0.000000
29.340000 0.000000 -0.000000
29.350000 0.000000 -0.000000
29.360000 0.000000 -0.000000
29.370000 0.000000 -0.000000
29.380000 0.000000 -0.000000
29.390000 0.000000 -0.000000
29.400000 0.000000 -0.000000
29.410000 0.000000 -0.000000
29.420000 0.000000 -0.000000
29.430000 0.000000 -0.000000
29.440000 0.000000 -0.000000
29.450000 0.000000 -0.000000
29.460000 0.000000 -0.000000
29.470000 0.000000 -0.000000
29.480000 0.000000 -0.000000
29.490000 0.000000 -0.000000
29.500000 0.000000 -0.000000
29.510000 0.000000 -0.000000
29.520000 0.000000 -0.000000
29.530000 0.000000 -0.000000
29.540000 0.000000 -0.000000
29.550000 0.000000 -0.000000
29.560000 0.000000 -0.000000
29.570000 0.000000 -0.000000
29.580000 0.000000 -0.000000
29.590000 0.000000 -0.000000
29.600000 0.000000 -0.000000
29.610000 0.000000 -0.000000
29.620000 0.000000 -0.000000
29.630000 0.000000 -0.000000
29.640000 0.000000 -0.000000
29.650000 0.000000 -0.000000
29.660000 0.000000 -0.000000
29.670000 0.000000 -0.000000
29.680000 0.000000 -0.000000
29.690000 0.000000 -0.000000
29.700000 0.000000 -0.000000
29.710000 0.000000 -0.000000
29.720000 0.000000 -0.000000
29.730000 0.000000 -0.000000
29.740000 0.000000 -0.000000
29.750000 0.000000 -0.000000
29.760000 0.000000 -0.000000
29.770000 0.000000 -0.000000
29.780000 0.000000 -0.000000
29.790000 0.000000 -0.000000
29.800000 0.000000 -0.000000
29.810000 0.000000 -0.000000
29.820000 0.000000 -0.000000
29.830000 0.000000 -0.000000
29.840000 0.000000 -0.000000
29.850000 0.000000 -0.000000
29.860000 0.000000 -0.000000
29.870000 0.000000 -0.000000
29.880000 0.000000 -0.000000
29.890000 0.000000 -0.000000
29.900000 0.000000 -0.000000
29.910000 0.000000 -0.000000
29.920000 0.000000 -0.000000
29.930000 0.000000 -0.000000
29.940000 0.000000 -0.000000
29.950000 0.000000 -0.000000
29.960000 0.000000 -0.000000
29.970000 0.000000 -0.000000
29.980000 0.000000 -0.000000
29.990000 0.000000 -0.000000
