0.000000 2.000000 0.000000
0.010000 1.999366 0.019999
0.020000 1.998467 0.039996
0.030000 1.997301 0.059985
0.040000 1.995870 0.079964
0.050000 1.994173 0.099930
0.060000 1.992212 0.119880
0.070000 1.989986 0.139809
0.080000 1.987495 0.159715
0.090000 1.984741 0.179594
0.100000 1.981724 0.199443
0.110000 1.978443 0.219259
0.120000 1.974901 0.239038
0.130000 1.971097 0.258778
0.140000 1.967032 0.278474
0.150000 1.962708 0.298123
0.160000 1.958124 0.317723
0.170000 1.953282 0.337270
0.180000 1.948183 0.356760
0.190000 1.942828 0.376191
0.200000 1.937217 0.395559
0.210000 1.931352 0.414861
0.220000 1.925234 0.434094
0.230000 1.918864 0.453255
0.240000 1.912243 0.472339
0.250000 1.905373 0.491346
0.260000 1.898254 0.510270
0.270000 1.890890 0.529109
0.280000 1.883279 0.547860
0.290000 1.875425 0.566520
0.300000 1.867329 0.585086
0.310000 1.858992 0.603554
0.320000 1.850416 0.621922
0.330000 1.841602 0.640187
0.340000 1.832553 0.658345
0.350000 1.823269 0.676395
0.360000 1.813754 0.694331
0.370000 1.804008 0.712153
0.380000 1.794033 0.729857
0.390000 1.783832 0.747439
0.400000 1.773406 0.764898
0.410000 1.762758 0.782231
0.420000 1.751889 0.799434
0.430000 1.740802 0.816505
0.440000 1.729498 0.833441
0.450000 1.717981 0.850240
0.460000 1.706251 0.866898
0.470000 1.694312 0.883414
0.480000 1.682165 0.899784
0.490000 1.669813 0.916007
0.500000 1.657259 0.932078
0.510000 1.644504 0.947997
0.520000 1.631551 0.963760
0.530000 1.618403 0.979365
0.540000 1.605062 0.994810
0.550000 1.591531 1.010091
0.560000 1.577812 1.025208
0.570000 1.563908 1.040158
0.580000 1.549822 1.054937
0.590000 1.535556 1.069545
0.600000 1.521112 1.083978
0.610000 1.506494 1.098236
0.620000 1.491705 1.112314
0.630000 1.476747 1.126213
0.640000 1.461623 1.139929
0.650000 1.446336 1.153460
0.660000 1.430889 1.166805
0.670000 1.415284 1.179961
0.680000 1.399525 1.192927
0.690000 1.383614 1.205701
0.700000 1.367555 1.218280
0.710000 1.351351 1.230664
0.720000 1.335004 1.242851
0.730000 1.318518 1.254839
0.740000 1.301896 1.266625
0.750000 1.285140 1.278210
0.760000 1.268255 1.289590
0.770000 1.251242 1.300765
0.780000 1.234106 1.311733
0.790000 1.216849 1.322493
0.800000 1.199475 1.333043
0.810000 1.181986 1.343381
0.820000 1.164386 1.353508
0.830000 1.146679 1.363421
0.840000 1.128867 1.373119
0.850000 1.110954 1.382602
0.860000 1.092942 1.391867
0.870000 1.074836 1.400914
0.880000 1.056639 1.409742
0.890000 1.038354 1.418350
0.900000 1.019983 1.426737
0.910000 1.001531 1.434902
0.920000 0.983001 1.442844
0.930000 0.964397 1.450563
0.940000 0.945720 1.458057
0.950000 0.926976 1.465327
0.960000 0.908167 1.472370
0.970000 0.889296 1.479188
0.980000 0.870367 1.485779
0.990000 0.851384 1.492142
1.000000 0.832349 1.498277
1.010000 0.813266 1.504185
1.020000 0.794139 1.509864
1.030000 0.774970 1.515313
1.040000 0.755764 1.520534
1.050000 0.736523 1.525525
1.060000 0.717250 1.530287
1.070000 0.697950 1.534818
1.080000 0.678626 1.539120
1.090000 0.659280 1.543192
1.100000 0.639916 1.547034
1.110000 0.620539 1.550646
1.120000 0.601149 1.554028
1.130000 0.581753 1.557180
1.140000 0.562351 1.560103
1.150000 0.542948 1.562797
1.160000 0.523548 1.565261
1.170000 0.504153 1.567497
1.180000 0.484766 1.569504
1.190000 0.465391 1.571283
1.200000 0.446032 1.572835
1.210000 0.426690 1.574160
1.220000 0.407370 1.575258
1.230000 0.388075 1.576130
1.240000 0.368808 1.576777
1.250000 0.349572 1.577199
1.260000 0.330370 1.577397
1.270000 0.311205 1.577371
1.280000 0.292081 1.577123
1.290000 0.273001 1.576654
1.300000 0.253967 1.575963
1.310000 0.234983 1.575053
1.320000 0.216051 1.573923
1.330000 0.197175 1.572576
1.340000 0.178358 1.571012
1.350000 0.159603 1.569231
1.360000 0.140912 1.567236
1.370000 0.122289 1.565027
1.380000 0.103736 1.562606
1.390000 0.085256 1.559974
1.400000 0.066853 1.557131
1.410000 0.048528 1.554080
1.420000 0.030285 1.550821
1.430000 0.012127 1.547356
1.440000 -0.005944 1.543687
1.450000 -0.023925 1.539814
1.460000 -0.041813 1.535740
1.470000 -0.059607 1.531465
1.480000 -0.077302 1.526992
1.490000 -0.094896 1.522321
1.500000 -0.112388 1.517456
1.510000 -0.129774 1.512396
1.520000 -0.147052 1.507144
1.530000 -0.164220 1.501701
1.540000 -0.181274 1.496070
1.550000 -0.198213 1.490252
1.560000 -0.215034 1.484248
1.570000 -0.231736 1.478061
1.580000 -0.248314 1.471693
1.590000 -0.264769 1.465145
1.600000 -0.281096 1.458419
1.610000 -0.297294 1.451517
1.620000 -0.313361 1.444442
1.630000 -0.329294 1.437194
1.640000 -0.345092 1.429777
1.650000 -0.360753 1.422192
1.660000 -0.376274 1.414441
1.670000 -0.391653 1.406526
1.680000 -0.406889 1.398450
1.690000 -0.421979 1.390214
1.700000 -0.436922 1.381822
1.710000 -0.451717 1.373274
1.720000 -0.466360 1.364573
1.730000 -0.480850 1.355721
1.740000 -0.495186 1.346721
1.750000 -0.509366 1.337575
1.760000 -0.523389 1.328285
1.770000 -0.537252 1.318854
1.780000 -0.550954 1.309283
1.790000 -0.564494 1.299575
1.800000 -0.577870 1.289732
1.810000 -0.591081 1.279757
1.820000 -0.604125 1.269653
1.830000 -0.617001 1.259421
1.840000 -0.629707 1.249063
1.850000 -0.642243 1.238583
1.860000 -0.654607 1.227983
1.870000 -0.666798 1.217265
1.880000 -0.678814 1.206432
1.890000 -0.690655 1.195486
1.900000 -0.702319 1.184429
1.910000 -0.713806 1.173265
1.920000 -0.725115 1.161995
1.930000 -0.736244 1.150622
1.940000 -0.747192 1.139149
1.950000 -0.757959 1.127578
1.960000 -0.768544 1.115911
1.970000 -0.778946 1.104152
1.980000 -0.789165 1.092303
1.990000 -0.799199 1.080365
2.000000 -0.809047 1.068343
2.010000 -0.818710 1.056238
2.020000 -0.828187 1.044053
2.030000 -0.837477 1.031790
2.040000 -0.846579 1.019452
2.050000 -0.855494 1.007042
2.060000 -0.864220 0.994562
2.070000 -0.872758 0.982015
2.080000 -0.881106 0.969403
2.090000 -0.889265 0.956729
2.100000 -0.897234 0.943995
2.110000 -0.905014 0.931204
2.120000 -0.912603 0.918359
2.130000 -0.920002 0.905462
2.140000 -0.927211 0.892515
2.150000 -0.934229 0.879521
2.160000 -0.941056 0.866484
2.170000 -0.947694 0.853404
2.180000 -0.954140 0.840285
2.190000 -0.960396 0.827129
2.200000 -0.966462 0.813939
2.210000 -0.972338 0.800717
2.220000 -0.978023 0.787466
2.230000 -0.983519 0.774189
2.240000 -0.988825 0.760887
2.250000 -0.993942 0.747563
2.260000 -0.998871 0.734220
2.270000 -1.003610 0.720860
2.280000 -1.008161 0.707485
2.290000 -1.012525 0.694099
2.300000 -1.016701 0.680702
2.310000 -1.020691 0.667299
2.320000 -1.024494 0.653891
2.330000 -1.028112 0.640480
2.340000 -1.031544 0.627069
2.350000 -1.034792 0.613661
2.360000 -1.037857 0.600257
2.370000 -1.040738 0.586860
2.380000 -1.043437 0.573472
2.390000 -1.045954 0.560096
2.400000 -1.048290 0.546733
2.410000 -1.050447 0.533387
2.420000 -1.052424 0.520058
2.430000 -1.054223 0.506751
2.440000 -1.055845 0.493466
2.450000 -1.057290 0.480205
2.460000 -1.058560 0.466972
2.470000 -1.059656 0.453768
2.480000 -1.060578 0.440595
2.490000 -1.061328 0.427456
2.500000 -1.061907 0.414352
2.510000 -1.062315 0.401285
2.520000 -1.062555 0.388258
2.530000 -1.062627 0.375273
2.540000 -1.062532 0.362332
2.550000 -1.062272 0.349435
2.560000 -1.061847 0.336587
2.570000 -1.061260 0.323788
2.580000 -1.060511 0.311040
2.590000 -1.059602 0.298346
2.600000 -1.058533 0.285706
2.610000 -1.057308 0.273124
2.620000 -1.055925 0.260600
2.630000 -1.054389 0.248137
2.640000 -1.052698 0.235737
2.650000 -1.050856 0.223400
2.660000 -1.048863 0.211129
2.670000 -1.046721 0.198926
2.680000 -1.044432 0.186792
2.690000 -1.041996 0.174729
2.700000 -1.039416 0.162738
2.710000 -1.036694 0.150821
2.720000 -1.033830 0.138980
2.730000 -1.030826 0.127216
2.740000 -1.027684 0.115530
2.750000 -1.024405 0.103925
2.760000 -1.020992 0.092401
2.770000 -1.017445 0.080960
2.780000 -1.013767 0.069604
2.790000 -1.009959 0.058334
2.800000 -1.006023 0.047150
2.810000 -1.001960 0.036056
2.820000 -0.997773 0.025051
2.830000 -0.993463 0.014137
2.840000 -0.989031 0.003315
2.850000 -0.984480 -0.007413
2.860000 -0.979811 -0.018047
2.870000 -0.975026 -0.028584
2.880000 -0.970127 -0.039025
2.890000 -0.965116 -0.049367
2.900000 -0.959994 -0.059611
2.910000 -0.954763 -0.069754
2.920000 -0.949426 -0.079796
2.930000 -0.943983 -0.089735
2.940000 -0.938437 -0.099572
2.950000 -0.932790 -0.109304
2.960000 -0.927043 -0.118931
2.970000 -0.921198 -0.128453
2.980000 -0.915258 -0.137867
2.990000 -0.909223 -0.147174
3.000000 -0.903097 -0.156373
3.010000 -0.896880 -0.165462
3.020000 -0.890575 -0.174442
3.030000 -0.884183 -0.183311
3.040000 -0.877707 -0.192068
3.050000 -0.871148 -0.200714
3.060000 -0.864509 -0.209247
3.070000 -0.857790 -0.217667
3.080000 -0.850994 -0.225973
3.090000 -0.844124 -0.234165
3.100000 -0.837179 -0.242242
3.110000 -0.830164 -0.250204
3.120000 -0.823079 -0.258050
3.130000 -0.815926 -0.265779
3.140000 -0.808708 -0.273393
3.150000 -0.801426 -0.280889
3.160000 -0.794082 -0.288267
3.170000 -0.786678 -0.295529
3.180000 -0.779215 -0.302672
3.190000 -0.771696 -0.309697
3.200000 -0.764123 -0.316603
3.210000 -0.756497 -0.323391
3.220000 -0.748820 -0.330059
3.230000 -0.741095 -0.336609
3.240000 -0.733322 -0.343039
3.250000 -0.725504 -0.349350
3.260000 -0.717643 -0.355542
3.270000 -0.709740 -0.361613
3.280000 -0.701798 -0.367566
3.290000 -0.693817 -0.373399
3.300000 -0.685800 -0.379112
3.310000 -0.677749 -0.384705
3.320000 -0.669666 -0.390179
3.330000 -0.661551 -0.395534
3.340000 -0.653408 -0.400769
3.350000 -0.645237 -0.405885
3.360000 -0.637041 -0.410882
3.370000 -0.628821 -0.415760
3.380000 -0.620579 -0.420520
3.390000 -0.612316 -0.425160
3.400000 -0.604035 -0.429683
3.410000 -0.595737 -0.434087
3.420000 -0.587424 -0.438374
3.430000 -0.579097 -0.442543
3.440000 -0.570759 -0.446596
3.450000 -0.562410 -0.450531
3.460000 -0.554052 -0.454350
3.470000 -0.545688 -0.458053
3.480000 -0.537318 -0.461641
3.490000 -0.528944 -0.465113
3.500000 -0.520568 -0.468470
3.510000 -0.512191 -0.471714
3.520000 -0.503815 -0.474843
3.530000 -0.495442 -0.477859
3.540000 -0.487073 -0.480763
3.550000 -0.478709 -0.483554
3.560000 -0.470352 -0.486233
3.570000 -0.462004 -0.488802
3.580000 -0.453665 -0.491259
3.590000 -0.445338 -0.493607
3.600000 -0.437024 -0.495846
3.610000 -0.428724 -0.497976
3.620000 -0.420439 -0.499998
3.630000 -0.412172 -0.501913
3.640000 -0.403923 -0.503722
3.650000 -0.395693 -0.505424
3.660000 -0.387485 -0.507021
3.670000 -0.379299 -0.508514
3.680000 -0.371137 -0.509903
3.690000 -0.363000 -0.511189
3.700000 -0.354889 -0.512373
3.710000 -0.346805 -0.513456
3.720000 -0.338751 -0.514438
3.730000 -0.330726 -0.515321
3.740000 -0.322732 -0.516105
3.750000 -0.314771 -0.516790
3.760000 -0.306843 -0.517379
3.770000 -0.298950 -0.517871
3.780000 -0.291092 -0.518268
3.790000 -0.283271 -0.518570
3.800000 -0.275489 -0.518779
3.810000 -0.267745 -0.518895
3.820000 -0.260041 -0.518919
3.830000 -0.252379 -0.518852
3.840000 -0.244758 -0.518696
3.850000 -0.237181 -0.518450
3.860000 -0.229648 -0.518117
3.870000 -0.222160 -0.517696
3.880000 -0.214717 -0.517189
3.890000 -0.207322 -0.516598
3.900000 -0.199975 -0.515922
3.910000 -0.192676 -0.515163
3.920000 -0.185427 -0.514323
3.930000 -0.178228 -0.513401
3.940000 -0.171080 -0.512399
3.950000 -0.163985 -0.511318
3.960000 -0.156942 -0.510160
3.970000 -0.149953 -0.508924
3.980000 -0.143018 -0.507613
3.990000 -0.136138 -0.506227
4.000000 -0.129314 -0.504767
4.010000 -0.122547 -0.503234
4.020000 -0.115837 -0.501630
4.030000 -0.109184 -0.499955
4.040000 -0.102590 -0.498211
4.050000 -0.096055 -0.496399
4.060000 -0.089580 -0.494519
4.070000 -0.083165 -0.492573
4.080000 -0.076811 -0.490562
4.090000 -0.070519 -0.488487
4.100000 -0.064288 -0.486349
4.110000 -0.058120 -0.484149
4.120000 -0.052014 -0.481888
4.130000 -0.045972 -0.479568
4.140000 -0.039994 -0.477189
4.150000 -0.034080 -0.474753
4.160000 -0.028231 -0.472260
4.170000 -0.022447 -0.469712
4.180000 -0.016728 -0.467110
4.190000 -0.011075 -0.464455
4.200000 -0.005489 -0.461748
4.210000 0.000032 -0.458990
4.220000 0.005485 -0.456183
4.230000 0.010871 -0.453326
4.240000 0.016190 -0.450422
4.250000 0.021441 -0.447472
4.260000 0.026624 -0.444476
4.270000 0.031739 -0.441436
4.280000 0.036785 -0.438353
4.290000 0.041763 -0.435228
4.300000 0.046673 -0.432061
4.310000 0.051513 -0.428855
4.320000 0.056284 -0.425610
4.330000 0.060987 -0.422326
4.340000 0.065620 -0.419007
4.350000 0.070183 -0.415651
4.360000 0.074677 -0.412261
4.370000 0.079102 -0.408837
4.380000 0.083457 -0.405381
4.390000 0.087742 -0.401893
4.400000 0.091958 -0.398375
4.410000 0.096104 -0.394828
4.420000 0.100180 -0.391252
4.430000 0.104187 -0.387649
4.440000 0.108124 -0.384019
4.450000 0.111991 -0.380364
4.460000 0.115790 -0.376685
4.470000 0.119518 -0.372983
4.480000 0.123178 -0.369258
4.490000 0.126768 -0.365512
4.500000 0.130289 -0.361746
4.510000 0.133741 -0.357960
4.520000 0.137125 -0.354156
4.530000 0.140440 -0.350335
4.540000 0.143686 -0.346497
4.550000 0.146864 -0.342643
4.560000 0.149974 -0.338776
4.570000 0.153016 -0.334894
4.580000 0.155990 -0.331000
4.590000 0.158897 -0.327094
4.600000 0.161737 -0.323177
4.610000 0.164510 -0.319250
4.620000 0.167216 -0.315314
4.630000 0.169855 -0.311370
4.640000 0.172429 -0.307419
4.650000 0.174937 -0.303461
4.660000 0.177379 -0.299498
4.670000 0.179756 -0.295530
4.680000 0.182069 -0.291558
4.690000 0.184316 -0.287583
4.700000 0.186500 -0.283606
4.710000 0.188620 -0.279627
4.720000 0.190676 -0.275648
4.730000 0.192669 -0.271669
4.740000 0.194600 -0.267691
4.750000 0.196468 -0.263714
4.760000 0.198275 -0.259741
4.770000 0.200020 -0.255770
4.780000 0.201703 -0.251804
4.790000 0.203327 -0.247842
4.800000 0.204890 -0.243886
4.810000 0.206393 -0.239936
4.820000 0.207837 -0.235993
4.830000 0.209222 -0.232058
4.840000 0.210549 -0.228131
4.850000 0.211818 -0.224213
4.860000 0.213029 -0.220305
4.870000 0.214184 -0.216407
4.880000 0.215282 -0.212521
4.890000 0.216324 -0.208645
4.900000 0.217311 -0.204783
4.910000 0.218243 -0.200933
4.920000 0.219120 -0.197096
4.930000 0.219943 -0.193274
4.940000 0.220713 -0.189466
4.950000 0.221431 -0.185674
4.960000 0.222095 -0.181897
4.970000 0.222708 -0.178137
4.980000 0.223270 -0.174394
4.990000 0.223781 -0.170668
5.000000 0.224242 -0.166961
5.010000 0.224654 -0.163272
5.020000 0.225016 -0.159601
5.030000 0.225330 -0.155951
5.040000 0.225596 -0.152320
5.050000 0.225815 -0.148711
5.060000 0.225987 -0.145122
5.070000 0.226113 -0.141554
5.080000 0.226193 -0.138008
5.090000 0.226228 -0.134485
5.100000 0.226219 -0.130984
5.110000 0.226166 -0.127507
5.120000 0.226070 -0.124053
5.130000 0.225931 -0.120623
5.140000 0.225750 -0.117217
5.150000 0.225528 -0.113836
5.160000 0.225264 -0.110480
5.170000 0.224961 -0.107150
5.180000 0.224617 -0.103845
5.190000 0.224235 -0.100566
5.200000 0.223814 -0.097314
5.210000 0.223355 -0.094089
5.220000 0.222859 -0.090890
5.230000 0.222326 -0.087719
5.240000 0.221758 -0.084576
5.250000 0.221153 -0.081461
5.260000 0.220514 -0.078373
5.270000 0.219841 -0.075314
5.280000 0.219134 -0.072284
5.290000 0.218393 -0.069283
5.300000 0.217621 -0.066311
5.310000 0.216816 -0.063368
5.320000 0.215980 -0.060455
5.330000 0.215114 -0.057571
5.340000 0.214217 -0.054718
5.350000 0.213291 -0.051894
5.360000 0.212336 -0.049101
5.370000 0.211353 -0.046339
5.380000 0.210342 -0.043607
5.390000 0.209304 -0.040906
5.400000 0.208239 -0.038235
5.410000 0.207149 -0.035596
5.420000 0.206033 -0.032988
5.430000 0.204892 -0.030412
5.440000 0.203727 -0.027866
5.450000 0.202539 -0.025353
5.460000 0.201327 -0.022870
5.470000 0.200093 -0.020420
5.480000 0.198837 -0.018001
5.490000 0.197560 -0.015614
5.500000 0.196261 -0.013259
5.510000 0.194943 -0.010936
5.520000 0.193605 -0.008644
5.530000 0.192248 -0.006385
5.540000 0.190872 -0.004158
5.550000 0.189478 -0.001963
5.560000 0.188067 0.000201
5.570000 0.186639 0.002332
5.580000 0.185195 0.004431
5.590000 0.183734 0.006498
5.600000 0.182259 0.008533
5.610000 0.180768 0.010536
5.620000 0.179263 0.012508
5.630000 0.177745 0.014447
5.640000 0.176213 0.016354
5.650000 0.174669 0.018230
5.660000 0.173112 0.020073
5.670000 0.171543 0.021885
5.680000 0.169964 0.023666
5.690000 0.168373 0.025415
5.700000 0.166773 0.027132
5.710000 0.165162 0.028818
5.720000 0.163543 0.030473
5.730000 0.161914 0.032096
5.740000 0.160277 0.033689
5.750000 0.158632 0.035250
5.760000 0.156980 0.036780
5.770000 0.155321 0.038280
5.780000 0.153656 0.039749
5.790000 0.151984 0.041188
5.800000 0.150307 0.042596
5.810000 0.148624 0.043974
5.820000 0.146937 0.045322
5.830000 0.145246 0.046640
5.840000 0.143550 0.047928
5.850000 0.141852 0.049186
5.860000 0.140150 0.050416
5.870000 0.138445 0.051615
5.880000 0.136738 0.052786
5.890000 0.135030 0.053928
5.900000 0.133320 0.055041
5.910000 0.131609 0.056125
5.920000 0.129897 0.057181
5.930000 0.128185 0.058209
5.940000 0.126472 0.059209
5.950000 0.124761 0.060181
5.960000 0.123050 0.061125
5.970000 0.121340 0.062042
5.980000 0.119632 0.062932
5.990000 0.117925 0.063795
6.000000 0.116221 0.064631
6.010000 0.114519 0.065440
6.020000 0.112820 0.066223
6.030000 0.111124 0.066980
6.040000 0.109432 0.067711
6.050000 0.107743 0.068417
6.060000 0.106059 0.069097
6.070000 0.104379 0.069752
6.080000 0.102704 0.070382
6.090000 0.101033 0.070987
6.100000 0.099368 0.071568
6.110000 0.097708 0.072124
6.120000 0.096055 0.072657
6.130000 0.094407 0.073166
6.140000 0.092766 0.073651
6.150000 0.091131 0.074113
6.160000 0.089503 0.074552
6.170000 0.087883 0.074968
6.180000 0.086269 0.075362
6.190000 0.084663 0.075734
6.200000 0.083066 0.076083
6.210000 0.081476 0.076411
6.220000 0.079894 0.076718
6.230000 0.078321 0.077003
6.240000 0.076757 0.077267
6.250000 0.075201 0.077511
6.260000 0.073655 0.077734
6.270000 0.072118 0.077937
6.280000 0.070591 0.078120
6.290000 0.069073 0.078284
6.300000 0.067565 0.078428
6.310000 0.066067 0.078553
6.320000 0.064580 0.078660
6.330000 0.063103 0.078747
6.340000 0.061636 0.078817
6.350000 0.060180 0.078868
6.360000 0.058735 0.078902
6.370000 0.057301 0.078919
6.380000 0.055878 0.078918
6.390000 0.054467 0.078900
6.400000 0.053067 0.078865
6.410000 0.051678 0.078814
6.420000 0.050301 0.078747
6.430000 0.048936 0.078664
6.440000 0.047583 0.078566
6.450000 0.046242 0.078452
6.460000 0.044913 0.078323
6.470000 0.043597 0.078179
6.480000 0.042292 0.078021
6.490000 0.041000 0.077848
6.500000 0.039721 0.077661
6.510000 0.038454 0.077461
6.520000 0.037200 0.077247
6.530000 0.035959 0.077020
6.540000 0.034731 0.076780
6.550000 0.033515 0.076527
6.560000 0.032313 0.076262
6.570000 0.031123 0.075984
6.580000 0.029947 0.075695
6.590000 0.028784 0.075394
6.600000 0.027634 0.075081
6.610000 0.026497 0.074757
6.620000 0.025373 0.074423
6.630000 0.024263 0.074077
6.640000 0.023166 0.073721
6.650000 0.022083 0.073355
6.660000 0.021013 0.072980
6.670000 0.019956 0.072594
6.680000 0.018913 0.072199
6.690000 0.017884 0.071795
6.700000 0.016868 0.071381
6.710000 0.015865 0.070959
6.720000 0.014876 0.070529
6.730000 0.013900 0.070090
6.740000 0.012938 0.069643
6.750000 0.011990 0.069188
6.760000 0.011054 0.068726
6.770000 0.010133 0.068257
6.780000 0.009225 0.067780
6.790000 0.008330 0.067296
6.800000 0.007449 0.066806
6.810000 0.006581 0.066309
6.820000 0.005727 0.065806
6.830000 0.004886 0.065297
6.840000 0.004058 0.064783
6.850000 0.003244 0.064262
6.860000 0.002442 0.063736
6.870000 0.001655 0.063205
6.880000 0.000880 0.062669
6.890000 0.000118 0.062129
6.900000 -0.000630 0.061583
6.910000 -0.001365 0.061034
6.920000 -0.002087 0.060480
6.930000 -0.002797 0.059922
6.940000 -0.003493 0.059360
6.950000 -0.004177 0.058795
6.960000 -0.004847 0.058226
6.970000 -0.005505 0.057654
6.980000 -0.006151 0.057079
6.990000 -0.006783 0.056502
7.000000 -0.007404 0.055921
7.010000 -0.008011 0.055338
7.020000 -0.008606 0.054753
7.030000 -0.009189 0.054166
7.040000 -0.009760 0.053576
7.050000 -0.010318 0.052985
7.060000 -0.010865 0.052392
7.070000 -0.011399 0.051798
7.080000 -0.011921 0.051202
7.090000 -0.012432 0.050605
7.100000 -0.012930 0.050007
7.110000 -0.013417 0.049409
7.120000 -0.013893 0.048809
7.130000 -0.014356 0.048209
7.140000 -0.014809 0.047609
7.150000 -0.015250 0.047008
7.160000 -0.015679 0.046408
7.170000 -0.016098 0.045807
7.180000 -0.016505 0.045206
7.190000 -0.016902 0.044606
7.200000 -0.017287 0.044007
7.210000 -0.017662 0.043407
7.220000 -0.018026 0.042809
7.230000 -0.018379 0.042211
7.240000 -0.018722 0.041614
7.250000 -0.019055 0.041019
7.260000 -0.019377 0.040424
7.270000 -0.019689 0.039831
7.280000 -0.019991 0.039239
7.290000 -0.020283 0.038649
7.300000 -0.020565 0.038061
7.310000 -0.020837 0.037474
7.320000 -0.021099 0.036889
7.330000 -0.021352 0.036306
7.340000 -0.021596 0.035725
7.350000 -0.021830 0.035146
7.360000 -0.022055 0.034570
7.370000 -0.022270 0.033996
7.380000 -0.022477 0.033424
7.390000 -0.022675 0.032855
7.400000 -0.022864 0.032289
7.410000 -0.023044 0.031725
7.420000 -0.023215 0.031164
7.430000 -0.023378 0.030607
7.440000 -0.023533 0.030052
7.450000 -0.023680 0.029500
7.460000 -0.023818 0.028951
7.470000 -0.023948 0.028405
7.480000 -0.024070 0.027863
7.490000 -0.024185 0.027324
7.500000 -0.024291 0.026789
7.510000 -0.024390 0.026257
7.520000 -0.024482 0.025728
7.530000 -0.024566 0.025203
7.540000 -0.024643 0.024682
7.550000 -0.024712 0.024165
7.560000 -0.024775 0.023651
7.570000 -0.024831 0.023141
7.580000 -0.024879 0.022635
7.590000 -0.024921 0.022133
7.600000 -0.024957 0.021635
7.610000 -0.024986 0.021141
7.620000 -0.025008 0.020652
7.630000 -0.025024 0.020166
7.640000 -0.025034 0.019684
7.650000 -0.025038 0.019207
7.660000 -0.025036 0.018734
7.670000 -0.025028 0.018265
7.680000 -0.025014 0.017801
7.690000 -0.024995 0.017341
7.700000 -0.024970 0.016885
7.710000 -0.024939 0.016434
7.720000 -0.024904 0.015988
7.730000 -0.024863 0.015545
7.740000 -0.024816 0.015108
7.750000 -0.024765 0.014675
7.760000 -0.024709 0.014246
7.770000 -0.024648 0.013822
7.780000 -0.024582 0.013403
7.790000 -0.024512 0.012988
7.800000 -0.024437 0.012578
7.810000 -0.024358 0.012172
7.820000 -0.024274 0.011771
7.830000 -0.024186 0.011375
7.840000 -0.024094 0.010984
7.850000 -0.023998 0.010597
7.860000 -0.023898 0.010215
7.870000 -0.023795 0.009838
7.880000 -0.023687 0.009465
7.890000 -0.023576 0.009097
7.900000 -0.023461 0.008734
7.910000 -0.023343 0.008376
7.920000 -0.023221 0.008022
7.930000 -0.023096 0.007673
7.940000 -0.022968 0.007329
7.950000 -0.022837 0.006990
7.960000 -0.022702 0.006655
7.970000 -0.022565 0.006325
7.980000 -0.022425 0.006000
7.990000 -0.022282 0.005679
8.000000 -0.022137 0.005363
8.010000 -0.021989 0.005052
8.020000 -0.021838 0.004746
8.030000 -0.021685 0.004444
8.040000 -0.021530 0.004147
8.050000 -0.021372 0.003854
8.060000 -0.021212 0.003566
8.070000 -0.021050 0.003283
8.080000 -0.020886 0.003005
8.090000 -0.020720 0.002731
8.100000 -0.020552 0.002461
8.110000 -0.020383 0.002196
8.120000 -0.020212 0.001936
8.130000 -0.020039 0.001680
8.140000 -0.019864 0.001429
8.150000 -0.019688 0.001182
8.160000 -0.019511 0.000939
8.170000 -0.019332 0.000701
8.180000 -0.019152 0.000468
8.190000 -0.018970 0.000239
8.200000 -0.018788 0.000014
8.210000 -0.018604 -0.000207
8.220000 -0.018420 -0.000423
8.230000 -0.018234 -0.000635
8.240000 -0.018048 -0.000842
8.250000 -0.017860 -0.001046
8.260000 -0.017672 -0.001245
8.270000 -0.017484 -0.001440
8.280000 -0.017294 -0.001631
8.290000 -0.017104 -0.001818
8.300000 -0.016914 -0.002000
8.310000 -0.016723 -0.002179
8.320000 -0.016531 -0.002354
8.330000 -0.016339 -0.002524
8.340000 -0.016147 -0.002691
8.350000 -0.015955 -0.002854
8.360000 -0.015762 -0.003013
8.370000 -0.015570 -0.003168
8.380000 -0.015377 -0.003319
8.390000 -0.015184 -0.003466
8.400000 -0.014991 -0.003610
8.410000 -0.014798 -0.003750
8.420000 -0.014606 -0.003886
8.430000 -0.014413 -0.004019
8.440000 -0.014221 -0.004148
8.450000 -0.014029 -0.004273
8.460000 -0.013837 -0.004395
8.470000 -0.013645 -0.004513
8.480000 -0.013454 -0.004628
8.490000 -0.013263 -0.004740
8.500000 -0.013073 -0.004848
8.510000 -0.012883 -0.004952
8.520000 -0.012694 -0.005054
8.530000 -0.012505 -0.005152
8.540000 -0.012317 -0.005247
8.550000 -0.012129 -0.005338
8.560000 -0.011942 -0.005427
8.570000 -0.011756 -0.005512
8.580000 -0.011571 -0.005595
8.590000 -0.011386 -0.005674
8.600000 -0.011202 -0.005750
8.610000 -0.011019 -0.005823
8.620000 -0.010837 -0.005893
8.630000 -0.010655 -0.005961
8.640000 -0.010475 -0.006025
8.650000 -0.010296 -0.006087
8.660000 -0.010117 -0.006146
8.670000 -0.009940 -0.006202
8.680000 -0.009763 -0.006255
8.690000 -0.009588 -0.006306
8.700000 -0.009414 -0.006354
8.710000 -0.009241 -0.006400
8.720000 -0.009068 -0.006443
8.730000 -0.008898 -0.006483
8.740000 -0.008728 -0.006521
8.750000 -0.008559 -0.006557
8.760000 -0.008392 -0.006590
8.770000 -0.008226 -0.006620
8.780000 -0.008061 -0.006649
8.790000 -0.007897 -0.006675
8.800000 -0.007735 -0.006699
8.810000 -0.007574 -0.006721
8.820000 -0.007414 -0.006740
8.830000 -0.007256 -0.006757
8.840000 -0.007099 -0.006773
8.850000 -0.006943 -0.006786
8.860000 -0.006789 -0.006797
8.870000 -0.006636 -0.006806
8.880000 -0.006485 -0.006813
8.890000 -0.006335 -0.006818
8.900000 -0.006186 -0.006822
8.910000 -0.006039 -0.006823
8.920000 -0.005893 -0.006823
8.930000 -0.005749 -0.006821
8.940000 -0.005606 -0.006817
8.950000 -0.005465 -0.006812
8.960000 -0.005325 -0.006804
8.970000 -0.005186 -0.006796
8.980000 -0.005049 -0.006785
8.990000 -0.004914 -0.006773
9.000000 -0.004780 -0.006759
9.010000 -0.004648 -0.006744
9.020000 -0.004517 -0.006728
9.030000 -0.004388 -0.006710
9.040000 -0.004260 -0.006691
9.050000 -0.004133 -0.006670
9.060000 -0.004009 -0.006648
9.070000 -0.003886 -0.006624
9.080000 -0.003764 -0.006600
9.090000 -0.003644 -0.006574
9.100000 -0.003525 -0.006547
9.110000 -0.003408 -0.006518
9.120000 -0.003292 -0.006489
9.130000 -0.003178 -0.006458
9.140000 -0.003066 -0.006427
9.150000 -0.002955 -0.006394
9.160000 -0.002846 -0.006360
9.170000 -0.002738 -0.006325
9.180000 -0.002632 -0.006290
9.190000 -0.002527 -0.006253
9.200000 -0.002424 -0.006215
9.210000 -0.002322 -0.006177
9.220000 -0.002222 -0.006137
9.230000 -0.002123 -0.006097
9.240000 -0.002026 -0.006056
9.250000 -0.001930 -0.006015
9.260000 -0.001836 -0.005972
9.270000 -0.001743 -0.005929
9.280000 -0.001652 -0.005885
9.290000 -0.001563 -0.005840
9.300000 -0.001474 -0.005795
9.310000 -0.001388 -0.005749
9.320000 -0.001303 -0.005703
9.330000 -0.001219 -0.005656
9.340000 -0.001136 -0.005608
9.350000 -0.001056 -0.005560
9.360000 -0.000976 -0.005511
9.370000 -0.000898 -0.005462
9.380000 -0.000822 -0.005412
9.390000 -0.000747 -0.005362
9.400000 -0.000673 -0.005312
9.410000 -0.000601 -0.005261
9.420000 -0.000530 -0.005210
9.430000 -0.000460 -0.005158
9.440000 -0.000392 -0.005106
9.450000 -0.000325 -0.005054
9.460000 -0.000260 -0.005002
9.470000 -0.000196 -0.004949
9.480000 -0.000133 -0.004896
9.490000 -0.000072 -0.004843
9.500000 -0.000012 -0.004789
9.510000 0.000047 -0.004736
9.520000 0.000105 -0.004682
9.530000 0.000161 -0.004628
9.540000 0.000216 -0.004574
9.550000 0.000269 -0.004520
9.560000 0.000322 -0.004465
9.570000 0.000373 -0.004411
9.580000 0.000423 -0.004357
9.590000 0.000472 -0.004302
9.600000 0.000519 -0.004247
9.610000 0.000565 -0.004193
9.620000 0.000610 -0.004138
9.630000 0.000654 -0.004084
9.640000 0.000697 -0.004029
9.650000 0.000739 -0.003975
9.660000 0.000779 -0.003920
9.670000 0.000818 -0.003866
9.680000 0.000857 -0.003811
9.690000 0.000894 -0.003757
9.700000 0.000930 -0.003703
9.710000 0.000965 -0.003649
9.720000 0.000999 -0.003595
9.730000 0.001031 -0.003541
9.740000 0.001063 -0.003488
9.750000 0.001094 -0.003434
9.760000 0.001124 -0.003381
9.770000 0.001152 -0.003328
9.780000 0.001180 -0.003275
9.790000 0.001207 -0.003223
9.800000 0.001233 -0.003170
9.810000 0.001257 -0.003118
9.820000 0.001281 -0.003066
9.830000 0.001304 -0.003014
9.840000 0.001326 -0.002963
9.850000 0.001347 -0.002912
9.860000 0.001368 -0.002861
9.870000 0.001387 -0.002810
9.880000 0.001405 -0.002760
9.890000 0.001423 -0.002710
9.900000 0.001440 -0.002660
9.910000 0.001456 -0.002611
9.920000 0.001471 -0.002561
9.930000 0.001485 -0.002513
9.940000 0.001499 -0.002464
9.950000 0.001511 -0.002416
9.960000 0.001523 -0.002368
9.970000 0.001535 -0.002321
9.980000 0.001545 -0.002274
9.990000 0.001555 -0.002227
10.000000 0.001564 -0.002181
10.010000 0.001572 -0.002135
10.020000 0.001580 -0.002090
10.030000 0.001587 -0.002045
10.040000 0.001593 -0.002000
10.050000 0.001598 -0.001956
10.060000 0.001603 -0.001912
10.070000 0.001608 -0.001868
10.080000 0.001611 -0.001825
10.090000 0.001614 -0.001782
10.100000 0.001617 -0.001740
10.110000 0.001619 -0.001698
10.120000 0.001620 -0.001657
10.130000 0.001621 -0.001616
10.140000 0.001621 -0.001575
10.150000 0.001621 -0.001535
10.160000 0.001620 -0.001496
10.170000 0.001618 -0.001456
10.180000 0.001616 -0.001418
10.190000 0.001614 -0.001379
10.200000 0.001611 -0.001341
10.210000 0.001608 -0.001304
10.220000 0.001604 -0.001267
10.230000 0.001599 -0.001230
10.240000 0.001594 -0.001194
10.250000 0.001589 -0.001158
10.260000 0.001584 -0.001123
10.270000 0.001578 -0.001088
10.280000 0.001571 -0.001054
10.290000 0.001564 -0.001020
10.300000 0.001557 -0.000987
10.310000 0.001549 -0.000954
10.320000 0.001541 -0.000921
10.330000 0.001533 -0.000889
10.340000 0.001524 -0.000858
10.350000 0.001515 -0.000827
10.360000 0.001506 -0.000796
10.370000 0.001496 -0.000766
10.380000 0.001486 -0.000736
10.390000 0.001476 -0.000707
10.400000 0.001465 -0.000678
10.410000 0.001454 -0.000650
10.420000 0.001443 -0.000622
10.430000 0.001432 -0.000594
10.440000 0.001420 -0.000567
10.450000 0.001408 -0.000541
10.460000 0.001396 -0.000515
10.470000 0.001384 -0.000489
10.480000 0.001371 -0.000464
10.490000 0.001358 -0.000439
10.500000 0.001345 -0.000415
10.510000 0.001332 -0.000391
10.520000 0.001318 -0.000367
10.530000 0.001305 -0.000344
10.540000 0.001291 -0.000321
10.550000 0.001277 -0.000299
10.560000 0.001263 -0.000278
10.570000 0.001249 -0.000256
10.580000 0.001234 -0.000235
10.590000 0.001220 -0.000215
10.600000 0.001205 -0.000195
10.610000 0.001190 -0.000175
10.620000 0.001175 -0.000156
10.630000 0.001160 -0.000137
10.640000 0.001145 -0.000119
10.650000 0.001130 -0.000101
10.660000 0.001114 -0.000083
10.670000 0.001099 -0.000066
10.680000 0.001083 -0.000049
10.690000 0.001068 -0.000033
10.700000 0.001052 -0.000017
10.710000 0.001036 -0.000001
10.720000 0.001021 0.000014
10.730000 0.001005 0.000029
10.740000 0.000989 0.000043
10.750000 0.000973 0.000057
10.760000 0.000957 0.000071
10.770000 0.000941 0.000084
10.780000 0.000925 0.000097
10.790000 0.000909 0.000110
10.800000 0.000893 0.000122
10.810000 0.000877 0.000134
10.820000 0.000861 0.000145
10.830000 0.000845 0.000156
10.840000 0.000829 0.000167
10.850000 0.000813 0.000178
10.860000 0.000797 0.000188
10.870000 0.000781 0.000197
10.880000 0.000765 0.000207
10.890000 0.000749 0.000216
10.900000 0.000733 0.000225
10.910000 0.000717 0.000233
10.920000 0.000701 0.000241
10.930000 0.000686 0.000249
10.940000 0.000670 0.000257
10.950000 0.000654 0.000264
10.960000 0.000639 0.000271
10.970000 0.000623 0.000277
10.980000 0.000608 0.000284
10.990000 0.000592 0.000290
11.000000 0.000577 0.000295
11.010000 0.000562 0.000301
11.020000 0.000546 0.000306
11.030000 0.000531 0.000311
11.040000 0.000516 0.000315
11.050000 0.000501 0.000320
11.060000 0.000486 0.000324
11.070000 0.000472 0.000327
11.080000 0.000457 0.000331
11.090000 0.000442 0.000334
11.100000 0.000428 0.000337
11.110000 0.000414 0.000340
11.120000 0.000399 0.000342
11.130000 0.000385 0.000344
11.140000 0.000371 0.000346
11.150000 0.000357 0.000348
11.160000 0.000343 0.000350
11.170000 0.000330 0.000351
11.180000 0.000316 0.000352
11.190000 0.000303 0.000353
11.200000 0.000289 0.000354
11.210000 0.000276 0.000354
11.220000 0.000263 0.000354
11.230000 0.000250 0.000354
11.240000 0.000237 0.000354
11.250000 0.000224 0.000354
11.260000 0.000212 0.000353
11.270000 0.000199 0.000352
11.280000 0.000187 0.000351
11.290000 0.000175 0.000350
11.300000 0.000163 0.000349
11.310000 0.000151 0.000347
11.320000 0.000139 0.000345
11.330000 0.000128 0.000343
11.340000 0.000116 0.000341
11.350000 0.000105 0.000339
11.360000 0.000094 0.000337
11.370000 0.000083 0.000334
11.380000 0.000072 0.000331
11.390000 0.000061 0.000328
11.400000 0.000051 0.000325
11.410000 0.000040 0.000322
11.420000 0.000030 0.000319
11.430000 0.000020 0.000315
11.440000 0.000010 0.000312
11.450000 0.000000 0.000308
11.460000 -0.000009 0.000304
11.470000 -0.000019 0.000300
11.480000 -0.000028 0.000296
11.490000 -0.000037 0.000292
11.500000 -0.000046 0.000287
11.510000 -0.000055 0.000283
11.520000 -0.000064 0.000278
11.530000 -0.000073 0.000273
11.540000 -0.000081 0.000269
11.550000 -0.000089 0.000264
11.560000 -0.000097 0.000259
11.570000 -0.000105 0.000254
11.580000 -0.000113 0.000248
11.590000 -0.000121 0.000243
11.600000 -0.000128 0.000237
11.610000 -0.000135 0.000232
11.620000 -0.000142 0.000226
11.630000 -0.000149 0.000221
11.640000 -0.000156 0.000215
11.650000 -0.000163 0.000209
11.660000 -0.000169 0.000203
11.670000 -0.000176 0.000197
11.680000 -0.000182 0.000191
11.690000 -0.000188 0.000185
11.700000 -0.000194 0.000179
11.710000 -0.000199 0.000172
11.720000 -0.000205 0.000166
11.730000 -0.000210 0.000160
11.740000 -0.000215 0.000153
11.750000 -0.000221 0.000147
11.760000 -0.000225 0.000140
11.770000 -0.000230 0.000134
11.780000 -0.000235 0.000127
11.790000 -0.000239 0.000120
11.800000 -0.000243 0.000114
11.810000 -0.000248 0.000107
11.820000 -0.000252 0.000100
11.830000 -0.000255 0.000093
11.840000 -0.000259 0.000086
11.850000 -0.000263 0.000080
11.860000 -0.000266 0.000073
11.870000 -0.000269 0.000066
11.880000 -0.000272 0.000059
11.890000 -0.000275 0.000052
11.900000 -0.000278 0.000045
11.910000 -0.000281 0.000038
11.920000 -0.000283 0.000031
11.930000 -0.000285 0.000024
11.940000 -0.000288 0.000016
11.950000 -0.000290 0.000009
11.960000 -0.000291 0.000002
11.970000 -0.000293 -0.000005
11.980000 -0.000295 -0.000012
11.990000 -0.000296 -0.000019
12.000000 -0.000297 -0.000026
12.010000 -0.000299 -0.000033
12.020000 -0.000300 -0.000040
12.030000 -0.000301 -0.000048
12.040000 -0.000301 -0.000055
12.050000 -0.000302 -0.000062
12.060000 -0.000302 -0.000069
12.070000 -0.000303 -0.000076
12.080000 -0.000303 -0.000083
12.090000 -0.000303 -0.000090
12.100000 -0.000303 -0.000097
12.110000 -0.000303 -0.000104
12.120000 -0.000302 -0.000111
12.130000 -0.000302 -0.000118
12.140000 -0.000301 -0.000125
12.150000 -0.000301 -0.000132
12.160000 -0.000300 -0.000139
12.170000 -0.000299 -0.000145
12.180000 -0.000298 -0.000152
12.190000 -0.000296 -0.000159
12.200000 -0.000295 -0.000166
12.210000 -0.000294 -0.000173
12.220000 -0.000292 -0.000179
12.230000 -0.000290 -0.000186
12.240000 -0.000288 -0.000193
12.250000 -0.000286 -0.000199
12.260000 -0.000284 -0.000206
12.270000 -0.000282 -0.000212
12.280000 -0.000280 -0.000219
12.290000 -0.000277 -0.000225
12.300000 -0.000275 -0.000231
12.310000 -0.000272 -0.000238
12.320000 -0.000269 -0.000244
12.330000 -0.000267 -0.000250
12.340000 -0.000264 -0.000256
12.350000 -0.000261 -0.000262
12.360000 -0.000257 -0.000269
12.370000 -0.000254 -0.000275
12.380000 -0.000251 -0.000281
12.390000 -0.000247 -0.000286
12.400000 -0.000243 -0.000292
12.410000 -0.000240 -0.000298
12.420000 -0.000236 -0.000304
12.430000 -0.000232 -0.000309
12.440000 -0.000228 -0.000315
12.450000 -0.000224 -0.000320
12.460000 -0.000220 -0.000326
12.470000 -0.000215 -0.000331
12.480000 -0.000211 -0.000337
12.490000 -0.000206 -0.000342
12.500000 -0.000202 -0.000347
12.510000 -0.000197 -0.000352
12.520000 -0.000192 -0.000357
12.530000 -0.000188 -0.000362
12.540000 -0.000183 -0.000367
12.550000 -0.000178 -0.000372
12.560000 -0.000173 -0.000377
12.570000 -0.000167 -0.000381
12.580000 -0.000162 -0.000386
12.590000 -0.000157 -0.000391
12.600000 -0.000151 -0.000395
12.610000 -0.000146 -0.000399
12.620000 -0.000140 -0.000404
12.630000 -0.000135 -0.000408
12.640000 -0.000129 -0.000412
12.650000 -0.000123 -0.000416
12.660000 -0.000117 -0.000420
12.670000 -0.000111 -0.000424
12.680000 -0.000105 -0.000428
12.690000 -0.000099 -0.000431
12.700000 -0.000093 -0.000435
12.710000 -0.000087 -0.000439
12.720000 -0.000081 -0.000442
12.730000 -0.000074 -0.000445
12.740000 -0.000068 -0.000449
12.750000 -0.000062 -0.000452
12.760000 -0.000055 -0.000455
12.770000 -0.000048 -0.000458
12.780000 -0.000042 -0.000461
12.790000 -0.000035 -0.000464
12.800000 -0.000028 -0.000466
12.810000 -0.000022 -0.000469
12.820000 -0.000015 -0.000471
12.830000 -0.000008 -0.000474
12.840000 -0.000001 -0.000476
12.850000 0.000006 -0.000478
12.860000 0.000013 -0.000480
12.870000 0.000020 -0.000483
12.880000 0.000027 -0.000484
12.890000 0.000034 -0.000486
12.900000 0.000041 -0.000488
12.910000 0.000048 -0.000490
12.920000 0.000056 -0.000491
12.930000 0.000063 -0.000493
12.940000 0.000070 -0.000494
12.950000 0.000078 -0.000495
12.960000 0.000085 -0.000496
12.970000 0.000092 -0.000497
12.980000 0.000100 -0.000498
12.990000 0.000107 -0.000499
13.000000 0.000115 -0.000500
13.010000 0.000122 -0.000501
13.020000 0.000130 -0.000501
13.030000 0.000137 -0.000501
13.040000 0.000145 -0.000502
13.050000 0.000152 -0.000502
13.060000 0.000160 -0.000502
13.070000 0.000168 -0.000502
13.080000 0.000175 -0.000502
13.090000 0.000183 -0.000502
13.100000 0.000190 -0.000501
13.110000 0.000198 -0.000501
13.120000 0.000206 -0.000500
13.130000 0.000213 -0.000500
13.140000 0.000221 -0.000499
13.150000 0.000229 -0.000498
13.160000 0.000236 -0.000497
13.170000 0.000244 -0.000496
13.180000 0.000252 -0.000495
13.190000 0.000259 -0.000494
13.200000 0.000267 -0.000492
13.210000 0.000274 -0.000491
13.220000 0.000282 -0.000489
13.230000 0.000290 -0.000487
13.240000 0.000297 -0.000486
13.250000 0.000305 -0.000484
13.260000 0.000312 -0.000482
13.270000 0.000320 -0.000480
13.280000 0.000327 -0.000477
13.290000 0.000335 -0.000475
13.300000 0.000342 -0.000472
13.310000 0.000350 -0.000470
13.320000 0.000357 -0.000467
13.330000 0.000365 -0.000464
13.340000 0.000372 -0.000462
13.350000 0.000380 -0.000459
13.360000 0.000387 -0.000455
13.370000 0.000394 -0.000452
13.380000 0.000401 -0.000449
13.390000 0.000409 -0.000445
13.400000 0.000416 -0.000442
13.410000 0.000423 -0.000438
13.420000 0.000430 -0.000435
13.430000 0.000437 -0.000431
13.440000 0.000444 -0.000427
13.450000 0.000451 -0.000423
13.460000 0.000458 -0.000419
13.470000 0.000465 -0.000414
13.480000 0.000472 -0.000410
13.490000 0.000479 -0.000406
13.500000 0.000485 -0.000401
13.510000 0.000492 -0.000396
13.520000 0.000499 -0.000392
13.530000 0.000505 -0.000387
13.540000 0.000512 -0.000382
13.550000 0.000518 -0.000377
13.560000 0.000525 -0.000372
13.570000 0.000531 -0.000366
13.580000 0.000537 -0.000361
13.590000 0.000544 -0.000356
13.600000 0.000550 -0.000350
13.610000 0.000556 -0.000344
13.620000 0.000562 -0.000339
13.630000 0.000568 -0.000333
13.640000 0.000574 -0.000327
13.650000 0.000579 -0.000321
13.660000 0.000585 -0.000315
13.670000 0.000591 -0.000309
13.680000 0.000596 -0.000302
13.690000 0.000602 -0.000296
13.700000 0.000607 -0.000290
13.710000 0.000613 -0.000283
13.720000 0.000618 -0.000277
13.730000 0.000623 -0.000270
13.740000 0.000628 -0.000263
13.750000 0.000633 -0.000256
13.760000 0.000638 -0.000249
13.770000 0.000643 -0.000242
13.780000 0.000647 -0.000235
13.790000 0.000652 -0.000228
13.800000 0.000657 -0.000221
13.810000 0.000661 -0.000213
13.820000 0.000665 -0.000206
13.830000 0.000670 -0.000199
13.840000 0.000674 -0.000191
13.850000 0.000678 -0.000183
13.860000 0.000682 -0.000176
13.870000 0.000685 -0.000168
13.880000 0.000689 -0.000160
13.890000 0.000693 -0.000152
13.900000 0.000696 -0.000144
13.910000 0.000700 -0.000136
13.920000 0.000703 -0.000128
13.930000 0.000706 -0.000120
13.940000 0.000709 -0.000112
13.950000 0.000712 -0.000104
13.960000 0.000715 -0.000095
13.970000 0.000718 -0.000087
13.980000 0.000721 -0.000078
13.990000 0.000723 -0.000070
14.000000 0.000726 -0.000061
14.010000 0.000728 -0.000053
14.020000 0.000730 -0.000044
14.030000 0.000732 -0.000036
14.040000 0.000734 -0.000027
14.050000 0.000736 -0.000018
14.060000 0.000738 -0.000009
14.070000 0.000739 -0.000000
14.080000 0.000741 0.000008
14.090000 0.000742 0.000017
14.100000 0.000743 0.000026
14.110000 0.000744 0.000035
14.120000 0.000745 0.000044
14.130000 0.000746 0.000053
14.140000 0.000747 0.000062
14.150000 0.000747 0.000072
14.160000 0.000748 0.000081
14.170000 0.000748 0.000090
14.180000 0.000748 0.000099
14.190000 0.000748 0.000108
14.200000 0.000748 0.000117
14.210000 0.000748 0.000127
14.220000 0.000748 0.000136
14.230000 0.000747 0.000145
14.240000 0.000747 0.000154
14.250000 0.000746 0.000164
14.260000 0.000745 0.000173
14.270000 0.000744 0.000182
14.280000 0.000743 0.000192
14.290000 0.000742 0.000201
14.300000 0.000740 0.000210
14.310000 0.000739 0.000220
14.320000 0.000737 0.000229
14.330000 0.000735 0.000238
14.340000 0.000733 0.000247
14.350000 0.000731 0.000257
14.360000 0.000729 0.000266
14.370000 0.000727 0.000275
14.380000 0.000724 0.000285
14.390000 0.000722 0.000294
14.400000 0.000719 0.000303
14.410000 0.000716 0.000312
14.420000 0.000713 0.000321
14.430000 0.000710 0.000331
14.440000 0.000707 0.000340
14.450000 0.000703 0.000349
14.460000 0.000700 0.000358
14.470000 0.000696 0.000367
14.480000 0.000692 0.000376
14.490000 0.000688 0.000385
14.500000 0.000684 0.000394
14.510000 0.000680 0.000403
14.520000 0.000676 0.000412
14.530000 0.000671 0.000420
14.540000 0.000667 0.000429
14.550000 0.000662 0.000438
14.560000 0.000657 0.000447
14.570000 0.000652 0.000455
14.580000 0.000647 0.000464
14.590000 0.000642 0.000472
14.600000 0.000636 0.000481
14.610000 0.000631 0.000489
14.620000 0.000625 0.000497
14.630000 0.000620 0.000506
14.640000 0.000614 0.000514
14.650000 0.000608 0.000522
14.660000 0.000602 0.000530
14.670000 0.000595 0.000538
14.680000 0.000589 0.000546
14.690000 0.000582 0.000554
14.700000 0.000576 0.000562
14.710000 0.000569 0.000570
14.720000 0.000562 0.000577
14.730000 0.000555 0.000585
14.740000 0.000548 0.000592
14.750000 0.000541 0.000600
14.760000 0.000534 0.000607
14.770000 0.000526 0.000614
14.780000 0.000519 0.000621
14.790000 0.000511 0.000628
14.800000 0.000503 0.000635
14.810000 0.000495 0.000642
14.820000 0.000487 0.000649
14.830000 0.000479 0.000656
14.840000 0.000471 0.000662
14.850000 0.000463 0.000669
14.860000 0.000454 0.000675
14.870000 0.000446 0.000681
14.880000 0.000437 0.000688
14.890000 0.000429 0.000694
14.900000 0.000420 0.000700
14.910000 0.000411 0.000705
14.920000 0.000402 0.000711
14.930000 0.000393 0.000717
14.940000 0.000384 0.000722
14.950000 0.000374 0.000728
14.960000 0.000365 0.000733
14.970000 0.000356 0.000738
14.980000 0.000346 0.000743
14.990000 0.000337 0.000748
15.000000 0.000327 0.000753
15.010000 0.000317 0.000757
15.020000 0.000307 0.000762
15.030000 0.000297 0.000766
15.040000 0.000287 0.000771
15.050000 0.000277 0.000775
15.060000 0.000267 0.000779
15.070000 0.000257 0.000783
15.080000 0.000247 0.000787
15.090000 0.000237 0.000790
15.100000 0.000226 0.000794
15.110000 0.000216 0.000797
15.120000 0.000205 0.000800
15.130000 0.000195 0.000803
15.140000 0.000184 0.000806
15.150000 0.000173 0.000809
15.160000 0.000163 0.000812
15.170000 0.000152 0.000814
15.180000 0.000141 0.000817
15.190000 0.000130 0.000819
15.200000 0.000119 0.000821
15.210000 0.000108 0.000823
15.220000 0.000098 0.000825
15.230000 0.000087 0.000826
15.240000 0.000075 0.000828
15.250000 0.000064 0.000829
15.260000 0.000053 0.000831
15.270000 0.000042 0.000832
15.280000 0.000031 0.000833
15.290000 0.000020 0.000833
15.300000 0.000009 0.000834
15.310000 -0.000003 0.000834
15.320000 -0.000014 0.000835
15.330000 -0.000025 0.000835
15.340000 -0.000036 0.000835
15.350000 -0.000048 0.000835
15.360000 -0.000059 0.000834
15.370000 -0.000070 0.000834
15.380000 -0.000081 0.000833
15.390000 -0.000093 0.000833
15.400000 -0.000104 0.000832
15.410000 -0.000115 0.000831
15.420000 -0.000126 0.000830
15.430000 -0.000138 0.000828
15.440000 -0.000149 0.000827
15.450000 -0.000160 0.000825
15.460000 -0.000171 0.000823
15.470000 -0.000183 0.000821
15.480000 -0.000194 0.000819
15.490000 -0.000205 0.000817
15.500000 -0.000216 0.000814
15.510000 -0.000227 0.000812
15.520000 -0.000238 0.000809
15.530000 -0.000249 0.000806
15.540000 -0.000260 0.000803
15.550000 -0.000271 0.000800
15.560000 -0.000282 0.000797
15.570000 -0.000293 0.000793
15.580000 -0.000304 0.000790
15.590000 -0.000315 0.000786
15.600000 -0.000326 0.000782
15.610000 -0.000336 0.000778
15.620000 -0.000347 0.000773
15.630000 -0.000358 0.000769
15.640000 -0.000368 0.000765
15.650000 -0.000379 0.000760
15.660000 -0.000389 0.000755
15.670000 -0.000400 0.000750
15.680000 -0.000410 0.000745
15.690000 -0.000420 0.000740
15.700000 -0.000430 0.000734
15.710000 -0.000440 0.000729
15.720000 -0.000450 0.000723
15.730000 -0.000460 0.000717
15.740000 -0.000470 0.000711
15.750000 -0.000480 0.000705
15.760000 -0.000490 0.000699
15.770000 -0.000499 0.000693
15.780000 -0.000509 0.000686
15.790000 -0.000518 0.000680
15.800000 -0.000528 0.000673
15.810000 -0.000537 0.000666
15.820000 -0.000546 0.000659
15.830000 -0.000555 0.000652
15.840000 -0.000564 0.000645
15.850000 -0.000573 0.000637
15.860000 -0.000582 0.000630
15.870000 -0.000591 0.000622
15.880000 -0.000599 0.000614
15.890000 -0.000608 0.000606
15.900000 -0.000616 0.000598
15.910000 -0.000624 0.000590
15.920000 -0.000632 0.000582
15.930000 -0.000640 0.000574
15.940000 -0.000648 0.000565
15.950000 -0.000656 0.000557
15.960000 -0.000664 0.000548
15.970000 -0.000671 0.000539
15.980000 -0.000679 0.000530
15.990000 -0.000686 0.000521
16.000000 -0.000693 0.000512
16.010000 -0.000700 0.000503
16.020000 -0.000707 0.000494
16.030000 -0.000714 0.000485
16.040000 -0.000721 0.000475
16.050000 -0.000727 0.000465
16.060000 -0.000734 0.000456
16.070000 -0.000740 0.000446
16.080000 -0.000746 0.000436
16.090000 -0.000752 0.000426
16.100000 -0.000758 0.000416
16.110000 -0.000763 0.000406
16.120000 -0.000769 0.000396
16.130000 -0.000774 0.000386
16.140000 -0.000780 0.000376
16.150000 -0.000785 0.000365
16.160000 -0.000790 0.000355
16.170000 -0.000795 0.000344
16.180000 -0.000799 0.000334
16.190000 -0.000804 0.000323
16.200000 -0.000808 0.000312
16.210000 -0.000812 0.000302
16.220000 -0.000816 0.000291
16.230000 -0.000820 0.000280
16.240000 -0.000824 0.000269
16.250000 -0.000828 0.000258
16.260000 -0.000831 0.000247
16.270000 -0.000834 0.000236
16.280000 -0.000838 0.000225
16.290000 -0.000840 0.000214
16.300000 -0.000843 0.000203
16.310000 -0.000846 0.000191
16.320000 -0.000848 0.000180
16.330000 -0.000851 0.000169
16.340000 -0.000853 0.000157
16.350000 -0.000855 0.000146
16.360000 -0.000857 0.000135
16.370000 -0.000859 0.000123
16.380000 -0.000860 0.000112
16.390000 -0.000861 0.000100
16.400000 -0.000863 0.000089
16.410000 -0.000864 0.000078
16.420000 -0.000865 0.000066
16.430000 -0.000865 0.000055
16.440000 -0.000866 0.000043
16.450000 -0.000866 0.000032
16.460000 -0.000866 0.000020
16.470000 -0.000866 0.000009
16.480000 -0.000866 -0.000003
16.490000 -0.000866 -0.000014
16.500000 -0.000866 -0.000026
16.510000 -0.000865 -0.000037
16.520000 -0.000864 -0.000049
16.530000 -0.000863 -0.000060
16.540000 -0.000862 -0.000072
16.550000 -0.000861 -0.000083
16.560000 -0.000860 -0.000094
16.570000 -0.000858 -0.000106
16.580000 -0.000856 -0.000117
16.590000 -0.000854 -0.000128
16.600000 -0.000852 -0.000140
16.610000 -0.000850 -0.000151
16.620000 -0.000848 -0.000162
16.630000 -0.000845 -0.000173
16.640000 -0.000843 -0.000185
16.650000 -0.000840 -0.000196
16.660000 -0.000837 -0.000207
16.670000 -0.000834 -0.000218
16.680000 -0.000830 -0.000229
16.690000 -0.000827 -0.000239
16.700000 -0.000823 -0.000250
16.710000 -0.000820 -0.000261
16.720000 -0.000816 -0.000272
16.730000 -0.000812 -0.000282
16.740000 -0.000807 -0.000293
16.750000 -0.000803 -0.000304
16.760000 -0.000798 -0.000314
16.770000 -0.000794 -0.000324
16.780000 -0.000789 -0.000335
16.790000 -0.000784 -0.000345
16.800000 -0.000779 -0.000355
16.810000 -0.000774 -0.000365
16.820000 -0.000768 -0.000375
16.830000 -0.000763 -0.000385
16.840000 -0.000757 -0.000395
16.850000 -0.000751 -0.000405
16.860000 -0.000745 -0.000415
16.870000 -0.000739 -0.000424
16.880000 -0.000733 -0.000434
16.890000 -0.000727 -0.000443
16.900000 -0.000720 -0.000452
16.910000 -0.000714 -0.000462
16.920000 -0.000707 -0.000471
16.930000 -0.000700 -0.000480
16.940000 -0.000693 -0.000489
16.950000 -0.000686 -0.000498
16.960000 -0.000679 -0.000506
16.970000 -0.000672 -0.000515
16.980000 -0.000664 -0.000523
16.990000 -0.000657 -0.000532
17.000000 -0.000649 -0.000540
17.010000 -0.000641 -0.000548
17.020000 -0.000633 -0.000556
17.030000 -0.000625 -0.000564
17.040000 -0.000617 -0.000572
17.050000 -0.000609 -0.000580
17.060000 -0.000601 -0.000587
17.070000 -0.000592 -0.000595
17.080000 -0.000584 -0.000602
17.090000 -0.000575 -0.000609
17.100000 -0.000566 -0.000616
17.110000 -0.000558 -0.000623
17.120000 -0.000549 -0.000630
17.130000 -0.000540 -0.000637
17.140000 -0.000531 -0.000643
17.150000 -0.000522 -0.000650
17.160000 -0.000512 -0.000656
17.170000 -0.000503 -0.000662
17.180000 -0.000494 -0.000668
17.190000 -0.000484 -0.000674
17.200000 -0.000475 -0.000680
17.210000 -0.000465 -0.000685
17.220000 -0.000455 -0.000691
17.230000 -0.000445 -0.000696
17.240000 -0.000436 -0.000701
17.250000 -0.000426 -0.000706
17.260000 -0.000416 -0.000711
17.270000 -0.000406 -0.000716
17.280000 -0.000396 -0.000721
17.290000 -0.000386 -0.000725
17.300000 -0.000375 -0.000729
17.310000 -0.000365 -0.000734
17.320000 -0.000355 -0.000738
17.330000 -0.000344 -0.000742
17.340000 -0.000334 -0.000745
17.350000 -0.000324 -0.000749
17.360000 -0.000313 -0.000752
17.370000 -0.000303 -0.000756
17.380000 -0.000292 -0.000759
17.390000 -0.000282 -0.000762
17.400000 -0.000271 -0.000764
17.410000 -0.000260 -0.000767
17.420000 -0.000250 -0.000770
17.430000 -0.000239 -0.000772
17.440000 -0.000228 -0.000774
17.450000 -0.000218 -0.000776
17.460000 -0.000207 -0.000778
17.470000 -0.000196 -0.000780
17.480000 -0.000185 -0.000782
17.490000 -0.000175 -0.000783
17.500000 -0.000164 -0.000784
17.510000 -0.000153 -0.000786
17.520000 -0.000142 -0.000787
17.530000 -0.000131 -0.000788
17.540000 -0.000121 -0.000788
17.550000 -0.000110 -0.000789
17.560000 -0.000099 -0.000789
17.570000 -0.000088 -0.000789
17.580000 -0.000077 -0.000790
17.590000 -0.000067 -0.000790
17.600000 -0.000056 -0.000789
17.610000 -0.000045 -0.000789
17.620000 -0.000034 -0.000788
17.630000 -0.000024 -0.000788
17.640000 -0.000013 -0.000787
17.650000 -0.000002 -0.000786
17.660000 0.000008 -0.000785
17.670000 0.000019 -0.000784
17.680000 0.000029 -0.000782
17.690000 0.000040 -0.000781
17.700000 0.000050 -0.000779
17.710000 0.000061 -0.000777
17.720000 0.000071 -0.000775
17.730000 0.000082 -0.000773
17.740000 0.000092 -0.000771
17.750000 0.000102 -0.000769
17.760000 0.000113 -0.000766
17.770000 0.000123 -0.000764
17.780000 0.000133 -0.000761
17.790000 0.000143 -0.000758
17.800000 0.000153 -0.000755
17.810000 0.000163 -0.000752
17.820000 0.000173 -0.000748
17.830000 0.000183 -0.000745
17.840000 0.000193 -0.000741
17.850000 0.000202 -0.000737
17.860000 0.000212 -0.000734
17.870000 0.000222 -0.000730
17.880000 0.000231 -0.000725
17.890000 0.000241 -0.000721
17.900000 0.000250 -0.000717
17.910000 0.000259 -0.000712
17.920000 0.000269 -0.000708
17.930000 0.000278 -0.000703
17.940000 0.000287 -0.000698
17.950000 0.000296 -0.000693
17.960000 0.000305 -0.000688
17.970000 0.000313 -0.000683
17.980000 0.000322 -0.000678
17.990000 0.000331 -0.000672
18.000000 0.000339 -0.000667
18.010000 0.000348 -0.000661
18.020000 0.000356 -0.000655
18.030000 0.000364 -0.000649
18.040000 0.000373 -0.000643
18.050000 0.000381 -0.000637
18.060000 0.000389 -0.000631
18.070000 0.000397 -0.000625
18.080000 0.000404 -0.000618
18.090000 0.000412 -0.000612
18.100000 0.000420 -0.000605
18.110000 0.000427 -0.000599
18.120000 0.000434 -0.000592
18.130000 0.000442 -0.000585
18.140000 0.000449 -0.000578
18.150000 0.000456 -0.000571
18.160000 0.000463 -0.000564
18.170000 0.000470 -0.000557
18.180000 0.000476 -0.000549
18.190000 0.000483 -0.000542
18.200000 0.000489 -0.000535
18.210000 0.000496 -0.000527
18.220000 0.000502 -0.000520
18.230000 0.000508 -0.000512
18.240000 0.000514 -0.000504
18.250000 0.000520 -0.000496
18.260000 0.000526 -0.000489
18.270000 0.000531 -0.000481
18.280000 0.000537 -0.000473
18.290000 0.000542 -0.000465
18.300000 0.000548 -0.000456
18.310000 0.000553 -0.000448
18.320000 0.000558 -0.000440
18.330000 0.000563 -0.000432
18.340000 0.000567 -0.000423
18.350000 0.000572 -0.000415
18.360000 0.000577 -0.000407
18.370000 0.000581 -0.000398
18.380000 0.000585 -0.000390
18.390000 0.000589 -0.000381
18.400000 0.000593 -0.000372
18.410000 0.000597 -0.000364
18.420000 0.000601 -0.000355
18.430000 0.000605 -0.000346
18.440000 0.000608 -0.000338
18.450000 0.000612 -0.000329
18.460000 0.000615 -0.000320
18.470000 0.000618 -0.000311
18.480000 0.000621 -0.000302
18.490000 0.000624 -0.000293
18.500000 0.000627 -0.000285
18.510000 0.000629 -0.000276
18.520000 0.000632 -0.000267
18.530000 0.000634 -0.000258
18.540000 0.000636 -0.000249
18.550000 0.000638 -0.000240
18.560000 0.000640 -0.000231
18.570000 0.000642 -0.000222
18.580000 0.000644 -0.000213
18.590000 0.000645 -0.000204
18.600000 0.000647 -0.000195
18.610000 0.000648 -0.000186
18.620000 0.000649 -0.000177
18.630000 0.000650 -0.000168
18.640000 0.000651 -0.000159
18.650000 0.000652 -0.000150
18.660000 0.000652 -0.000141
18.670000 0.000653 -0.000132
18.680000 0.000653 -0.000123
18.690000 0.000654 -0.000114
18.700000 0.000654 -0.000105
18.710000 0.000654 -0.000096
18.720000 0.000654 -0.000087
18.730000 0.000653 -0.000078
18.740000 0.000653 -0.000069
18.750000 0.000653 -0.000061
18.760000 0.000652 -0.000052
18.770000 0.000651 -0.000043
18.780000 0.000650 -0.000034
18.790000 0.000649 -0.000025
18.800000 0.000648 -0.000017
18.810000 0.000647 -0.000008
18.820000 0.000646 0.000000
18.830000 0.000644 0.000009
18.840000 0.000643 0.000018
18.850000 0.000641 0.000026
18.860000 0.000639 0.000034
18.870000 0.000638 0.000043
18.880000 0.000636 0.000051
18.890000 0.000633 0.000060
18.900000 0.000631 0.000068
18.910000 0.000629 0.000076
18.920000 0.000626 0.000084
18.930000 0.000624 0.000092
18.940000 0.000621 0.000100
18.950000 0.000618 0.000108
18.960000 0.000615 0.000116
18.970000 0.000612 0.000124
18.980000 0.000609 0.000132
18.990000 0.000606 0.000140
19.000000 0.000603 0.000147
19.010000 0.000600 0.000155
19.020000 0.000596 0.000162
19.030000 0.000592 0.000170
19.040000 0.000589 0.000177
19.050000 0.000585 0.000185
19.060000 0.000581 0.000192
19.070000 0.000577 0.000199
19.080000 0.000573 0.000206
19.090000 0.000569 0.000213
19.100000 0.000565 0.000220
19.110000 0.000560 0.000227
19.120000 0.000556 0.000234
19.130000 0.000552 0.000241
19.140000 0.000547 0.000248
19.150000 0.000542 0.000254
19.160000 0.000538 0.000261
19.170000 0.000533 0.000267
19.180000 0.000528 0.000273
19.190000 0.000523 0.000280
19.200000 0.000518 0.000286
19.210000 0.000513 0.000292
19.220000 0.000508 0.000298
19.230000 0.000502 0.000304
19.240000 0.000497 0.000310
19.250000 0.000492 0.000315
19.260000 0.000486 0.000321
19.270000 0.000481 0.000327
19.280000 0.000475 0.000332
19.290000 0.000469 0.000337
19.300000 0.000464 0.000343
19.310000 0.000458 0.000348
19.320000 0.000452 0.000353
19.330000 0.000446 0.000358
19.340000 0.000440 0.000363
19.350000 0.000434 0.000368
19.360000 0.000428 0.000372
19.370000 0.000422 0.000377
19.380000 0.000416 0.000382
19.390000 0.000410 0.000386
19.400000 0.000404 0.000390
19.410000 0.000397 0.000395
19.420000 0.000391 0.000399
19.430000 0.000385 0.000403
19.440000 0.000378 0.000407
19.450000 0.000372 0.000411
19.460000 0.000366 0.000414
19.470000 0.000359 0.000418
19.480000 0.000353 0.000421
19.490000 0.000346 0.000425
19.500000 0.000339 0.000428
19.510000 0.000333 0.000431
19.520000 0.000326 0.000435
19.530000 0.000319 0.000438
19.540000 0.000313 0.000441
19.550000 0.000306 0.000443
19.560000 0.000299 0.000446
19.570000 0.000293 0.000449
19.580000 0.000286 0.000451
19.590000 0.000279 0.000454
19.600000 0.000272 0.000456
19.610000 0.000265 0.000458
19.620000 0.000259 0.000460
19.630000 0.000252 0.000462
19.640000 0.000245 0.000464
19.650000 0.000238 0.000466
19.660000 0.000231 0.000468
19.670000 0.000224 0.000470
19.680000 0.000218 0.000471
19.690000 0.000211 0.000473
19.700000 0.000204 0.000474
19.710000 0.000197 0.000475
19.720000 0.000190 0.000476
19.730000 0.000183 0.000477
19.740000 0.000176 0.000478
19.750000 0.000170 0.000479
19.760000 0.000163 0.000480
19.770000 0.000156 0.000481
19.780000 0.000149 0.000481
19.790000 0.000142 0.000482
19.800000 0.000135 0.000482
19.810000 0.000129 0.000482
19.820000 0.000122 0.000482
19.830000 0.000115 0.000482
19.840000 0.000109 0.000482
19.850000 0.000102 0.000482
19.860000 0.000095 0.000482
19.870000 0.000088 0.000482
19.880000 0.000082 0.000482
19.890000 0.000075 0.000481
19.900000 0.000069 0.000481
19.910000 0.000062 0.000480
19.920000 0.000056 0.000479
19.930000 0.000049 0.000478
19.940000 0.000043 0.000477
19.950000 0.000036 0.000476
19.960000 0.000030 0.000475
19.970000 0.000024 0.000474
19.980000 0.000017 0.000473
19.990000 0.000011 0.000472
20.000000 0.000005 0.000470
20.010000 -0.000002 0.000469
20.020000 -0.000008 0.000467
20.030000 -0.000014 0.000466
20.040000 -0.000020 0.000464
20.050000 -0.000026 0.000462
20.060000 -0.000032 0.000460
20.070000 -0.000038 0.000458
20.080000 -0.000044 0.000456
20.090000 -0.000050 0.000454
20.100000 -0.000055 0.000452
20.110000 -0.000061 0.000450
20.120000 -0.000067 0.000447
20.130000 -0.000073 0.000445
20.140000 -0.000078 0.000443
20.150000 -0.000084 0.000440
20.160000 -0.000089 0.000437
20.170000 -0.000095 0.000435
20.180000 -0.000100 0.000432
20.190000 -0.000105 0.000429
20.200000 -0.000111 0.000426
20.210000 -0.000116 0.000424
20.220000 -0.000121 0.000421
20.230000 -0.000126 0.000417
20.240000 -0.000131 0.000414
20.250000 -0.000136 0.000411
20.260000 -0.000141 0.000408
20.270000 -0.000146 0.000405
20.280000 -0.000151 0.000401
20.290000 -0.000156 0.000398
20.300000 -0.000160 0.000395
20.310000 -0.000165 0.000391
20.320000 -0.000170 0.000388
20.330000 -0.000174 0.000384
20.340000 -0.000179 0.000380
20.350000 -0.000183 0.000377
20.360000 -0.000187 0.000373
20.370000 -0.000191 0.000369
20.380000 -0.000196 0.000365
20.390000 -0.000200 0.000361
20.400000 -0.000204 0.000358
20.410000 -0.000208 0.000354
20.420000 -0.000212 0.000350
20.430000 -0.000215 0.000346
20.440000 -0.000219 0.000342
20.450000 -0.000223 0.000337
20.460000 -0.000227 0.000333
20.470000 -0.000230 0.000329
20.480000 -0.000234 0.000325
20.490000 -0.000237 0.000321
20.500000 -0.000240 0.000316
20.510000 -0.000244 0.000312
20.520000 -0.000247 0.000308
20.530000 -0.000250 0.000303
20.540000 -0.000253 0.000299
20.550000 -0.000256 0.000295
20.560000 -0.000259 0.000290
20.570000 -0.000262 0.000286
20.580000 -0.000265 0.000281
20.590000 -0.000267 0.000277
20.600000 -0.000270 0.000272
20.610000 -0.000273 0.000268
20.620000 -0.000275 0.000263
20.630000 -0.000277 0.000259
20.640000 -0.000280 0.000254
20.650000 -0.000282 0.000249
20.660000 -0.000284 0.000245
20.670000 -0.000286 0.000240
20.680000 -0.000289 0.000235
20.690000 -0.000291 0.000231
20.700000 -0.000292 0.000226
20.710000 -0.000294 0.000221
20.720000 -0.000296 0.000217
20.730000 -0.000298 0.000212
20.740000 -0.000299 0.000207
20.750000 -0.000301 0.000203
20.760000 -0.000303 0.000198
20.770000 -0.000304 0.000193
20.780000 -0.000305 0.000189
20.790000 -0.000307 0.000184
20.800000 -0.000308 0.000179
20.810000 -0.000309 0.000174
20.820000 -0.000310 0.000170
20.830000 -0.000311 0.000165
20.840000 -0.000312 0.000160
20.850000 -0.000313 0.000156
20.860000 -0.000314 0.000151
20.870000 -0.000315 0.000146
20.880000 -0.000315 0.000142
20.890000 -0.000316 0.000137
20.900000 -0.000316 0.000132
20.910000 -0.000317 0.000128
20.920000 -0.000317 0.000123
20.930000 -0.000318 0.000118
20.940000 -0.000318 0.000114
20.950000 -0.000318 0.000109
20.960000 -0.000318 0.000105
20.970000 -0.000319 0.000100
20.980000 -0.000319 0.000096
20.990000 -0.000319 0.000091
21.000000 -0.000318 0.000087
21.010000 -0.000318 0.000082
21.020000 -0.000318 0.000078
21.030000 -0.000318 0.000073
21.040000 -0.000318 0.000069
21.050000 -0.000317 0.000064
21.060000 -0.000317 0.000060
21.070000 -0.000316 0.000056
21.080000 -0.000316 0.000051
21.090000 -0.000315 0.000047
21.100000 -0.000314 0.000043
21.110000 -0.000314 0.000038
21.120000 -0.000313 0.000034
21.130000 -0.000312 0.000030
21.140000 -0.000311 0.000026
21.150000 -0.000310 0.000022
21.160000 -0.000309 0.000017
21.170000 -0.000308 0.000013
21.180000 -0.000307 0.000009
21.190000 -0.000306 0.000005
21.200000 -0.000305 0.000001
21.210000 -0.000304 -0.000003
21.220000 -0.000302 -0.000007
21.230000 -0.000301 -0.000010
21.240000 -0.000299 -0.000014
21.250000 -0.000298 -0.000018
21.260000 -0.000297 -0.000022
21.270000 -0.000295 -0.000026
21.280000 -0.000293 -0.000029
21.290000 -0.000292 -0.000033
21.300000 -0.000290 -0.000037
21.310000 -0.000289 -0.000040
21.320000 -0.000287 -0.000044
21.330000 -0.000285 -0.000047
21.340000 -0.000283 -0.000051
21.350000 -0.000281 -0.000054
21.360000 -0.000279 -0.000058
21.370000 -0.000277 -0.000061
21.380000 -0.000275 -0.000064
21.390000 -0.000273 -0.000068
21.400000 -0.000271 -0.000071
21.410000 -0.000269 -0.000074
21.420000 -0.000267 -0.000077
21.430000 -0.000265 -0.000080
21.440000 -0.000263 -0.000084
21.450000 -0.000261 -0.000087
21.460000 -0.000258 -0.000090
21.470000 -0.000256 -0.000093
21.480000 -0.000254 -0.000095
21.490000 -0.000251 -0.000098
21.500000 -0.000249 -0.000101
21.510000 -0.000247 -0.000104
21.520000 -0.000244 -0.000107
21.530000 -0.000242 -0.000109
21.540000 -0.000239 -0.000112
21.550000 -0.000237 -0.000115
21.560000 -0.000234 -0.000117
21.570000 -0.000232 -0.000120
21.580000 -0.000229 -0.000122
21.590000 -0.000227 -0.000124
21.600000 -0.000224 -0.000127
21.610000 -0.000221 -0.000129
21.620000 -0.000219 -0.000131
21.630000 -0.000216 -0.000134
21.640000 -0.000213 -0.000136
21.650000 -0.000211 -0.000138
21.660000 -0.000208 -0.000140
21.670000 -0.000205 -0.000142
21.680000 -0.000202 -0.000144
21.690000 -0.000200 -0.000146
21.700000 -0.000197 -0.000148
21.710000 -0.000194 -0.000150
21.720000 -0.000191 -0.000152
21.730000 -0.000188 -0.000153
21.740000 -0.000186 -0.000155
21.750000 -0.000183 -0.000157
21.760000 -0.000180 -0.000159
21.770000 -0.000177 -0.000160
21.780000 -0.000174 -0.000162
21.790000 -0.000171 -0.000163
21.800000 -0.000168 -0.000165
21.810000 -0.000165 -0.000166
21.820000 -0.000162 -0.000167
21.830000 -0.000160 -0.000169
21.840000 -0.000157 -0.000170
21.850000 -0.000154 -0.000171
21.860000 -0.000151 -0.000172
21.870000 -0.000148 -0.000173
21.880000 -0.000145 -0.000175
21.890000 -0.000142 -0.000176
21.900000 -0.000139 -0.000177
21.910000 -0.000136 -0.000178
21.920000 -0.000133 -0.000178
21.930000 -0.000130 -0.000179
21.940000 -0.000127 -0.000180
21.950000 -0.000124 -0.000181
21.960000 -0.000122 -0.000182
21.970000 -0.000119 -0.000182
21.980000 -0.000116 -0.000183
21.990000 -0.000113 -0.000184
22.000000 -0.000110 -0.000184
22.010000 -0.000107 -0.000185
22.020000 -0.000104 -0.000185
22.030000 -0.000101 -0.000186
22.040000 -0.000098 -0.000186
22.050000 -0.000095 -0.000187
22.060000 -0.000093 -0.000187
22.070000 -0.000090 -0.000187
22.080000 -0.000087 -0.000187
22.090000 -0.000084 -0.000188
22.100000 -0.000081 -0.000188
22.110000 -0.000078 -0.000188
22.120000 -0.000076 -0.000188
22.130000 -0.000073 -0.000188
22.140000 -0.000070 -0.000188
22.150000 -0.000067 -0.000188
22.160000 -0.000065 -0.000188
22.170000 -0.000062 -0.000188
22.180000 -0.000059 -0.000188
22.190000 -0.000056 -0.000188
22.200000 -0.000054 -0.000187
22.210000 -0.000051 -0.000187
22.220000 -0.000048 -0.000187
22.230000 -0.000046 -0.000187
22.240000 -0.000043 -0.000186
22.250000 -0.000041 -0.000186
22.260000 -0.000038 -0.000186
22.270000 -0.000035 -0.000185
22.280000 -0.000033 -0.000185
22.290000 -0.000030 -0.000184
22.300000 -0.000028 -0.000184
22.310000 -0.000025 -0.000183
22.320000 -0.000023 -0.000182
22.330000 -0.000020 -0.000182
22.340000 -0.000018 -0.000181
22.350000 -0.000015 -0.000180
22.360000 -0.000013 -0.000180
22.370000 -0.000011 -0.000179
22.380000 -0.000008 -0.000178
22.390000 -0.000006 -0.000177
22.400000 -0.000004 -0.000177
22.410000 -0.000001 -0.000176
22.420000 0.000001 -0.000175
22.430000 0.000003 -0.000174
22.440000 0.000005 -0.000173
22.450000 0.000008 -0.000172
22.460000 0.000010 -0.000171
22.470000 0.000012 -0.000170
22.480000 0.000014 -0.000169
22.490000 0.000016 -0.000168
22.500000 0.000018 -0.000167
22.510000 0.000020 -0.000166
22.520000 0.000022 -0.000165
22.530000 0.000024 -0.000164
22.540000 0.000026 -0.000162
22.550000 0.000028 -0.000161
22.560000 0.000030 -0.000160
22.570000 0.000032 -0.000159
22.580000 0.000034 -0.000158
22.590000 0.000036 -0.000156
22.600000 0.000038 -0.000155
22.610000 0.000039 -0.000154
22.620000 0.000041 -0.000153
22.630000 0.000043 -0.000151
22.640000 0.000045 -0.000150
22.650000 0.000046 -0.000148
22.660000 0.000048 -0.000147
22.670000 0.000050 -0.000146
22.680000 0.000051 -0.000144
22.690000 0.000053 -0.000143
22.700000 0.000054 -0.000141
22.710000 0.000056 -0.000140
22.720000 0.000057 -0.000139
22.730000 0.000059 -0.000137
22.740000 0.000060 -0.000136
22.750000 0.000062 -0.000134
22.760000 0.000063 -0.000133
22.770000 0.000065 -0.000131
22.780000 0.000066 -0.000130
22.790000 0.000067 -0.000128
22.800000 0.000068 -0.000127
22.810000 0.000070 -0.000125
22.820000 0.000071 -0.000123
22.830000 0.000072 -0.000122
22.840000 0.000073 -0.000120
22.850000 0.000074 -0.000119
22.860000 0.000076 -0.000117
22.870000 0.000077 -0.000115
22.880000 0.000078 -0.000114
22.890000 0.000079 -0.000112
22.900000 0.000080 -0.000111
22.910000 0.000081 -0.000109
22.920000 0.000082 -0.000107
22.930000 0.000083 -0.000106
22.940000 0.000084 -0.000104
22.950000 0.000084 -0.000102
22.960000 0.000085 -0.000101
22.970000 0.000086 -0.000099
22.980000 0.000087 -0.000098
22.990000 0.000088 -0.000096
23.000000 0.000089 -0.000094
23.010000 0.000089 -0.000093
23.020000 0.000090 -0.000091
23.030000 0.000091 -0.000089
23.040000 0.000091 -0.000088
23.050000 0.000092 -0.000086
23.060000 0.000092 -0.000084
23.070000 0.000093 -0.000083
23.080000 0.000094 -0.000081
23.090000 0.000094 -0.000079
23.100000 0.000095 -0.000078
23.110000 0.000095 -0.000076
23.120000 0.000096 -0.000074
23.130000 0.000096 -0.000073
23.140000 0.000096 -0.000071
23.150000 0.000097 -0.000070
23.160000 0.000097 -0.000068
23.170000 0.000097 -0.000066
23.180000 0.000098 -0.000065
23.190000 0.000098 -0.000063
23.200000 0.000098 -0.000062
23.210000 0.000099 -0.000060
23.220000 0.000099 -0.000058
23.230000 0.000099 -0.000057
23.240000 0.000099 -0.000055
23.250000 0.000099 -0.000054
23.260000 0.000099 -0.000052
23.270000 0.000099 -0.000050
23.280000 0.000100 -0.000049
23.290000 0.000100 -0.000047
23.300000 0.000100 -0.000046
23.310000 0.000100 -0.000044
23.320000 0.000100 -0.000043
23.330000 0.000100 -0.000041
23.340000 0.000100 -0.000040
23.350000 0.000100 -0.000038
23.360000 0.000100 -0.000037
23.370000 0.000099 -0.000035
23.380000 0.000099 -0.000034
23.390000 0.000099 -0.000032
23.400000 0.000099 -0.000031
23.410000 0.000099 -0.000029
23.420000 0.000099 -0.000028
23.430000 0.000098 -0.000027
23.440000 0.000098 -0.000025
23.450000 0.000098 -0.000024
23.460000 0.000098 -0.000022
23.470000 0.000097 -0.000021
23.480000 0.000097 -0.000020
23.490000 0.000097 -0.000018
23.500000 0.000097 -0.000017
23.510000 0.000096 -0.000016
23.520000 0.000096 -0.000014
23.530000 0.000095 -0.000013
23.540000 0.000095 -0.000012
23.550000 0.000095 -0.000010
23.560000 0.000094 -0.000009
23.570000 0.000094 -0.000008
23.580000 0.000093 -0.000007
23.590000 0.000093 -0.000005
23.600000 0.000092 -0.000004
23.610000 0.000092 -0.000003
23.620000 0.000091 -0.000002
23.630000 0.000091 -0.000001
23.640000 0.000090 0.000001
23.650000 0.000090 0.000002
23.660000 0.000089 0.000003
23.670000 0.000089 0.000004
23.680000 0.000088 0.000005
23.690000 0.000088 0.000006
23.700000 0.000087 0.000007
23.710000 0.000086 0.000008
23.720000 0.000086 0.000009
23.730000 0.000085 0.000010
23.740000 0.000085 0.000011
23.750000 0.000084 0.000012
23.760000 0.000083 0.000013
23.770000 0.000083 0.000014
23.780000 0.000082 0.000015
23.790000 0.000081 0.000016
23.800000 0.000081 0.000017
23.810000 0.000080 0.000018
23.820000 0.000079 0.000019
23.830000 0.000078 0.000020
23.840000 0.000078 0.000021
23.850000 0.000077 0.000022
23.860000 0.000076 0.000023
23.870000 0.000075 0.000023
23.880000 0.000075 0.000024
23.890000 0.000074 0.000025
23.900000 0.000073 0.000026
23.910000 0.000072 0.000027
23.920000 0.000072 0.000027
23.930000 0.000071 0.000028
23.940000 0.000070 0.000029
23.950000 0.000069 0.000030
23.960000 0.000069 0.000030
23.970000 0.000068 0.000031
23.980000 0.000067 0.000032
23.990000 0.000066 0.000032
24.000000 0.000065 0.000033
24.010000 0.000065 0.000034
24.020000 0.000064 0.000034
24.030000 0.000063 0.000035
24.040000 0.000062 0.000035
24.050000 0.000061 0.000036
24.060000 0.000060 0.000036
24.070000 0.000060 0.000037
24.080000 0.000059 0.000038
24.090000 0.000058 0.000038
24.100000 0.000057 0.000039
24.110000 0.000056 0.000039
24.120000 0.000055 0.000039
24.130000 0.000055 0.000040
24.140000 0.000054 0.000040
24.150000 0.000053 0.000041
24.160000 0.000052 0.000041
24.170000 0.000051 0.000042
24.180000 0.000050 0.000042
24.190000 0.000049 0.000042
24.200000 0.000049 0.000043
24.210000 0.000048 0.000043
24.220000 0.000047 0.000043
24.230000 0.000046 0.000044
24.240000 0.000045 0.000044
24.250000 0.000044 0.000044
24.260000 0.000044 0.000045
24.270000 0.000043 0.000045
24.280000 0.000042 0.000045
24.290000 0.000041 0.000045
24.300000 0.000040 0.000046
24.310000 0.000039 0.000046
24.320000 0.000039 0.000046
24.330000 0.000038 0.000046
24.340000 0.000037 0.000047
24.350000 0.000036 0.000047
24.360000 0.000035 0.000047
24.370000 0.000034 0.000047
24.380000 0.000034 0.000047
24.390000 0.000033 0.000047
24.400000 0.000032 0.000047
24.410000 0.000031 0.000048
24.420000 0.000030 0.000048
24.430000 0.000030 0.000048
24.440000 0.000029 0.000048
24.450000 0.000028 0.000048
24.460000 0.000027 0.000048
24.470000 0.000026 0.000048
24.480000 0.000026 0.000048
24.490000 0.000025 0.000048
24.500000 0.000024 0.000048
24.510000 0.000023 0.000048
24.520000 0.000023 0.000048
24.530000 0.000022 0.000048
24.540000 0.000021 0.000048
24.550000 0.000020 0.000048
24.560000 0.000020 0.000048
24.570000 0.000019 0.000048
24.580000 0.000018 0.000048
24.590000 0.000017 0.000048
24.600000 0.000017 0.000048
24.610000 0.000016 0.000047
24.620000 0.000015 0.000047
24.630000 0.000015 0.000047
24.640000 0.000014 0.000047
24.650000 0.000013 0.000047
24.660000 0.000013 0.000047
24.670000 0.000012 0.000047
24.680000 0.000011 0.000047
24.690000 0.000011 0.000046
24.700000 0.000010 0.000046
24.710000 0.000009 0.000046
24.720000 0.000009 0.000046
24.730000 0.000008 0.000046
24.740000 0.000007 0.000045
24.750000 0.000007 0.000045
24.760000 0.000006 0.000045
24.770000 0.000006 0.000045
24.780000 0.000005 0.000045
24.790000 0.000004 0.000044
24.800000 0.000004 0.000044
24.810000 0.000003 0.000044
24.820000 0.000003 0.000044
24.830000 0.000002 0.000043
24.840000 0.000001 0.000043
24.850000 0.000001 0.000043
24.860000 0.000000 0.000043
24.870000 -0.000000 0.000042
24.880000 -0.000001 0.000042
24.890000 -0.000001 0.000042
24.900000 -0.000002 0.000041
24.910000 -0.000002 0.000041
24.920000 -0.000003 0.000041
24.930000 -0.000003 0.000041
24.940000 -0.000004 0.000040
24.950000 -0.000004 0.000040
24.960000 -0.000005 0.000040
24.970000 -0.000005 0.000039
24.980000 -0.000006 0.000039
24.990000 -0.000006 0.000039
25.000000 -0.000007 0.000038
25.010000 -0.000007 0.000038
25.020000 -0.000007 0.000038
25.030000 -0.000008 0.000037
25.040000 -0.000008 0.000037
25.050000 -0.000009 0.000037
25.060000 -0.000009 0.000036
25.070000 -0.000009 0.000036
25.080000 -0.000010 0.000036
25.090000 -0.000010 0.000035
25.100000 -0.000011 0.000035
25.110000 -0.000011 0.000034
25.120000 -0.000011 0.000034
25.130000 -0.000012 0.000034
25.140000 -0.000012 0.000033
25.150000 -0.000012 0.000033
25.160000 -0.000013 0.000033
25.170000 -0.000013 0.000032
25.180000 -0.000013 0.000032
25.190000 -0.000014 0.000031
25.200000 -0.000014 0.000031
25.210000 -0.000014 0.000031
25.220000 -0.000015 0.000030
25.230000 -0.000015 0.000030
25.240000 -0.000015 0.000029
25.250000 -0.000015 0.000029
25.260000 -0.000016 0.000029
25.270000 -0.000016 0.000028
25.280000 -0.000016 0.000028
25.290000 -0.000016 0.000028
25.300000 -0.000017 0.000027
25.310000 -0.000017 0.000027
25.320000 -0.000017 0.000026
25.330000 -0.000017 0.000026
25.340000 -0.000018 0.000026
25.350000 -0.000018 0.000025
25.360000 -0.000018 0.000025
25.370000 -0.000018 0.000024
25.380000 -0.000018 0.000024
25.390000 -0.000018 0.000024
25.400000 -0.000019 0.000023
25.410000 -0.000019 0.000023
25.420000 -0.000019 0.000022
25.430000 -0.000019 0.000022
25.440000 -0.000019 0.000022
25.450000 -0.000019 0.000021
25.460000 -0.000020 0.000021
25.470000 -0.000020 0.000020
25.480000 -0.000020 0.000020
25.490000 -0.000020 0.000020
25.500000 -0.000020 0.000019
25.510000 -0.000020 0.000019
25.520000 -0.000020 0.000019
25.530000 -0.000020 0.000018
25.540000 -0.000020 0.000018
25.550000 -0.000020 0.000017
25.560000 -0.000021 0.000017
25.570000 -0.000021 0.000017
25.580000 -0.000021 0.000016
25.590000 -0.000021 0.000016
25.600000 -0.000021 0.000016
25.610000 -0.000021 0.000015
25.620000 -0.000021 0.000015
25.630000 -0.000021 0.000014
25.640000 -0.000021 0.000014
25.650000 -0.000021 0.000014
25.660000 -0.000021 0.000013
25.670000 -0.000021 0.000013
25.680000 -0.000021 0.000013
25.690000 -0.000021 0.000012
25.700000 -0.000021 0.000012
25.710000 -0.000021 0.000012
25.720000 -0.000021 0.000011
25.730000 -0.000021 0.000011
25.740000 -0.000021 0.000011
25.750000 -0.000021 0.000010
25.760000 -0.000021 0.000010
25.770000 -0.000021 0.000010
25.780000 -0.000021 0.000009
25.790000 -0.000021 0.000009
25.800000 -0.000021 0.000009
25.810000 -0.000021 0.000008
25.820000 -0.000021 0.000008
25.830000 -0.000021 0.000008
25.840000 -0.000021 0.000007
25.850000 -0.000021 0.000007
25.860000 -0.000021 0.000007
25.870000 -0.000021 0.000006
25.880000 -0.000021 0.000006
25.890000 -0.000020 0.000006
25.900000 -0.000020 0.000005
25.910000 -0.000020 0.000005
25.920000 -0.000020 0.000005
25.930000 -0.000020 0.000005
25.940000 -0.000020 0.000004
25.950000 -0.000020 0.000004
25.960000 -0.000020 0.000004
25.970000 -0.000020 0.000003
25.980000 -0.000020 0.000003
25.990000 -0.000020 0.000003
26.000000 -0.000019 0.000003
26.010000 -0.000019 0.000002
26.020000 -0.000019 0.000002
26.030000 -0.000019 0.000002
26.040000 -0.000019 0.000002
26.050000 -0.000019 0.000001
26.060000 -0.000019 0.000001
26.070000 -0.000019 0.000001
26.080000 -0.000019 0.000001
26.090000 -0.000018 0.000000
26.100000 -0.000018 0.000000
26.110000 -0.000018 -0.000000
26.120000 -0.000018 -0.000000
26.130000 -0.000018 -0.000000
26.140000 -0.000018 -0.000001
26.150000 -0.000018 -0.000001
26.160000 -0.000018 -0.000001
26.170000 -0.000017 -0.000001
26.180000 -0.000017 -0.000002
26.190000 -0.000017 -0.000002
26.200000 -0.000017 -0.000002
26.210000 -0.000017 -0.000002
26.220000 -0.000017 -0.000002
26.230000 -0.000017 -0.000003
26.240000 -0.000016 -0.000003
26.250000 -0.000016 -0.000003
26.260000 -0.000016 -0.000003
26.270000 -0.000016 -0.000003
26.280000 -0.000016 -0.000003
26.290000 -0.000016 -0.000004
26.300000 -0.000015 -0.000004
26.310000 -0.000015 -0.000004
26.320000 -0.000015 -0.000004
26.330000 -0.000015 -0.000004
26.340000 -0.000015 -0.000004
26.350000 -0.000015 -0.000005
26.360000 -0.000014 -0.000005
26.370000 -0.000014 -0.000005
26.380000 -0.000014 -0.000005
26.390000 -0.000014 -0.000005
26.400000 -0.000014 -0.000005
26.410000 -0.000014 -0.000005
26.420000 -0.000013 -0.000006
26.430000 -0.000013 -0.000006
26.440000 -0.000013 -0.000006
26.450000 -0.000013 -0.000006
26.460000 -0.000013 -0.000006
26.470000 -0.000013 -0.000006
26.480000 -0.000012 -0.000006
26.490000 -0.000012 -0.000006
26.500000 -0.000012 -0.000007
26.510000 -0.000012 -0.000007
26.520000 -0.000012 -0.000007
26.530000 -0.000012 -0.000007
26.540000 -0.000011 -0.000007
26.550000 -0.000011 -0.000007
26.560000 -0.000011 -0.000007
26.570000 -0.000011 -0.000007
26.580000 -0.000011 -0.000007
26.590000 -0.000011 -0.000007
26.600000 -0.000010 -0.000007
26.610000 -0.000010 -0.000007
26.620000 -0.000010 -0.000008
26.630000 -0.000010 -0.000008
26.640000 -0.000010 -0.000008
26.650000 -0.000010 -0.000008
26.660000 -0.000009 -0.000008
26.670000 -0.000009 -0.000008
26.680000 -0.000009 -0.000008
26.690000 -0.000009 -0.000008
26.700000 -0.000009 -0.000008
26.710000 -0.000009 -0.000008
26.720000 -0.000008 -0.000008
26.730000 -0.000008 -0.000008
26.740000 -0.000008 -0.000008
26.750000 -0.000008 -0.000008
26.760000 -0.000008 -0.000008
26.770000 -0.000008 -0.000008
26.780000 -0.000008 -0.000008
26.790000 -0.000007 -0.000008
26.800000 -0.000007 -0.000008
26.810000 -0.000007 -0.000008
26.820000 -0.000007 -0.000009
26.830000 -0.000007 -0.000009
26.840000 -0.000007 -0.000009
26.850000 -0.000006 -0.000009
26.860000 -0.000006 -0.000009
26.870000 -0.000006 -0.000009
26.880000 -0.000006 -0.000009
26.890000 -0.000006 -0.000009
26.900000 -0.000006 -0.000009
26.910000 -0.000006 -0.000009
26.920000 -0.000005 -0.000009
26.930000 -0.000005 -0.000009
26.940000 -0.000005 -0.000009
26.950000 -0.000005 -0.000009
26.960000 -0.000005 -0.000009
26.970000 -0.000005 -0.000009
26.980000 -0.000004 -0.000009
26.990000 -0.000004 -0.000009
27.000000 -0.000004 -0.000009
27.010000 -0.000004 -0.000009
27.020000 -0.000004 -0.000009
27.030000 -0.000004 -0.000009
27.040000 -0.000004 -0.000009
27.050000 -0.000004 -0.000009
27.060000 -0.000003 -0.000009
27.070000 -0.000003 -0.000009
27.080000 -0.000003 -0.000008
27.090000 -0.000003 -0.000008
27.100000 -0.000003 -0.000008
27.110000 -0.000003 -0.000008
27.120000 -0.000003 -0.000008
27.130000 -0.000003 -0.000008
27.140000 -0.000002 -0.000008
27.150000 -0.000002 -0.000008
27.160000 -0.000002 -0.000008
27.170000 -0.000002 -0.000008
27.180000 -0.000002 -0.000008
27.190000 -0.000002 -0.000008
27.200000 -0.000002 -0.000008
27.210000 -0.000002 -0.000008
27.220000 -0.000001 -0.000008
27.230000 -0.000001 -0.000008
27.240000 -0.000001 -0.000008
27.250000 -0.000001 -0.000008
27.260000 -0.000001 -0.000008
27.270000 -0.000001 -0.000008
27.280000 -0.000001 -0.000008
27.290000 -0.000001 -0.000008
27.300000 -0.000001 -0.000008
27.310000 -0.000001 -0.000008
27.320000 -0.000000 -0.000008
27.330000 -0.000000 -0.000008
27.340000 -0.000000 -0.000007
27.350000 -0.000000 -0.000007
27.360000 -0.000000 -0.000007
27.370000 0.000000 -0.000007
27.380000 0.000000 -0.000007
27.390000 0.000000 -0.000007
27.400000 0.000000 -0.000007
27.410000 0.000000 -0.000007
27.420000 0.000000 -0.000007
27.430000 0.000001 -0.000007
27.440000 0.000001 -0.000007
27.450000 0.000001 -0.000007
27.460000 0.000001 -0.000007
27.470000 0.000001 -0.000007
27.480000 0.000001 -0.000007
27.490000 0.000001 -0.000007
27.500000 0.000001 -0.000007
27.510000 0.000001 -0.000007
27.520000 0.000001 -0.000006
27.530000 0.000001 -0.000006
27.540000 0.000001 -0.000006
27.550000 0.000001 -0.000006
27.560000 0.000002 -0.000006
27.570000 0.000002 -0.000006
27.580000 0.000002 -0.000006
27.590000 0.000002 -0.000006
27.600000 0.000002 -0.000006
27.610000 0.000002 -0.000006
27.620000 0.000002 -0.000006
27.630000 0.000002 -0.000006
27.640000 0.000002 -0.000006
27.650000 0.000002 -0.000006
27.660000 0.000002 -0.000006
27.670000 0.000002 -0.000005
27.680000 0.000002 -0.000005
27.690000 0.000002 -0.000005
27.700000 0.000002 -0.000005
27.710000 0.000002 -0.000005
27.720000 0.000002 -0.000005
27.730000 0.000002 -0.000005
27.740000 0.000003 -0.000005
27.750000 0.000003 -0.000005
27.760000 0.000003 -0.000005
27.770000 0.000003 -0.000005
27.780000 0.000003 -0.000005
27.790000 0.000003 -0.000005
27.800000 0.000003 -0.000005
27.810000 0.000003 -0.000005
27.820000 0.000003 -0.000004
27.830000 0.000003 -0.000004
27.840000 0.000003 -0.000004
27.850000 0.000003 -0.000004
27.860000 0.000003 -0.000004
27.870000 0.000003 -0.000004
27.880000 0.000003 -0.000004
27.890000 0.000003 -0.000004
27.900000 0.000003 -0.000004
27.910000 0.000003 -0.000004
27.920000 0.000003 -0.000004
27.930000 0.000003 -0.000004
27.940000 0.000003 -0.000004
27.950000 0.000003 -0.000004
27.960000 0.000003 -0.000004
27.970000 0.000003 -0.000004
27.980000 0.000003 -0.000003
27.990000 0.000003 -0.000003
28.000000 0.000003 -0.000003
28.010000 0.000003 -0.000003
28.020000 0.000003 -0.000003
28.030000 0.000003 -0.000003
28.040000 0.000003 -0.000003
28.050000 0.000003 -0.000003
28.060000 0.000003 -0.000003
28.070000 0.000003 -0.000003
28.080000 0.000003 -0.000003
28.090000 0.000003 -0.000003
28.100000 0.000003 -0.000003
28.110000 0.000003 -0.000003
28.120000 0.000003 -0.000003
28.130000 0.000003 -0.000003
28.140000 0.000003 -0.000002
28.150000 0.000003 -0.000002
28.160000 0.000003 -0.000002
28.170000 0.000003 -0.000002
28.180000 0.000003 -0.000002
28.190000 0.000003 -0.000002
28.200000 0.000003 -0.000002
28.210000 0.000003 -0.000002
28.220000 0.000003 -0.000002
28.230000 0.000003 -0.000002
28.240000 0.000003 -0.000002
28.250000 0.000003 -0.000002
28.260000 0.000003 -0.000002
28.270000 0.000003 -0.000002
28.280000 0.000003 -0.000002
28.290000 0.000003 -0.000002
28.300000 0.000003 -0.000002
28.310000 0.000003 -0.000001
28.320000 0.000003 -0.000001
28.330000 0.000003 -0.000001
28.340000 0.000003 -0.000001
28.350000 0.000003 -0.000001
28.360000 0.000003 -0.000001
28.370000 0.000003 -0.000001
28.380000 0.000003 -0.000001
28.390000 0.000003 -0.000001
28.400000 0.000003 -0.000001
28.410000 0.000003 -0.000001
28.420000 0.000003 -0.000001
28.430000 0.000003 -0.000001
28.440000 0.000003 -0.000001
28.450000 0.000003 -0.000001
28.460000 0.000003 -0.000001
28.470000 0.000003 -0.000001
28.480000 0.000003 -0.000001
28.490000 0.000003 -0.000001
28.500000 0.000003 -0.000001
28.510000 0.000003 -0.000001
28.520000 0.000003 -0.000000
28.530000 0.000003 -0.000000
28.540000 0.000003 -0.000000
28.550000 0.000003 -0.000000
28.560000 0.000003 -0.000000
28.570000 0.000003 -0.000000
28.580000 0.000003 -0.000000
28.590000 0.000003 -0.000000
28.600000 0.000003 -0.000000
28.610000 0.000003 -0.000000
28.620000 0.000003 -0.000000
28.630000 0.000003 -0.000000
28.640000 0.000003 -0.000000
28.650000 0.000003 0.000000
28.660000 0.000003 0.000000
28.670000 0.000003 0.000000
28.680000 0.000003 0.000000
28.690000 0.000003 0.000000
28.700000 0.000003 0.000000
28.710000 0.000003 0.000000
28.720000 0.000003 0.000000
28.730000 0.000003 0.000000
28.740000 0.000003 0.000000
28.750000 0.000003 0.000000
28.760000 0.000003 0.000000
28.770000 0.000003 0.000000
28.780000 0.000003 0.000000
28.790000 0.000003 0.000000
28.800000 0.000003 0.000001
28.810000 0.000003 0.000001
28.820000 0.000003 0.000001
28.830000 0.000003 0.000001
28.840000 0.000003 0.000001
28.850000 0.000003 0.000001
28.860000 0.000003 0.000001
28.870000 0.000002 0.000001
28.880000 0.000002 0.000001
28.890000 0.000002 0.000001
28.900000 0.000002 0.000001
28.910000 0.000002 0.000001
28.920000 0.000002 0.000001
28.930000 0.000002 0.000001
28.940000 0.000002 0.000001
28.950000 0.000002 0.000001
28.960000 0.000002 0.000001
28.970000 0.000002 0.000001
28.980000 0.000002 0.000001
28.990000 0.000002 0.000001
29.000000 0.000002 0.000001
29.010000 0.000002 0.000001
29.020000 0.000002 0.000001
29.030000 0.000002 0.000001
29.040000 0.000002 0.000001
29.050000 0.000002 0.000001
29.060000 0.000002 0.000001
29.070000 0.000002 0.000001
29.080000 0.000002 0.000001
29.090000 0.000002 0.000001
29.100000 0.000002 0.000001
29.110000 0.000002 0.000001
29.120000 0.000002 0.000001
29.130000 0.000002 0.000001
29.140000 0.000002 0.000001
29.150000 0.000002 0.000001
29.160000 0.000002 0.000001
29.170000 0.000002 0.000001
29.180000 0.000002 0.000001
29.190000 0.000002 0.000001
29.200000 0.000002 0.000001
29.210000 0.000002 0.000001
29.220000 0.000002 0.000001
29.230000 0.000002 0.000001
29.240000 0.000002 0.000001
29.250000 0.000001 0.000001
29.260000 0.000001 0.000001
29.270000 0.000001 0.000001
29.280000 0.000001 0.000001
29.290000 0.000001 0.000001
29.300000 0.000001 0.000001
29.310000 0.000001 0.000001
29.320000 0.000001 0.000001
29.330000 0.000001 0.000001
29.340000 0.000001 0.000001
29.350000 0.000001 0.000001
29.360000 0.000001 0.000001
29.370000 0.000001 0.000002
29.380000 0.000001 0.000002
29.390000 0.000001 0.000002
29.400000 0.000001 0.000002
29.410000 0.000001 0.000002
29.420000 0.000001 0.000002
29.430000 0.000001 0.000002
29.440000 0.000001 0.000002
29.450000 0.000001 0.000002
29.460000 0.000001 0.000002
29.470000 0.000001 0.000002
29.480000 0.000001 0.000002
29.490000 0.000001 0.000002
29.500000 0.000001 0.000002
29.510000 0.000001 0.000002
29.520000 0.000001 0.000002
29.530000 0.000001 0.000002
29.540000 0.000001 0.000002
29.550000 0.000001 0.000002
29.560000 0.000001 0.000002
29.570000 0.000001 0.000002
29.580000 0.000001 0.000002
29.590000 0.000001 0.000002
29.600000 0.000001 0.000002
29.610000 0.000001 0.000002
29.620000 0.000001 0.000002
29.630000 0.000001 0.000002
29.640000 0.000001 0.000002
29.650000 0.000000 0.000002
29.660000 0.000000 0.000002
29.670000 0.000000 0.000002
29.680000 0.000000 0.000002
29.690000 0.000000 0.000002
29.700000 0.000000 0.000002
29.710000 0.000000 0.000002
29.720000 0.000000 0.000002
29.730000 0.000000 0.000002
29.740000 0.000000 0.000002
29.750000 0.000000 0.000002
29.760000 0.000000 0.000002
29.770000 0.000000 0.000002
29.780000 0.000000 0.000002
29.790000 0.000000 0.000002
29.800000 0.000000 0.000002
29.810000 0.000000 0.000002
29.820000 0.000000 0.000001
29.830000 0.000000 0.000001
29.840000 0.000000 0.000001
29.850000 0.000000 0.000001
29.860000 0.000000 0.000001
29.870000 0.000000 0.000001
29.880000 0.000000 0.000001
29.890000 -0.000000 0.000001
29.900000 -0.000000 0.000001
29.910000 -0.000000 0.000001
29.920000 -0.000000 0.000001
29.930000 -0.000000 0.000001
29.940000 -0.000000 0.000001
29.950000 -0.000000 0.000001
29.960000 -0.000000 0.000001
29.970000 -0.000000 0.000001
29.980000 -0.000000 0.000001
29.990000 -0.000000 0.000001
