-4.00000000 -0.00293667
-3.98000000 -0.00078235
-3.96000000 0.00642323
-3.94000000 0.01614718
-3.92000000 0.02510191
-3.90000000 0.03035390
-3.88000000 0.03032184
-3.86000000 0.02532121
-3.84000000 0.01746567
-3.82000000 0.00995577
-3.80000000 0.00599709
-3.78000000 0.00771912
-3.76000000 0.01546641
-3.74000000 0.02770392
-3.72000000 0.04156396
-3.70000000 0.05383614
-3.68000000 0.06204647
-3.66000000 0.06524053
-3.64000000 0.06419296
-3.62000000 0.06097363
-3.60000000 0.05803618
-3.58000000 0.05717319
-3.56000000 0.05873796
-3.54000000 0.06144173
-3.52000000 0.06282783
-3.50000000 0.06027186
-3.48000000 0.05215025
-3.46000000 0.03873673
-3.44000000 0.02246189
-3.42000000 0.00738464
-3.40000000 -0.00199405
-3.38000000 -0.00219549
-3.36000000 0.00800062
-3.34000000 0.02700575
-3.32000000 0.05079973
-3.30000000 0.07416210
-3.28000000 0.09237685
-3.26000000 0.10283872
-3.24000000 0.10598895
-3.22000000 0.10520959
-3.20000000 0.10564888
-3.18000000 0.11232415
-3.16000000 0.12812458
-3.14000000 0.15241317
-3.12000000 0.18076689
-3.10000000 0.20603861
-3.08000000 0.22048368
-3.06000000 0.21831407
-3.04000000 0.19785519
-3.02000000 0.16255882
-3.00000000 0.12045787
-2.98000000 0.08213694
-2.96000000 0.05778222
-2.94000000 0.05420359
-2.92000000 0.07277490
-2.90000000 0.10898558
-2.88000000 0.15380820
-2.86000000 0.19651212
-2.84000000 0.22807581
-2.82000000 0.24412930
-2.80000000 0.24647195
-2.78000000 0.24263551
-2.76000000 0.24356890
-2.74000000 0.26012196
-2.72000000 0.29940618
-2.70000000 0.36217958
-2.68000000 0.44210932
-2.66000000 0.52719632
-2.64000000 0.60297553
-2.62000000 0.65654503
-2.60000000 0.68020616
-2.58000000 0.67360399
-2.56000000 0.64371420
-2.54000000 0.60268670
-2.52000000 0.56422057
-2.50000000 0.53959885
-2.48000000 0.53461116
-2.46000000 0.54830540
-2.44000000 0.57392584
-2.42000000 0.60170050
-2.40000000 0.62255470
-2.38000000 0.63153760
-2.36000000 0.62984526
-2.34000000 0.62477697
-2.32000000 0.62762574
-2.30000000 0.65016700
-2.28000000 0.70086130
-2.26000000 0.78198164
-2.24000000 0.88858648
-2.22000000 1.00967659
-2.20000000 1.13118433
-2.18000000 1.23986665
-2.16000000 1.32689105
-2.14000000 1.39000473
-2.12000000 1.43362859
-2.10000000 1.46687449
-2.08000000 1.50013944
-2.06000000 1.54137638
-2.04000000 1.59323985
-2.02000000 1.65202638
-2.00000000 1.70876389
-1.98000000 1.75212881
-1.96000000 1.77229580
-1.94000000 1.76452834
-1.92000000 1.73138886
-1.90000000 1.68285860
-1.88000000 1.63428118
-1.86000000 1.60268886
-1.84000000 1.60254337
-1.82000000 1.64208702
-1.80000000 1.72131443
-1.78000000 1.83210473
-1.76000000 1.96044457
-1.74000000 2.09010327
-1.72000000 2.20675312
-1.70000000 2.30145176
-1.68000000 2.37262339
-1.66000000 2.42610961
-1.64000000 2.47337478
-1.62000000 2.52839918
-1.60000000 2.60406591
-1.58000000 2.70889357
-1.56000000 2.84480569
-1.54000000 3.00633119
-1.52000000 3.18129423
-1.50000000 3.35276263
-1.48000000 3.50183577
-1.46000000 3.61077660
-1.44000000 3.66600471
-1.42000000 3.66052976
-1.40000000 3.59548527
-1.38000000 3.48050871
-1.36000000 3.33281720
-1.34000000 3.17497067
-1.32000000 3.03150886
-1.30000000 2.92488533
-1.28000000 2.87135290
-1.26000000 2.87760906
-1.24000000 2.93901084
-1.22000000 3.03996467
-1.20000000 3.15669086
-1.18000000 3.26202294
-1.16000000 3.33135422
-1.14000000 3.34844257
-1.12000000 3.30966478
-1.10000000 3.22554904
-1.08000000 3.11898742
-1.06000000 3.02032103
-1.04000000 2.96030249
-1.02000000 2.96255430
-1.00000000 3.03737377
-0.98000000 3.17849502
-0.96000000 3.36374190
-0.94000000 3.55955014
-0.92000000 3.72834802
-0.90000000 3.83702517
-0.88000000 3.86440103
-0.86000000 3.80582607
-0.84000000 3.67376177
-0.82000000 3.49420951
-0.80000000 3.29992383
-0.78000000 3.12216950
-0.76000000 2.98314457
-0.74000000 2.89099697
-0.72000000 2.83866496
-0.70000000 2.80675986
-0.68000000 2.76965487
-0.66000000 2.70312491
-0.64000000 2.59151048
-0.62000000 2.43254142
-0.60000000 2.23859891
-0.58000000 2.03413429
-0.56000000 1.84994846
-0.54000000 1.71580917
-0.52000000 1.65325527
-0.50000000 1.67032917
-0.48000000 1.75944188
-0.46000000 1.89876842
-0.44000000 2.05671309
-0.42000000 2.19829267
-0.40000000 2.29192106
-0.38000000 2.31510493
-0.36000000 2.25793748
-0.34000000 2.12387857
-0.32000000 1.92796464
-0.30000000 1.69313295
-0.28000000 1.44565328
-0.26000000 1.21069153
-0.24000000 1.00881632
-0.22000000 0.85389583
-0.20000000 0.75243601
-0.18000000 0.70409401
-0.16000000 0.70293170
-0.14000000 0.73896812
-0.12000000 0.79971082
-0.10000000 0.87152270
-0.08000000 0.94083675
-0.06000000 0.99530758
-0.04000000 1.02496566
-0.02000000 1.02333875
0.00000000 0.98837721
0.02000000 0.92293073
0.04000000 0.83452370
0.06000000 0.73428649
0.08000000 0.63509830
0.10000000 0.54922944
0.12000000 0.48596182
0.14000000 0.44974627
0.16000000 0.43938390
0.18000000 0.44849870
0.20000000 0.46724997
0.22000000 0.48489989
0.24000000 0.49259979
0.26000000 0.48566680
0.28000000 0.46472847
0.30000000 0.43539801
0.32000000 0.40653696
0.34000000 0.38755787
0.36000000 0.38550428
0.38000000 0.40273381
0.40000000 0.43588686
0.42000000 0.47648131
0.44000000 0.51302186
0.46000000 0.53407683
0.48000000 0.53148051
0.50000000 0.50275510
0.52000000 0.45203910
0.54000000 0.38921073
0.56000000 0.32739757
0.58000000 0.27952513
0.60000000 0.25484433
0.62000000 0.25640427
0.64000000 0.28018935
0.66000000 0.31618371
0.68000000 0.35108884
0.70000000 0.37195404
0.72000000 0.36971931
0.74000000 0.34169184
0.76000000 0.29227592
0.78000000 0.23176769
0.80000000 0.17356795
0.82000000 0.13060404
0.84000000 0.11195911
0.86000000 0.12062738
0.88000000 0.15297404
0.90000000 0.19998180
0.92000000 0.24986001
0.94000000 0.29122556
0.96000000 0.31593993
0.98000000 0.32083422
1.00000000 0.30791969
1.02000000 0.28314814
1.04000000 0.25421010
1.06000000 0.22811137
1.08000000 0.20928110
1.10000000 0.19874289
1.12000000 0.19450475
1.14000000 0.19291966
1.16000000 0.19046630
1.18000000 0.18529343
1.20000000 0.17798826
1.22000000 0.17132316
1.24000000 0.16910301
1.26000000 0.17455180
1.28000000 0.18883600
1.30000000 0.21027248
1.32000000 0.23452917
1.34000000 0.25578058
1.36000000 0.26844602
1.38000000 0.26893021
1.40000000 0.25677521
1.42000000 0.23482366
1.44000000 0.20832338
1.46000000 0.18326015
1.48000000 0.16446965
1.50000000 0.15415887
1.52000000 0.15133508
1.54000000 0.15233662
1.56000000 0.15228718
1.58000000 0.14697766
1.60000000 0.13452596
1.62000000 0.11622977
1.64000000 0.09629264
1.66000000 0.08048268
1.68000000 0.07415223
1.70000000 0.08027921
1.72000000 0.09820716
1.74000000 0.12354931
1.76000000 0.14934808
1.78000000 0.16816504
1.80000000 0.17445443
1.82000000 0.16645455
1.84000000 0.14695945
1.86000000 0.12267303
1.88000000 0.10229275
1.90000000 0.09388041
1.92000000 0.10231884
1.94000000 0.12764733
1.96000000 0.16481181
1.98000000 0.20493760
2.00000000 0.23776517
2.02000000 0.25453034
2.04000000 0.25043140
2.06000000 0.22595138
2.08000000 0.18665352
2.10000000 0.14153221
2.12000000 0.10043521
2.14000000 0.07134204
2.16000000 0.05830649
2.18000000 0.06064713
2.20000000 0.07357124
2.22000000 0.08997510
2.24000000 0.10281384
2.26000000 0.10728476
2.28000000 0.10215915
2.30000000 0.08989271
2.32000000 0.07554410
2.34000000 0.06490539
2.36000000 0.06247947
2.38000000 0.06996041
2.40000000 0.08568455
2.42000000 0.10519048
2.44000000 0.12266679
2.46000000 0.13279266
2.48000000 0.13237234
2.50000000 0.12125690
2.52000000 0.10229555
2.54000000 0.08037868
2.56000000 0.06091798
2.58000000 0.04826633
2.60000000 0.04456804
2.62000000 0.04936072
2.64000000 0.05998834
2.66000000 0.07262211
2.68000000 0.08350807
2.70000000 0.09002142
2.72000000 0.09121146
2.74000000 0.08772327
2.76000000 0.08120693
2.78000000 0.07349327
2.80000000 0.06587099
2.82000000 0.05873100
2.84000000 0.05168074
2.86000000 0.04403905
2.88000000 0.03547206
2.90000000 0.02647865
2.92000000 0.01849608
2.94000000 0.01354923
2.96000000 0.01355152
2.98000000 0.01951269
3.00000000 0.03096221
3.02000000 0.04583514
3.04000000 0.06090950
3.06000000 0.07268612
3.08000000 0.07843458
3.10000000 0.07705317
3.12000000 0.06943785
3.14000000 0.05821178
3.16000000 0.04688122
3.18000000 0.03868308
3.20000000 0.03550379
3.22000000 0.03723678
3.24000000 0.04180766
3.26000000 0.04587641
3.28000000 0.04599727
3.30000000 0.03985677
3.32000000 0.02717433
3.34000000 0.00995178
3.36000000 -0.00803260
3.38000000 -0.02234231
3.40000000 -0.02926510
3.42000000 -0.02701743
3.44000000 -0.01637837
3.46000000 -0.00053758
3.48000000 0.01580872
3.50000000 0.02784057
3.52000000 0.03204954
3.54000000 0.02728285
3.56000000 0.01507670
3.58000000 -0.00081759
3.60000000 -0.01555973
3.62000000 -0.02464527
3.64000000 -0.02519220
3.66000000 -0.01670702
3.68000000 -0.00112123
3.70000000 0.01787917
3.72000000 0.03599209
3.74000000 0.04953527
3.76000000 0.05639999
3.78000000 0.05645419
3.80000000 0.05131650
3.82000000 0.04362674
3.84000000 0.03608903
3.86000000 0.03061530
3.88000000 0.02783789
3.90000000 0.02711614
3.92000000 0.02698576
3.94000000 0.02585302
3.96000000 0.02266602
3.98000000 0.01732236
