-4.00000000 0.01779031
-3.98000000 0.02103438
-3.96000000 0.02537203
-3.94000000 0.03147067
-3.92000000 0.03920391
-3.90000000 0.04730882
-3.88000000 0.05347975
-3.86000000 0.05495251
-3.84000000 0.04944372
-3.82000000 0.03614805
-3.80000000 0.01642492
-3.78000000 -0.00613648
-3.76000000 -0.02640621
-3.74000000 -0.03903856
-3.72000000 -0.04007511
-3.70000000 -0.02832523
-3.68000000 -0.00603674
-3.66000000 0.02144751
-3.64000000 0.04704673
-3.62000000 0.06397667
-3.60000000 0.06786956
-3.58000000 0.05830526
-3.56000000 0.03921173
-3.54000000 0.01791491
-3.52000000 0.00303671
-3.50000000 0.00182628
-3.48000000 0.01773432
-3.46000000 0.04901896
-3.44000000 0.08889537
-3.42000000 0.12728272
-3.40000000 0.15369827
-3.38000000 0.16045861
-3.36000000 0.14520356
-3.34000000 0.11191784
-3.32000000 0.07005515
-3.30000000 0.03194332
-3.28000000 0.00919476
-3.26000000 0.00918771
-3.24000000 0.03270579
-3.22000000 0.07350644
-3.20000000 0.12001963
-3.18000000 0.15872667
-3.16000000 0.17823633
-3.14000000 0.17283109
-3.12000000 0.14438539
-3.10000000 0.10202848
-3.08000000 0.05960035
-3.06000000 0.03162371
-3.04000000 0.02898101
-3.02000000 0.05559465
-3.00000000 0.10712270
-2.98000000 0.17208500
-2.96000000 0.23510612
-2.94000000 0.28132411
-2.92000000 0.30066385
-2.90000000 0.29071698
-2.88000000 0.25739344
-2.86000000 0.21318090
-2.84000000 0.17356105
-2.82000000 0.15266782
-2.80000000 0.15947143
-2.78000000 0.19557934
-2.76000000 0.25522784
-2.74000000 0.32736336
-2.72000000 0.39909130
-2.70000000 0.45939291
-2.68000000 0.50198479
-2.66000000 0.52651738
-2.64000000 0.53786377
-2.62000000 0.54385640
-2.60000000 0.55229258
-2.58000000 0.56821103
-2.56000000 0.59229557
-2.54000000 0.62085038
-2.52000000 0.64725896
-2.50000000 0.66436427
-2.48000000 0.66694146
-2.46000000 0.65345436
-2.44000000 0.62657145
-2.42000000 0.59235789
-2.40000000 0.55850283
-2.38000000 0.53223481
-2.36000000 0.51863180
-2.34000000 0.51983879
-2.32000000 0.53534494
-2.30000000 0.56307976
-2.28000000 0.60080537
-2.26000000 0.64720842
-2.24000000 0.70225245
-2.22000000 0.76667571
-2.20000000 0.84088622
-2.18000000 0.92377575
-2.16000000 1.01204027
-2.14000000 1.10042520
-2.12000000 1.18296364
-2.10000000 1.25486885
-2.08000000 1.31442932
-2.06000000 1.36416071
-2.04000000 1.41064490
-2.02000000 1.46289241
-2.00000000 1.52957252
-1.98000000 1.61589759
-1.96000000 1.72116398
-1.94000000 1.83785066
-1.92000000 1.95276663
-1.90000000 2.05013105
-1.88000000 2.11584927
-1.86000000 2.14181053
-1.84000000 2.12892876
-1.82000000 2.08792823
-1.80000000 2.03747417
-1.78000000 1.99999830
-1.76000000 1.99625137
-1.74000000 2.04002490
-1.72000000 2.13449299
-1.70000000 2.27122106
-1.68000000 2.43217939
-1.66000000 2.59428350
-1.64000000 2.73529036
-1.62000000 2.83950235
-1.60000000 2.90177317
-1.58000000 2.92875644
-1.56000000 2.93706194
-1.54000000 2.94878705
-1.52000000 2.98555913
-1.50000000 3.06258794
-1.48000000 3.18420547
-1.46000000 3.34198453
-1.44000000 3.51589167
-1.42000000 3.67821167
-1.40000000 3.79935443
-1.38000000 3.85425822
-1.36000000 3.82800751
-1.34000000 3.71948528
-1.32000000 3.54231243
-1.30000000 3.32288476
-1.28000000 3.09588519
-1.26000000 2.89812154
-1.24000000 2.76184437
-1.22000000 2.70879431
-1.20000000 2.74610486
-1.18000000 2.86486714
-1.16000000 3.04169164
-1.14000000 3.24305009
-1.12000000 3.43163600
-1.10000000 3.57354691
-1.08000000 3.64486132
-1.06000000 3.63623153
-1.04000000 3.55446126
-1.02000000 3.42064283
-1.00000000 3.26517918
-0.98000000 3.12074623
-0.96000000 3.01478018
-0.94000000 2.96324994
-0.92000000 2.96722266
-0.90000000 3.01308488
-0.88000000 3.07638432
-0.86000000 3.12833373
-0.84000000 3.14331428
-0.82000000 3.10543428
-0.80000000 3.01243344
-0.78000000 2.87592678
-0.76000000 2.71797235
-0.74000000 2.56495208
-0.72000000 2.44048970
-0.70000000 2.35938004
-0.68000000 2.32419252
-0.66000000 2.32542343
-0.64000000 2.34503498
-0.62000000 2.36223936
-0.60000000 2.35975241
-0.58000000 2.32864471
-0.56000000 2.27038372
-0.54000000 2.19554712
-0.52000000 2.11972085
-0.50000000 2.05795818
-0.48000000 2.01960164
-0.46000000 2.00512751
-0.44000000 2.00600853
-0.42000000 2.00761483
-0.40000000 1.99419254
-0.38000000 1.95428636
-0.36000000 1.88481903
-0.34000000 1.79246004
-0.32000000 1.69177635
-0.30000000 1.60069038
-0.28000000 1.53464709
-0.26000000 1.50133418
-0.24000000 1.49766334
-0.22000000 1.51004245
-0.20000000 1.51795898
-0.18000000 1.49986497
-0.16000000 1.43962634
-0.14000000 1.33160067
-0.12000000 1.18280121
-0.10000000 1.01147009
-0.08000000 0.84245347
-0.06000000 0.70071894
-0.04000000 0.60489142
-0.02000000 0.56265196
0.00000000 0.56926138
0.02000000 0.60952525
0.04000000 0.66250266
0.06000000 0.70748697
0.08000000 0.72947972
0.10000000 0.72261568
0.12000000 0.69068577
0.14000000 0.64481640
0.16000000 0.59921015
0.18000000 0.56637724
0.20000000 0.55334319
0.22000000 0.55991352
0.24000000 0.57936096
0.26000000 0.60111718
0.28000000 0.61444979
0.30000000 0.61186848
0.32000000 0.59118465
0.34000000 0.55566619
0.36000000 0.51239456
0.38000000 0.46951876
0.40000000 0.43342149
0.42000000 0.40677378
0.44000000 0.38808806
0.46000000 0.37282564
0.48000000 0.35556932
0.50000000 0.33242119
0.52000000 0.30274072
0.54000000 0.26960430
0.56000000 0.23883993
0.58000000 0.21700142
0.60000000 0.20901611
0.62000000 0.21634480
0.64000000 0.23630226
0.66000000 0.26277372
0.68000000 0.28807488
0.70000000 0.30531126
0.72000000 0.31043015
0.74000000 0.30327890
0.76000000 0.28733863
0.78000000 0.26826719
0.80000000 0.25179507
0.82000000 0.24173178
0.84000000 0.23878503
0.86000000 0.24059383
0.88000000 0.24293592
0.90000000 0.24164598
0.92000000 0.23452234
0.94000000 0.22249796
0.96000000 0.20960778
0.98000000 0.20171121
1.00000000 0.20437810
1.02000000 0.22066187
1.04000000 0.24955410
1.06000000 0.28571090
1.08000000 0.32062930
1.10000000 0.34496734
1.12000000 0.35130737
1.14000000 0.33649167
1.16000000 0.30277291
1.18000000 0.25738399
1.20000000 0.21062664
1.22000000 0.17304456
1.24000000 0.15253352
1.26000000 0.15225700
1.28000000 0.16997708
1.30000000 0.19896421
1.32000000 0.23016054
1.34000000 0.25489702
1.36000000 0.26732119
1.38000000 0.26581842
1.40000000 0.25305626
1.42000000 0.23472902
1.44000000 0.21748118
1.46000000 0.20671529
1.48000000 0.20497877
1.50000000 0.21139019
1.52000000 0.22219729
1.54000000 0.23218697
1.56000000 0.23641438
1.58000000 0.23166225
1.60000000 0.21718951
1.62000000 0.19461463
1.64000000 0.16709602
1.66000000 0.13820332
1.68000000 0.11094113
1.70000000 0.08727428
1.72000000 0.06826183
1.74000000 0.05463314
1.76000000 0.04744315
1.78000000 0.04840239
1.80000000 0.05961097
1.82000000 0.08268646
1.84000000 0.11756448
1.86000000 0.16145472
1.88000000 0.20846525
1.90000000 0.25023820
1.92000000 0.27761374
1.94000000 0.28296366
1.96000000 0.26254123
1.98000000 0.21809279
2.00000000 0.15712139
2.02000000 0.09155511
2.04000000 0.03504895
2.06000000 -0.00040913
2.08000000 -0.00765502
2.10000000 0.01365312
2.12000000 0.05682123
2.14000000 0.10981686
2.16000000 0.15844839
2.18000000 0.19015249
2.20000000 0.19732421
2.22000000 0.17924541
2.24000000 0.14207111
2.26000000 0.09689788
2.28000000 0.05649585
2.30000000 0.03166663
2.32000000 0.02828195
2.34000000 0.04583590
2.36000000 0.07788039
2.38000000 0.11415034
2.40000000 0.14369589
2.42000000 0.15806639
2.44000000 0.15361267
2.46000000 0.13227311
2.48000000 0.10068589
2.50000000 0.06797440
2.52000000 0.04293066
2.54000000 0.03146480
2.56000000 0.03506312
2.58000000 0.05065472
2.60000000 0.07184140
2.62000000 0.09103795
2.64000000 0.10182374
2.66000000 0.10078585
2.68000000 0.08833457
2.70000000 0.06831672
2.72000000 0.04662881
2.74000000 0.02932009
2.76000000 0.02079481
2.78000000 0.02264556
2.80000000 0.03341614
2.82000000 0.04928414
2.84000000 0.06537401
2.86000000 0.07724452
2.88000000 0.08208405
2.90000000 0.07928298
2.92000000 0.07027974
2.94000000 0.05781533
2.96000000 0.04490334
2.98000000 0.03387914
3.00000000 0.02582515
3.02000000 0.02051222
3.04000000 0.01680922
3.06000000 0.01335975
3.08000000 0.00925397
3.10000000 0.00445126
3.12000000 -0.00018149
3.14000000 -0.00320509
3.16000000 -0.00317527
3.18000000 0.00077196
3.20000000 0.00852436
3.22000000 0.01891795
3.24000000 0.02999827
3.26000000 0.03952287
3.28000000 0.04553838
3.30000000 0.04685497
3.32000000 0.04328894
3.34000000 0.03562817
3.36000000 0.02536374
3.38000000 0.01429377
3.40000000 0.00412457
3.42000000 -0.00382969
3.44000000 -0.00880036
3.46000000 -0.01057854
3.48000000 -0.00943779
3.50000000 -0.00602216
3.52000000 -0.00123884
3.54000000 0.00383773
3.56000000 0.00807069
3.58000000 0.01040271
3.60000000 0.01004562
3.62000000 0.00669325
3.64000000 0.00069675
3.66000000 -0.00687539
3.68000000 -0.01435629
3.70000000 -0.01979525
3.72000000 -0.02141811
3.74000000 -0.01812173
3.76000000 -0.00985709
3.78000000 0.00223163
3.80000000 0.01598487
3.82000000 0.02870332
3.84000000 0.03780724
3.86000000 0.04149919
3.88000000 0.03923657
3.90000000 0.03186930
3.92000000 0.02139411
3.94000000 0.01039296
3.96000000 0.00132069
3.98000000 -0.00414619
