-4.00000000 0.14482757
-3.98000000 0.14568096
-3.96000000 0.14653970
-3.94000000 0.14740381
-3.92000000 0.14827329
-3.90000000 0.14914816
-3.88000000 0.15002840
-3.86000000 0.15091404
-3.84000000 0.15180507
-3.82000000 0.15270149
-3.80000000 0.15360330
-3.78000000 0.15451050
-3.76000000 0.15542310
-3.74000000 0.15634108
-3.72000000 0.15726445
-3.70000000 0.15819319
-3.68000000 0.15912730
-3.66000000 0.16006678
-3.64000000 0.16101160
-3.62000000 0.16196177
-3.60000000 0.16291726
-3.58000000 0.16387807
-3.56000000 0.16484418
-3.54000000 0.16581556
-3.52000000 0.16679220
-3.50000000 0.16777409
-3.48000000 0.16876119
-3.46000000 0.16975348
-3.44000000 0.17075094
-3.42000000 0.17175354
-3.40000000 0.17276124
-3.38000000 0.17377402
-3.36000000 0.17479184
-3.34000000 0.17581466
-3.32000000 0.17684245
-3.30000000 0.17787516
-3.28000000 0.17891276
-3.26000000 0.17995519
-3.24000000 0.18100241
-3.22000000 0.18205438
-3.20000000 0.18311103
-3.18000000 0.18417231
-3.16000000 0.18523817
-3.14000000 0.18630855
-3.12000000 0.18738338
-3.10000000 0.18846260
-3.08000000 0.18954614
-3.06000000 0.19063393
-3.04000000 0.19172590
-3.02000000 0.19282197
-3.00000000 0.19392206
-2.98000000 0.19502609
-2.96000000 0.19613398
-2.94000000 0.19724563
-2.92000000 0.19836096
-2.90000000 0.19947987
-2.88000000 0.20060226
-2.86000000 0.20172803
-2.84000000 0.20285709
-2.82000000 0.20398931
-2.80000000 0.20512460
-2.78000000 0.20626283
-2.76000000 0.20740389
-2.74000000 0.20854766
-2.72000000 0.20969401
-2.70000000 0.21084282
-2.68000000 0.21199395
-2.66000000 0.21314727
-2.64000000 0.21430263
-2.62000000 0.21545990
-2.60000000 0.21661893
-2.58000000 0.21777956
-2.56000000 0.21894165
-2.54000000 0.22010504
-2.52000000 0.22126956
-2.50000000 0.22243504
-2.48000000 0.22360133
-2.46000000 0.22476824
-2.44000000 0.22593560
-2.42000000 0.22710322
-2.40000000 0.22827093
-2.38000000 0.22943853
-2.36000000 0.23060583
-2.34000000 0.23177263
-2.32000000 0.23293873
-2.30000000 0.23410393
-2.28000000 0.23526802
-2.26000000 0.23643078
-2.24000000 0.23759200
-2.22000000 0.23875147
-2.20000000 0.23990894
-2.18000000 0.24106421
-2.16000000 0.24221703
-2.14000000 0.24336718
-2.12000000 0.24451441
-2.10000000 0.24565848
-2.08000000 0.24679914
-2.06000000 0.24793615
-2.04000000 0.24906926
-2.02000000 0.25019820
-2.00000000 0.25132272
-1.98000000 0.25244256
-1.96000000 0.25355745
-1.94000000 0.25466712
-1.92000000 0.25577131
-1.90000000 0.25686973
-1.88000000 0.25796211
-1.86000000 0.25904818
-1.84000000 0.26012764
-1.82000000 0.26120023
-1.80000000 0.26226564
-1.78000000 0.26332359
-1.76000000 0.26437380
-1.74000000 0.26541596
-1.72000000 0.26644980
-1.70000000 0.26747500
-1.68000000 0.26849127
-1.66000000 0.26949833
-1.64000000 0.27049586
-1.62000000 0.27148356
-1.60000000 0.27246115
-1.58000000 0.27342831
-1.56000000 0.27438475
-1.54000000 0.27533017
-1.52000000 0.27626426
-1.50000000 0.27718672
-1.48000000 0.27809726
-1.46000000 0.27899557
-1.44000000 0.27988136
-1.42000000 0.28075432
-1.40000000 0.28161417
-1.38000000 0.28246061
-1.36000000 0.28329334
-1.34000000 0.28411208
-1.32000000 0.28491653
-1.30000000 0.28570641
-1.28000000 0.28648144
-1.26000000 0.28724133
-1.24000000 0.28798582
-1.22000000 0.28871462
-1.20000000 0.28942746
-1.18000000 0.29012409
-1.16000000 0.29080423
-1.14000000 0.29146763
-1.12000000 0.29211404
-1.10000000 0.29274320
-1.08000000 0.29335487
-1.06000000 0.29394882
-1.04000000 0.29452482
-1.02000000 0.29508262
-1.00000000 0.29562202
-0.98000000 0.29614280
-0.96000000 0.29664475
-0.94000000 0.29712766
-0.92000000 0.29759134
-0.90000000 0.29803561
-0.88000000 0.29846027
-0.86000000 0.29886516
-0.84000000 0.29925010
-0.82000000 0.29961494
-0.80000000 0.29995953
-0.78000000 0.30028372
-0.76000000 0.30058738
-0.74000000 0.30087037
-0.72000000 0.30113259
-0.70000000 0.30137391
-0.68000000 0.30159424
-0.66000000 0.30179347
-0.64000000 0.30197154
-0.62000000 0.30212836
-0.60000000 0.30226386
-0.58000000 0.30237799
-0.56000000 0.30247069
-0.54000000 0.30254194
-0.52000000 0.30259168
-0.50000000 0.30261992
-0.48000000 0.30262663
-0.46000000 0.30261181
-0.44000000 0.30257546
-0.42000000 0.30251761
-0.40000000 0.30243828
-0.38000000 0.30233749
-0.36000000 0.30221531
-0.34000000 0.30207177
-0.32000000 0.30190693
-0.30000000 0.30172088
-0.28000000 0.30151368
-0.26000000 0.30128543
-0.24000000 0.30103623
-0.22000000 0.30076617
-0.20000000 0.30047537
-0.18000000 0.30016397
-0.16000000 0.29983207
-0.14000000 0.29947983
-0.12000000 0.29910740
-0.10000000 0.29871492
-0.08000000 0.29830256
-0.06000000 0.29787049
-0.04000000 0.29741889
-0.02000000 0.29694794
0.00000000 0.29645783
0.02000000 0.29594876
0.04000000 0.29542094
0.06000000 0.29487458
0.08000000 0.29430989
0.10000000 0.29372711
0.12000000 0.29312645
0.14000000 0.29250816
0.16000000 0.29187247
0.18000000 0.29121963
0.20000000 0.29054989
0.22000000 0.28986351
0.24000000 0.28916074
0.26000000 0.28844185
0.28000000 0.28770711
0.30000000 0.28695678
0.32000000 0.28619115
0.34000000 0.28541050
0.36000000 0.28461509
0.38000000 0.28380522
0.40000000 0.28298118
0.42000000 0.28214325
0.44000000 0.28129172
0.46000000 0.28042690
0.48000000 0.27954907
0.50000000 0.27865852
0.52000000 0.27775557
0.54000000 0.27684050
0.56000000 0.27591362
0.58000000 0.27497523
0.60000000 0.27402563
0.62000000 0.27306511
0.64000000 0.27209398
0.66000000 0.27111255
0.68000000 0.27012110
0.70000000 0.26911995
0.72000000 0.26810939
0.74000000 0.26708971
0.76000000 0.26606123
0.78000000 0.26502422
0.80000000 0.26397899
0.82000000 0.26292583
0.84000000 0.26186503
0.86000000 0.26079688
0.88000000 0.25972167
0.90000000 0.25863969
0.92000000 0.25755121
0.94000000 0.25645652
0.96000000 0.25535589
0.98000000 0.25424961
1.00000000 0.25313794
1.02000000 0.25202115
1.04000000 0.25089952
1.06000000 0.24977330
1.08000000 0.24864276
1.10000000 0.24750815
1.12000000 0.24636973
1.14000000 0.24522776
1.16000000 0.24408247
1.18000000 0.24293411
1.20000000 0.24178293
1.22000000 0.24062916
1.24000000 0.23947303
1.26000000 0.23831478
1.28000000 0.23715463
1.30000000 0.23599280
1.32000000 0.23482951
1.34000000 0.23366498
1.36000000 0.23249941
1.38000000 0.23133303
1.40000000 0.23016601
1.42000000 0.22899858
1.44000000 0.22783092
1.46000000 0.22666322
1.48000000 0.22549567
1.50000000 0.22432846
1.52000000 0.22316177
1.54000000 0.22199576
1.56000000 0.22083062
1.58000000 0.21966651
1.60000000 0.21850359
1.62000000 0.21734203
1.64000000 0.21618199
1.66000000 0.21502360
1.68000000 0.21386704
1.70000000 0.21271243
1.72000000 0.21155992
1.74000000 0.21040965
1.76000000 0.20926175
1.78000000 0.20811636
1.80000000 0.20697360
1.82000000 0.20583359
1.84000000 0.20469645
1.86000000 0.20356230
1.88000000 0.20243126
1.90000000 0.20130343
1.92000000 0.20017892
1.94000000 0.19905782
1.96000000 0.19794025
1.98000000 0.19682630
2.00000000 0.19571606
2.02000000 0.19460961
2.04000000 0.19350706
2.06000000 0.19240847
2.08000000 0.19131394
2.10000000 0.19022354
2.12000000 0.18913734
2.14000000 0.18805542
2.16000000 0.18697784
2.18000000 0.18590469
2.20000000 0.18483600
2.22000000 0.18377186
2.24000000 0.18271232
2.26000000 0.18165742
2.28000000 0.18060724
2.30000000 0.17956182
2.32000000 0.17852120
2.34000000 0.17748544
2.36000000 0.17645458
2.38000000 0.17542865
2.40000000 0.17440771
2.42000000 0.17339179
2.44000000 0.17238092
2.46000000 0.17137514
2.48000000 0.17037447
2.50000000 0.16937896
2.52000000 0.16838862
2.54000000 0.16740348
2.56000000 0.16642357
2.58000000 0.16544890
2.60000000 0.16447951
2.62000000 0.16351540
2.64000000 0.16255659
2.66000000 0.16160310
2.68000000 0.16065495
2.70000000 0.15971213
2.72000000 0.15877468
2.74000000 0.15784259
2.76000000 0.15691587
2.78000000 0.15599453
2.80000000 0.15507858
2.82000000 0.15416802
2.84000000 0.15326284
2.86000000 0.15236306
2.88000000 0.15146868
2.90000000 0.15057968
2.92000000 0.14969608
2.94000000 0.14881786
2.96000000 0.14794502
2.98000000 0.14707757
3.00000000 0.14621548
3.02000000 0.14535876
3.04000000 0.14450739
3.06000000 0.14366137
3.08000000 0.14282069
3.10000000 0.14198534
3.12000000 0.14115530
3.14000000 0.14033056
3.16000000 0.13951112
3.18000000 0.13869695
3.20000000 0.13788804
3.22000000 0.13708438
3.24000000 0.13628595
3.26000000 0.13549273
3.28000000 0.13470472
3.30000000 0.13392188
3.32000000 0.13314420
3.34000000 0.13237167
3.36000000 0.13160426
3.38000000 0.13084196
3.40000000 0.13008474
3.42000000 0.12933258
3.44000000 0.12858547
3.46000000 0.12784338
3.48000000 0.12710629
3.50000000 0.12637417
3.52000000 0.12564701
3.54000000 0.12492478
3.56000000 0.12420746
3.58000000 0.12349502
3.60000000 0.12278745
3.62000000 0.12208471
3.64000000 0.12138678
3.66000000 0.12069364
3.68000000 0.12000527
3.70000000 0.11932163
3.72000000 0.11864270
3.74000000 0.11796846
3.76000000 0.11729888
3.78000000 0.11663394
3.80000000 0.11597360
3.82000000 0.11531785
3.84000000 0.11466666
3.86000000 0.11401999
3.88000000 0.11337783
3.90000000 0.11274014
3.92000000 0.11210691
3.94000000 0.11147810
3.96000000 0.11085368
3.98000000 0.11023363
