-4.00000000 -0.00310486
-3.98000000 -0.00311176
-3.96000000 -0.00311727
-3.94000000 -0.00312129
-3.92000000 -0.00312370
-3.90000000 -0.00312437
-3.88000000 -0.00312316
-3.86000000 -0.00311994
-3.84000000 -0.00311455
-3.82000000 -0.00310682
-3.80000000 -0.00309658
-3.78000000 -0.00308365
-3.76000000 -0.00306783
-3.74000000 -0.00304892
-3.72000000 -0.00302669
-3.70000000 -0.00300092
-3.68000000 -0.00297134
-3.66000000 -0.00293770
-3.64000000 -0.00289972
-3.62000000 -0.00285710
-3.60000000 -0.00280952
-3.58000000 -0.00275665
-3.56000000 -0.00269814
-3.54000000 -0.00263362
-3.52000000 -0.00256267
-3.50000000 -0.00248490
-3.48000000 -0.00239984
-3.46000000 -0.00230704
-3.44000000 -0.00220599
-3.42000000 -0.00209616
-3.40000000 -0.00197701
-3.38000000 -0.00184794
-3.36000000 -0.00170834
-3.34000000 -0.00155754
-3.32000000 -0.00139487
-3.30000000 -0.00121959
-3.28000000 -0.00103093
-3.26000000 -0.00082808
-3.24000000 -0.00061019
-3.22000000 -0.00037635
-3.20000000 -0.00012563
-3.18000000 0.00014297
-3.16000000 0.00043051
-3.14000000 0.00073808
-3.12000000 0.00106685
-3.10000000 0.00141802
-3.08000000 0.00179289
-3.06000000 0.00219279
-3.04000000 0.00261913
-3.02000000 0.00307339
-3.00000000 0.00355711
-2.98000000 0.00407192
-2.96000000 0.00461951
-2.94000000 0.00520167
-2.92000000 0.00582025
-2.90000000 0.00647720
-2.88000000 0.00717455
-2.86000000 0.00791442
-2.84000000 0.00869902
-2.82000000 0.00953068
-2.80000000 0.01041178
-2.78000000 0.01134486
-2.76000000 0.01233251
-2.74000000 0.01337746
-2.72000000 0.01448254
-2.70000000 0.01565069
-2.68000000 0.01688495
-2.66000000 0.01818850
-2.64000000 0.01956462
-2.62000000 0.02101672
-2.60000000 0.02254833
-2.58000000 0.02416308
-2.56000000 0.02586477
-2.54000000 0.02765727
-2.52000000 0.02954462
-2.50000000 0.03153097
-2.48000000 0.03362059
-2.46000000 0.03581788
-2.44000000 0.03812738
-2.42000000 0.04055374
-2.40000000 0.04310174
-2.38000000 0.04577627
-2.36000000 0.04858236
-2.34000000 0.05152515
-2.32000000 0.05460989
-2.30000000 0.05784194
-2.28000000 0.06122678
-2.26000000 0.06476998
-2.24000000 0.06847721
-2.22000000 0.07235424
-2.20000000 0.07640690
-2.18000000 0.08064112
-2.16000000 0.08506289
-2.14000000 0.08967825
-2.12000000 0.09449333
-2.10000000 0.09951424
-2.08000000 0.10474717
-2.06000000 0.11019830
-2.04000000 0.11587382
-2.02000000 0.12177992
-2.00000000 0.12792276
-1.98000000 0.13430845
-1.96000000 0.14094307
-1.94000000 0.14783262
-1.92000000 0.15498300
-1.90000000 0.16240001
-1.88000000 0.17008933
-1.86000000 0.17805648
-1.84000000 0.18630684
-1.82000000 0.19484558
-1.80000000 0.20367766
-1.78000000 0.21280782
-1.76000000 0.22224053
-1.74000000 0.23198001
-1.72000000 0.24203013
-1.70000000 0.25239449
-1.68000000 0.26307629
-1.66000000 0.27407837
-1.64000000 0.28540318
-1.62000000 0.29705273
-1.60000000 0.30902857
-1.58000000 0.32133178
-1.56000000 0.33396296
-1.54000000 0.34692213
-1.52000000 0.36020881
-1.50000000 0.37382192
-1.48000000 0.38775978
-1.46000000 0.40202009
-1.44000000 0.41659991
-1.42000000 0.43149565
-1.40000000 0.44670301
-1.38000000 0.46221702
-1.36000000 0.47803196
-1.34000000 0.49414141
-1.32000000 0.51053819
-1.30000000 0.52721435
-1.28000000 0.54416120
-1.26000000 0.56136924
-1.24000000 0.57882822
-1.22000000 0.59652708
-1.20000000 0.61445399
-1.18000000 0.63259634
-1.16000000 0.65094070
-1.14000000 0.66947290
-1.12000000 0.68817799
-1.10000000 0.70704027
-1.08000000 0.72604329
-1.06000000 0.74516986
-1.04000000 0.76440210
-1.02000000 0.78372146
-1.00000000 0.80310870
-0.98000000 0.82254396
-0.96000000 0.84200679
-0.94000000 0.86147615
-0.92000000 0.88093050
-0.90000000 0.90034778
-0.88000000 0.91970548
-0.86000000 0.93898071
-0.84000000 0.95815019
-0.82000000 0.97719032
-0.80000000 0.99607727
-0.78000000 1.01478697
-0.76000000 1.03329520
-0.74000000 1.05157764
-0.72000000 1.06960993
-0.70000000 1.08736771
-0.68000000 1.10482669
-0.66000000 1.12196273
-0.64000000 1.13875186
-0.62000000 1.15517039
-0.60000000 1.17119490
-0.58000000 1.18680240
-0.56000000 1.20197027
-0.54000000 1.21667645
-0.52000000 1.23089938
-0.50000000 1.24461814
-0.48000000 1.25781246
-0.46000000 1.27046281
-0.44000000 1.28255043
-0.42000000 1.29405736
-0.40000000 1.30496656
-0.38000000 1.31526188
-0.36000000 1.32492815
-0.34000000 1.33395119
-0.32000000 1.34231790
-0.30000000 1.35001621
-0.28000000 1.35703522
-0.26000000 1.36336512
-0.24000000 1.36899729
-0.22000000 1.37392430
-0.20000000 1.37813992
-0.18000000 1.38163914
-0.16000000 1.38441817
-0.14000000 1.38647446
-0.12000000 1.38780670
-0.10000000 1.38841483
-0.08000000 1.38830000
-0.06000000 1.38746460
-0.04000000 1.38591221
-0.02000000 1.38364762
0.00000000 1.38067681
0.02000000 1.37700687
0.04000000 1.37264606
0.06000000 1.36760372
0.08000000 1.36189024
0.10000000 1.35551705
0.12000000 1.34849659
0.14000000 1.34084222
0.16000000 1.33256822
0.18000000 1.32368975
0.20000000 1.31422277
0.22000000 1.30418400
0.24000000 1.29359090
0.26000000 1.28246158
0.28000000 1.27081478
0.30000000 1.25866979
0.32000000 1.24604641
0.34000000 1.23296490
0.36000000 1.21944592
0.38000000 1.20551046
0.40000000 1.19117982
0.42000000 1.17647554
0.44000000 1.16141931
0.46000000 1.14603299
0.48000000 1.13033849
0.50000000 1.11435778
0.52000000 1.09811277
0.54000000 1.08162534
0.56000000 1.06491722
0.58000000 1.04801002
0.60000000 1.03092510
0.62000000 1.01368360
0.64000000 0.99630638
0.66000000 0.97881397
0.68000000 0.96122654
0.70000000 0.94356387
0.72000000 0.92584533
0.74000000 0.90808982
0.76000000 0.89031577
0.78000000 0.87254111
0.80000000 0.85478324
0.82000000 0.83705903
0.84000000 0.81938477
0.86000000 0.80177618
0.88000000 0.78424838
0.90000000 0.76681589
0.92000000 0.74949263
0.94000000 0.73229189
0.96000000 0.71522633
0.98000000 0.69830798
1.00000000 0.68154825
1.02000000 0.66495792
1.04000000 0.64854712
1.06000000 0.63232539
1.08000000 0.61630163
1.10000000 0.60048411
1.12000000 0.58488053
1.14000000 0.56949796
1.16000000 0.55434289
1.18000000 0.53942126
1.20000000 0.52473842
1.22000000 0.51029917
1.24000000 0.49610778
1.26000000 0.48216801
1.28000000 0.46848308
1.30000000 0.45505576
1.32000000 0.44188831
1.34000000 0.42898255
1.36000000 0.41633987
1.38000000 0.40396122
1.40000000 0.39184714
1.42000000 0.37999780
1.44000000 0.36841299
1.46000000 0.35709214
1.48000000 0.34603438
1.50000000 0.33523848
1.52000000 0.32470293
1.54000000 0.31442595
1.56000000 0.30440548
1.58000000 0.29463922
1.60000000 0.28512463
1.62000000 0.27585896
1.64000000 0.26683928
1.66000000 0.25806245
1.68000000 0.24952517
1.70000000 0.24122400
1.72000000 0.23315533
1.74000000 0.22531546
1.76000000 0.21770056
1.78000000 0.21030670
1.80000000 0.20312987
1.82000000 0.19616597
1.84000000 0.18941085
1.86000000 0.18286031
1.88000000 0.17651008
1.90000000 0.17035589
1.92000000 0.16439343
1.94000000 0.15861838
1.96000000 0.15302639
1.98000000 0.14761315
2.00000000 0.14237433
2.02000000 0.13730561
2.04000000 0.13240272
2.06000000 0.12766140
2.08000000 0.12307741
2.10000000 0.11864656
2.12000000 0.11436472
2.14000000 0.11022778
2.16000000 0.10623169
2.18000000 0.10237247
2.20000000 0.09864616
2.22000000 0.09504891
2.24000000 0.09157689
2.26000000 0.08822636
2.28000000 0.08499365
2.30000000 0.08187514
2.32000000 0.07886731
2.34000000 0.07596667
2.36000000 0.07316985
2.38000000 0.07047353
2.40000000 0.06787446
2.42000000 0.06536949
2.44000000 0.06295551
2.46000000 0.06062951
2.48000000 0.05838857
2.50000000 0.05622980
2.52000000 0.05415043
2.54000000 0.05214774
2.56000000 0.05021909
2.58000000 0.04836191
2.60000000 0.04657371
2.62000000 0.04485208
2.64000000 0.04319465
2.66000000 0.04159914
2.68000000 0.04006335
2.70000000 0.03858513
2.72000000 0.03716239
2.74000000 0.03579313
2.76000000 0.03447540
2.78000000 0.03320730
2.80000000 0.03198701
2.82000000 0.03081276
2.84000000 0.02968285
2.86000000 0.02859562
2.88000000 0.02754948
2.90000000 0.02654288
2.92000000 0.02557434
2.94000000 0.02464242
2.96000000 0.02374574
2.98000000 0.02288295
3.00000000 0.02205276
3.02000000 0.02125393
3.04000000 0.02048526
3.06000000 0.01974560
3.08000000 0.01903382
3.10000000 0.01834885
3.12000000 0.01768965
3.14000000 0.01705524
3.16000000 0.01644465
3.18000000 0.01585696
3.20000000 0.01529128
3.22000000 0.01474674
3.24000000 0.01422254
3.26000000 0.01371788
3.28000000 0.01323199
3.30000000 0.01276414
3.32000000 0.01231363
3.34000000 0.01187978
3.36000000 0.01146194
3.38000000 0.01105948
3.40000000 0.01067181
3.42000000 0.01029833
3.44000000 0.00993851
3.46000000 0.00959180
3.48000000 0.00925768
3.50000000 0.00893568
3.52000000 0.00862531
3.54000000 0.00832612
3.56000000 0.00803768
3.58000000 0.00775955
3.60000000 0.00749135
3.62000000 0.00723268
3.64000000 0.00698318
3.66000000 0.00674248
3.68000000 0.00651024
3.70000000 0.00628614
3.72000000 0.00606985
3.74000000 0.00586108
3.76000000 0.00565954
3.78000000 0.00546493
3.80000000 0.00527701
3.82000000 0.00509550
3.84000000 0.00492016
3.86000000 0.00475076
3.88000000 0.00458706
3.90000000 0.00442884
3.92000000 0.00427590
3.94000000 0.00412804
3.96000000 0.00398505
3.98000000 0.00384676
