-4.00000000 0.00819037
-3.98000000 0.00828298
-3.96000000 0.00837465
-3.94000000 0.00846639
-3.92000000 0.00855982
-3.90000000 0.00865660
-3.88000000 0.00875787
-3.86000000 0.00886384
-3.84000000 0.00897372
-3.82000000 0.00908594
-3.80000000 0.00919873
-3.78000000 0.00931072
-3.76000000 0.00942152
-3.74000000 0.00953185
-3.72000000 0.00964338
-3.70000000 0.00975818
-3.68000000 0.00987801
-3.66000000 0.01000372
-3.64000000 0.01013490
-3.62000000 0.01027003
-3.60000000 0.01040700
-3.58000000 0.01054383
-3.56000000 0.01067944
-3.54000000 0.01081407
-3.52000000 0.01094928
-3.50000000 0.01108748
-3.48000000 0.01123112
-3.46000000 0.01138184
-3.44000000 0.01153989
-3.42000000 0.01170403
-3.40000000 0.01187190
-3.38000000 0.01204088
-3.36000000 0.01220903
-3.34000000 0.01237585
-3.32000000 0.01254256
-3.30000000 0.01271177
-3.28000000 0.01288663
-3.26000000 0.01306978
-3.24000000 0.01326244
-3.22000000 0.01346392
-3.20000000 0.01367185
-3.18000000 0.01388299
-3.16000000 0.01409439
-3.14000000 0.01430449
-3.12000000 0.01451385
-3.10000000 0.01472502
-3.08000000 0.01494182
-3.06000000 0.01516810
-3.04000000 0.01540638
-3.02000000 0.01565698
-3.00000000 0.01591783
-2.98000000 0.01618521
-2.96000000 0.01645502
-2.94000000 0.01672432
-2.92000000 0.01699252
-2.90000000 0.01726177
-2.88000000 0.01753642
-2.86000000 0.01782166
-2.84000000 0.01812176
-2.82000000 0.01843861
-2.80000000 0.01877102
-2.78000000 0.01911503
-2.76000000 0.01946536
-2.74000000 0.01981728
-2.72000000 0.02016849
-2.70000000 0.02052017
-2.68000000 0.02087687
-2.66000000 0.02124523
-2.64000000 0.02163179
-2.62000000 0.02204080
-2.60000000 0.02247272
-2.58000000 0.02292397
-2.56000000 0.02338815
-2.54000000 0.02385835
-2.52000000 0.02432978
-2.50000000 0.02480182
-2.48000000 0.02527868
-2.46000000 0.02576838
-2.44000000 0.02628033
-2.42000000 0.02682224
-2.40000000 0.02739748
-2.38000000 0.02800383
-2.36000000 0.02863419
-2.34000000 0.02927913
-2.32000000 0.02993038
-2.30000000 0.03058428
-2.28000000 0.03124369
-2.26000000 0.03191777
-2.24000000 0.03261946
-2.22000000 0.03336149
-2.20000000 0.03415211
-2.18000000 0.03499228
-2.16000000 0.03587522
-2.14000000 0.03678881
-2.12000000 0.03772011
-2.10000000 0.03866054
-2.08000000 0.03960994
-2.06000000 0.04057789
-2.04000000 0.04158164
-2.02000000 0.04264121
-2.00000000 0.04377305
-1.98000000 0.04498460
-1.96000000 0.04627170
-1.94000000 0.04762007
-1.92000000 0.04901065
-1.90000000 0.05042723
-1.88000000 0.05186372
-1.86000000 0.05332853
-1.84000000 0.05484411
-1.82000000 0.05644143
-1.80000000 0.05815099
-1.78000000 0.05999324
-1.76000000 0.06197190
-1.74000000 0.06407291
-1.72000000 0.06626992
-1.70000000 0.06853499
-1.68000000 0.07085115
-1.66000000 0.07322245
-1.64000000 0.07567759
-1.62000000 0.07826517
-1.60000000 0.08104132
-1.58000000 0.08405364
-1.56000000 0.08732666
-1.54000000 0.09085469
-1.52000000 0.09460523
-1.50000000 0.09853332
-1.48000000 0.10260270
-1.46000000 0.10680707
-1.44000000 0.11118367
-1.42000000 0.11581327
-1.40000000 0.12080490
-1.38000000 0.12626908
-1.36000000 0.13228786
-1.34000000 0.13889252
-1.32000000 0.14605854
-1.30000000 0.15372230
-1.28000000 0.16181713
-1.26000000 0.17031850
-1.24000000 0.17928349
-1.22000000 0.18886935
-1.20000000 0.19932122
-1.18000000 0.21092886
-1.16000000 0.22396367
-1.14000000 0.23861694
-1.12000000 0.25496379
-1.10000000 0.27297281
-1.08000000 0.29256908
-1.06000000 0.31374028
-1.04000000 0.33665819
-1.02000000 0.36177662
-1.00000000 0.38986712
-0.98000000 0.42196887
-0.96000000 0.45925597
-0.94000000 0.50285904
-0.92000000 0.55370756
-0.90000000 0.61247482
-0.88000000 0.67969947
-0.86000000 0.75612272
-0.84000000 0.84322226
-0.82000000 0.94385336
-0.80000000 1.06284215
-0.78000000 1.20733502
-0.76000000 1.38670713
-0.74000000 1.61188326
-0.72000000 1.89402179
-0.70000000 2.24264453
-0.68000000 2.66343605
-0.66000000 3.15605490
-0.64000000 3.71236610
-0.62000000 4.31549656
-0.60000000 4.94002508
-0.58000000 5.55345458
-0.56000000 6.11890325
-0.54000000 6.59873023
-0.52000000 6.95862536
-0.50000000 7.17157890
-0.48000000 7.22113307
-0.46000000 7.10340962
-0.44000000 6.82759229
-0.42000000 6.41478715
-0.40000000 5.89544240
-0.38000000 5.30573378
-0.36000000 4.68347168
-0.34000000 4.06413540
-0.32000000 3.47758275
-0.30000000 2.94583629
-0.28000000 2.48214156
-0.26000000 2.09127056
-0.24000000 1.77084819
-0.22000000 1.51334331
-0.20000000 1.30830951
-0.18000000 1.14448592
-0.16000000 1.01145947
-0.14000000 0.90072194
-0.12000000 0.80609581
-0.10000000 0.72362334
-0.08000000 0.65109237
-0.06000000 0.58740129
-0.04000000 0.53194650
-0.02000000 0.48416242
0.00000000 0.44327405
0.02000000 0.40825512
0.04000000 0.37793518
0.06000000 0.35117521
0.08000000 0.32703388
0.10000000 0.30486893
0.12000000 0.28435075
0.14000000 0.26539710
0.16000000 0.24806058
0.18000000 0.23240912
0.20000000 0.21843509
0.22000000 0.20601399
0.24000000 0.19491534
0.26000000 0.18485213
0.28000000 0.17554601
0.30000000 0.16678424
0.32000000 0.15845101
0.34000000 0.15052643
0.36000000 0.14305776
0.38000000 0.13611566
0.40000000 0.12975114
0.42000000 0.12396663
0.44000000 0.11870827
0.46000000 0.11387896
0.48000000 0.10936513
0.50000000 0.10506658
0.52000000 0.10091938
0.54000000 0.09690501
0.56000000 0.09304428
0.58000000 0.08937976
0.60000000 0.08595360
0.62000000 0.08278849
0.64000000 0.07987749
0.66000000 0.07718522
0.68000000 0.07465862
0.70000000 0.07224278
0.72000000 0.06989616
0.74000000 0.06760007
0.76000000 0.06535994
0.78000000 0.06319869
0.80000000 0.06114513
0.82000000 0.05922163
0.84000000 0.05743525
0.86000000 0.05577492
0.88000000 0.05421504
0.90000000 0.05272370
0.92000000 0.05127249
0.94000000 0.04984430
0.96000000 0.04843692
0.98000000 0.04706133
1.00000000 0.04573587
1.02000000 0.04447850
1.04000000 0.04329978
1.06000000 0.04219907
1.08000000 0.04116470
1.10000000 0.04017803
1.12000000 0.03921942
1.14000000 0.03827430
1.16000000 0.03733705
1.18000000 0.03641161
1.20000000 0.03550895
1.22000000 0.03464229
1.24000000 0.03382202
1.26000000 0.03305188
1.28000000 0.03232771
1.30000000 0.03163899
1.32000000 0.03097235
1.34000000 0.03031599
1.36000000 0.02966312
1.38000000 0.02901369
1.40000000 0.02837357
1.42000000 0.02775196
1.44000000 0.02715774
1.46000000 0.02659622
1.48000000 0.02606729
1.50000000 0.02556555
1.52000000 0.02508224
1.54000000 0.02460816
1.56000000 0.02413660
1.58000000 0.02366533
1.60000000 0.02319684
1.62000000 0.02273709
1.64000000 0.02229311
1.66000000 0.02187036
1.68000000 0.02147084
1.70000000 0.02109243
1.72000000 0.02072970
1.74000000 0.02037578
1.76000000 0.02002467
1.78000000 0.01967310
1.80000000 0.01932138
1.82000000 0.01897299
1.84000000 0.01863313
1.86000000 0.01830675
1.88000000 0.01799680
1.90000000 0.01770318
1.92000000 0.01742289
1.94000000 0.01715107
1.96000000 0.01688267
1.98000000 0.01661413
2.00000000 0.01634440
2.02000000 0.01607513
2.04000000 0.01580992
2.06000000 0.01555288
2.08000000 0.01530721
2.10000000 0.01507403
2.12000000 0.01485204
2.14000000 0.01463804
2.16000000 0.01442803
2.18000000 0.01421857
2.20000000 0.01400787
2.22000000 0.01379630
2.24000000 0.01358607
2.26000000 0.01338041
2.28000000 0.01318234
2.30000000 0.01299361
2.32000000 0.01281410
2.34000000 0.01264193
2.36000000 0.01247412
2.38000000 0.01230761
2.40000000 0.01214029
2.42000000 0.01197165
2.44000000 0.01180284
2.46000000 0.01163617
2.48000000 0.01147429
2.50000000 0.01131917
2.52000000 0.01117147
2.54000000 0.01103033
2.56000000 0.01089366
2.58000000 0.01075895
2.60000000 0.01062404
2.62000000 0.01048788
2.64000000 0.01035079
2.66000000 0.01021431
2.68000000 0.01008056
2.70000000 0.00995149
2.72000000 0.00982822
2.74000000 0.00971061
2.76000000 0.00959740
2.78000000 0.00948660
2.80000000 0.00937624
2.82000000 0.00926498
2.84000000 0.00915255
2.86000000 0.00903979
2.88000000 0.00892831
2.90000000 0.00881988
2.92000000 0.00871579
2.94000000 0.00861645
2.96000000 0.00852122
2.98000000 0.00842869
3.00000000 0.00833715
3.02000000 0.00824517
3.04000000 0.00815210
3.06000000 0.00805823
3.08000000 0.00796465
3.10000000 0.00787285
3.12000000 0.00778414
3.14000000 0.00769928
3.16000000 0.00761812
3.18000000 0.00753974
3.20000000 0.00746278
3.22000000 0.00738588
3.24000000 0.00730814
3.26000000 0.00722944
3.28000000 0.00715042
3.30000000 0.00707221
3.32000000 0.00699608
3.34000000 0.00692291
3.36000000 0.00685295
3.38000000 0.00678572
3.40000000 0.00672019
3.42000000 0.00665515
3.44000000 0.00658963
3.46000000 0.00652320
3.48000000 0.00645611
3.50000000 0.00638918
3.52000000 0.00632347
3.54000000 0.00625993
3.56000000 0.00619906
3.58000000 0.00614073
3.60000000 0.00608426
3.62000000 0.00602864
3.64000000 0.00597291
3.66000000 0.00591645
3.68000000 0.00585921
3.70000000 0.00580168
3.72000000 0.00574473
3.74000000 0.00568926
3.76000000 0.00563590
3.78000000 0.00558481
3.80000000 0.00553560
3.82000000 0.00548751
3.84000000 0.00543964
3.86000000 0.00539131
3.88000000 0.00534223
3.90000000 0.00529262
3.92000000 0.00524310
3.94000000 0.00519447
3.96000000 0.00514743
3.98000000 0.00510231
