-4.00000000 0.00027287
-3.98000000 0.00029030
-3.96000000 0.00030830
-3.94000000 0.00032689
-3.92000000 0.00034609
-3.90000000 0.00036592
-3.88000000 0.00038640
-3.86000000 0.00040756
-3.84000000 0.00042940
-3.82000000 0.00045197
-3.80000000 0.00047527
-3.78000000 0.00049934
-3.76000000 0.00052420
-3.74000000 0.00054988
-3.72000000 0.00057640
-3.70000000 0.00060380
-3.68000000 0.00063210
-3.66000000 0.00066133
-3.64000000 0.00069153
-3.62000000 0.00072272
-3.60000000 0.00075495
-3.58000000 0.00078825
-3.56000000 0.00082265
-3.54000000 0.00085819
-3.52000000 0.00089492
-3.50000000 0.00093287
-3.48000000 0.00097209
-3.46000000 0.00101261
-3.44000000 0.00105450
-3.42000000 0.00109779
-3.40000000 0.00114253
-3.38000000 0.00118879
-3.36000000 0.00123660
-3.34000000 0.00128603
-3.32000000 0.00133713
-3.30000000 0.00138997
-3.28000000 0.00144461
-3.26000000 0.00150111
-3.24000000 0.00155955
-3.22000000 0.00161999
-3.20000000 0.00168251
-3.18000000 0.00174718
-3.16000000 0.00181409
-3.14000000 0.00188332
-3.12000000 0.00195496
-3.10000000 0.00202910
-3.08000000 0.00210583
-3.06000000 0.00218526
-3.04000000 0.00226748
-3.02000000 0.00235261
-3.00000000 0.00244076
-2.98000000 0.00253204
-2.96000000 0.00262659
-2.94000000 0.00272453
-2.92000000 0.00282598
-2.90000000 0.00293111
-2.88000000 0.00304005
-2.86000000 0.00315295
-2.84000000 0.00326998
-2.82000000 0.00339131
-2.80000000 0.00351711
-2.78000000 0.00364758
-2.76000000 0.00378290
-2.74000000 0.00392328
-2.72000000 0.00406892
-2.70000000 0.00422007
-2.68000000 0.00437695
-2.66000000 0.00453981
-2.64000000 0.00470891
-2.62000000 0.00488452
-2.60000000 0.00506692
-2.58000000 0.00525643
-2.56000000 0.00545336
-2.54000000 0.00565805
-2.52000000 0.00587083
-2.50000000 0.00609209
-2.48000000 0.00632222
-2.46000000 0.00656163
-2.44000000 0.00681075
-2.42000000 0.00707004
-2.40000000 0.00733998
-2.38000000 0.00762109
-2.36000000 0.00791392
-2.34000000 0.00821902
-2.32000000 0.00853701
-2.30000000 0.00886852
-2.28000000 0.00921424
-2.26000000 0.00957488
-2.24000000 0.00995121
-2.22000000 0.01034404
-2.20000000 0.01075422
-2.18000000 0.01118268
-2.16000000 0.01163038
-2.14000000 0.01209835
-2.12000000 0.01258769
-2.10000000 0.01309958
-2.08000000 0.01363527
-2.06000000 0.01419608
-2.04000000 0.01478344
-2.02000000 0.01539887
-2.00000000 0.01604400
-1.98000000 0.01672056
-1.96000000 0.01743042
-1.94000000 0.01817556
-1.92000000 0.01895815
-1.90000000 0.01978046
-1.88000000 0.02064498
-1.86000000 0.02155437
-1.84000000 0.02251148
-1.82000000 0.02351941
-1.80000000 0.02458148
-1.78000000 0.02570129
-1.76000000 0.02688273
-1.74000000 0.02813000
-1.72000000 0.02944768
-1.70000000 0.03084071
-1.68000000 0.03231447
-1.66000000 0.03387480
-1.64000000 0.03552809
-1.62000000 0.03728127
-1.60000000 0.03914193
-1.58000000 0.04111838
-1.56000000 0.04321970
-1.54000000 0.04545587
-1.52000000 0.04783784
-1.50000000 0.05037767
-1.48000000 0.05308866
-1.46000000 0.05598549
-1.44000000 0.05908441
-1.42000000 0.06240343
-1.40000000 0.06596255
-1.38000000 0.06978405
-1.36000000 0.07389276
-1.34000000 0.07831647
-1.32000000 0.08308628
-1.30000000 0.08823718
-1.28000000 0.09380852
-1.26000000 0.09984479
-1.24000000 0.10639632
-1.22000000 0.11352031
-1.20000000 0.12128188
-1.18000000 0.12975549
-1.16000000 0.13902649
-1.14000000 0.14919309
-1.12000000 0.16036873
-1.10000000 0.17268493
-1.08000000 0.18629481
-1.06000000 0.20137741
-1.04000000 0.21814304
-1.02000000 0.23683990
-1.00000000 0.25776247
-0.98000000 0.28126199
-0.96000000 0.30775977
-0.94000000 0.33776430
-0.92000000 0.37189319
-0.90000000 0.41090169
-0.88000000 0.45572004
-0.86000000 0.50750277
-0.84000000 0.56769419
-0.82000000 0.63811650
-0.80000000 0.72108875
-0.78000000 0.81958918
-0.76000000 0.93747777
-0.74000000 1.07980261
-0.72000000 1.25322156
-0.70000000 1.46657772
-0.68000000 1.73166785
-0.66000000 2.06421634
-0.64000000 2.48496579
-0.62000000 3.02049417
-0.60000000 3.70260184
-0.58000000 4.56340712
-0.56000000 5.62031149
-0.54000000 6.84266619
-0.52000000 8.10028804
-0.50000000 9.13171985
-0.48000000 9.61879260
-0.46000000 9.38789918
-0.44000000 8.54994132
-0.42000000 7.40129473
-0.40000000 6.21877771
-0.38000000 5.15889157
-0.36000000 4.27336946
-0.34000000 3.55766561
-0.32000000 2.98644164
-0.30000000 2.53111759
-0.28000000 2.16646191
-0.26000000 1.87215171
-0.24000000 1.63244907
-0.22000000 1.43535793
-0.20000000 1.27177054
-0.18000000 1.13475584
-0.16000000 1.01900897
-0.14000000 0.92043906
-0.12000000 0.83586495
-0.10000000 0.76279134
-0.08000000 0.69924387
-0.06000000 0.64364706
-0.04000000 0.59473342
-0.02000000 0.55147520
0.00000000 0.51303284
0.02000000 0.47871563
0.04000000 0.44795152
0.06000000 0.42026370
0.08000000 0.39525239
0.10000000 0.37258047
0.12000000 0.35196215
0.14000000 0.33315391
0.16000000 0.31594727
0.18000000 0.30016293
0.20000000 0.28564600
0.22000000 0.27226218
0.24000000 0.25989452
0.26000000 0.24844081
0.28000000 0.23781144
0.30000000 0.22792756
0.32000000 0.21871956
0.34000000 0.21012582
0.36000000 0.20209162
0.38000000 0.19456824
0.40000000 0.18751219
0.42000000 0.18088452
0.44000000 0.17465030
0.46000000 0.16877813
0.48000000 0.16323969
0.50000000 0.15800940
0.52000000 0.15306411
0.54000000 0.14838282
0.56000000 0.14394645
0.58000000 0.13973764
0.60000000 0.13574054
0.62000000 0.13194068
0.64000000 0.12832482
0.66000000 0.12488082
0.68000000 0.12159754
0.70000000 0.11846473
0.72000000 0.11547298
0.74000000 0.11261358
0.76000000 0.10987852
0.78000000 0.10726036
0.80000000 0.10475226
0.82000000 0.10234784
0.84000000 0.10004120
0.86000000 0.09782686
0.88000000 0.09569972
0.90000000 0.09365504
0.92000000 0.09168839
0.94000000 0.08979565
0.96000000 0.08797296
0.98000000 0.08621672
1.00000000 0.08452357
1.02000000 0.08289035
1.04000000 0.08131411
1.06000000 0.07979206
1.08000000 0.07832162
1.10000000 0.07690032
1.12000000 0.07552586
1.14000000 0.07419610
1.16000000 0.07290897
1.18000000 0.07166256
1.20000000 0.07045507
1.22000000 0.06928476
1.24000000 0.06815004
1.26000000 0.06704936
1.28000000 0.06598129
1.30000000 0.06494445
1.32000000 0.06393756
1.34000000 0.06295938
1.36000000 0.06200874
1.38000000 0.06108455
1.40000000 0.06018575
1.42000000 0.05931135
1.44000000 0.05846040
1.46000000 0.05763200
1.48000000 0.05682530
1.50000000 0.05603947
1.52000000 0.05527375
1.54000000 0.05452738
1.56000000 0.05379968
1.58000000 0.05308995
1.60000000 0.05239757
1.62000000 0.05172192
1.64000000 0.05106240
1.66000000 0.05041847
1.68000000 0.04978959
1.70000000 0.04917525
1.72000000 0.04857495
1.74000000 0.04798823
1.76000000 0.04741463
1.78000000 0.04685374
1.80000000 0.04630514
1.82000000 0.04576843
1.84000000 0.04524323
1.86000000 0.04472918
1.88000000 0.04422594
1.90000000 0.04373316
1.92000000 0.04325052
1.94000000 0.04277773
1.96000000 0.04231447
1.98000000 0.04186047
2.00000000 0.04141545
2.02000000 0.04097914
2.04000000 0.04055130
2.06000000 0.04013167
2.08000000 0.03972002
2.10000000 0.03931613
2.12000000 0.03891977
2.14000000 0.03853074
2.16000000 0.03814883
2.18000000 0.03777384
2.20000000 0.03740560
2.22000000 0.03704390
2.24000000 0.03668859
2.26000000 0.03633948
2.28000000 0.03599642
2.30000000 0.03565924
2.32000000 0.03532780
2.34000000 0.03500194
2.36000000 0.03468152
2.38000000 0.03436641
2.40000000 0.03405647
2.42000000 0.03375156
2.44000000 0.03345158
2.46000000 0.03315638
2.48000000 0.03286587
2.50000000 0.03257991
2.52000000 0.03229842
2.54000000 0.03202126
2.56000000 0.03174835
2.58000000 0.03147959
2.60000000 0.03121487
2.62000000 0.03095410
2.64000000 0.03069720
2.66000000 0.03044406
2.68000000 0.03019462
2.70000000 0.02994878
2.72000000 0.02970646
2.74000000 0.02946759
2.76000000 0.02923209
2.78000000 0.02899988
2.80000000 0.02877090
2.82000000 0.02854507
2.84000000 0.02832232
2.86000000 0.02810260
2.88000000 0.02788583
2.90000000 0.02767196
2.92000000 0.02746092
2.94000000 0.02725266
2.96000000 0.02704711
2.98000000 0.02684423
3.00000000 0.02664396
3.02000000 0.02644624
3.04000000 0.02625103
3.06000000 0.02605827
3.08000000 0.02586791
3.10000000 0.02567992
3.12000000 0.02549424
3.14000000 0.02531083
3.16000000 0.02512964
3.18000000 0.02495064
3.20000000 0.02477377
3.22000000 0.02459901
3.24000000 0.02442631
3.26000000 0.02425563
3.28000000 0.02408693
3.30000000 0.02392019
3.32000000 0.02375535
3.34000000 0.02359240
3.36000000 0.02343129
3.38000000 0.02327199
3.40000000 0.02311448
3.42000000 0.02295871
3.44000000 0.02280466
3.46000000 0.02265229
3.48000000 0.02250159
3.50000000 0.02235251
3.52000000 0.02220504
3.54000000 0.02205914
3.56000000 0.02191479
3.58000000 0.02177196
3.60000000 0.02163062
3.62000000 0.02149076
3.64000000 0.02135235
3.66000000 0.02121536
3.68000000 0.02107977
3.70000000 0.02094557
3.72000000 0.02081271
3.74000000 0.02068119
3.76000000 0.02055099
3.78000000 0.02042207
3.80000000 0.02029443
3.82000000 0.02016805
3.84000000 0.02004289
3.86000000 0.01991895
3.88000000 0.01979621
3.90000000 0.01967464
3.92000000 0.01955423
3.94000000 0.01943496
3.96000000 0.01931682
3.98000000 0.01919979
