-4.00000000 0.01632378
-3.98000000 0.01650884
-3.96000000 0.01669697
-3.94000000 0.01688830
-3.92000000 0.01708300
-3.90000000 0.01728121
-3.88000000 0.01748307
-3.86000000 0.01768866
-3.84000000 0.01789801
-3.82000000 0.01811114
-3.80000000 0.01832805
-3.78000000 0.01854876
-3.76000000 0.01877335
-3.74000000 0.01900197
-3.72000000 0.01923481
-3.70000000 0.01947207
-3.68000000 0.01971394
-3.66000000 0.01996056
-3.64000000 0.02021201
-3.62000000 0.02046833
-3.60000000 0.02072954
-3.58000000 0.02099566
-3.56000000 0.02126678
-3.54000000 0.02154305
-3.52000000 0.02182471
-3.50000000 0.02211200
-3.48000000 0.02240520
-3.46000000 0.02270452
-3.44000000 0.02301013
-3.42000000 0.02332211
-3.40000000 0.02364051
-3.38000000 0.02396536
-3.36000000 0.02429678
-3.34000000 0.02463492
-3.32000000 0.02498006
-3.30000000 0.02533252
-3.28000000 0.02569268
-3.26000000 0.02606087
-3.24000000 0.02643734
-3.22000000 0.02682228
-3.20000000 0.02721580
-3.18000000 0.02761797
-3.16000000 0.02802892
-3.14000000 0.02844885
-3.12000000 0.02887809
-3.10000000 0.02931705
-3.08000000 0.02976624
-3.06000000 0.03022614
-3.04000000 0.03069717
-3.02000000 0.03117966
-3.00000000 0.03167383
-2.98000000 0.03217985
-2.96000000 0.03269789
-2.94000000 0.03322821
-2.92000000 0.03377123
-2.90000000 0.03432748
-2.88000000 0.03489765
-2.86000000 0.03548243
-2.84000000 0.03608250
-2.82000000 0.03669843
-2.80000000 0.03733062
-2.78000000 0.03797941
-2.76000000 0.03864510
-2.74000000 0.03932805
-2.72000000 0.04002882
-2.70000000 0.04074814
-2.68000000 0.04148693
-2.66000000 0.04224624
-2.64000000 0.04302711
-2.62000000 0.04383047
-2.60000000 0.04465711
-2.58000000 0.04550765
-2.56000000 0.04638265
-2.54000000 0.04728270
-2.52000000 0.04820859
-2.50000000 0.04916135
-2.48000000 0.05014233
-2.46000000 0.05115308
-2.44000000 0.05219522
-2.42000000 0.05327035
-2.40000000 0.05437987
-2.38000000 0.05552496
-2.36000000 0.05670670
-2.34000000 0.05792612
-2.32000000 0.05918449
-2.30000000 0.06048341
-2.28000000 0.06182488
-2.26000000 0.06321133
-2.24000000 0.06464540
-2.22000000 0.06612978
-2.20000000 0.06766703
-2.18000000 0.06925943
-2.16000000 0.07090907
-2.14000000 0.07261795
-2.12000000 0.07438830
-2.10000000 0.07622278
-2.08000000 0.07812472
-2.06000000 0.08009808
-2.04000000 0.08214736
-2.02000000 0.08427734
-2.00000000 0.08649275
-1.98000000 0.08879812
-1.96000000 0.09119766
-1.94000000 0.09369549
-1.92000000 0.09629596
-1.90000000 0.09900403
-1.88000000 0.10182569
-1.86000000 0.10476804
-1.84000000 0.10783932
-1.82000000 0.11104851
-1.80000000 0.11440495
-1.78000000 0.11791795
-1.76000000 0.12159658
-1.74000000 0.12544986
-1.72000000 0.12948715
-1.70000000 0.13371886
-1.68000000 0.13815710
-1.66000000 0.14281618
-1.64000000 0.14771267
-1.62000000 0.15286518
-1.60000000 0.15829372
-1.58000000 0.16401905
-1.56000000 0.17006232
-1.54000000 0.17644509
-1.52000000 0.18318996
-1.50000000 0.19032172
-1.48000000 0.19786869
-1.46000000 0.20586390
-1.44000000 0.21434578
-1.42000000 0.22335813
-1.40000000 0.23294952
-1.38000000 0.24317227
-1.36000000 0.25408175
-1.34000000 0.26573639
-1.32000000 0.27819874
-1.30000000 0.29153779
-1.28000000 0.30583199
-1.26000000 0.32117247
-1.24000000 0.33766569
-1.22000000 0.35543481
-1.20000000 0.37461982
-1.18000000 0.39537673
-1.16000000 0.41787681
-1.14000000 0.44230720
-1.12000000 0.46887394
-1.10000000 0.49780807
-1.08000000 0.52937448
-1.06000000 0.56388235
-1.04000000 0.60169530
-1.02000000 0.64323939
-1.00000000 0.68900787
-0.98000000 0.73956265
-0.96000000 0.79553441
-0.94000000 0.85762435
-0.92000000 0.92661089
-0.90000000 1.00336356
-0.88000000 1.08886312
-0.86000000 1.18422294
-0.84000000 1.29070127
-0.82000000 1.40969020
-0.80000000 1.54266485
-0.78000000 1.69107792
-0.76000000 1.85619075
-0.74000000 2.03884190
-0.72000000 2.23916780
-0.70000000 2.45630385
-0.68000000 2.68810688
-0.66000000 2.93094711
-0.64000000 3.17961794
-0.62000000 3.42740343
-0.60000000 3.66632623
-0.58000000 3.88757526
-0.56000000 4.08208577
-0.54000000 4.24121902
-0.52000000 4.35746941
-0.50000000 4.42511663
-0.48000000 4.44074299
-0.46000000 4.40354987
-0.44000000 4.31543249
-0.42000000 4.18080301
-0.40000000 4.00618524
-0.38000000 3.79963299
-0.36000000 3.57004531
-0.34000000 3.32646100
-0.32000000 3.07741193
-0.30000000 2.83040038
-0.28000000 2.59154325
-0.26000000 2.36539947
-0.24000000 2.15497100
-0.22000000 1.96184684
-0.20000000 1.78644557
-0.18000000 1.62830723
-0.16000000 1.48638844
-0.14000000 1.35932486
-0.12000000 1.24563787
-0.10000000 1.14387701
-0.08000000 1.05270153
-0.06000000 0.97091291
-0.04000000 0.89745439
-0.02000000 0.83139348
0.00000000 0.77190014
0.02000000 0.71822884
0.04000000 0.66970773
0.06000000 0.62573434
0.08000000 0.58577495
0.10000000 0.54936417
0.12000000 0.51610231
0.14000000 0.48564917
0.16000000 0.45771503
0.18000000 0.43205006
0.20000000 0.40843440
0.22000000 0.38667032
0.24000000 0.36657739
0.26000000 0.34799056
0.28000000 0.33076026
0.30000000 0.31475333
0.32000000 0.29985354
0.34000000 0.28596097
0.36000000 0.27299005
0.38000000 0.26086659
0.40000000 0.24952459
0.42000000 0.23890340
0.44000000 0.22894590
0.46000000 0.21959792
0.48000000 0.21080856
0.50000000 0.20253111
0.52000000 0.19472391
0.54000000 0.18735079
0.56000000 0.18038076
0.58000000 0.17378711
0.60000000 0.16754612
0.62000000 0.16163570
0.64000000 0.15603453
0.66000000 0.15072159
0.68000000 0.14567634
0.70000000 0.14087928
0.72000000 0.13631258
0.74000000 0.13196056
0.76000000 0.12780988
0.78000000 0.12384918
0.80000000 0.12006856
0.82000000 0.11645889
0.84000000 0.11301116
0.86000000 0.10971619
0.88000000 0.10656463
0.90000000 0.10354723
0.92000000 0.10065528
0.94000000 0.09788096
0.96000000 0.09521764
0.98000000 0.09265979
1.00000000 0.09020273
1.02000000 0.08784228
1.04000000 0.08557430
1.06000000 0.08339446
1.08000000 0.08129813
1.10000000 0.07928053
1.12000000 0.07733696
1.14000000 0.07546310
1.16000000 0.07365526
1.18000000 0.07191039
1.20000000 0.07022604
1.22000000 0.06860010
1.24000000 0.06703056
1.26000000 0.06551526
1.28000000 0.06405181
1.30000000 0.06263759
1.32000000 0.06126988
1.34000000 0.05994612
1.36000000 0.05866404
1.38000000 0.05742180
1.40000000 0.05621795
1.42000000 0.05505136
1.44000000 0.05392097
1.46000000 0.05282571
1.48000000 0.05176427
1.50000000 0.05073519
1.52000000 0.04973684
1.54000000 0.04876760
1.56000000 0.04782600
1.58000000 0.04691081
1.60000000 0.04602110
1.62000000 0.04515619
1.64000000 0.04431551
1.66000000 0.04349850
1.68000000 0.04270446
1.70000000 0.04193255
1.72000000 0.04118177
1.74000000 0.04045108
1.76000000 0.03973947
1.78000000 0.03904608
1.80000000 0.03837025
1.82000000 0.03771152
1.84000000 0.03706957
1.86000000 0.03644409
1.88000000 0.03583472
1.90000000 0.03524099
1.92000000 0.03466228
1.94000000 0.03409790
1.96000000 0.03354715
1.98000000 0.03300939
2.00000000 0.03248414
2.02000000 0.03197105
2.04000000 0.03146990
2.06000000 0.03098054
2.08000000 0.03050278
2.10000000 0.03003636
2.12000000 0.02958091
2.14000000 0.02913597
2.16000000 0.02870105
2.18000000 0.02827567
2.20000000 0.02785945
2.22000000 0.02745212
2.24000000 0.02705350
2.26000000 0.02666351
2.28000000 0.02628205
2.30000000 0.02590900
2.32000000 0.02554414
2.34000000 0.02518718
2.36000000 0.02483776
2.38000000 0.02449553
2.40000000 0.02416017
2.42000000 0.02383146
2.44000000 0.02350926
2.46000000 0.02319349
2.48000000 0.02288413
2.50000000 0.02258111
2.52000000 0.02228432
2.54000000 0.02199357
2.56000000 0.02170863
2.58000000 0.02142921
2.60000000 0.02115507
2.62000000 0.02088601
2.64000000 0.02062191
2.66000000 0.02036271
2.68000000 0.02010838
2.70000000 0.01985892
2.72000000 0.01961426
2.74000000 0.01937430
2.76000000 0.01913888
2.78000000 0.01890779
2.80000000 0.01868084
2.82000000 0.01845785
2.84000000 0.01823871
2.86000000 0.01802335
2.88000000 0.01781177
2.90000000 0.01760396
2.92000000 0.01739990
2.94000000 0.01719955
2.96000000 0.01700280
2.98000000 0.01680950
3.00000000 0.01661950
3.02000000 0.01643264
3.04000000 0.01624882
3.06000000 0.01606797
3.08000000 0.01589008
3.10000000 0.01571516
3.12000000 0.01554320
3.14000000 0.01537420
3.16000000 0.01520808
3.18000000 0.01504475
3.20000000 0.01488408
3.22000000 0.01472595
3.24000000 0.01457027
3.26000000 0.01441695
3.28000000 0.01426598
3.30000000 0.01411737
3.32000000 0.01397113
3.34000000 0.01382725
3.36000000 0.01368572
3.38000000 0.01354645
3.40000000 0.01340937
3.42000000 0.01327438
3.44000000 0.01314136
3.46000000 0.01301027
3.48000000 0.01288107
3.50000000 0.01275377
3.52000000 0.01262836
3.54000000 0.01250487
3.56000000 0.01238329
3.58000000 0.01226359
3.60000000 0.01214569
3.62000000 0.01202951
3.64000000 0.01191498
3.66000000 0.01180202
3.68000000 0.01169061
3.70000000 0.01158073
3.72000000 0.01147240
3.74000000 0.01136562
3.76000000 0.01126042
3.78000000 0.01115676
3.80000000 0.01105462
3.82000000 0.01095391
3.84000000 0.01085459
3.86000000 0.01075658
3.88000000 0.01065984
3.90000000 0.01056436
3.92000000 0.01047014
3.94000000 0.01037720
3.96000000 0.01028556
3.98000000 0.01019520
