-4.00000000 -0.00153981
-3.98000000 -0.00153776
-3.96000000 -0.00154956
-3.94000000 -0.00157616
-3.92000000 -0.00161336
-3.90000000 -0.00165309
-3.88000000 -0.00168619
-3.86000000 -0.00170557
-3.84000000 -0.00170885
-3.82000000 -0.00169935
-3.80000000 -0.00168513
-3.78000000 -0.00167629
-3.76000000 -0.00168146
-3.74000000 -0.00170468
-3.72000000 -0.00174381
-3.70000000 -0.00179102
-3.68000000 -0.00183543
-3.66000000 -0.00186679
-3.64000000 -0.00187920
-3.62000000 -0.00187338
-3.60000000 -0.00185662
-3.58000000 -0.00184049
-3.56000000 -0.00183690
-3.54000000 -0.00185382
-3.52000000 -0.00189234
-3.50000000 -0.00194601
-3.48000000 -0.00200280
-3.46000000 -0.00204921
-3.44000000 -0.00207497
-3.42000000 -0.00207686
-3.40000000 -0.00206013
-3.38000000 -0.00203700
-3.36000000 -0.00202260
-3.34000000 -0.00202969
-3.32000000 -0.00206403
-3.30000000 -0.00212202
-3.28000000 -0.00219162
-3.26000000 -0.00225622
-3.24000000 -0.00230041
-3.22000000 -0.00231552
-3.20000000 -0.00230300
-3.18000000 -0.00227434
-3.16000000 -0.00224749
-3.14000000 -0.00224067
-3.12000000 -0.00226595
-3.10000000 -0.00232465
-3.08000000 -0.00240634
-3.06000000 -0.00249209
-3.04000000 -0.00256076
-3.02000000 -0.00259647
-3.00000000 -0.00259456
-2.98000000 -0.00256372
-2.96000000 -0.00252361
-2.94000000 -0.00249835
-2.92000000 -0.00250812
-2.90000000 -0.00256178
-2.88000000 -0.00265313
-2.86000000 -0.00276238
-2.84000000 -0.00286252
-2.82000000 -0.00292863
-2.80000000 -0.00294688
-2.78000000 -0.00292007
-2.76000000 -0.00286755
-2.74000000 -0.00281910
-2.72000000 -0.00280494
-2.70000000 -0.00284487
-2.68000000 -0.00294066
-2.66000000 -0.00307443
-2.64000000 -0.00321393
-2.62000000 -0.00332333
-2.60000000 -0.00337584
-2.58000000 -0.00336383
-2.56000000 -0.00330268
-2.54000000 -0.00322664
-2.52000000 -0.00317767
-2.50000000 -0.00319083
-2.48000000 -0.00328136
-2.46000000 -0.00343797
-2.44000000 -0.00362529
-2.42000000 -0.00379507
-2.40000000 -0.00390274
-2.38000000 -0.00392360
-2.36000000 -0.00386302
-2.34000000 -0.00375646
-2.32000000 -0.00365872
-2.30000000 -0.00362553
-2.28000000 -0.00369357
-2.26000000 -0.00386607
-2.24000000 -0.00410930
-2.22000000 -0.00436221
-2.20000000 -0.00455650
-2.18000000 -0.00464068
-2.16000000 -0.00459989
-2.14000000 -0.00446390
-2.12000000 -0.00429968
-2.10000000 -0.00419008
-2.08000000 -0.00420517
-2.06000000 -0.00437599
-2.04000000 -0.00468039
-2.02000000 -0.00504689
-2.00000000 -0.00537655
-1.98000000 -0.00557660
-1.96000000 -0.00559441
-1.94000000 -0.00543993
-1.92000000 -0.00518735
-1.90000000 -0.00495373
-1.88000000 -0.00486043
-1.86000000 -0.00498956
-1.84000000 -0.00535080
-1.82000000 -0.00587145
-1.80000000 -0.00641523
-1.78000000 -0.00682589
-1.76000000 -0.00698203
-1.74000000 -0.00684457
-1.72000000 -0.00647900
-1.70000000 -0.00604203
-1.68000000 -0.00573386
-1.66000000 -0.00572992
-1.64000000 -0.00611454
-1.62000000 -0.00684064
-1.60000000 -0.00773282
-1.58000000 -0.00853720
-1.56000000 -0.00900532
-1.54000000 -0.00898548
-1.52000000 -0.00848947
-1.50000000 -0.00770777
-1.48000000 -0.00696164
-1.46000000 -0.00660195
-1.44000000 -0.00688459
-1.42000000 -0.00786470
-1.40000000 -0.00935019
-1.38000000 -0.01093898
-1.36000000 -0.01213783
-1.34000000 -0.01253074
-1.32000000 -0.01194312
-1.30000000 -0.01054181
-1.28000000 -0.00882566
-1.26000000 -0.00749352
-1.24000000 -0.00721880
-1.22000000 -0.00839703
-1.20000000 -0.01095313
-1.18000000 -0.01428766
-1.16000000 -0.01740488
-1.14000000 -0.01920836
-1.12000000 -0.01888794
-1.10000000 -0.01627604
-1.08000000 -0.01203996
-1.06000000 -0.00760891
-1.04000000 -0.00480820
-1.02000000 -0.00526919
-1.00000000 -0.00977570
-0.98000000 -0.01776374
-0.96000000 -0.02718601
-0.94000000 -0.03487640
-0.92000000 -0.03741225
-0.90000000 -0.03230535
-0.88000000 -0.01920186
-0.86000000 -0.00068583
-0.84000000 0.01770043
-0.82000000 0.02846943
-0.80000000 0.02424632
-0.78000000 0.00058970
-0.76000000 -0.04098298
-0.74000000 -0.09050795
-0.72000000 -0.12839498
-0.70000000 -0.12616355
-0.68000000 -0.04936656
-0.66000000 0.13748192
-0.64000000 0.46463820
-0.62000000 0.95057637
-0.60000000 1.59641491
-0.58000000 2.38253956
-0.56000000 3.26832794
-0.54000000 4.19535150
-0.52000000 5.09378234
-0.50000000 5.89109893
-0.48000000 6.52170095
-0.46000000 6.93581791
-0.44000000 7.10618318
-0.42000000 7.03133357
-0.40000000 6.73500750
-0.38000000 6.26182593
-0.36000000 5.67010541
-0.34000000 5.02313554
-0.32000000 4.38046265
-0.30000000 3.79062451
-0.28000000 3.28641216
-0.26000000 2.88318406
-0.24000000 2.58014930
-0.22000000 2.36399890
-0.20000000 2.21390188
-0.18000000 2.10675475
-0.16000000 2.02168281
-0.14000000 1.94309046
-0.12000000 1.86196023
-0.10000000 1.77550737
-0.08000000 1.68561993
-0.06000000 1.59669206
-0.04000000 1.51347362
-0.02000000 1.43943048
0.00000000 1.37589053
0.02000000 1.32200523
0.04000000 1.27534880
0.06000000 1.23285149
0.08000000 1.19173764
0.10000000 1.15020304
0.12000000 1.10768876
0.14000000 1.06474733
0.16000000 1.02261307
0.18000000 0.98265321
0.20000000 0.94588088
0.22000000 0.91266272
0.24000000 0.88267594
0.26000000 0.85508692
0.28000000 0.82886217
0.30000000 0.80309643
0.32000000 0.77725455
0.34000000 0.75126497
0.36000000 0.72545672
0.38000000 0.70038098
0.40000000 0.67658831
0.42000000 0.65443686
0.44000000 0.63398772
0.46000000 0.61500900
0.48000000 0.59707384
0.50000000 0.57970966
0.52000000 0.56254498
0.54000000 0.54540729
0.56000000 0.52834629
0.58000000 0.51158340
0.60000000 0.49541191
0.62000000 0.48008523
0.64000000 0.46573043
0.66000000 0.45231238
0.68000000 0.43965475
0.70000000 0.42750528
0.72000000 0.41561967
0.74000000 0.40383502
0.76000000 0.39210973
0.78000000 0.38052023
0.80000000 0.36921950
0.82000000 0.35837448
0.84000000 0.34810481
0.86000000 0.33844290
0.88000000 0.32932638
0.90000000 0.32062281
0.92000000 0.31217553
0.94000000 0.30385386
0.96000000 0.29559072
0.98000000 0.28739622
1.00000000 0.27934466
1.02000000 0.27154151
1.04000000 0.26408267
1.06000000 0.25702023
1.08000000 0.25034562
1.10000000 0.24399429
1.12000000 0.23786884
1.14000000 0.23187150
1.16000000 0.22593445
1.18000000 0.22003807
1.20000000 0.21421184
1.22000000 0.20851890
1.24000000 0.20303043
1.26000000 0.19779927
1.28000000 0.19284149
1.30000000 0.18813163
1.32000000 0.18361225
1.34000000 0.17921365
1.36000000 0.17487648
1.38000000 0.17056953
1.40000000 0.16629686
1.42000000 0.16209285
1.44000000 0.15800728
1.46000000 0.15408626
1.48000000 0.15035558
1.50000000 0.14681202
1.52000000 0.14342493
1.54000000 0.14014705
1.56000000 0.13693034
1.58000000 0.13374117
1.60000000 0.13056985
1.62000000 0.12743151
1.64000000 0.12435864
1.66000000 0.12138818
1.68000000 0.11854789
1.70000000 0.11584652
1.72000000 0.11327113
1.74000000 0.11079175
1.76000000 0.10837170
1.78000000 0.10597967
1.80000000 0.10359925
1.82000000 0.10123309
1.84000000 0.09890033
1.86000000 0.09662857
1.88000000 0.09444348
1.90000000 0.09235953
1.92000000 0.09037507
1.94000000 0.08847307
1.96000000 0.08662718
1.98000000 0.08481054
2.00000000 0.08300445
2.02000000 0.08120388
2.04000000 0.07941798
2.06000000 0.07766590
2.08000000 0.07596932
2.10000000 0.07434451
2.12000000 0.07279663
2.14000000 0.07131806
2.16000000 0.06989119
2.18000000 0.06849447
2.20000000 0.06710957
2.22000000 0.06572714
2.24000000 0.06434925
2.26000000 0.06298785
2.28000000 0.06165993
2.30000000 0.06038121
2.32000000 0.05916051
2.34000000 0.05799675
2.36000000 0.05687942
2.38000000 0.05579232
2.40000000 0.05471904
2.42000000 0.05364831
2.44000000 0.05257740
2.46000000 0.05151246
2.48000000 0.05046583
2.50000000 0.04945132
2.52000000 0.04847922
2.54000000 0.04755272
2.56000000 0.04666686
2.58000000 0.04581036
2.60000000 0.04496951
2.62000000 0.04413279
2.64000000 0.04329451
2.66000000 0.04245639
2.68000000 0.04162649
2.70000000 0.04081605
2.72000000 0.04003536
2.74000000 0.03929013
2.76000000 0.03857951
2.78000000 0.03789649
2.80000000 0.03723039
2.82000000 0.03657048
2.84000000 0.03590957
2.86000000 0.03524616
2.88000000 0.03458465
2.90000000 0.03393351
2.92000000 0.03330208
2.94000000 0.03269723
2.96000000 0.03212098
2.98000000 0.03156986
3.00000000 0.03103617
3.02000000 0.03051066
3.04000000 0.02998567
3.06000000 0.02945758
3.08000000 0.02892783
3.10000000 0.02840218
3.12000000 0.02788847
3.14000000 0.02739379
3.16000000 0.02692196
3.18000000 0.02647227
3.20000000 0.02603975
3.22000000 0.02561698
3.24000000 0.02519660
3.26000000 0.02477376
3.28000000 0.02434768
3.30000000 0.02392167
3.32000000 0.02350179
3.34000000 0.02309467
3.36000000 0.02270508
3.38000000 0.02233432
3.40000000 0.02197983
3.42000000 0.02163606
3.44000000 0.02129651
3.46000000 0.02095582
3.48000000 0.02061164
3.50000000 0.02026520
3.52000000 0.01992078
3.54000000 0.01958407
3.56000000 0.01926014
3.58000000 0.01895163
3.60000000 0.01865792
3.62000000 0.01837532
3.64000000 0.01809844
3.66000000 0.01782203
3.68000000 0.01754273
3.70000000 0.01726014
3.72000000 0.01697683
3.74000000 0.01669734
3.76000000 0.01642650
3.78000000 0.01616776
3.80000000 0.01592196
3.82000000 0.01568708
3.84000000 0.01545902
3.86000000 0.01523299
3.88000000 0.01500517
3.90000000 0.01477394
3.92000000 0.01454039
3.94000000 0.01430781
3.96000000 0.01408045
3.98000000 0.01386205
