-4.00000000 0.00808402
-3.98000000 0.00817669
-3.96000000 0.00827097
-3.94000000 0.00836689
-3.92000000 0.00846449
-3.90000000 0.00856381
-3.88000000 0.00866488
-3.86000000 0.00876776
-3.84000000 0.00887247
-3.82000000 0.00897907
-3.80000000 0.00908761
-3.78000000 0.00919812
-3.76000000 0.00931067
-3.74000000 0.00942529
-3.72000000 0.00954204
-3.70000000 0.00966097
-3.68000000 0.00978214
-3.66000000 0.00990560
-3.64000000 0.01003141
-3.62000000 0.01015964
-3.60000000 0.01029034
-3.58000000 0.01042357
-3.56000000 0.01055941
-3.54000000 0.01069793
-3.52000000 0.01083918
-3.50000000 0.01098325
-3.48000000 0.01113021
-3.46000000 0.01128014
-3.44000000 0.01143312
-3.42000000 0.01158923
-3.40000000 0.01174856
-3.38000000 0.01191120
-3.36000000 0.01207724
-3.34000000 0.01224677
-3.32000000 0.01241990
-3.30000000 0.01259672
-3.28000000 0.01277734
-3.26000000 0.01296188
-3.24000000 0.01315043
-3.22000000 0.01334314
-3.20000000 0.01354011
-3.18000000 0.01374147
-3.16000000 0.01394735
-3.14000000 0.01415789
-3.12000000 0.01437324
-3.10000000 0.01459354
-3.08000000 0.01481893
-3.06000000 0.01504959
-3.04000000 0.01528567
-3.02000000 0.01552735
-3.00000000 0.01577480
-2.98000000 0.01602821
-2.96000000 0.01628778
-2.94000000 0.01655369
-2.92000000 0.01682617
-2.90000000 0.01710544
-2.88000000 0.01739170
-2.86000000 0.01768521
-2.84000000 0.01798621
-2.82000000 0.01829496
-2.80000000 0.01861172
-2.78000000 0.01893677
-2.76000000 0.01927041
-2.74000000 0.01961294
-2.72000000 0.01996468
-2.70000000 0.02032596
-2.68000000 0.02069713
-2.66000000 0.02107855
-2.64000000 0.02147061
-2.62000000 0.02187370
-2.60000000 0.02228824
-2.58000000 0.02271467
-2.56000000 0.02315345
-2.54000000 0.02360505
-2.52000000 0.02406999
-2.50000000 0.02454879
-2.48000000 0.02504201
-2.46000000 0.02555023
-2.44000000 0.02607407
-2.42000000 0.02661417
-2.40000000 0.02717122
-2.38000000 0.02774592
-2.36000000 0.02833903
-2.34000000 0.02895135
-2.32000000 0.02958371
-2.30000000 0.03023700
-2.28000000 0.03091215
-2.26000000 0.03161014
-2.24000000 0.03233202
-2.22000000 0.03307888
-2.20000000 0.03385189
-2.18000000 0.03465230
-2.16000000 0.03548139
-2.14000000 0.03634057
-2.12000000 0.03723129
-2.10000000 0.03815513
-2.08000000 0.03911374
-2.06000000 0.04010889
-2.04000000 0.04114245
-2.02000000 0.04221643
-2.00000000 0.04333296
-1.98000000 0.04449431
-1.96000000 0.04570291
-1.94000000 0.04696135
-1.92000000 0.04827241
-1.90000000 0.04963906
-1.88000000 0.05106448
-1.86000000 0.05255209
-1.84000000 0.05410554
-1.82000000 0.05572877
-1.80000000 0.05742602
-1.78000000 0.05920186
-1.76000000 0.06106118
-1.74000000 0.06300931
-1.72000000 0.06505198
-1.70000000 0.06719539
-1.68000000 0.06944625
-1.66000000 0.07181186
-1.64000000 0.07430013
-1.62000000 0.07691966
-1.60000000 0.07967983
-1.58000000 0.08259087
-1.56000000 0.08566393
-1.54000000 0.08891123
-1.52000000 0.09234616
-1.50000000 0.09598340
-1.48000000 0.09983910
-1.46000000 0.10393107
-1.44000000 0.10827891
-1.42000000 0.11290435
-1.40000000 0.11783142
-1.38000000 0.12308682
-1.36000000 0.12870026
-1.34000000 0.13470485
-1.32000000 0.14113763
-1.30000000 0.14804008
-1.28000000 0.15545880
-1.26000000 0.16344630
-1.24000000 0.17206189
-1.22000000 0.18137277
-1.20000000 0.19145529
-1.18000000 0.20239652
-1.16000000 0.21429606
-1.14000000 0.22726826
-1.12000000 0.24144490
-1.10000000 0.25697843
-1.08000000 0.27404596
-1.06000000 0.29285414
-1.04000000 0.31364522
-1.02000000 0.33670453
-1.00000000 0.36236993
-0.98000000 0.39104361
-0.96000000 0.42320713
-0.94000000 0.45944061
-0.92000000 0.50044741
-0.90000000 0.54708616
-0.88000000 0.60041264
-0.86000000 0.66173492
-0.84000000 0.73268672
-0.82000000 0.81532561
-0.80000000 0.91226555
-0.78000000 1.02685711
-0.76000000 1.16343338
-0.74000000 1.32764670
-0.72000000 1.52692765
-0.70000000 1.77110291
-0.68000000 2.07320036
-0.66000000 2.45042368
-0.64000000 2.92512718
-0.62000000 3.52520934
-0.60000000 4.28234997
-0.58000000 5.22445752
-0.56000000 6.35558624
-0.54000000 7.61600611
-0.52000000 8.83044919
-0.50000000 9.69960878
-0.48000000 9.92160987
-0.46000000 9.40701595
-0.44000000 8.35539745
-0.42000000 7.09198236
-0.40000000 5.87099051
-0.38000000 4.81487576
-0.36000000 3.95107010
-0.34000000 3.26215505
-0.32000000 2.71714972
-0.30000000 2.28545518
-0.28000000 1.94140764
-0.26000000 1.66486496
-0.24000000 1.44045933
-0.22000000 1.25658432
-0.20000000 1.10448144
-0.18000000 0.97751365
-0.16000000 0.87061696
-0.14000000 0.77989581
-0.12000000 0.70232701
-0.10000000 0.63554331
-0.08000000 0.57767466
-0.06000000 0.52723105
-0.04000000 0.48301552
-0.02000000 0.44405889
0.00000000 0.40957060
0.02000000 0.37890119
0.04000000 0.35151357
0.06000000 0.32696076
0.08000000 0.30486855
0.10000000 0.28492188
0.12000000 0.26685410
0.14000000 0.25043835
0.16000000 0.23548076
0.18000000 0.22181485
0.20000000 0.20929707
0.22000000 0.19780316
0.24000000 0.18722509
0.26000000 0.17746865
0.28000000 0.16845137
0.30000000 0.16010081
0.32000000 0.15235314
0.34000000 0.14515197
0.36000000 0.13844731
0.38000000 0.13219474
0.40000000 0.12635468
0.42000000 0.12089175
0.44000000 0.11577430
0.46000000 0.11097391
0.48000000 0.10646499
0.50000000 0.10222450
0.52000000 0.09823161
0.54000000 0.09446748
0.56000000 0.09091501
0.58000000 0.08755867
0.60000000 0.08438431
0.62000000 0.08137906
0.64000000 0.07853114
0.66000000 0.07582978
0.68000000 0.07326513
0.70000000 0.07082812
0.72000000 0.06851045
0.74000000 0.06630447
0.76000000 0.06420313
0.78000000 0.06219992
0.80000000 0.06028885
0.82000000 0.05846436
0.84000000 0.05672130
0.86000000 0.05505491
0.88000000 0.05346076
0.90000000 0.05193476
0.92000000 0.05047306
0.94000000 0.04907212
0.96000000 0.04772862
0.98000000 0.04643947
1.00000000 0.04520178
1.02000000 0.04401285
1.04000000 0.04287015
1.06000000 0.04177132
1.08000000 0.04071415
1.10000000 0.03969657
1.12000000 0.03871661
1.14000000 0.03777246
1.16000000 0.03686238
1.18000000 0.03598477
1.20000000 0.03513809
1.22000000 0.03432092
1.24000000 0.03353189
1.26000000 0.03276974
1.28000000 0.03203325
1.30000000 0.03132129
1.32000000 0.03063278
1.34000000 0.02996671
1.36000000 0.02932211
1.38000000 0.02869806
1.40000000 0.02809371
1.42000000 0.02750824
1.44000000 0.02694086
1.46000000 0.02639085
1.48000000 0.02585749
1.50000000 0.02534013
1.52000000 0.02483812
1.54000000 0.02435088
1.56000000 0.02387783
1.58000000 0.02341841
1.60000000 0.02297213
1.62000000 0.02253846
1.64000000 0.02211696
1.66000000 0.02170716
1.68000000 0.02130864
1.70000000 0.02092099
1.72000000 0.02054381
1.74000000 0.02017674
1.76000000 0.01981941
1.78000000 0.01947149
1.80000000 0.01913264
1.82000000 0.01880255
1.84000000 0.01848093
1.86000000 0.01816749
1.88000000 0.01786195
1.90000000 0.01756405
1.92000000 0.01727354
1.94000000 0.01699017
1.96000000 0.01671371
1.98000000 0.01644395
2.00000000 0.01618066
2.02000000 0.01592364
2.04000000 0.01567269
2.06000000 0.01542762
2.08000000 0.01518826
2.10000000 0.01495442
2.12000000 0.01472594
2.14000000 0.01450266
2.16000000 0.01428441
2.18000000 0.01407105
2.20000000 0.01386243
2.22000000 0.01365841
2.24000000 0.01345887
2.26000000 0.01326366
2.28000000 0.01307267
2.30000000 0.01288578
2.32000000 0.01270286
2.34000000 0.01252381
2.36000000 0.01234851
2.38000000 0.01217687
2.40000000 0.01200878
2.42000000 0.01184415
2.44000000 0.01168288
2.46000000 0.01152488
2.48000000 0.01137006
2.50000000 0.01121834
2.52000000 0.01106964
2.54000000 0.01092387
2.56000000 0.01078096
2.58000000 0.01064084
2.60000000 0.01050343
2.62000000 0.01036866
2.64000000 0.01023648
2.66000000 0.01010680
2.68000000 0.00997957
2.70000000 0.00985473
2.72000000 0.00973221
2.74000000 0.00961196
2.76000000 0.00949393
2.78000000 0.00937806
2.80000000 0.00926430
2.82000000 0.00915260
2.84000000 0.00904290
2.86000000 0.00893516
2.88000000 0.00882934
2.90000000 0.00872538
2.92000000 0.00862325
2.94000000 0.00852290
2.96000000 0.00842429
2.98000000 0.00832739
3.00000000 0.00823214
3.02000000 0.00813853
3.04000000 0.00804649
3.06000000 0.00795601
3.08000000 0.00786705
3.10000000 0.00777957
3.12000000 0.00769355
3.14000000 0.00760894
3.16000000 0.00752572
3.18000000 0.00744385
3.20000000 0.00736332
3.22000000 0.00728408
3.24000000 0.00720612
3.26000000 0.00712940
3.28000000 0.00705390
3.30000000 0.00697959
3.32000000 0.00690646
3.34000000 0.00683446
3.36000000 0.00676358
3.38000000 0.00669380
3.40000000 0.00662510
3.42000000 0.00655745
3.44000000 0.00649083
3.46000000 0.00642521
3.48000000 0.00636059
3.50000000 0.00629694
3.52000000 0.00623424
3.54000000 0.00617247
3.56000000 0.00611161
3.58000000 0.00605165
3.60000000 0.00599257
3.62000000 0.00593435
3.64000000 0.00587697
3.66000000 0.00582042
3.68000000 0.00576469
3.70000000 0.00570975
3.72000000 0.00565559
3.74000000 0.00560220
3.76000000 0.00554956
3.78000000 0.00549766
3.80000000 0.00544648
3.82000000 0.00539602
3.84000000 0.00534625
3.86000000 0.00529717
3.88000000 0.00524876
3.90000000 0.00520101
3.92000000 0.00515391
3.94000000 0.00510745
3.96000000 0.00506161
3.98000000 0.00501639
