-4.00000000 0.00417267
-3.98000000 0.00452770
-3.96000000 0.00490936
-3.94000000 0.00531955
-3.92000000 0.00576035
-3.90000000 0.00623397
-3.88000000 0.00674282
-3.86000000 0.00728951
-3.84000000 0.00787689
-3.82000000 0.00850801
-3.80000000 0.00918617
-3.78000000 0.00991494
-3.76000000 0.01069813
-3.74000000 0.01153985
-3.72000000 0.01244448
-3.70000000 0.01341675
-3.68000000 0.01446168
-3.66000000 0.01558466
-3.64000000 0.01679139
-3.62000000 0.01808796
-3.60000000 0.01948078
-3.58000000 0.02097657
-3.56000000 0.02258238
-3.54000000 0.02430558
-3.52000000 0.02615378
-3.50000000 0.02813490
-3.48000000 0.03025710
-3.46000000 0.03252876
-3.44000000 0.03495849
-3.42000000 0.03755509
-3.40000000 0.04032753
-3.38000000 0.04328495
-3.36000000 0.04643662
-3.34000000 0.04979199
-3.32000000 0.05336069
-3.30000000 0.05715263
-3.28000000 0.06117801
-3.26000000 0.06544746
-3.24000000 0.06997217
-3.22000000 0.07476398
-3.20000000 0.07983555
-3.18000000 0.08520054
-3.16000000 0.09087375
-3.14000000 0.09687128
-3.12000000 0.10321075
-3.10000000 0.10991144
-3.08000000 0.11699444
-3.06000000 0.12448281
-3.04000000 0.13240165
-3.02000000 0.14077817
-3.00000000 0.14964168
-2.98000000 0.15902351
-2.96000000 0.16895691
-2.94000000 0.17947676
-2.92000000 0.19061938
-2.90000000 0.20242207
-2.88000000 0.21492272
-2.86000000 0.22815926
-2.84000000 0.24216906
-2.82000000 0.25698825
-2.80000000 0.27265100
-2.78000000 0.28918878
-2.76000000 0.30662965
-2.74000000 0.32499751
-2.72000000 0.34431160
-2.70000000 0.36458603
-2.68000000 0.38582953
-2.66000000 0.40804548
-2.64000000 0.43123216
-2.62000000 0.45538320
-2.60000000 0.48048844
-2.58000000 0.50653480
-2.56000000 0.53350752
-2.54000000 0.56139137
-2.52000000 0.59017197
-2.50000000 0.61983706
-2.48000000 0.65037763
-2.46000000 0.68178890
-2.44000000 0.71407103
-2.42000000 0.74722953
-2.40000000 0.78127541
-2.38000000 0.81622495
-2.36000000 0.85209928
-2.34000000 0.88892369
-2.32000000 0.92672675
-2.30000000 0.96553936
-2.28000000 1.00539372
-2.26000000 1.04632232
-2.24000000 1.08835696
-2.22000000 1.13152776
-2.20000000 1.17586231
-2.18000000 1.22138472
-2.16000000 1.26811475
-2.14000000 1.31606686
-2.12000000 1.36524913
-2.10000000 1.41566208
-2.08000000 1.46729730
-2.06000000 1.52013578
-2.04000000 1.57414612
-2.02000000 1.62928238
-2.00000000 1.68548188
-1.98000000 1.74266285
-1.96000000 1.80072220
-1.94000000 1.85953369
-1.92000000 1.91894666
-1.90000000 1.97878569
-1.88000000 2.03885144
-1.86000000 2.09892292
-1.84000000 2.15876125
-1.82000000 2.21811494
-1.80000000 2.27672646
-1.78000000 2.33433981
-1.76000000 2.39070855
-1.74000000 2.44560380
-1.72000000 2.49882166
-1.70000000 2.55018931
-1.68000000 2.59956963
-1.66000000 2.64686387
-1.64000000 2.69201227
-1.62000000 2.73499280
-1.60000000 2.77581810
-1.58000000 2.81453115
-1.56000000 2.85119985
-1.54000000 2.88591113
-1.52000000 2.91876480
-1.50000000 2.94986757
-1.48000000 2.97932736
-1.46000000 3.00724807
-1.44000000 3.03372493
-1.42000000 3.05884029
-1.40000000 3.08265997
-1.38000000 3.10523013
-1.36000000 3.12657453
-1.34000000 3.14669239
-1.32000000 3.16555667
-1.30000000 3.18311296
-1.28000000 3.19927898
-1.26000000 3.21394477
-1.24000000 3.22697361
-1.22000000 3.23820385
-1.20000000 3.24745158
-1.18000000 3.25451440
-1.16000000 3.25917615
-1.14000000 3.26121278
-1.12000000 3.26039923
-1.10000000 3.25651727
-1.08000000 3.24936394
-1.06000000 3.23876043
-1.04000000 3.22456080
-1.02000000 3.20666021
-1.00000000 3.18500188
-0.98000000 3.15958244
-0.96000000 3.13045506
-0.94000000 3.09773016
-0.92000000 3.06157338
-0.90000000 3.02220103
-0.88000000 2.97987310
-0.86000000 2.93488449
-0.84000000 2.88755477
-0.82000000 2.83821747
-0.80000000 2.78720934
-0.78000000 2.73486027
-0.76000000 2.68148452
-0.74000000 2.62737351
-0.72000000 2.57279039
-0.70000000 2.51796657
-0.68000000 2.46309999
-0.66000000 2.40835493
-0.64000000 2.35386321
-0.62000000 2.29972636
-0.60000000 2.24601856
-0.58000000 2.19278997
-0.56000000 2.14007030
-0.54000000 2.08787246
-0.52000000 2.03619605
-0.50000000 1.98503069
-0.48000000 1.93435908
-0.46000000 1.88415976
-0.44000000 1.83440954
-0.42000000 1.78508567
-0.40000000 1.73616763
-0.38000000 1.68763865
-0.36000000 1.63948701
-0.34000000 1.59170704
-0.32000000 1.54429988
-0.30000000 1.49727406
-0.28000000 1.45064582
-0.26000000 1.40443918
-0.24000000 1.35868590
-0.22000000 1.31342500
-0.20000000 1.26870227
-0.18000000 1.22456936
-0.16000000 1.18108282
-0.14000000 1.13830287
-0.12000000 1.09629212
-0.10000000 1.05511414
-0.08000000 1.01483207
-0.06000000 0.97550727
-0.04000000 0.93719796
-0.02000000 0.89995809
0.00000000 0.86383629
0.02000000 0.82887507
0.04000000 0.79511014
0.06000000 0.76257005
0.08000000 0.73127594
0.10000000 0.70124155
0.12000000 0.67247343
0.14000000 0.64497127
0.16000000 0.61872841
0.18000000 0.59373239
0.20000000 0.56996561
0.22000000 0.54740599
0.24000000 0.52602767
0.26000000 0.50580162
0.28000000 0.48669628
0.30000000 0.46867810
0.32000000 0.45171206
0.34000000 0.43576209
0.36000000 0.42079145
0.38000000 0.40676307
0.40000000 0.39363977
0.42000000 0.38138451
0.44000000 0.36996046
0.46000000 0.35933117
0.48000000 0.34946057
0.50000000 0.34031302
0.52000000 0.33185329
0.54000000 0.32404652
0.56000000 0.31685821
0.58000000 0.31025414
0.60000000 0.30420033
0.62000000 0.29866298
0.64000000 0.29360842
0.66000000 0.28900307
0.68000000 0.28481341
0.70000000 0.28100604
0.72000000 0.27754766
0.74000000 0.27440526
0.76000000 0.27154623
0.78000000 0.26893862
0.80000000 0.26655142
0.82000000 0.26435486
0.84000000 0.26232080
0.86000000 0.26042305
0.88000000 0.25863770
0.90000000 0.25694343
0.92000000 0.25532169
0.94000000 0.25375688
0.96000000 0.25223632
0.98000000 0.25075021
1.00000000 0.24929147
1.02000000 0.24785545
1.04000000 0.24643961
1.06000000 0.24504314
1.08000000 0.24366654
1.10000000 0.24231122
1.12000000 0.24097908
1.14000000 0.23967220
1.16000000 0.23839253
1.18000000 0.23714161
1.20000000 0.23592044
1.22000000 0.23472932
1.24000000 0.23356778
1.26000000 0.23243450
1.28000000 0.23132732
1.30000000 0.23024324
1.32000000 0.22917837
1.34000000 0.22812801
1.36000000 0.22708664
1.38000000 0.22604795
1.40000000 0.22500487
1.42000000 0.22394963
1.44000000 0.22287379
1.46000000 0.22176832
1.48000000 0.22062365
1.50000000 0.21942978
1.52000000 0.21817641
1.54000000 0.21685304
1.56000000 0.21544919
1.58000000 0.21395460
1.60000000 0.21235948
1.62000000 0.21065476
1.64000000 0.20883239
1.66000000 0.20688563
1.68000000 0.20480926
1.70000000 0.20259986
1.72000000 0.20025595
1.74000000 0.19777810
1.76000000 0.19516895
1.78000000 0.19243316
1.80000000 0.18957728
1.82000000 0.18660958
1.84000000 0.18353974
1.86000000 0.18037861
1.88000000 0.17713786
1.90000000 0.17382965
1.92000000 0.17046633
1.94000000 0.16706013
1.96000000 0.16362291
1.98000000 0.16016592
2.00000000 0.15669966
2.02000000 0.15323374
2.04000000 0.14977683
2.06000000 0.14633658
2.08000000 0.14291964
2.10000000 0.13953167
2.12000000 0.13617737
2.14000000 0.13286054
2.16000000 0.12958415
2.18000000 0.12635039
2.20000000 0.12316074
2.22000000 0.12001610
2.24000000 0.11691682
2.26000000 0.11386283
2.28000000 0.11085371
2.30000000 0.10788879
2.32000000 0.10496724
2.34000000 0.10208813
2.36000000 0.09925052
2.38000000 0.09645351
2.40000000 0.09369633
2.42000000 0.09097836
2.44000000 0.08829919
2.46000000 0.08565865
2.48000000 0.08305683
2.50000000 0.08049411
2.52000000 0.07797111
2.54000000 0.07548872
2.56000000 0.07304807
2.58000000 0.07065046
2.60000000 0.06829731
2.62000000 0.06599017
2.64000000 0.06373059
2.66000000 0.06152012
2.68000000 0.05936026
2.70000000 0.05725241
2.72000000 0.05519780
2.74000000 0.05319752
2.76000000 0.05125244
2.78000000 0.04936321
2.80000000 0.04753025
2.82000000 0.04575373
2.84000000 0.04403357
2.86000000 0.04236948
2.88000000 0.04076094
2.90000000 0.03920722
2.92000000 0.03770744
2.94000000 0.03626058
2.96000000 0.03486546
2.98000000 0.03352082
3.00000000 0.03222532
3.02000000 0.03097756
3.04000000 0.02977610
3.06000000 0.02861945
3.08000000 0.02750616
3.10000000 0.02643477
3.12000000 0.02540383
3.14000000 0.02441195
3.16000000 0.02345779
3.18000000 0.02254004
3.20000000 0.02165747
3.22000000 0.02080885
3.24000000 0.01999305
3.26000000 0.01920896
3.28000000 0.01845550
3.30000000 0.01773165
3.32000000 0.01703642
3.34000000 0.01636887
3.36000000 0.01572808
3.38000000 0.01511317
3.40000000 0.01452328
3.42000000 0.01395757
3.44000000 0.01341524
3.46000000 0.01289546
3.48000000 0.01239746
3.50000000 0.01192044
3.52000000 0.01146363
3.54000000 0.01102628
3.56000000 0.01060766
3.58000000 0.01020703
3.60000000 0.00982371
3.62000000 0.00945700
3.64000000 0.00910624
3.66000000 0.00877076
3.68000000 0.00844993
3.70000000 0.00814311
3.72000000 0.00784969
3.74000000 0.00756909
3.76000000 0.00730073
3.78000000 0.00704408
3.80000000 0.00679860
3.82000000 0.00656381
3.84000000 0.00633921
3.86000000 0.00612436
3.88000000 0.00591881
3.90000000 0.00572213
3.92000000 0.00553390
3.94000000 0.00535373
3.96000000 0.00518125
3.98000000 0.00501610
