0.000000 2.000000 0.000000
0.050000 1.997499 0.099958
0.100000 1.981450 0.199739
0.150000 1.952254 0.299611
0.200000 1.910672 0.399686
0.250000 1.857721 0.499839
0.300000 1.794566 0.599690
0.350000 1.722409 0.698620
0.400000 1.642403 0.795835
0.450000 1.555605 0.890427
0.500000 1.462951 0.981453
0.550000 1.365254 1.067988
0.600000 1.263226 1.149177
0.650000 1.157493 1.224259
0.700000 1.048620 1.292584
0.750000 0.937138 1.353622
0.800000 0.823552 1.406954
0.850000 0.708361 1.452268
0.900000 0.592062 1.489347
0.950000 0.475156 1.518058
1.000000 0.358149 1.538342
1.050000 0.241546 1.550199
1.100000 0.125853 1.553688
1.150000 0.011567 1.548916
1.200000 -0.100822 1.536034
1.250000 -0.210838 1.515237
1.300000 -0.318016 1.486758
1.350000 -0.421909 1.450867
1.400000 -0.522087 1.407867
1.450000 -0.618136 1.358091
1.500000 -0.709663 1.301899
1.550000 -0.796295 1.239675
1.600000 -0.877684 1.171822
1.650000 -0.953507 1.098763
1.700000 -1.023471 1.020936
1.750000 -1.087311 0.938795
1.800000 -1.144795 0.852807
1.850000 -1.195720 0.763452
1.900000 -1.239916 0.671219
1.950000 -1.277246 0.576606
2.000000 -1.307604 0.480116
2.050000 -1.330917 0.382254
2.100000 -1.347143 0.283524
2.150000 -1.356276 0.184428
2.200000 -1.358344 0.085463
2.250000 -1.353409 -0.012882
2.300000 -1.341569 -0.110123
2.350000 -1.322954 -0.205790
2.400000 -1.297729 -0.299419
2.450000 -1.266088 -0.390562
2.500000 -1.228255 -0.478784
2.550000 -1.184479 -0.563667
2.600000 -1.135037 -0.644812
2.650000 -1.080228 -0.721844
2.700000 -1.020373 -0.794412
2.750000 -0.955816 -0.862192
2.800000 -0.886922 -0.924887
2.850000 -0.814073 -0.982232
2.900000 -0.737674 -1.033988
2.950000 -0.658143 -1.079948
3.000000 -0.575912 -1.119935
3.050000 -0.491425 -1.153797
3.100000 -0.405134 -1.181418
3.150000 -0.317493 -1.202707
3.200000 -0.228962 -1.217608
3.250000 -0.139995 -1.226097
3.300000 -0.051047 -1.228181
3.350000 0.037433 -1.223902
3.400000 0.125002 -1.213336
3.450000 0.211226 -1.196589
3.500000 0.295677 -1.173802
3.550000 0.377941 -1.145144
3.600000 0.457613 -1.110810
3.650000 0.534307 -1.071025
3.700000 0.607651 -1.026036
3.750000 0.677296 -0.976114
3.800000 0.742913 -0.921551
3.850000 0.804198 -0.862660
3.900000 0.860872 -0.799776
3.950000 0.912682 -0.733249
4.000000 0.959405 -0.663446
4.050000 1.000841 -0.590753
4.100000 1.036822 -0.515562
4.150000 1.067205 -0.438282
4.200000 1.091879 -0.359324
4.250000 1.110759 -0.279108
4.300000 1.123792 -0.198055
4.350000 1.130954 -0.116587
4.400000 1.132252 -0.035124
4.450000 1.127722 0.045918
4.500000 1.117433 0.126126
4.550000 1.101479 0.205097
4.600000 1.079985 0.282436
4.650000 1.053104 0.357756
4.700000 1.021013 0.430688
4.750000 0.983915 0.500875
4.800000 0.942038 0.567976
4.850000 0.895632 0.631670
4.900000 0.844966 0.691656
4.950000 0.790333 0.747654
5.000000 0.732041 0.799406
5.050000 0.670418 0.846678
5.100000 0.605804 0.889261
5.150000 0.538553 0.926968
5.200000 0.469029 0.959643
5.250000 0.397605 0.987152
5.300000 0.324661 1.009392
5.350000 0.250581 1.026287
5.400000 0.175753 1.037789
5.450000 0.100563 1.043878
5.500000 0.025401 1.044564
5.550000 -0.049348 1.039883
5.600000 -0.123304 1.029900
5.650000 -0.196090 1.014704
5.700000 -0.267342 0.994412
5.750000 -0.336703 0.969163
5.800000 -0.403830 0.939122
5.850000 -0.468395 0.904475
5.900000 -0.530086 0.865433
5.950000 -0.588608 0.822227
6.000000 -0.643685 0.775107
6.050000 -0.695060 0.724344
6.100000 -0.742499 0.670226
6.150000 -0.785786 0.613057
6.200000 -0.824730 0.553152
6.250000 -0.859159 0.490840
6.300000 -0.888930 0.426460
6.350000 -0.913922 0.360356
6.400000 -0.934038 0.292879
6.450000 -0.949210 0.224384
6.500000 -0.959397 0.155228
6.550000 -0.964581 0.085770
6.600000 -0.964773 0.016368
6.650000 -0.960010 -0.052623
6.700000 -0.950353 -0.120852
6.750000 -0.935887 -0.187972
6.800000 -0.916722 -0.253646
6.850000 -0.892990 -0.317546
6.900000 -0.864844 -0.379357
6.950000 -0.832460 -0.438774
7.000000 -0.796034 -0.495511
7.050000 -0.755779 -0.549296
7.100000 -0.711931 -0.599875
7.150000 -0.664740 -0.647012
7.200000 -0.614473 -0.690490
7.250000 -0.561410 -0.730114
7.300000 -0.505845 -0.765708
7.350000 -0.448081 -0.797116
7.400000 -0.388431 -0.824209
7.450000 -0.327216 -0.846876
7.500000 -0.264760 -0.865034
7.550000 -0.201394 -0.878620
7.600000 -0.137447 -0.887597
7.650000 -0.073253 -0.891954
7.700000 -0.009142 -0.891700
7.750000 0.054556 -0.886870
7.800000 0.117519 -0.877523
7.850000 0.179426 -0.863738
7.900000 0.239969 -0.845619
7.950000 0.298846 -0.823288
8.000000 0.355767 -0.796892
8.050000 0.410453 -0.766594
8.100000 0.462640 -0.732579
8.150000 0.512078 -0.695047
8.200000 0.558534 -0.654218
8.250000 0.601789 -0.610324
8.300000 0.641644 -0.563613
8.350000 0.677919 -0.514345
8.400000 0.710453 -0.462792
8.450000 0.739105 -0.409234
8.500000 0.763757 -0.353959
8.550000 0.784309 -0.297264
8.600000 0.800688 -0.239450
8.650000 0.812839 -0.180821
8.700000 0.820731 -0.121684
8.750000 0.824355 -0.062348
8.800000 0.823722 -0.003120
8.850000 0.818867 0.055698
8.900000 0.809843 0.113805
8.950000 0.796728 0.170908
9.000000 0.779616 0.226720
9.050000 0.758624 0.280966
9.100000 0.733887 0.333379
9.150000 0.705560 0.383703
9.200000 0.673813 0.431696
9.250000 0.638836 0.477128
9.300000 0.600832 0.519785
9.350000 0.560019 0.559468
9.400000 0.516627 0.595993
9.450000 0.470898 0.629194
9.500000 0.423082 0.658926
9.550000 0.373441 0.685058
9.600000 0.322241 0.707484
9.650000 0.269755 0.726114
9.700000 0.216263 0.740881
9.750000 0.162045 0.751738
9.800000 0.107386 0.758658
9.850000 0.052569 0.761635
9.900000 -0.002122 0.760681
9.950000 -0.056407 0.755831
10.000000 -0.110008 0.747137
10.050000 -0.162656 0.734671
10.100000 -0.214087 0.718524
10.150000 -0.264046 0.698804
10.200000 -0.312287 0.675639
10.250000 -0.358575 0.649173
10.300000 -0.402689 0.619564
10.350000 -0.444416 0.586989
10.400000 -0.483560 0.551637
10.450000 -0.519940 0.513709
10.500000 -0.553387 0.473420
10.550000 -0.583751 0.430993
10.600000 -0.610898 0.386663
10.650000 -0.634712 0.340669
10.700000 -0.655095 0.293261
10.750000 -0.671967 0.244692
10.800000 -0.685266 0.195219
10.850000 -0.694951 0.145103
10.900000 -0.700998 0.094606
10.950000 -0.703403 0.043991
11.000000 -0.702180 -0.006483
11.050000 -0.697362 -0.056556
11.100000 -0.688999 -0.105974
11.150000 -0.677159 -0.154489
11.200000 -0.661930 -0.201858
11.250000 -0.643414 -0.247846
11.300000 -0.621730 -0.292227
11.350000 -0.597013 -0.334785
11.400000 -0.569412 -0.375314
11.450000 -0.539090 -0.413621
11.500000 -0.506222 -0.449525
11.550000 -0.470995 -0.482859
11.600000 -0.433608 -0.513470
11.650000 -0.394267 -0.541222
11.700000 -0.353189 -0.565993
11.750000 -0.310597 -0.587677
11.800000 -0.266722 -0.606187
11.850000 -0.221798 -0.621450
11.900000 -0.176063 -0.633413
11.950000 -0.129760 -0.642037
12.000000 -0.083130 -0.647303
12.050000 -0.036415 -0.649208
12.100000 0.010144 -0.647766
12.150000 0.056309 -0.643009
12.200000 0.101847 -0.634985
12.250000 0.146528 -0.623759
12.300000 0.190131 -0.609413
12.350000 0.232438 -0.592043
12.400000 0.273244 -0.571761
12.450000 0.312348 -0.548693
12.500000 0.349562 -0.522979
12.550000 0.384709 -0.494771
12.600000 0.417623 -0.464230
12.650000 0.448150 -0.431531
12.700000 0.476152 -0.396857
12.750000 0.501502 -0.360401
12.800000 0.524092 -0.322362
12.850000 0.543824 -0.282947
12.900000 0.560620 -0.242368
12.950000 0.574415 -0.200843
13.000000 0.585160 -0.158592
13.050000 0.592824 -0.115838
13.100000 0.597388 -0.072805
13.150000 0.598853 -0.029715
13.200000 0.597233 0.013209
13.250000 0.592558 0.055747
13.300000 0.584876 0.097686
13.350000 0.574248 0.138814
13.400000 0.560749 0.178926
13.450000 0.544471 0.217823
13.500000 0.525518 0.255316
13.550000 0.504008 0.291222
13.600000 0.480069 0.325369
13.650000 0.453843 0.357593
13.700000 0.425482 0.387743
13.750000 0.395147 0.415679
13.800000 0.363008 0.441275
13.850000 0.329243 0.464416
13.900000 0.294038 0.485002
13.950000 0.257584 0.502945
14.000000 0.220077 0.518174
14.050000 0.181719 0.530630
14.100000 0.142712 0.540270
14.150000 0.103261 0.547065
14.200000 0.063573 0.551001
14.250000 0.023853 0.552080
14.300000 -0.015695 0.550316
14.350000 -0.054869 0.545741
14.400000 -0.093470 0.538398
14.450000 -0.131305 0.528347
14.500000 -0.168185 0.515657
14.550000 -0.203927 0.500416
14.600000 -0.238357 0.482719
14.650000 -0.271307 0.462676
14.700000 -0.302619 0.440407
14.750000 -0.332143 0.416042
14.800000 -0.359743 0.389723
14.850000 -0.385291 0.361599
14.900000 -0.408670 0.331828
14.950000 -0.429778 0.300575
15.000000 -0.448523 0.268012
15.050000 -0.464826 0.234316
15.100000 -0.478622 0.199669
15.150000 -0.489858 0.164256
15.200000 -0.498495 0.128264
15.250000 -0.504509 0.091884
15.300000 -0.507887 0.055303
15.350000 -0.508633 0.018712
15.400000 -0.506761 -0.017701
15.450000 -0.502301 -0.053753
15.500000 -0.495296 -0.089259
15.550000 -0.485801 -0.124042
15.600000 -0.473884 -0.157929
15.650000 -0.459624 -0.190751
15.700000 -0.443112 -0.222348
15.750000 -0.424449 -0.252567
15.800000 -0.403748 -0.281262
15.850000 -0.381129 -0.308298
15.900000 -0.356723 -0.333548
15.950000 -0.330668 -0.356896
16.000000 -0.303110 -0.378236
16.050000 -0.274203 -0.397476
16.100000 -0.244104 -0.414530
16.150000 -0.212979 -0.429329
16.200000 -0.180994 -0.441814
16.250000 -0.148321 -0.451937
16.300000 -0.115132 -0.459664
16.350000 -0.081603 -0.464974
16.400000 -0.047907 -0.467856
16.450000 -0.014219 -0.468314
16.500000 0.019289 -0.466364
16.550000 0.052446 -0.462035
16.600000 0.085084 -0.455366
16.650000 0.117039 -0.446410
16.700000 0.148154 -0.435230
16.750000 0.178273 -0.421900
16.800000 0.207250 -0.406505
16.850000 0.234945 -0.389139
16.900000 0.261225 -0.369908
16.950000 0.285964 -0.348922
17.000000 0.309049 -0.326304
17.050000 0.330373 -0.302181
17.100000 0.349840 -0.276689
17.150000 0.367364 -0.249970
17.200000 0.382869 -0.222169
17.250000 0.396292 -0.193438
17.300000 0.407579 -0.163931
17.350000 0.416688 -0.133806
17.400000 0.423589 -0.103223
17.450000 0.428264 -0.072340
17.500000 0.430704 -0.041321
17.550000 0.430915 -0.010324
17.600000 0.428913 0.020491
17.650000 0.424723 0.050967
17.700000 0.418386 0.080950
17.750000 0.409949 0.110290
17.800000 0.399471 0.138841
17.850000 0.387022 0.166462
17.900000 0.372681 0.193018
17.950000 0.356536 0.218382
18.000000 0.338682 0.242432
18.050000 0.319225 0.265055
18.100000 0.298278 0.286145
18.150000 0.275958 0.305607
18.200000 0.252392 0.323352
18.250000 0.227710 0.339301
18.300000 0.202048 0.353388
18.350000 0.175544 0.365553
18.400000 0.148341 0.375748
18.450000 0.120584 0.383937
18.500000 0.092419 0.390091
18.550000 0.063995 0.394196
18.600000 0.035458 0.396245
18.650000 0.006957 0.396245
18.700000 -0.021363 0.394211
18.750000 -0.049356 0.390170
18.800000 -0.076883 0.384156
18.850000 -0.103804 0.376217
18.900000 -0.129986 0.366407
18.950000 -0.155301 0.354791
19.000000 -0.179624 0.341443
19.050000 -0.202838 0.326444
19.100000 -0.224833 0.309883
19.150000 -0.245506 0.291858
19.200000 -0.264761 0.272472
19.250000 -0.282509 0.251836
19.300000 -0.298671 0.230065
19.350000 -0.313176 0.207281
19.400000 -0.325962 0.183607
19.450000 -0.336977 0.159173
19.500000 -0.346178 0.134109
19.550000 -0.353530 0.108550
19.600000 -0.359010 0.082629
19.650000 -0.362606 0.056484
19.700000 -0.364311 0.030249
19.750000 -0.364134 0.004060
19.800000 -0.362088 -0.021948
19.850000 -0.358200 -0.047644
19.900000 -0.352503 -0.072897
19.950000 -0.345040 -0.097582
20.000000 -0.335863 -0.121576
20.050000 -0.325033 -0.144761
20.100000 -0.312618 -0.167024
20.150000 -0.298694 -0.188257
20.200000 -0.283343 -0.208361
20.250000 -0.266656 -0.227239
20.300000 -0.248729 -0.244806
20.350000 -0.229663 -0.260980
20.400000 -0.209566 -0.275690
20.450000 -0.188548 -0.288870
20.500000 -0.166724 -0.300466
20.550000 -0.144213 -0.310430
20.600000 -0.121136 -0.318723
20.650000 -0.097615 -0.325316
20.700000 -0.073775 -0.330187
20.750000 -0.049740 -0.333326
20.800000 -0.025637 -0.334730
20.850000 -0.001588 -0.334404
20.900000 0.022282 -0.332364
20.950000 0.045853 -0.328634
21.000000 0.069006 -0.323246
21.050000 0.091625 -0.316239
21.100000 0.113598 -0.307663
21.150000 0.134817 -0.297574
21.200000 0.155180 -0.286036
21.250000 0.174588 -0.273119
21.300000 0.192950 -0.258900
21.350000 0.210178 -0.243462
21.400000 0.226194 -0.226895
21.450000 0.240923 -0.209292
21.500000 0.254302 -0.190752
21.550000 0.266270 -0.171376
21.600000 0.276778 -0.151272
21.650000 0.285783 -0.130547
21.700000 0.293251 -0.109313
21.750000 0.299155 -0.087684
21.800000 0.303477 -0.065772
21.850000 0.306208 -0.043693
21.900000 0.307346 -0.021562
21.950000 0.306897 0.000507
22.000000 0.304877 0.022401
22.050000 0.301307 0.044009
22.100000 0.296218 0.065222
22.150000 0.289648 0.085934
22.200000 0.281642 0.106044
22.250000 0.272253 0.125451
22.300000 0.261539 0.144063
22.350000 0.249565 0.161791
22.400000 0.236405 0.178549
22.450000 0.222133 0.194259
22.500000 0.206833 0.208850
22.550000 0.190592 0.222254
22.600000 0.173499 0.234412
22.650000 0.155649 0.245271
22.700000 0.137141 0.254786
22.750000 0.118073 0.262918
22.800000 0.098549 0.269636
22.850000 0.078672 0.274917
22.900000 0.058546 0.278745
22.950000 0.038278 0.281112
23.000000 0.017973 0.282018
23.050000 -0.002266 0.281469
23.100000 -0.022333 0.279479
23.150000 -0.042128 0.276070
23.200000 -0.061551 0.271270
23.250000 -0.080505 0.265116
23.300000 -0.098897 0.257649
23.350000 -0.116636 0.248918
23.400000 -0.133637 0.238977
23.450000 -0.149818 0.227888
23.500000 -0.165102 0.215716
23.550000 -0.179418 0.202533
23.600000 -0.192700 0.188414
23.650000 -0.204888 0.173439
23.700000 -0.215928 0.157692
23.750000 -0.225773 0.141259
23.800000 -0.234380 0.124231
23.850000 -0.241716 0.106699
23.900000 -0.247754 0.088758
23.950000 -0.252472 0.070504
24.000000 -0.255856 0.052031
24.050000 -0.257900 0.033438
24.100000 -0.258604 0.014820
24.150000 -0.257974 -0.003726
24.200000 -0.256025 -0.022107
24.250000 -0.252777 -0.040229
24.300000 -0.248257 -0.058000
24.350000 -0.242498 -0.075333
24.400000 -0.235539 -0.092143
24.450000 -0.227427 -0.108346
24.500000 -0.218211 -0.123864
24.550000 -0.207949 -0.138623
24.600000 -0.196700 -0.152554
24.650000 -0.184531 -0.165590
24.700000 -0.171511 -0.177673
24.750000 -0.157714 -0.188747
24.800000 -0.143217 -0.198764
24.850000 -0.128099 -0.207681
24.900000 -0.112444 -0.215461
24.950000 -0.096336 -0.222073
25.000000 -0.079862 -0.227492
25.050000 -0.063108 -0.231701
25.100000 -0.046164 -0.234686
25.150000 -0.029119 -0.236443
25.200000 -0.012059 -0.236972
25.250000 0.004926 -0.236280
25.300000 0.021750 -0.234381
25.350000 0.038328 -0.231293
25.400000 0.054578 -0.227042
25.450000 0.070418 -0.221659
25.500000 0.085769 -0.215181
25.550000 0.100559 -0.207650
25.600000 0.114713 -0.199113
25.650000 0.128166 -0.189622
25.700000 0.140853 -0.179234
25.750000 0.152716 -0.168009
25.800000 0.163699 -0.156011
25.850000 0.173754 -0.143308
25.900000 0.182837 -0.129971
25.950000 0.190907 -0.116073
26.000000 0.197933 -0.101691
26.050000 0.203887 -0.086901
26.100000 0.208746 -0.071784
26.150000 0.212494 -0.056420
26.200000 0.215122 -0.040889
26.250000 0.216624 -0.025273
26.300000 0.217002 -0.009652
26.350000 0.216262 0.005893
26.400000 0.214419 0.021282
26.450000 0.211489 0.036439
26.500000 0.207497 0.051286
26.550000 0.202471 0.065751
26.600000 0.196446 0.079763
26.650000 0.189462 0.093252
26.700000 0.181560 0.106153
26.750000 0.172791 0.118406
26.800000 0.163204 0.129952
26.850000 0.152857 0.140738
26.900000 0.141809 0.150715
26.950000 0.130121 0.159837
27.000000 0.117860 0.168065
27.050000 0.105092 0.175364
27.100000 0.091888 0.181704
27.150000 0.078318 0.187059
27.200000 0.064457 0.191411
27.250000 0.050376 0.194746
27.300000 0.036150 0.197053
27.350000 0.021854 0.198329
27.400000 0.007561 0.198577
27.450000 -0.006655 0.197804
27.500000 -0.020722 0.196021
27.550000 -0.034569 0.193246
27.600000 -0.048127 0.189502
27.650000 -0.061327 0.184815
27.700000 -0.074106 0.179217
27.750000 -0.086401 0.172744
27.800000 -0.098152 0.165437
27.850000 -0.109304 0.157340
27.900000 -0.119804 0.148501
27.950000 -0.129604 0.138970
28.000000 -0.138659 0.128804
28.050000 -0.146928 0.118058
28.100000 -0.154376 0.106794
28.150000 -0.160971 0.095073
28.200000 -0.166686 0.082959
28.250000 -0.171499 0.070518
28.300000 -0.175392 0.057815
28.350000 -0.178353 0.044920
28.400000 -0.180374 0.031899
28.450000 -0.181453 0.018820
28.500000 -0.181591 0.005751
28.550000 -0.180795 -0.007241
28.600000 -0.179077 -0.020090
28.650000 -0.176454 -0.032731
28.700000 -0.172946 -0.045102
28.750000 -0.168579 -0.057140
28.800000 -0.163383 -0.068786
28.850000 -0.157390 -0.079984
28.900000 -0.150637 -0.090680
28.950000 -0.143167 -0.100822
29.000000 -0.135022 -0.110364
29.050000 -0.126251 -0.119262
29.100000 -0.116903 -0.127474
29.150000 -0.107032 -0.134965
29.200000 -0.096691 -0.141701
29.250000 -0.085939 -0.147655
29.300000 -0.074833 -0.152802
29.350000 -0.063434 -0.157122
29.400000 -0.051803 -0.160600
29.450000 -0.040002 -0.163225
29.500000 -0.028091 -0.164991
29.550000 -0.016134 -0.165894
29.600000 -0.004193 -0.165939
29.650000 0.007672 -0.165131
29.700000 0.019400 -0.163482
29.750000 0.030933 -0.161007
29.800000 0.042212 -0.157726
29.850000 0.053181 -0.153661
29.900000 0.063787 -0.148842
29.950000 0.073979 -0.143297
30.000000 0.083706 -0.137063
30.050000 0.092924 -0.130176
30.100000 0.101589 -0.122677
30.150000 0.109661 -0.114610
30.200000 0.117103 -0.106021
30.250000 0.123883 -0.096959
30.300000 0.129971 -0.087473
30.350000 0.135341 -0.077617
30.400000 0.139972 -0.067444
30.450000 0.143846 -0.057008
30.500000 0.146950 -0.046365
30.550000 0.149273 -0.035572
30.600000 0.150810 -0.024686
30.650000 0.151561 -0.013763
30.700000 0.151527 -0.002859
30.750000 0.150715 0.007969
30.800000 0.149137 0.018666
30.850000 0.146806 0.029180
30.900000 0.143740 0.039456
30.950000 0.139961 0.049444
31.000000 0.135496 0.059096
31.050000 0.130371 0.068365
31.100000 0.124619 0.077205
31.150000 0.118276 0.085576
31.200000 0.111377 0.093438
31.250000 0.103964 0.100755
31.300000 0.096078 0.107494
31.350000 0.087765 0.113626
31.400000 0.079070 0.119123
31.450000 0.070041 0.123962
31.500000 0.060728 0.128125
31.550000 0.051181 0.131596
31.600000 0.041450 0.134361
31.650000 0.031587 0.136414
31.700000 0.021644 0.137749
31.750000 0.011673 0.138365
31.800000 0.001725 0.138267
31.850000 -0.008150 0.137458
31.900000 -0.017900 0.135951
31.950000 -0.027477 0.133759
32.000000 -0.036833 0.130898
32.050000 -0.045922 0.127389
32.100000 -0.054699 0.123255
32.150000 -0.063121 0.118522
32.200000 -0.071150 0.113221
32.250000 -0.078746 0.107382
32.300000 -0.085874 0.101041
32.350000 -0.092502 0.094234
32.400000 -0.098599 0.086999
32.450000 -0.104139 0.079379
32.500000 -0.109098 0.071415
32.550000 -0.113455 0.063151
32.600000 -0.117193 0.054632
32.650000 -0.120298 0.045903
32.700000 -0.122760 0.037013
32.750000 -0.124570 0.028006
32.800000 -0.125725 0.018932
32.850000 -0.126226 0.009836
32.900000 -0.126073 0.000766
32.950000 -0.125275 -0.008232
33.000000 -0.123840 -0.017112
33.050000 -0.121782 -0.025829
33.100000 -0.119115 -0.034340
33.150000 -0.115859 -0.042604
33.200000 -0.112036 -0.050580
33.250000 -0.107669 -0.058228
33.300000 -0.102786 -0.065513
33.350000 -0.097417 -0.072401
33.400000 -0.091592 -0.078859
33.450000 -0.085347 -0.084857
33.500000 -0.078716 -0.090369
33.550000 -0.071736 -0.095371
33.600000 -0.064447 -0.099840
33.650000 -0.056888 -0.103759
33.700000 -0.049102 -0.107113
33.750000 -0.041128 -0.109888
33.800000 -0.033011 -0.112075
33.850000 -0.024793 -0.113668
33.900000 -0.016517 -0.114665
33.950000 -0.008226 -0.115064
34.000000 0.000037 -0.114869
34.050000 0.008230 -0.114085
34.100000 0.016311 -0.112723
34.150000 0.024240 -0.110793
34.200000 0.031977 -0.108311
34.250000 0.039485 -0.105293
34.300000 0.046726 -0.101760
34.350000 0.053666 -0.097734
34.400000 0.060271 -0.093241
34.450000 0.066512 -0.088307
34.500000 0.072357 -0.082962
34.550000 0.077782 -0.077236
34.600000 0.082761 -0.071162
34.650000 0.087272 -0.064774
34.700000 0.091297 -0.058108
34.750000 0.094819 -0.051201
34.800000 0.097824 -0.044089
34.850000 0.100301 -0.036811
34.900000 0.102242 -0.029406
34.950000 0.103642 -0.021913
35.000000 0.104497 -0.014371
35.050000 0.104809 -0.006819
35.100000 0.104579 0.000702
35.150000 0.103815 0.008157
35.200000 0.102524 0.015505
35.250000 0.100718 0.022712
35.300000 0.098410 0.029740
35.350000 0.095616 0.036555
35.400000 0.092355 0.043125
35.450000 0.088647 0.049417
35.500000 0.084516 0.055401
35.550000 0.079986 0.061050
35.600000 0.075085 0.066337
35.650000 0.069839 0.071238
35.700000 0.064280 0.075731
35.750000 0.058439 0.079797
35.800000 0.052347 0.083419
35.850000 0.046039 0.086581
35.900000 0.039549 0.089271
35.950000 0.032911 0.091480
36.000000 0.026161 0.093200
36.050000 0.019334 0.094426
36.100000 0.012467 0.095157
36.150000 0.005595 0.095394
36.200000 -0.001247 0.095138
36.250000 -0.008024 0.094396
36.300000 -0.014701 0.093175
36.350000 -0.021246 0.091487
36.400000 -0.027625 0.089343
36.450000 -0.033807 0.086759
36.500000 -0.039762 0.083752
36.550000 -0.045462 0.080341
36.600000 -0.050880 0.076546
36.650000 -0.055989 0.072391
36.700000 -0.060767 0.067900
36.750000 -0.065191 0.063099
36.800000 -0.069243 0.058015
36.850000 -0.072904 0.052678
36.900000 -0.076158 0.047115
36.950000 -0.078994 0.041359
37.000000 -0.081400 0.035441
37.050000 -0.083367 0.029391
37.100000 -0.084888 0.023243
37.150000 -0.085961 0.017029
37.200000 -0.086583 0.010781
37.250000 -0.086755 0.004531
37.300000 -0.086480 -0.001687
37.350000 -0.085763 -0.007843
37.400000 -0.084612 -0.013905
37.450000 -0.083036 -0.019843
37.500000 -0.081047 -0.025628
37.550000 -0.078660 -0.031232
37.600000 -0.075889 -0.036626
37.650000 -0.072753 -0.041785
37.700000 -0.069270 -0.046685
37.750000 -0.065462 -0.051303
37.800000 -0.061351 -0.055616
37.850000 -0.056960 -0.059607
37.900000 -0.052315 -0.063257
37.950000 -0.047442 -0.066550
38.000000 -0.042368 -0.069473
38.050000 -0.037120 -0.072014
38.100000 -0.031727 -0.074162
38.150000 -0.026218 -0.075912
38.200000 -0.020623 -0.077256
38.250000 -0.014970 -0.078191
38.300000 -0.009290 -0.078717
38.350000 -0.003612 -0.078834
38.400000 0.002035 -0.078545
38.450000 0.007622 -0.077856
38.500000 0.013122 -0.076772
38.550000 0.018506 -0.075304
38.600000 0.023747 -0.073461
38.650000 0.028822 -0.071258
38.700000 0.033703 -0.068708
38.750000 0.038369 -0.065827
38.800000 0.042797 -0.062633
38.850000 0.046966 -0.059146
38.900000 0.050858 -0.055386
38.950000 0.054454 -0.051374
39.000000 0.057740 -0.047134
39.050000 0.060699 -0.042688
39.100000 0.063321 -0.038063
39.150000 0.065595 -0.033282
39.200000 0.067512 -0.028373
39.250000 0.069066 -0.023361
39.300000 0.070251 -0.018273
39.350000 0.071065 -0.013135
39.400000 0.071506 -0.007976
39.450000 0.071577 -0.002821
39.500000 0.071279 0.002303
39.550000 0.070618 0.007370
39.600000 0.069600 0.012355
39.650000 0.068234 0.017232
39.700000 0.066529 0.021978
39.750000 0.064498 0.026569
39.800000 0.062153 0.030983
39.850000 0.059510 0.035199
39.900000 0.056584 0.039197
39.950000 0.053394 0.042958
40.000000 0.049957 0.046465
40.050000 0.046295 0.049703
40.100000 0.042427 0.052657
40.150000 0.038375 0.055315
40.200000 0.034162 0.057665
40.250000 0.029811 0.059698
40.300000 0.025345 0.061406
40.350000 0.020789 0.062784
40.400000 0.016166 0.063827
40.450000 0.011502 0.064533
40.500000 0.006819 0.064901
40.550000 0.002144 0.064933
40.600000 -0.002502 0.064631
40.650000 -0.007093 0.063999
40.700000 -0.011607 0.063045
40.750000 -0.016022 0.061775
40.800000 -0.020315 0.060199
40.850000 -0.024465 0.058328
40.900000 -0.028453 0.056175
40.950000 -0.032259 0.053752
41.000000 -0.035865 0.051074
41.050000 -0.039256 0.048158
41.100000 -0.042414 0.045020
41.150000 -0.045326 0.041680
41.200000 -0.047980 0.038155
41.250000 -0.050363 0.034465
41.300000 -0.052467 0.030631
41.350000 -0.054282 0.026674
41.400000 -0.055803 0.022616
41.450000 -0.057023 0.018478
41.500000 -0.057939 0.014282
41.550000 -0.058550 0.010050
41.600000 -0.058854 0.005804
41.650000 -0.058854 0.001566
41.700000 -0.058551 -0.002642
41.750000 -0.057950 -0.006798
41.800000 -0.057057 -0.010882
41.850000 -0.055878 -0.014874
41.900000 -0.054424 -0.018754
41.950000 -0.052703 -0.022503
42.000000 -0.050726 -0.026102
42.050000 -0.048507 -0.029535
42.100000 -0.046059 -0.032785
42.150000 -0.043396 -0.035838
42.200000 -0.040534 -0.038680
42.250000 -0.037490 -0.041297
42.300000 -0.034280 -0.043678
42.350000 -0.030923 -0.045814
42.400000 -0.027438 -0.047695
42.450000 -0.023843 -0.049314
42.500000 -0.020158 -0.050666
42.550000 -0.016403 -0.051745
42.600000 -0.012597 -0.052548
42.650000 -0.008761 -0.053074
42.700000 -0.004914 -0.053323
42.750000 -0.001077 -0.053296
42.800000 0.002731 -0.052995
42.850000 0.006490 -0.052425
42.900000 0.010182 -0.051591
42.950000 0.013789 -0.050499
43.000000 0.017292 -0.049158
43.050000 0.020674 -0.047576
43.100000 0.023920 -0.045765
43.150000 0.027014 -0.043734
43.200000 0.029940 -0.041498
43.250000 0.032687 -0.039068
43.300000 0.035240 -0.036460
43.350000 0.037590 -0.033688
43.400000 0.039725 -0.030769
43.450000 0.041636 -0.027718
43.500000 0.043317 -0.024552
43.550000 0.044760 -0.021289
43.600000 0.045959 -0.017946
43.650000 0.046912 -0.014541
43.700000 0.047615 -0.011093
43.750000 0.048067 -0.007619
43.800000 0.048268 -0.004137
43.850000 0.048219 -0.000666
43.900000 0.047923 0.002777
43.950000 0.047383 0.006174
44.000000 0.046606 0.009509
44.050000 0.045595 0.012764
44.100000 0.044360 0.015924
44.150000 0.042909 0.018973
44.200000 0.041250 0.021897
44.250000 0.039394 0.024682
44.300000 0.037353 0.027315
44.350000 0.035139 0.029783
44.400000 0.032764 0.032076
44.450000 0.030243 0.034183
44.500000 0.027590 0.036095
44.550000 0.024819 0.037804
44.600000 0.021946 0.039303
44.650000 0.018987 0.040587
44.700000 0.015957 0.041650
44.750000 0.012873 0.042490
44.800000 0.009752 0.043104
44.850000 0.006609 0.043490
44.900000 0.003460 0.043650
44.950000 0.000323 0.043584
45.000000 -0.002786 0.043295
45.050000 -0.005853 0.042786
45.100000 -0.008862 0.042062
45.150000 -0.011798 0.041129
45.200000 -0.014645 0.039992
45.250000 -0.017392 0.038661
45.300000 -0.020023 0.037144
45.350000 -0.022528 0.035450
45.400000 -0.024894 0.033589
45.450000 -0.027110 0.031573
45.500000 -0.029166 0.029413
45.550000 -0.031053 0.027122
45.600000 -0.032764 0.024713
45.650000 -0.034290 0.022200
45.700000 -0.035627 0.019595
45.750000 -0.036767 0.016914
45.800000 -0.037709 0.014171
45.850000 -0.038448 0.011381
45.900000 -0.038982 0.008557
45.950000 -0.039312 0.005717
46.000000 -0.039436 0.002873
46.050000 -0.039357 0.000040
46.100000 -0.039076 -0.002766
46.150000 -0.038597 -0.005532
46.200000 -0.037924 -0.008244
46.250000 -0.037063 -0.010888
46.300000 -0.036019 -0.013452
46.350000 -0.034800 -0.015923
46.400000 -0.033414 -0.018289
46.450000 -0.031868 -0.020539
46.500000 -0.030174 -0.022663
46.550000 -0.028340 -0.024651
46.600000 -0.026378 -0.026493
46.650000 -0.024298 -0.028182
46.700000 -0.022114 -0.029711
46.750000 -0.019835 -0.031072
46.800000 -0.017477 -0.032261
46.850000 -0.015050 -0.033274
46.900000 -0.012569 -0.034106
46.950000 -0.010046 -0.034755
47.000000 -0.007496 -0.035220
47.050000 -0.004930 -0.035499
47.100000 -0.002364 -0.035593
47.150000 0.000191 -0.035504
47.200000 0.002721 -0.035233
47.250000 0.005213 -0.034783
47.300000 0.007655 -0.034159
47.350000 0.010034 -0.033365
47.400000 0.012340 -0.032408
47.450000 0.014561 -0.031293
47.500000 0.016686 -0.030027
47.550000 0.018705 -0.028620
47.600000 0.020610 -0.027078
47.650000 0.022390 -0.025412
47.700000 0.024039 -0.023631
47.750000 0.025549 -0.021745
47.800000 0.026913 -0.019765
47.850000 0.028127 -0.017703
47.900000 0.029184 -0.015569
47.950000 0.030081 -0.013375
48.000000 0.030816 -0.011133
48.050000 0.031385 -0.008855
48.100000 0.031787 -0.006553
48.150000 0.032023 -0.004239
48.200000 0.032091 -0.001925
48.250000 0.031995 0.000377
48.300000 0.031734 0.002655
48.350000 0.031313 0.004898
48.400000 0.030736 0.007094
48.450000 0.030005 0.009233
48.500000 0.029128 0.011305
48.550000 0.028109 0.013299
48.600000 0.026956 0.015206
48.650000 0.025675 0.017016
48.700000 0.024274 0.018722
48.750000 0.022761 0.020315
48.800000 0.021147 0.021789
48.850000 0.019439 0.023137
48.900000 0.017647 0.024353
48.950000 0.015781 0.025433
49.000000 0.013853 0.026372
49.050000 0.011871 0.027166
49.100000 0.009848 0.027813
49.150000 0.007793 0.028311
49.200000 0.005717 0.028659
49.250000 0.003632 0.028856
49.300000 0.001549 0.028903
49.350000 -0.000523 0.028802
49.400000 -0.002572 0.028553
49.450000 -0.004589 0.028160
49.500000 -0.006563 0.027625
49.550000 -0.008484 0.026955
49.600000 -0.010343 0.026152
49.650000 -0.012131 0.025222
49.700000 -0.013840 0.024172
49.750000 -0.015461 0.023007
49.800000 -0.016987 0.021736
49.850000 -0.018411 0.020365
49.900000 -0.019727 0.018902
49.950000 -0.020929 0.017357
50.000000 -0.022012 0.015737
50.050000 -0.022972 0.014052
50.100000 -0.023804 0.012310
50.150000 -0.024506 0.010523
50.200000 -0.025075 0.008698
50.250000 -0.025510 0.006847
50.300000 -0.025810 0.004977
50.350000 -0.025974 0.003101
50.400000 -0.026003 0.001227
50.450000 -0.025898 -0.000636
50.500000 -0.025662 -0.002477
50.550000 -0.025295 -0.004288
50.600000 -0.024802 -0.006060
50.650000 -0.024187 -0.007783
50.700000 -0.023453 -0.009449
50.750000 -0.022606 -0.011051
50.800000 -0.021651 -0.012581
50.850000 -0.020593 -0.014031
50.900000 -0.019441 -0.015395
50.950000 -0.018199 -0.016666
51.000000 -0.016876 -0.017840
51.050000 -0.015479 -0.018911
51.100000 -0.014017 -0.019874
51.150000 -0.012496 -0.020725
51.200000 -0.010926 -0.021462
51.250000 -0.009315 -0.022081
51.300000 -0.007672 -0.022581
51.350000 -0.006005 -0.022960
51.400000 -0.004324 -0.023218
51.450000 -0.002637 -0.023353
51.500000 -0.000952 -0.023367
51.550000 0.000720 -0.023261
51.600000 0.002373 -0.023037
51.650000 0.003997 -0.022696
51.700000 0.005585 -0.022242
51.750000 0.007129 -0.021678
51.800000 0.008621 -0.021009
51.850000 0.010054 -0.020237
51.900000 0.011422 -0.019370
51.950000 0.012717 -0.018411
52.000000 0.013935 -0.017367
52.050000 0.015068 -0.016244
52.100000 0.016114 -0.015049
52.150000 0.017066 -0.013788
52.200000 0.017921 -0.012469
52.250000 0.018676 -0.011098
52.300000 0.019327 -0.009684
52.350000 0.019873 -0.008234
52.400000 0.020311 -0.006756
52.450000 0.020641 -0.005258
52.500000 0.020861 -0.003747
52.550000 0.020972 -0.002232
52.600000 0.020974 -0.000721
52.650000 0.020868 0.000780
52.700000 0.020656 0.002261
52.750000 0.020340 0.003717
52.800000 0.019922 0.005138
52.850000 0.019407 0.006520
52.900000 0.018796 0.007854
52.950000 0.018095 0.009135
53.000000 0.017308 0.010356
53.050000 0.016440 0.011512
53.100000 0.015496 0.012597
53.150000 0.014482 0.013606
53.200000 0.013403 0.014536
53.250000 0.012266 0.015382
53.300000 0.011077 0.016141
53.350000 0.009844 0.016809
53.400000 0.008571 0.017384
53.450000 0.007268 0.017864
53.500000 0.005940 0.018247
53.550000 0.004595 0.018533
53.600000 0.003239 0.018720
53.650000 0.001880 0.018810
53.700000 0.000526 0.018802
53.750000 -0.000818 0.018698
53.800000 -0.002145 0.018498
53.850000 -0.003447 0.018205
53.900000 -0.004718 0.017822
53.950000 -0.005953 0.017351
54.000000 -0.007145 0.016796
54.050000 -0.008288 0.016159
54.100000 -0.009377 0.015446
54.150000 -0.010406 0.014661
54.200000 -0.011373 0.013809
54.250000 -0.012270 0.012893
54.300000 -0.013096 0.011921
54.350000 -0.013847 0.010898
54.400000 -0.014518 0.009828
54.450000 -0.015109 0.008719
54.500000 -0.015615 0.007576
54.550000 -0.016037 0.006405
54.600000 -0.016372 0.005214
54.650000 -0.016619 0.004007
54.700000 -0.016778 0.002793
54.750000 -0.016850 0.001576
54.800000 -0.016834 0.000363
54.850000 -0.016732 -0.000840
54.900000 -0.016544 -0.002026
54.950000 -0.016274 -0.003189
55.000000 -0.015923 -0.004325
55.050000 -0.015493 -0.005427
55.100000 -0.014989 -0.006489
55.150000 -0.014412 -0.007508
55.200000 -0.013767 -0.008478
55.250000 -0.013058 -0.009394
55.300000 -0.012289 -0.010253
55.350000 -0.011464 -0.011051
55.400000 -0.010589 -0.011783
55.450000 -0.009668 -0.012448
55.500000 -0.008707 -0.013042
55.550000 -0.007711 -0.013563
55.600000 -0.006686 -0.014008
55.650000 -0.005636 -0.014378
55.700000 -0.004569 -0.014669
55.750000 -0.003488 -0.014883
55.800000 -0.002401 -0.015017
55.850000 -0.001312 -0.015073
55.900000 -0.000228 -0.015051
55.950000 0.000846 -0.014952
56.000000 0.001905 -0.014777
56.050000 0.002944 -0.014528
56.100000 0.003956 -0.014207
56.150000 0.004938 -0.013816
56.200000 0.005885 -0.013358
56.250000 0.006792 -0.012836
56.300000 0.007654 -0.012253
56.350000 0.008468 -0.011613
56.400000 0.009231 -0.010921
56.450000 0.009938 -0.010179
56.500000 0.010587 -0.009392
56.550000 0.011175 -0.008565
56.600000 0.011699 -0.007703
56.650000 0.012158 -0.006810
56.700000 0.012549 -0.005891
56.750000 0.012872 -0.004952
56.800000 0.013126 -0.003996
56.850000 0.013309 -0.003030
56.900000 0.013423 -0.002058
56.950000 0.013466 -0.001086
57.000000 0.013439 -0.000118
57.050000 0.013343 0.000841
57.100000 0.013180 0.001785
57.150000 0.012951 0.002710
57.200000 0.012658 0.003612
57.250000 0.012302 0.004486
57.300000 0.011887 0.005328
57.350000 0.011416 0.006134
57.400000 0.010890 0.006900
57.450000 0.010314 0.007622
57.500000 0.009691 0.008298
57.550000 0.009024 0.008924
57.600000 0.008318 0.009498
57.650000 0.007577 0.010017
57.700000 0.006804 0.010479
57.750000 0.006005 0.010883
57.800000 0.005183 0.011226
57.850000 0.004342 0.011508
57.900000 0.003489 0.011728
57.950000 0.002626 0.011885
58.000000 0.001759 0.011980
58.050000 0.000891 0.012012
58.100000 0.000028 0.011982
58.150000 -0.000826 0.011890
58.200000 -0.001666 0.011739
58.250000 -0.002490 0.011528
58.300000 -0.003292 0.011261
58.350000 -0.004068 0.010939
58.400000 -0.004816 0.010563
58.450000 -0.005531 0.010138
58.500000 -0.006210 0.009664
58.550000 -0.006850 0.009146
58.600000 -0.007448 0.008587
58.650000 -0.008002 0.007989
58.700000 -0.008508 0.007356
58.750000 -0.008966 0.006692
58.800000 -0.009373 0.006001
58.850000 -0.009727 0.005286
58.900000 -0.010027 0.004552
58.950000 -0.010273 0.003801
59.000000 -0.010463 0.003040
59.050000 -0.010597 0.002270
59.100000 -0.010676 0.001497
59.150000 -0.010699 0.000725
59.200000 -0.010666 -0.000043
59.250000 -0.010579 -0.000803
59.300000 -0.010439 -0.001550
59.350000 -0.010246 -0.002282
59.400000 -0.010003 -0.002994
59.450000 -0.009711 -0.003683
59.500000 -0.009372 -0.004346
59.550000 -0.008989 -0.004979
59.600000 -0.008563 -0.005580
59.650000 -0.008098 -0.006146
59.700000 -0.007596 -0.006675
59.750000 -0.007061 -0.007163
59.800000 -0.006494 -0.007610
59.850000 -0.005901 -0.008012
59.900000 -0.005283 -0.008369
59.950000 -0.004645 -0.008680
60.000000 -0.003990 -0.008942
60.050000 -0.003322 -0.009155
60.100000 -0.002643 -0.009320
60.150000 -0.001958 -0.009434
60.200000 -0.001270 -0.009499
60.250000 -0.000584 -0.009514
60.300000 0.000099 -0.009480
60.350000 0.000773 -0.009398
60.400000 0.001437 -0.009268
60.450000 0.002086 -0.009092
60.500000 0.002717 -0.008871
60.550000 0.003327 -0.008607
60.600000 0.003914 -0.008302
60.650000 0.004474 -0.007957
60.700000 0.005006 -0.007575
60.750000 0.005505 -0.007158
60.800000 0.005971 -0.006709
60.850000 0.006402 -0.006230
60.900000 0.006795 -0.005724
60.950000 0.007148 -0.005194
61.000000 0.007461 -0.004644
61.050000 0.007732 -0.004075
61.100000 0.007961 -0.003492
61.150000 0.008146 -0.002897
61.200000 0.008287 -0.002293
61.250000 0.008384 -0.001684
61.300000 0.008437 -0.001074
61.350000 0.008446 -0.000464
61.400000 0.008412 0.000141
61.450000 0.008334 0.000740
61.500000 0.008215 0.001327
61.550000 0.008054 0.001902
61.600000 0.007854 0.002460
61.650000 0.007616 0.003000
61.700000 0.007341 0.003519
61.750000 0.007031 0.004013
61.800000 0.006689 0.004482
61.850000 0.006316 0.004922
61.900000 0.005915 0.005333
61.950000 0.005487 0.005711
62.000000 0.005036 0.006056
62.050000 0.004564 0.006366
62.100000 0.004074 0.006640
62.150000 0.003568 0.006877
62.200000 0.003049 0.007075
62.250000 0.002521 0.007235
62.300000 0.001985 0.007357
62.350000 0.001445 0.007439
62.400000 0.000903 0.007481
62.450000 0.000363 0.007485
62.500000 -0.000173 0.007451
62.550000 -0.000702 0.007378
62.600000 -0.001222 0.007268
62.650000 -0.001730 0.007122
62.700000 -0.002223 0.006941
62.750000 -0.002700 0.006727
62.800000 -0.003157 0.006480
62.850000 -0.003593 0.006202
62.900000 -0.004006 0.005896
62.950000 -0.004393 0.005563
63.000000 -0.004754 0.005205
63.050000 -0.005086 0.004824
63.100000 -0.005388 0.004423
63.150000 -0.005659 0.004003
63.200000 -0.005898 0.003567
63.250000 -0.006104 0.003118
63.300000 -0.006277 0.002658
63.350000 -0.006415 0.002189
63.400000 -0.006518 0.001714
63.450000 -0.006587 0.001236
63.500000 -0.006621 0.000757
63.550000 -0.006621 0.000279
63.600000 -0.006587 -0.000195
63.650000 -0.006519 -0.000663
63.700000 -0.006419 -0.001122
63.750000 -0.006286 -0.001570
63.800000 -0.006123 -0.002004
63.850000 -0.005930 -0.002424
63.900000 -0.005709 -0.002827
63.950000 -0.005461 -0.003210
64.000000 -0.005187 -0.003573
64.050000 -0.004890 -0.003913
64.100000 -0.004572 -0.004229
64.150000 -0.004233 -0.004520
64.200000 -0.003876 -0.004784
64.250000 -0.003503 -0.005021
64.300000 -0.003117 -0.005229
64.350000 -0.002719 -0.005408
64.400000 -0.002311 -0.005557
64.450000 -0.001896 -0.005676
64.500000 -0.001477 -0.005764
64.550000 -0.001054 -0.005822
64.600000 -0.000631 -0.005849
64.650000 -0.000209 -0.005846
64.700000 0.000209 -0.005812
64.750000 0.000621 -0.005749
64.800000 0.001026 -0.005657
64.850000 0.001420 -0.005538
64.900000 0.001803 -0.005391
64.950000 0.002172 -0.005218
65.000000 0.002525 -0.005020
65.050000 0.002862 -0.004798
65.100000 0.003180 -0.004555
65.150000 0.003478 -0.004290
65.200000 0.003755 -0.004007
65.250000 0.004009 -0.003706
65.300000 0.004239 -0.003390
65.350000 0.004446 -0.003060
65.400000 0.004627 -0.002718
65.450000 0.004782 -0.002366
65.500000 0.004910 -0.002006
65.550000 0.005012 -0.001639
65.600000 0.005087 -0.001269
65.650000 0.005135 -0.000896
65.700000 0.005156 -0.000523
65.750000 0.005150 -0.000151
65.800000 0.005118 0.000217
65.850000 0.005060 0.000580
65.900000 0.004976 0.000935
65.950000 0.004868 0.001282
66.000000 0.004736 0.001618
66.050000 0.004581 0.001941
66.100000 0.004404 0.002251
66.150000 0.004207 0.002546
66.200000 0.003990 0.002824
66.250000 0.003756 0.003085
66.300000 0.003505 0.003326
66.350000 0.003238 0.003548
66.400000 0.002958 0.003749
66.450000 0.002667 0.003928
66.500000 0.002364 0.004085
66.550000 0.002054 0.004218
66.600000 0.001736 0.004329
66.650000 0.001413 0.004416
66.700000 0.001087 0.004480
66.750000 0.000759 0.004519
66.800000 0.000430 0.004535
66.850000 0.000104 0.004527
66.900000 -0.000220 0.004497
66.950000 -0.000538 0.004443
67.000000 -0.000850 0.004367
67.050000 -0.001153 0.004269
67.100000 -0.001448 0.004151
67.150000 -0.001731 0.004013
67.200000 -0.002002 0.003856
67.250000 -0.002260 0.003680
67.300000 -0.002502 0.003488
67.350000 -0.002729 0.003280
67.400000 -0.002940 0.003058
67.450000 -0.003133 0.002823
67.500000 -0.003307 0.002576
67.550000 -0.003462 0.002318
67.600000 -0.003598 0.002052
67.650000 -0.003713 0.001778
67.700000 -0.003808 0.001499
67.750000 -0.003882 0.001215
67.800000 -0.003936 0.000928
67.850000 -0.003968 0.000640
67.900000 -0.003980 0.000352
67.950000 -0.003971 0.000066
68.000000 -0.003941 -0.000218
68.050000 -0.003892 -0.000496
68.100000 -0.003823 -0.000769
68.150000 -0.003736 -0.001035
68.200000 -0.003630 -0.001292
68.250000 -0.003507 -0.001539
68.300000 -0.003367 -0.001776
68.350000 -0.003212 -0.002000
68.400000 -0.003042 -0.002212
68.450000 -0.002858 -0.002409
68.500000 -0.002662 -0.002592
68.550000 -0.002455 -0.002759
68.600000 -0.002237 -0.002910
68.650000 -0.002010 -0.003044
68.700000 -0.001776 -0.003161
68.750000 -0.001536 -0.003260
68.800000 -0.001291 -0.003341
68.850000 -0.001042 -0.003404
68.900000 -0.000790 -0.003449
68.950000 -0.000538 -0.003476
69.000000 -0.000286 -0.003484
69.050000 -0.000035 -0.003474
69.100000 0.000212 -0.003446
69.150000 0.000456 -0.003401
69.200000 0.000694 -0.003339
69.250000 0.000926 -0.003261
69.300000 0.001150 -0.003166
69.350000 0.001365 -0.003057
69.400000 0.001571 -0.002933
69.450000 0.001766 -0.002796
69.500000 0.001950 -0.002646
69.550000 0.002121 -0.002484
69.600000 0.002279 -0.002311
69.650000 0.002424 -0.002129
69.700000 0.002554 -0.001938
69.750000 0.002670 -0.001739
69.800000 0.002770 -0.001534
69.850000 0.002855 -0.001323
69.900000 0.002924 -0.001108
69.950000 0.002978 -0.000890
70.000000 0.003015 -0.000670
70.050000 0.003036 -0.000450
70.100000 0.003041 -0.000230
70.150000 0.003031 -0.000011
70.200000 0.003005 0.000205
70.250000 0.002964 0.000417
70.300000 0.002908 0.000624
70.350000 0.002838 0.000826
70.400000 0.002755 0.001020
70.450000 0.002658 0.001207
70.500000 0.002548 0.001386
70.550000 0.002427 0.001555
70.600000 0.002295 0.001714
70.650000 0.002153 0.001862
70.700000 0.002001 0.001999
70.750000 0.001841 0.002124
70.800000 0.001674 0.002236
70.850000 0.001500 0.002335
70.900000 0.001320 0.002421
70.950000 0.001136 0.002494
71.000000 0.000948 0.002552
71.050000 0.000758 0.002597
71.100000 0.000567 0.002628
71.150000 0.000375 0.002645
71.200000 0.000183 0.002648
71.250000 -0.000007 0.002637
71.300000 -0.000195 0.002613
71.350000 -0.000379 0.002576
71.400000 -0.000559 0.002526
71.450000 -0.000734 0.002464
71.500000 -0.000902 0.002389
71.550000 -0.001064 0.002304
71.600000 -0.001219 0.002207
71.650000 -0.001365 0.002101
71.700000 -0.001502 0.001985
71.750000 -0.001630 0.001860
71.800000 -0.001748 0.001727
71.850000 -0.001855 0.001587
71.900000 -0.001951 0.001441
71.950000 -0.002036 0.001289
72.000000 -0.002110 0.001133
72.050000 -0.002171 0.000972
72.100000 -0.002221 0.000809
72.150000 -0.002258 0.000644
72.200000 -0.002284 0.000477
72.250000 -0.002297 0.000310
72.300000 -0.002298 0.000144
72.350000 -0.002288 -0.000021
72.400000 -0.002265 -0.000183
72.450000 -0.002232 -0.000343
72.500000 -0.002187 -0.000499
72.550000 -0.002132 -0.000650
72.600000 -0.002066 -0.000795
72.650000 -0.001991 -0.000935
72.700000 -0.001906 -0.001068
72.750000 -0.001813 -0.001194
72.800000 -0.001711 -0.001312
72.850000 -0.001602 -0.001422
72.900000 -0.001486 -0.001523
72.950000 -0.001364 -0.001615
73.000000 -0.001237 -0.001697
73.050000 -0.001105 -0.001770
73.100000 -0.000969 -0.001832
73.150000 -0.000829 -0.001884
73.200000 -0.000688 -0.001926
73.250000 -0.000544 -0.001957
73.300000 -0.000400 -0.001978
73.350000 -0.000256 -0.001988
73.400000 -0.000112 -0.001988
73.450000 0.000031 -0.001978
73.500000 0.000171 -0.001957
73.550000 0.000309 -0.001927
73.600000 0.000443 -0.001887
73.650000 0.000573 -0.001838
73.700000 0.000699 -0.001781
73.750000 0.000819 -0.001714
73.800000 0.000933 -0.001640
73.850000 0.001041 -0.001559
73.900000 0.001143 -0.001470
73.950000 0.001237 -0.001375
74.000000 0.001323 -0.001274
74.050000 0.001401 -0.001168
74.100000 0.001471 -0.001058
74.150000 0.001533 -0.000943
74.200000 0.001586 -0.000825
74.250000 0.001630 -0.000705
74.300000 0.001665 -0.000582
74.350000 0.001690 -0.000459
74.400000 0.001707 -0.000334
74.450000 0.001715 -0.000209
74.500000 0.001714 -0.000085
74.550000 0.001704 0.000037
74.600000 0.001685 0.000158
74.650000 0.001658 0.000276
74.700000 0.001623 0.000392
74.750000 0.001580 0.000504
74.800000 0.001529 0.000611
74.850000 0.001471 0.000714
74.900000 0.001406 0.000812
74.950000 0.001335 0.000905
75.000000 0.001258 0.000991
75.050000 0.001176 0.001071
75.100000 0.001089 0.001145
75.150000 0.000997 0.001211
75.200000 0.000901 0.001271
75.250000 0.000802 0.001323
75.300000 0.000701 0.001367
75.350000 0.000597 0.001404
75.400000 0.000491 0.001433
75.450000 0.000385 0.001454
75.500000 0.000277 0.001468
75.550000 0.000170 0.001474
75.600000 0.000064 0.001472
75.650000 -0.000041 0.001462
75.700000 -0.000145 0.001445
75.750000 -0.000246 0.001421
75.800000 -0.000345 0.001390
75.850000 -0.000441 0.001352
75.900000 -0.000533 0.001308
75.950000 -0.000620 0.001257
76.000000 -0.000704 0.001201
76.050000 -0.000783 0.001140
76.100000 -0.000856 0.001073
76.150000 -0.000924 0.001002
76.200000 -0.000986 0.000926
76.250000 -0.001043 0.000847
76.300000 -0.001093 0.000765
76.350000 -0.001137 0.000680
76.400000 -0.001174 0.000592
76.450000 -0.001205 0.000503
76.500000 -0.001229 0.000412
76.550000 -0.001246 0.000321
76.600000 -0.001257 0.000229
76.650000 -0.001261 0.000138
76.700000 -0.001259 0.000047
76.750000 -0.001250 -0.000043
76.800000 -0.001234 -0.000132
76.850000 -0.001213 -0.000218
76.900000 -0.001185 -0.000302
76.950000 -0.001152 -0.000384
77.000000 -0.001114 -0.000462
77.050000 -0.001070 -0.000537
77.100000 -0.001021 -0.000607
77.150000 -0.000968 -0.000674
77.200000 -0.000911 -0.000736
77.250000 -0.000849 -0.000794
77.300000 -0.000785 -0.000846
77.350000 -0.000717 -0.000894
77.400000 -0.000646 -0.000936
77.450000 -0.000573 -0.000973
77.500000 -0.000498 -0.001004
77.550000 -0.000422 -0.001029
77.600000 -0.000345 -0.001049
77.650000 -0.000267 -0.001063
77.700000 -0.000188 -0.001071
77.750000 -0.000110 -0.001074
77.800000 -0.000033 -0.001071
77.850000 0.000044 -0.001063
77.900000 0.000119 -0.001049
77.950000 0.000192 -0.001030
78.000000 0.000264 -0.001006
78.050000 0.000332 -0.000978
78.100000 0.000399 -0.000944
78.150000 0.000462 -0.000906
78.200000 0.000522 -0.000864
78.250000 0.000578 -0.000819
78.300000 0.000630 -0.000769
78.350000 0.000678 -0.000717
78.400000 0.000723 -0.000661
78.450000 0.000762 -0.000603
78.500000 0.000797 -0.000543
78.550000 0.000828 -0.000481
78.600000 0.000854 -0.000417
78.650000 0.000875 -0.000352
78.700000 0.000891 -0.000286
78.750000 0.000902 -0.000220
78.800000 0.000909 -0.000154
78.850000 0.000910 -0.000088
78.900000 0.000907 -0.000022
78.950000 0.000900 0.000043
79.000000 0.000887 0.000106
79.050000 0.000871 0.000168
79.100000 0.000850 0.000228
79.150000 0.000825 0.000286
79.200000 0.000796 0.000342
79.250000 0.000764 0.000395
79.300000 0.000728 0.000445
79.350000 0.000689 0.000493
79.400000 0.000646 0.000536
79.450000 0.000602 0.000577
79.500000 0.000554 0.000614
79.550000 0.000505 0.000647
79.600000 0.000454 0.000676
79.650000 0.000401 0.000701
79.700000 0.000347 0.000722
79.750000 0.000292 0.000740
79.800000 0.000237 0.000753
79.850000 0.000181 0.000762
79.900000 0.000125 0.000767
79.950000 0.000069 0.000767
80.000000 0.000014 0.000764
80.050000 -0.000041 0.000757
80.100000 -0.000094 0.000746
80.150000 -0.000146 0.000732
80.200000 -0.000197 0.000714
80.250000 -0.000245 0.000692
80.300000 -0.000292 0.000668
80.350000 -0.000336 0.000640
80.400000 -0.000378 0.000609
80.450000 -0.000417 0.000576
80.500000 -0.000454 0.000540
80.550000 -0.000488 0.000502
80.600000 -0.000518 0.000462
80.650000 -0.000545 0.000420
80.700000 -0.000569 0.000377
80.750000 -0.000590 0.000333
80.800000 -0.000608 0.000287
80.850000 -0.000621 0.000241
80.900000 -0.000632 0.000194
80.950000 -0.000639 0.000147
81.000000 -0.000643 0.000100
81.050000 -0.000643 0.000054
81.100000 -0.000640 0.000007
81.150000 -0.000633 -0.000038
81.200000 -0.000624 -0.000083
81.250000 -0.000611 -0.000126
81.300000 -0.000596 -0.000168
81.350000 -0.000577 -0.000209
81.400000 -0.000556 -0.000247
81.450000 -0.000533 -0.000284
81.500000 -0.000507 -0.000319
81.550000 -0.000478 -0.000352
81.600000 -0.000448 -0.000382
81.650000 -0.000416 -0.000409
81.700000 -0.000383 -0.000435
81.750000 -0.000348 -0.000457
81.800000 -0.000311 -0.000477
81.850000 -0.000274 -0.000494
81.900000 -0.000236 -0.000508
81.950000 -0.000197 -0.000519
82.000000 -0.000158 -0.000527
82.050000 -0.000119 -0.000532
82.100000 -0.000080 -0.000535
82.150000 -0.000041 -0.000535
82.200000 -0.000003 -0.000532
82.250000 0.000035 -0.000526
82.300000 0.000072 -0.000518
82.350000 0.000108 -0.000507
82.400000 0.000143 -0.000494
82.450000 0.000176 -0.000478
82.500000 0.000208 -0.000460
82.550000 0.000239 -0.000440
82.600000 0.000267 -0.000418
82.650000 0.000294 -0.000395
82.700000 0.000319 -0.000369
82.750000 0.000341 -0.000343
82.800000 0.000362 -0.000314
82.850000 0.000380 -0.000285
82.900000 0.000396 -0.000255
82.950000 0.000410 -0.000224
83.000000 0.000421 -0.000192
83.050000 0.000430 -0.000160
83.100000 0.000436 -0.000128
83.150000 0.000440 -0.000096
83.200000 0.000442 -0.000063
83.250000 0.000442 -0.000031
83.300000 0.000439 0.000001
83.350000 0.000434 0.000032
83.400000 0.000426 0.000062
83.450000 0.000417 0.000092
83.500000 0.000406 0.000120
83.550000 0.000393 0.000148
83.600000 0.000378 0.000174
83.650000 0.000361 0.000199
83.700000 0.000343 0.000222
83.750000 0.000323 0.000244
83.800000 0.000302 0.000264
83.850000 0.000280 0.000282
83.900000 0.000256 0.000299
83.950000 0.000232 0.000313
84.000000 0.000207 0.000326
84.050000 0.000182 0.000337
84.100000 0.000156 0.000346
84.150000 0.000129 0.000353
84.200000 0.000103 0.000358
84.250000 0.000076 0.000361
84.300000 0.000049 0.000362
84.350000 0.000023 0.000361
84.400000 -0.000003 0.000359
84.450000 -0.000028 0.000354
84.500000 -0.000053 0.000348
84.550000 -0.000077 0.000340
84.600000 -0.000100 0.000331
84.650000 -0.000123 0.000320
84.700000 -0.000144 0.000307
84.750000 -0.000164 0.000293
84.800000 -0.000183 0.000278
84.850000 -0.000200 0.000262
84.900000 -0.000216 0.000244
84.950000 -0.000231 0.000226
85.000000 -0.000244 0.000207
85.050000 -0.000256 0.000187
85.100000 -0.000266 0.000167
85.150000 -0.000275 0.000146
85.200000 -0.000282 0.000124
85.250000 -0.000287 0.000103
85.300000 -0.000291 0.000081
85.350000 -0.000293 0.000060
85.400000 -0.000294 0.000038
85.450000 -0.000293 0.000017
85.500000 -0.000290 -0.000004
85.550000 -0.000286 -0.000025
85.600000 -0.000281 -0.000045
85.650000 -0.000275 -0.000064
85.700000 -0.000267 -0.000083
85.750000 -0.000257 -0.000101
85.800000 -0.000247 -0.000118
85.850000 -0.000236 -0.000134
85.900000 -0.000223 -0.000149
85.950000 -0.000210 -0.000163
86.000000 -0.000196 -0.000175
86.050000 -0.000181 -0.000187
86.100000 -0.000165 -0.000198
86.150000 -0.000149 -0.000207
86.200000 -0.000133 -0.000215
86.250000 -0.000116 -0.000221
86.300000 -0.000098 -0.000227
86.350000 -0.000081 -0.000231
86.400000 -0.000064 -0.000234
86.450000 -0.000046 -0.000235
86.500000 -0.000029 -0.000235
86.550000 -0.000012 -0.000235
86.600000 0.000005 -0.000232
86.650000 0.000021 -0.000229
86.700000 0.000037 -0.000225
86.750000 0.000053 -0.000219
86.800000 0.000067 -0.000212
86.850000 0.000082 -0.000205
86.900000 0.000095 -0.000196
86.950000 0.000108 -0.000187
87.000000 0.000120 -0.000177
87.050000 0.000131 -0.000166
87.100000 0.000141 -0.000155
87.150000 0.000150 -0.000143
87.200000 0.000158 -0.000130
87.250000 0.000165 -0.000117
87.300000 0.000171 -0.000104
87.350000 0.000176 -0.000091
87.400000 0.000180 -0.000077
87.450000 0.000183 -0.000063
87.500000 0.000185 -0.000049
87.550000 0.000186 -0.000035
87.600000 0.000186 -0.000022
87.650000 0.000185 -0.000008
87.700000 0.000183 0.000005
87.750000 0.000181 0.000018
87.800000 0.000177 0.000030
87.850000 0.000172 0.000043
87.900000 0.000167 0.000054
87.950000 0.000161 0.000065
88.000000 0.000154 0.000076
88.050000 0.000146 0.000086
88.100000 0.000138 0.000095
88.150000 0.000130 0.000103
88.200000 0.000121 0.000111
88.250000 0.000111 0.000118
88.300000 0.000101 0.000124
88.350000 0.000091 0.000130
88.400000 0.000081 0.000134
88.450000 0.000070 0.000138
88.500000 0.000059 0.000141
88.550000 0.000048 0.000143
88.600000 0.000037 0.000145
88.650000 0.000027 0.000145
88.700000 0.000016 0.000145
88.750000 0.000006 0.000144
88.800000 -0.000005 0.000142
88.850000 -0.000015 0.000140
88.900000 -0.000024 0.000137
88.950000 -0.000034 0.000133
89.000000 -0.000043 0.000129
89.050000 -0.000051 0.000124
89.100000 -0.000059 0.000119
89.150000 -0.000067 0.000113
89.200000 -0.000074 0.000106
89.250000 -0.000080 0.000100
89.300000 -0.000086 0.000092
89.350000 -0.000091 0.000085
89.400000 -0.000096 0.000077
89.450000 -0.000100 0.000069
89.500000 -0.000103 0.000061
89.550000 -0.000106 0.000053
89.600000 -0.000108 0.000045
89.650000 -0.000110 0.000036
89.700000 -0.000111 0.000028
89.750000 -0.000111 0.000020
89.800000 -0.000111 0.000012
89.850000 -0.000110 0.000004
89.900000 -0.000108 -0.000004
89.950000 -0.000106 -0.000012
90.000000 -0.000104 -0.000019
90.050000 -0.000101 -0.000026
90.100000 -0.000098 -0.000033
90.150000 -0.000094 -0.000039
90.200000 -0.000090 -0.000045
90.250000 -0.000085 -0.000051
90.300000 -0.000080 -0.000056
90.350000 -0.000075 -0.000061
90.400000 -0.000069 -0.000065
90.450000 -0.000064 -0.000069
90.500000 -0.000058 -0.000073
90.550000 -0.000052 -0.000075
90.600000 -0.000045 -0.000078
90.650000 -0.000039 -0.000080
90.700000 -0.000033 -0.000081
90.750000 -0.000027 -0.000082
90.800000 -0.000020 -0.000083
90.850000 -0.000014 -0.000083
90.900000 -0.000008 -0.000083
90.950000 -0.000002 -0.000082
91.000000 0.000004 -0.000081
91.050000 0.000009 -0.000079
91.100000 0.000015 -0.000077
91.150000 0.000020 -0.000075
91.200000 0.000025 -0.000072
91.250000 0.000030 -0.000069
91.300000 0.000034 -0.000066
91.350000 0.000038 -0.000062
91.400000 0.000042 -0.000059
91.450000 0.000045 -0.000055
91.500000 0.000048 -0.000051
91.550000 0.000051 -0.000046
91.600000 0.000053 -0.000042
91.650000 0.000055 -0.000037
91.700000 0.000057 -0.000033
91.750000 0.000058 -0.000028
91.800000 0.000059 -0.000024
91.850000 0.000060 -0.000019
91.900000 0.000060 -0.000014
91.950000 0.000060 -0.000010
92.000000 0.000060 -0.000005
92.050000 0.000059 -0.000001
92.100000 0.000058 0.000003
92.150000 0.000057 0.000007
92.200000 0.000055 0.000011
92.250000 0.000054 0.000015
92.300000 0.000052 0.000018
92.350000 0.000049 0.000022
92.400000 0.000047 0.000025
92.450000 0.000044 0.000027
92.500000 0.000042 0.000030
92.550000 0.000039 0.000032
92.600000 0.000036 0.000035
92.650000 0.000033 0.000036
92.700000 0.000029 0.000038
92.750000 0.000026 0.000039
92.800000 0.000023 0.000040
92.850000 0.000020 0.000041
92.900000 0.000016 0.000042
92.950000 0.000013 0.000042
93.000000 0.000010 0.000042
93.050000 0.000007 0.000042
93.100000 0.000004 0.000042
93.150000 0.000001 0.000041
93.200000 -0.000002 0.000040
93.250000 -0.000005 0.000039
93.300000 -0.000008 0.000038
93.350000 -0.000010 0.000037
93.400000 -0.000013 0.000035
93.450000 -0.000015 0.000034
93.500000 -0.000017 0.000032
93.550000 -0.000019 0.000030
93.600000 -0.000021 0.000028
93.650000 -0.000022 0.000026
93.700000 -0.000024 0.000024
93.750000 -0.000025 0.000022
93.800000 -0.000026 0.000020
93.850000 -0.000027 0.000017
93.900000 -0.000027 0.000015
93.950000 -0.000028 0.000013
94.000000 -0.000028 0.000011
94.050000 -0.000028 0.000009
94.100000 -0.000028 0.000006
94.150000 -0.000028 0.000004
94.200000 -0.000028 0.000002
94.250000 -0.000027 0.000000
94.300000 -0.000027 -0.000002
94.350000 -0.000026 -0.000004
94.400000 -0.000025 -0.000005
94.450000 -0.000024 -0.000007
94.500000 -0.000023 -0.000008
94.550000 -0.000022 -0.000010
94.600000 -0.000021 -0.000011
94.650000 -0.000019 -0.000012
94.700000 -0.000018 -0.000013
94.750000 -0.000017 -0.000014
94.800000 -0.000015 -0.000015
94.850000 -0.000014 -0.000016
94.900000 -0.000012 -0.000016
94.950000 -0.000011 -0.000017
95.000000 -0.000009 -0.000017
95.050000 -0.000008 -0.000017
95.100000 -0.000007 -0.000018
95.150000 -0.000005 -0.000018
95.200000 -0.000004 -0.000017
95.250000 -0.000002 -0.000017
95.300000 -0.000001 -0.000017
95.350000 -0.000000 -0.000017
95.400000 0.000001 -0.000016
95.450000 0.000002 -0.000016
95.500000 0.000003 -0.000015
95.550000 0.000004 -0.000014
95.600000 0.000005 -0.000014
95.650000 0.000006 -0.000013
95.700000 0.000007 -0.000012
95.750000 0.000007 -0.000011
95.800000 0.000008 -0.000011
95.850000 0.000008 -0.000010
95.900000 0.000009 -0.000009
95.950000 0.000009 -0.000008
96.000000 0.000010 -0.000007
96.050000 0.000010 -0.000006
96.100000 0.000010 -0.000005
96.150000 0.000010 -0.000004
96.200000 0.000010 -0.000004
96.250000 0.000010 -0.000003
96.300000 0.000010 -0.000002
96.350000 0.000010 -0.000001
96.400000 0.000009 -0.000001
96.450000 0.000009 0.000000
96.500000 0.000009 0.000001
96.550000 0.000008 0.000001
96.600000 0.000008 0.000002
96.650000 0.000008 0.000002
96.700000 0.000007 0.000003
96.750000 0.000007 0.000003
96.800000 0.000006 0.000004
96.850000 0.000006 0.000004
96.900000 0.000005 0.000004
96.950000 0.000005 0.000004
97.000000 0.000004 0.000004
97.050000 0.000004 0.000005
97.100000 0.000003 0.000005
97.150000 0.000003 0.000005
97.200000 0.000003 0.000005
97.250000 0.000002 0.000005
97.300000 0.000002 0.000005
97.350000 0.000001 0.000005
97.400000 0.000001 0.000005
97.450000 0.000001 0.000004
97.500000 0.000000 0.000004
97.550000 -0.000000 0.000004
97.600000 -0.000000 0.000004
97.650000 -0.000001 0.000004
97.700000 -0.000001 0.000003
97.750000 -0.000001 0.000003
97.800000 -0.000001 0.000003
97.850000 -0.000001 0.000003
97.900000 -0.000001 0.000003
97.950000 -0.000002 0.000002
98.000000 -0.000002 0.000002
98.050000 -0.000002 0.000002
98.100000 -0.000002 0.000002
98.150000 -0.000002 0.000001
98.200000 -0.000002 0.000001
98.250000 -0.000002 0.000001
98.300000 -0.000002 0.000001
98.350000 -0.000002 0.000001
98.400000 -0.000002 0.000001
98.450000 -0.000001 0.000000
98.500000 -0.000001 0.000000
98.550000 -0.000001 0.000000
98.600000 -0.000001 0.000000
98.650000 -0.000001 -0.000000
98.700000 -0.000001 -0.000000
98.750000 -0.000001 -0.000000
98.800000 -0.000001 -0.000000
98.850000 -0.000001 -0.000000
98.900000 -0.000001 -0.000000
98.950000 -0.000001 -0.000000
99.000000 -0.000001 -0.000000
99.050000 -0.000000 -0.000000
99.100000 -0.000000 -0.000000
99.150000 -0.000000 -0.000000
99.200000 -0.000000 -0.000000
99.250000 -0.000000 -0.000000
99.300000 -0.000000 -0.000000
99.350000 -0.000000 -0.000000
99.400000 -0.000000 -0.000000
99.450000 -0.000000 -0.000000
99.500000 -0.000000 -0.000000
99.550000 -0.000000 -0.000000
99.600000 -0.000000 -0.000000
99.650000 -0.000000 -0.000000
99.700000 -0.000000 -0.000000
99.750000 0.000000 -0.000000
99.800000 0.000000 -0.000000
99.850000 0.000000 -0.000000
99.900000 0.000000 -0.000000
99.950000 0.000000 -0.000000
