-4.00000000 -0.00042639
-3.98000000 -0.00060777
-3.96000000 -0.00071328
-3.94000000 -0.00064801
-3.92000000 -0.00047384
-3.90000000 -0.00035449
-3.88000000 -0.00040537
-3.86000000 -0.00058584
-3.84000000 -0.00073437
-3.82000000 -0.00071636
-3.80000000 -0.00054931
-3.78000000 -0.00038909
-3.76000000 -0.00038761
-3.74000000 -0.00055191
-3.72000000 -0.00073517
-3.70000000 -0.00077028
-3.68000000 -0.00062442
-3.66000000 -0.00043184
-3.64000000 -0.00037208
-3.62000000 -0.00050423
-3.60000000 -0.00070986
-3.58000000 -0.00079980
-3.56000000 -0.00068832
-3.54000000 -0.00047453
-3.52000000 -0.00035366
-3.50000000 -0.00043756
-3.48000000 -0.00064919
-3.46000000 -0.00079056
-3.44000000 -0.00072421
-3.42000000 -0.00050188
-3.40000000 -0.00032000
-3.38000000 -0.00033991
-3.36000000 -0.00053715
-3.34000000 -0.00072035
-3.32000000 -0.00070555
-3.30000000 -0.00048711
-3.28000000 -0.00024638
-3.26000000 -0.00018678
-3.24000000 -0.00034488
-3.22000000 -0.00055262
-3.20000000 -0.00058895
-3.18000000 -0.00038392
-3.16000000 -0.00008668
-3.14000000 0.00006887
-3.12000000 -0.00001974
-3.10000000 -0.00022476
-3.08000000 -0.00030135
-3.06000000 -0.00011220
-3.04000000 0.00024277
-3.02000000 0.00051459
-3.00000000 0.00053438
-2.98000000 0.00037343
-2.96000000 0.00028362
-2.94000000 0.00046823
-2.92000000 0.00089243
-2.90000000 0.00131104
-2.88000000 0.00149318
-2.86000000 0.00143950
-2.84000000 0.00138947
-2.82000000 0.00160620
-2.80000000 0.00213376
-2.78000000 0.00275239
-2.76000000 0.00317898
-2.74000000 0.00333262
-2.72000000 0.00341915
-2.70000000 0.00375071
-2.68000000 0.00446117
-2.66000000 0.00538003
-2.64000000 0.00618761
-2.62000000 0.00671491
-2.60000000 0.00711250
-2.58000000 0.00772647
-2.56000000 0.00878821
-2.54000000 0.01020224
-2.52000000 0.01163422
-2.50000000 0.01282655
-2.48000000 0.01385422
-2.46000000 0.01507903
-2.44000000 0.01683482
-2.42000000 0.01912924
-2.40000000 0.02164273
-2.38000000 0.02403685
-2.36000000 0.02629457
-2.34000000 0.02877452
-2.32000000 0.03191729
-2.30000000 0.03586638
-2.28000000 0.04035730
-2.26000000 0.04499093
-2.24000000 0.04965085
-2.22000000 0.05467848
-2.20000000 0.06063106
-2.18000000 0.06783266
-2.16000000 0.07613368
-2.14000000 0.08511733
-2.12000000 0.09458141
-2.10000000 0.10485534
-2.08000000 0.11664598
-2.06000000 0.13053618
-2.04000000 0.14659603
-2.02000000 0.16448610
-2.00000000 0.18398717
-1.98000000 0.20548290
-1.96000000 0.22993911
-1.94000000 0.25837557
-1.92000000 0.29131161
-1.90000000 0.32872572
-1.88000000 0.37061731
-1.86000000 0.41769152
-1.84000000 0.47153803
-1.82000000 0.53411805
-1.80000000 0.60703096
-1.78000000 0.69129139
-1.76000000 0.78792537
-1.74000000 0.89893803
-1.72000000 1.02781395
-1.70000000 1.17909964
-1.68000000 1.35748806
-1.66000000 1.56738054
-1.64000000 1.81355923
-1.62000000 2.10258555
-1.60000000 2.44375210
-1.58000000 2.84865464
-1.56000000 3.32959944
-1.54000000 3.89805723
-1.52000000 4.56409849
-1.50000000 5.33613994
-1.48000000 6.21873251
-1.46000000 7.20632750
-1.44000000 8.27364765
-1.42000000 9.36707857
-1.40000000 10.40357297
-1.38000000 11.28167414
-1.36000000 11.90363212
-1.34000000 12.20119112
-1.32000000 12.15446994
-1.30000000 11.79576420
-1.28000000 11.19699861
-1.26000000 10.44704380
-1.24000000 9.62894958
-1.22000000 8.80548976
-1.20000000 8.01583972
-1.18000000 7.28043341
-1.16000000 6.60833497
-1.14000000 6.00262210
-1.12000000 5.46255705
-1.10000000 4.98403390
-1.08000000 4.56032141
-1.06000000 4.18380834
-1.04000000 3.84791273
-1.02000000 3.54791976
-1.00000000 3.28039203
-0.98000000 3.04196015
-0.96000000 2.82866897
-0.94000000 2.63638384
-0.92000000 2.46174605
-0.90000000 2.30272434
-0.88000000 2.15826011
-0.86000000 2.02735863
-0.84000000 1.90844418
-0.82000000 1.79949727
-0.80000000 1.69875863
-0.78000000 1.60530066
-0.76000000 1.51894221
-0.74000000 1.43961043
-0.72000000 1.36674266
-0.70000000 1.29924822
-0.68000000 1.23601694
-0.66000000 1.17647447
-0.64000000 1.12067507
-0.62000000 1.06886833
-0.60000000 1.02095317
-0.58000000 0.97631081
-0.56000000 0.93414240
-0.54000000 0.89397730
-0.52000000 0.85588278
-0.50000000 0.82019842
-0.48000000 0.78705510
-0.46000000 0.75612013
-0.44000000 0.72678606
-0.42000000 0.69861122
-0.40000000 0.67160228
-0.38000000 0.64608943
-0.36000000 0.62232317
-0.34000000 0.60016728
-0.32000000 0.57916065
-0.30000000 0.55887663
-0.28000000 0.53924305
-0.26000000 0.52053448
-0.24000000 0.50305572
-0.22000000 0.48681355
-0.20000000 0.47147384
-0.18000000 0.45663220
-0.16000000 0.44214208
-0.14000000 0.42820100
-0.12000000 0.41512477
-0.10000000 0.40302430
-0.08000000 0.39168078
-0.06000000 0.38072565
-0.04000000 0.36995252
-0.02000000 0.35947413
0.00000000 0.34958658
0.02000000 0.34047272
0.04000000 0.33201829
0.06000000 0.32390422
0.08000000 0.31588325
0.10000000 0.30798450
0.12000000 0.30046245
0.14000000 0.29354344
0.16000000 0.28720550
0.18000000 0.28119016
0.20000000 0.27522955
0.22000000 0.26927665
0.24000000 0.26352960
0.26000000 0.25823308
0.28000000 0.25344290
0.30000000 0.24896849
0.32000000 0.24454123
0.34000000 0.24005003
0.36000000 0.23562845
0.38000000 0.23151761
0.40000000 0.22783487
0.42000000 0.22446065
0.44000000 0.22114371
0.46000000 0.21772413
0.48000000 0.21426846
0.50000000 0.21099624
0.52000000 0.20806901
0.54000000 0.20543708
0.56000000 0.20288201
0.58000000 0.20021208
0.60000000 0.19742968
0.62000000 0.19471873
0.64000000 0.19226741
0.66000000 0.19009084
0.68000000 0.18801521
0.70000000 0.18583457
0.72000000 0.18349410
0.74000000 0.18113244
0.76000000 0.17894723
0.78000000 0.17700980
0.80000000 0.17519870
0.82000000 0.17331038
0.84000000 0.17124295
0.86000000 0.16908417
0.88000000 0.16702526
0.90000000 0.16518223
0.92000000 0.16348921
0.94000000 0.16175974
0.96000000 0.15985705
0.98000000 0.15781642
1.00000000 0.15580866
1.02000000 0.15398093
1.04000000 0.15232194
1.06000000 0.15067416
1.08000000 0.14887928
1.10000000 0.14692217
1.12000000 0.14494200
1.14000000 0.14310259
1.16000000 0.14144245
1.18000000 0.13984167
1.20000000 0.13813392
1.22000000 0.13625913
1.24000000 0.13431689
1.26000000 0.13247340
1.28000000 0.13080915
1.30000000 0.12924716
1.32000000 0.12762603
1.34000000 0.12584901
1.36000000 0.12397176
1.38000000 0.12214984
1.40000000 0.12049570
1.42000000 0.11897715
1.44000000 0.11744935
1.46000000 0.11578913
1.48000000 0.11400760
1.50000000 0.11223860
1.52000000 0.11061517
1.54000000 0.10914854
1.56000000 0.10771996
1.58000000 0.10619131
1.60000000 0.10453187
1.62000000 0.10284525
1.64000000 0.10127327
1.66000000 0.09986621
1.68000000 0.09853837
1.70000000 0.09714839
1.72000000 0.09562932
1.74000000 0.09404898
1.76000000 0.09254647
1.78000000 0.09120429
1.80000000 0.08997383
1.82000000 0.08872155
1.84000000 0.08735214
1.86000000 0.08589519
1.88000000 0.08447662
1.90000000 0.08320247
1.92000000 0.08206224
1.94000000 0.08093993
1.96000000 0.07972125
1.98000000 0.07839806
2.00000000 0.07707442
2.02000000 0.07587013
2.04000000 0.07481093
2.06000000 0.07380601
2.08000000 0.07273229
2.10000000 0.07154714
2.12000000 0.07032633
2.14000000 0.06919325
2.16000000 0.06820542
2.18000000 0.06730256
2.20000000 0.06636282
2.22000000 0.06531474
2.24000000 0.06420186
2.26000000 0.06314142
2.28000000 0.06221622
2.30000000 0.06139910
2.32000000 0.06057879
2.34000000 0.05966241
2.36000000 0.05865997
2.38000000 0.05767394
2.40000000 0.05680437
2.42000000 0.05605721
2.44000000 0.05533970
2.46000000 0.05454604
2.48000000 0.05365407
2.50000000 0.05274448
2.52000000 0.05192575
2.54000000 0.05123444
2.56000000 0.05060232
2.58000000 0.04991964
2.60000000 0.04913574
2.62000000 0.04830458
2.64000000 0.04753418
2.66000000 0.04688704
2.68000000 0.04632324
2.70000000 0.04573783
2.72000000 0.04505723
2.74000000 0.04430609
2.76000000 0.04358357
2.78000000 0.04297175
2.80000000 0.04246050
2.82000000 0.04195747
2.84000000 0.04137321
2.86000000 0.04070279
2.88000000 0.04002934
2.90000000 0.03944700
2.92000000 0.03897450
2.94000000 0.03853860
2.96000000 0.03804177
2.98000000 0.03745152
3.00000000 0.03682935
3.02000000 0.03627348
3.04000000 0.03582848
3.06000000 0.03544483
3.08000000 0.03502492
3.10000000 0.03451271
3.12000000 0.03394446
3.14000000 0.03341461
3.16000000 0.03298867
3.18000000 0.03264341
3.20000000 0.03228879
3.22000000 0.03185078
3.24000000 0.03133889
3.26000000 0.03083659
3.28000000 0.03042416
3.30000000 0.03010512
3.32000000 0.02980356
3.34000000 0.02943416
3.36000000 0.02898029
3.38000000 0.02850851
3.40000000 0.02810685
3.42000000 0.02780392
3.44000000 0.02754315
3.46000000 0.02723517
3.48000000 0.02683978
3.50000000 0.02640225
3.52000000 0.02601111
3.54000000 0.02571660
3.56000000 0.02548494
3.58000000 0.02522984
3.60000000 0.02489184
3.62000000 0.02449242
3.64000000 0.02411364
3.66000000 0.02382239
3.68000000 0.02360924
3.70000000 0.02339758
3.72000000 0.02311420
3.74000000 0.02275625
3.76000000 0.02239319
3.78000000 0.02210259
3.80000000 0.02189892
3.82000000 0.02172077
3.84000000 0.02148757
3.86000000 0.02117346
3.88000000 0.02083047
3.90000000 0.02054023
3.92000000 0.02033891
3.94000000 0.02018443
3.96000000 0.01999545
3.98000000 0.01972618
